6.521620750427246094e-01
5.648608803749084473e-01
5.614908039569854736e-02
-8.182746171951293945e-01
-6.034637689590454102e-01
-1.527167797088623047e+00
-1.439573615789413452e-01
5.733807682991027832e-01
-1.447771310806274414e+00
-6.321164369583129883e-01
9.981439113616943359e-01
-1.693696618080139160e+00
-5.821133404970169067e-02
9.521713852882385254e-01
-2.671011388301849365e-01
-6.532574892044067383e-01
-2.484615594148635864e-01
7.415257096290588379e-01
-4.141406714916229248e-01
6.255032420158386230e-01
6.044010519981384277e-01
3.088151291012763977e-02
2.056872844696044922e-01
-8.109805583953857422e-01
1.815159916877746582e+00
9.441707730293273926e-01
8.392719030380249023e-01
1.959349870681762695e+00
-2.382555484771728516e+00
5.258452296257019043e-01
-4.554873704910278320e-01
-3.658737540245056152e-01
-1.197122812271118164e+00
4.822493717074394226e-02
-5.112417340278625488e-01
9.161971807479858398e-01
-6.787763833999633789e-01
-3.460492372512817383e+00
-5.703677982091903687e-02
1.344583272933959961e+00
-4.668230414390563965e-01
-5.529432892799377441e-01
-3.019957840442657471e-01
-2.450551688671112061e-01
7.049465775489807129e-01
5.511389970779418945e-01
9.606748819351196289e-01
-3.485121726989746094e-01
1.277509331703186035e+00
9.221373200416564941e-01
-7.141953110694885254e-01
5.346572399139404297e-02
-1.565204113721847534e-01
1.509945392608642578e+00
1.161557197570800781e+00
-1.276584625244140625e+00
-1.796320974826812744e-01
-3.995393216609954834e-02
5.520587563514709473e-01
1.025125741958618164e+00
5.721324086189270020e-01
8.378680944442749023e-01
2.259067773818969727e+00
-3.057350814342498779e-01
8.240165710449218750e-01
-3.621943891048431396e-01
2.974884212017059326e-01
1.331688523292541504e+00
1.625395894050598145e+00
-1.229750871658325195e+00
1.879292130470275879e-01
-1.002555012702941895e+00
1.993471980094909668e-01
-5.535225272178649902e-01
-7.013831287622451782e-02
1.017967104911804199e+00
-6.265911459922790527e-02
4.863200187683105469e-01
-4.625506699085235596e-01
4.305002689361572266e-01
4.810990095138549805e-01
5.960866808891296387e-01
-1.401903748512268066e+00
-1.542777538299560547e+00
-2.182361781597137451e-01
-1.282173767685890198e-02
-1.631083250045776367e+00
1.115848660469055176e+00
-9.941112995147705078e-01
-1.530170202255249023e+00
-8.539047837257385254e-01
-9.642951488494873047e-01
3.008212745189666748e-01
1.468469142913818359e+00
2.697792947292327881e-01
-1.471789181232452393e-01
4.141727983951568604e-01
1.479586720466613770e+00
-1.379202246665954590e+00
-3.418378233909606934e-01
1.390260308980941772e-01
7.315461039543151855e-01
7.130457162857055664e-01
2.124920114874839783e-02
-2.226401567459106445e+00
-1.082974791526794434e+00
-8.129562735557556152e-01
5.113967657089233398e-01
8.674736022949218750e-01
-1.314292073249816895e+00
7.998142242431640625e-01
1.950063943862915039e+00
-1.039761304855346680e+00
-1.957756757736206055e+00
-5.318260788917541504e-01
2.173196151852607727e-02
3.515377044677734375e-01
-1.248249411582946777e+00
8.912026137113571167e-02
1.468416213989257812e+00
-6.946263909339904785e-01
5.331489443778991699e-01
-1.061905503273010254e+00
5.952753424644470215e-01
-1.562328338623046875e-01
6.839080452919006348e-01
2.656527459621429443e-01
9.451412558555603027e-01
-8.266287446022033691e-01
-6.204829812049865723e-01
2.039011865854263306e-01
-1.900552392005920410e+00
1.591484427452087402e+00
-3.614875972270965576e-01
-3.043871879577636719e+00
-7.491533756256103516e-01
-7.573449611663818359e-02
-2.009752094745635986e-01
-4.059643149375915527e-01
-9.659814089536666870e-02
-6.756459474563598633e-01
2.149728536605834961e+00
1.118188619613647461e+00
2.054603397846221924e-01
-6.612758636474609375e-01
-4.038511216640472412e-01
1.802451133728027344e+00
-9.470036625862121582e-01
-6.091570481657981873e-02
-5.422403812408447266e-01
-3.271171450614929199e-01
4.297851920127868652e-01
-3.280674517154693604e-01
-8.165509700775146484e-01
1.564543724060058594e+00
-1.081902265548706055e+00
-2.140366315841674805e+00
-6.218016743659973145e-01
-1.128499031066894531e+00
4.398411214351654053e-01
5.213831663131713867e-01
-9.413162618875503540e-02
3.629473969340324402e-02
-1.410887002944946289e+00
1.949284672737121582e-01
-1.949714064598083496e+00
-2.550113499164581299e-01
4.385958313941955566e-01
-8.905370235443115234e-01
6.736738681793212891e-01
-1.032515883445739746e+00
-8.151421546936035156e-01
-1.683701276779174805e+00
8.688510060310363770e-01
1.578090429306030273e+00
1.608207583427429199e+00
7.147994041442871094e-01
-2.308346927165985107e-01
2.164208590984344482e-01
9.620547890663146973e-01
-4.588741362094879150e-01
-8.870255947113037109e-01
-4.867334291338920593e-02
3.894332945346832275e-01
7.224367260932922363e-01
-1.188449144363403320e+00
-2.201545953750610352e+00
8.875724673271179199e-01
5.402431488037109375e-01
1.012319684028625488e+00
4.013980329036712646e-01
-3.593881130218505859e-01
-5.772882103919982910e-01
3.410643637180328369e-01
-5.459017157554626465e-01
8.404378890991210938e-01
1.582332551479339600e-01
1.051021926105022430e-02
4.013631939888000488e-01
-9.690887331962585449e-01
7.027314305305480957e-01
1.210690617561340332e+00
1.483338117599487305e+00
-1.670437306165695190e-01
3.821139335632324219e-01
-4.007324874401092529e-01
8.595715761184692383e-01
-1.734164237976074219e+00
1.166329860687255859e+00
-1.525230526924133301e+00
-2.943597733974456787e-01
1.501487344503402710e-01
7.473846077919006348e-01
-3.582877218723297119e-01
-6.377563476562500000e-01
5.178007483482360840e-01
-3.021995782852172852e+00
-7.706341147422790527e-01
-6.302050948143005371e-01
-1.494563341140747070e+00
5.138844251632690430e-01
1.273252844810485840e+00
-4.103669896721839905e-02
-8.773058056831359863e-01
1.566475272178649902e+00
-1.343947052955627441e-01
9.029661417007446289e-01
2.991890609264373779e-01
-1.007397770881652832e-01
-1.362694501876831055e+00
9.562719464302062988e-01
-8.594313859939575195e-01
-1.434052884578704834e-01
1.128266096115112305e+00
8.277812600135803223e-01
7.510793805122375488e-01
1.639243364334106445e+00
2.161627113819122314e-01
-5.690749287605285645e-01
-5.078773498535156250e-01
2.633352279663085938e-01
3.824710249900817871e-01
-1.527835130691528320e+00
-1.446368992328643799e-01
-1.371642231941223145e+00
-1.043761894106864929e-01
7.439266443252563477e-01
7.149878144264221191e-01
6.193270087242126465e-01
-6.195533275604248047e-01
3.124173916876316071e-02
-1.067225933074951172e+00
-1.752135515213012695e+00
1.407865583896636963e-01
1.453300476074218750e+00
-1.272282719612121582e+00
-1.126888632774353027e+00
5.252114534378051758e-01
-3.392539024353027344e-01
4.356158431619405746e-03
2.672823667526245117e-01
3.468053340911865234e-01
2.046357631683349609e+00
-9.375304579734802246e-01
-1.722553372383117676e+00
8.064316511154174805e-01
-5.323000550270080566e-01
-3.003377020359039307e-01
3.824330568313598633e+00
6.826010942459106445e-01
-3.800380229949951172e-01
1.459208250045776367e+00
1.321204781532287598e+00
1.734563112258911133e+00
-1.082052230834960938e+00
-2.334458231925964355e-01
-2.994453310966491699e-01
-8.682217001914978027e-01
-3.937210142612457275e-01
-1.079339861869812012e+00
8.658676594495773315e-02
-1.191981554031372070e+00
1.959435462951660156e+00
1.098388075828552246e+00
6.751138567924499512e-01
7.720966935157775879e-01
-1.045761466026306152e+00
-1.946056336164474487e-01
-8.597896993160247803e-02
-3.061979413032531738e-01
-1.847023248672485352e+00
-5.545587539672851562e-01
-2.339974492788314819e-01
-2.695606350898742676e-01
9.627942442893981934e-01
-9.152394533157348633e-01
-8.667796254158020020e-01
-5.372867584228515625e-01
3.781805187463760376e-02
2.795760333538055420e-01
-4.342009425163269043e-01
-1.124656558036804199e+00
5.026963949203491211e-01
-1.024668663740158081e-01
2.027792692184448242e+00
6.500063538551330566e-01
1.611957252025604248e-01
-1.037220478057861328e+00
4.141739010810852051e-01
4.583508074283599854e-01
-1.789701819419860840e+00
-1.781666278839111328e+00
-5.210087895393371582e-01
1.428729295730590820e+00
5.667225122451782227e-01
3.027051985263824463e-01
2.089626789093017578e+00
3.132564723491668701e-01
1.182232379913330078e+00
-1.300115417689085007e-02
-1.268338441848754883e+00
7.608835101127624512e-01
5.445060133934020996e-01
-1.077240332961082458e-01
1.939078979194164276e-02
9.464888572692871094e-01
-5.700557827949523926e-01
-1.048832088708877563e-01
-1.096550703048706055e+00
1.361116170883178711e+00
1.864224970340728760e-01
-5.129592418670654297e-01
4.926573336124420166e-01
2.064258754253387451e-01
-1.907996386289596558e-01
-1.214122414588928223e+00
-1.054745674133300781e+00
-1.083320140838623047e+00
1.376556873321533203e+00
-1.791108727455139160e+00
-3.360179960727691650e-01
-4.457349181175231934e-01
3.319214582443237305e-01
1.011356592178344727e+00
1.046370267868041992e+00
9.872707128524780273e-01
-6.902306675910949707e-01
5.971307754516601562e-01
-2.566941380500793457e-01
4.346414804458618164e-01
-9.410296082496643066e-01
-8.869539499282836914e-01
1.976500153541564941e-01
-4.807718396186828613e-01
-5.825025439262390137e-01
-1.190135121345520020e+00
-6.453160643577575684e-01
-1.213109850883483887e+00
5.520051121711730957e-01
6.106365919113159180e-01
-5.561407208442687988e-01
-3.688366115093231201e-01
6.546971201896667480e-01
-1.142292380332946777e+00
-1.188228726387023926e+00
-9.905191659927368164e-01
1.991759538650512695e+00
-2.334686517715454102e-01
1.354714035987854004e-01
-1.742792874574661255e-01
7.050454020500183105e-01
3.520492613315582275e-01
-7.900263667106628418e-01
1.457195401191711426e+00
-6.490718107670545578e-03
-4.892867207527160645e-01
1.980986595153808594e-01
-1.388092279434204102e+00
4.307396337389945984e-02
4.941058754920959473e-01
4.708608388900756836e-01
4.617407917976379395e-01
-5.683935433626174927e-02
-3.015844225883483887e-01
-1.289075732231140137e+00
9.837888181209564209e-02
-1.137171611189842224e-01
5.645617377012968063e-03
6.440623998641967773e-01
-3.651406168937683105e-01
1.739851474761962891e+00
-8.101634383201599121e-01
-7.465080618858337402e-01
-2.215765863656997681e-01
1.422545909881591797e+00
4.074957966804504395e-01
-6.883595585823059082e-01
-1.404270678758621216e-01
-5.817649364471435547e-01
8.760391473770141602e-01
3.556787669658660889e-01
-1.925165295600891113e+00
2.636023759841918945e-01
-1.242198467254638672e+00
-8.546670675277709961e-01
-1.695049107074737549e-01
1.310280561447143555e-01
1.048020958900451660e+00
5.298851132392883301e-01
-1.308304309844970703e+00
-2.143163606524467468e-02
-3.525194525718688965e-01
-4.929810166358947754e-01
8.679036498069763184e-01
5.975354909896850586e-01
2.326776981353759766e+00
-9.101462364196777344e-01
-9.580821394920349121e-01
-4.638568460941314697e-01
1.098351240158081055e+00
-5.516005158424377441e-01
-1.191057085990905762e+00
1.289371252059936523e+00
2.154043674468994141e+00
-1.134766340255737305e-01
7.725254893302917480e-01
-1.387974739074707031e+00
-1.310344099998474121e+00
-7.182780504226684570e-01
-2.731821537017822266e-01
3.804625570774078369e-01
-2.794430553913116455e-01
4.387154281139373779e-01
-4.021726176142692566e-02
-6.416456103324890137e-01
3.973157107830047607e-01
6.942114233970642090e-01
9.392636418342590332e-01
1.907780915498733521e-01
3.590891361236572266e-01
5.680910348892211914e-01
-6.105486750602722168e-01
-1.183285474777221680e+00
-6.493771672248840332e-01
7.006968259811401367e-01
5.113212764263153076e-02
-2.656106352806091309e-01
-4.055762887001037598e-01
-6.305157542228698730e-01
-2.243104934692382812e+00
-7.033387422561645508e-01
-1.495584845542907715e+00
9.429867267608642578e-01
4.554174542427062988e-01
-7.040376663208007812e-01
-1.253017187118530273e+00
1.715551972389221191e+00
-4.391080737113952637e-01
-9.601693749427795410e-01
4.826366305351257324e-01
1.084600925445556641e+00
-2.285905778408050537e-01
-8.398064412176609039e-03
6.738050840795040131e-03
-2.166376113891601562e-01
-2.491812556982040405e-01
-1.601512730121612549e-02
1.380563974380493164e+00
5.319089293479919434e-01
-3.530367910861968994e-01
1.415599733591079712e-01
2.060159683227539062e+00
-3.913892507553100586e-01
-4.604472219944000244e-01
4.495182931423187256e-01
-1.004218816757202148e+00
1.025430679321289062e+00
-2.286515682935714722e-01
-1.131144523620605469e+00
6.089231967926025391e-01
1.019944027066230774e-01
7.589870691299438477e-01
-9.673501253128051758e-01
2.111962586641311646e-01
7.644399069249629974e-03
-3.322143554687500000e-01
8.901062011718750000e-01
-1.970925182104110718e-01
-3.483239710330963135e-01
-6.001409292221069336e-01
3.785392343997955322e-01
7.525036334991455078e-01
4.120456576347351074e-01
5.114331245422363281e-01
-1.382434964179992676e+00
8.949465751647949219e-01
-1.014114379882812500e+00
-3.132780551910400391e+00
1.307365298271179199e+00
-8.375251293182373047e-01
7.121713757514953613e-01
5.097814798355102539e-01
-1.550196409225463867e-01
1.024979829788208008e+00
-2.116257667541503906e+00
1.150611415505409241e-01
-5.419935584068298340e-01
1.092688888311386108e-01
3.009588718414306641e-01
9.811903834342956543e-01
4.716007411479949951e-01
-1.053498744964599609e+00
-1.110950708389282227e+00
7.252679467201232910e-01
-2.619154751300811768e-01
7.174046039581298828e-01
-9.959105849266052246e-01
-9.405628442764282227e-01
1.069023609161376953e+00
-2.557765245437622070e-01
-3.339335918426513672e-01
1.741081923246383667e-01
-1.875807523727416992e+00
-7.899289131164550781e-01
3.019080758094787598e-01
3.988473713397979736e-01
-4.041293859481811523e-01
5.171965956687927246e-01
5.817705988883972168e-01
-9.309254884719848633e-01
6.294302642345428467e-02
7.853392958641052246e-01
5.121528506278991699e-01
-7.631707191467285156e-02
-1.393543481826782227e-01
-1.860173583030700684e+00
8.735340088605880737e-02
-6.956832110881805420e-02
-1.841963410377502441e+00
-7.318560965359210968e-03
-3.787991404533386230e-01
5.092661976814270020e-01
1.151580363512039185e-01
-4.667876660823822021e-01
1.152286529541015625e+00
-7.139955163002014160e-01
1.103482916951179504e-01
1.028083801269531250e+00
-1.507523298263549805e+00
6.017776727676391602e-01
3.998975753784179688e-01
-7.728391140699386597e-02
-7.434031367301940918e-01
-8.920143842697143555e-01
-2.236334383487701416e-01
1.112461924552917480e+00
-1.136330485343933105e+00
5.412486195564270020e-01
-4.102845191955566406e-01
-1.658900499343872070e+00
1.564684033393859863e+00
1.171254634857177734e+00
-6.896591186523437500e-01
2.901289463043212891e-01
-1.148690283298492432e-01
-9.654371738433837891e-01
4.738245308399200439e-01
8.027814030647277832e-01
1.949782490730285645e+00
-6.434740424156188965e-01
3.995358049869537354e-01
-2.481921315193176270e-01
-9.497067332267761230e-01
-1.696927189826965332e+00
-6.956064701080322266e-01
-5.443912744522094727e-01
-1.171326994895935059e+00
9.648360610008239746e-01
5.793163776397705078e-01
-5.435618758201599121e-01
-6.945456266403198242e-01
3.998880684375762939e-01
1.039166092872619629e+00
-1.106496825814247131e-01
6.706924438476562500e-01
3.137127161026000977e-01
-1.043917059898376465e+00
-1.246328830718994141e+00
-8.007988333702087402e-01
7.755119353532791138e-02
1.611410379409790039e-01
-1.397252082824707031e+00
-5.921158790588378906e-01
2.613378167152404785e-01
-8.484448194503784180e-01
-6.389817595481872559e-01
-3.839303255081176758e-01
-1.750016361474990845e-01
3.679199516773223877e-01
-2.267764359712600708e-01
-3.780317306518554688e-01
-1.219616889953613281e+00
6.692015528678894043e-01
-5.706963539123535156e-01
8.079583048820495605e-01
-6.526750922203063965e-01
-3.667576611042022705e-01
-9.838470220565795898e-01
-3.823532164096832275e-01
5.841107964515686035e-01
-1.351535785943269730e-02
-6.689910888671875000e-01
1.948406100273132324e-01
-3.954263627529144287e-01
3.614155054092407227e-01
-7.255822420120239258e-01
6.517545580863952637e-01
-7.357686758041381836e-01
1.137770056724548340e+00
3.559910953044891357e-01
-1.303727507591247559e+00
8.936086893081665039e-01
-1.774712443351745605e+00
-9.301781058311462402e-01
-1.882809549570083618e-01
1.339889764785766602e+00
9.991250634193420410e-01
1.021334648132324219e+00
-3.705236613750457764e-01
-1.811679959297180176e+00
-4.162927269935607910e-01
5.714297890663146973e-01
4.453558325767517090e-01
2.365266323089599609e+00
2.358842790126800537e-01
6.045981049537658691e-01
4.267713129520416260e-01
7.157835364341735840e-01
-4.843354108743369579e-04
2.359396778047084808e-02
2.439355105161666870e-01
1.331939548254013062e-01
-1.817209243774414062e+00
-1.701789647340774536e-01
-7.058259248733520508e-01
3.577905416488647461e+00
-1.911167949438095093e-01
-8.246094733476638794e-02
1.666759967803955078e+00
-2.707719802856445312e-01
-8.670012950897216797e-01
8.630889654159545898e-02
-1.260312438011169434e+00
4.882107954472303391e-03
1.063353061676025391e+00
-3.072723150253295898e-01
-3.083080351352691650e-01
-4.924668371677398682e-01
-1.979480236768722534e-01
1.917364597320556641e+00
7.949815392494201660e-01
1.250977396965026855e+00
-1.093250587582588196e-01
1.509347558021545410e-01
-9.013025164604187012e-01
8.332406878471374512e-01
-6.506481170654296875e-01
5.942072868347167969e-01
2.524681985378265381e-01
-1.116601601243019104e-01
8.461744189262390137e-01
9.832552075386047363e-02
5.965147018432617188e-01
2.516960859298706055e+00
1.069456219673156738e+00
-9.555282592773437500e-01
5.259307026863098145e-01
-1.128673434257507324e+00
5.264425873756408691e-01
-1.417094320058822632e-01
4.561868607997894287e-01
-1.183305144309997559e+00
-1.221368312835693359e+00
5.100584626197814941e-01
-6.888923048973083496e-01
3.761934340000152588e-01
-9.571802616119384766e-01
-7.495296597480773926e-01
-4.224071204662322998e-01
1.133727669715881348e+00
1.022757172584533691e+00
2.672155499458312988e-01
2.824224233627319336e-01
-4.979293644428253174e-01
8.681194782257080078e-01
6.747175753116607666e-02
-1.619855642318725586e+00
2.361576110124588013e-01
-1.976101040840148926e+00
9.316242337226867676e-01
-5.799327418208122253e-02
3.075120151042938232e-01
-4.231361448764801025e-01
2.059601992368698120e-01
8.912259340286254883e-01
-6.626225709915161133e-01
6.940934062004089355e-01
4.266840517520904541e-01
-8.410015702247619629e-01
2.659871876239776611e-01
3.454756140708923340e-01
-1.400941759347915649e-01
-2.472438067197799683e-01
-1.194395050406455994e-01
-8.851847648620605469e-01
8.933266252279281616e-02
-3.209356069564819336e-01
-1.609261393547058105e+00
9.754823893308639526e-02
9.254834055900573730e-02
-1.332839727401733398e+00
-7.725868821144104004e-01
-7.661071419715881348e-02
-7.543827295303344727e-01
7.601526975631713867e-01
8.056629449129104614e-03
-1.426145553588867188e+00
6.718093156814575195e-01
1.314061164855957031e+00
-1.543267250061035156e+00
6.102125644683837891e-01
-1.587745666503906250e+00
-1.931755542755126953e+00
4.840886592864990234e-01
-6.416713595390319824e-01
2.826146781444549561e-01
-6.346660852432250977e-01
1.796795800328254700e-02
7.665383070707321167e-02
1.138689041137695312e+00
8.246986567974090576e-02
-1.505339384078979492e+00
1.827806115150451660e+00
1.403243780136108398e+00
-1.683561503887176514e-01
-1.172614812850952148e+00
1.069396257400512695e+00
-2.640656232833862305e-01
9.421989321708679199e-01
3.767795562744140625e-01
1.197899222373962402e+00
-7.102436423301696777e-01
-2.376524955034255981e-01
3.586921691894531250e-01
-6.570285558700561523e-01
8.191010951995849609e-01
1.054220438003540039e+00
8.287577629089355469e-01
-2.888437211513519287e-01
-3.607284128665924072e-01
5.518036484718322754e-01
-3.924800828099250793e-02
-2.884411811828613281e-01
1.062999367713928223e+00
5.291359424591064453e-01
6.550146937370300293e-01
-3.969236910343170166e-01
6.131171062588691711e-02
