-5.085589289665222168e-01
6.526459008455276489e-02
5.889009237289428711e-01
8.975247740745544434e-01
2.979035973548889160e-01
-3.977328538894653320e-01
-5.764564871788024902e-01
-1.504577875137329102e+00
-1.891900777816772461e+00
2.902578115463256836e-01
1.096836686134338379e+00
5.437039136886596680e-01
5.834136009216308594e-01
5.284568071365356445e-01
-1.540631949901580811e-01
-2.072315812110900879e-01
-4.540274441242218018e-01
4.732956290245056152e-01
-1.094651818275451660e+00
1.464882791042327881e-01
9.233244657516479492e-01
-5.263885855674743652e-01
1.485970973968505859e+00
3.879105150699615479e-01
4.405329227447509766e-01
-1.013180971145629883e+00
1.813250482082366943e-01
-2.511017322540283203e-01
3.267673254013061523e-01
1.268088459968566895e+00
1.435244202613830566e+00
6.328831315040588379e-01
7.156689167022705078e-01
-6.042748689651489258e-01
6.319824457168579102e-01
3.324079811573028564e-01
-6.841595172882080078e-01
-2.252253293991088867e+00
-6.798405200242996216e-02
2.619637548923492432e-01
8.433458209037780762e-01
4.198690652847290039e-01
-1.815974473953247070e+00
-6.000498533248901367e-01
1.303635597229003906e+00
3.824918866157531738e-01
-1.203463435173034668e+00
7.121629714965820312e-01
-3.958746790885925293e-01
2.607415676116943359e+00
5.707883834838867188e-01
-5.801839232444763184e-01
-9.873425364494323730e-01
-4.116662442684173584e-01
8.753303885459899902e-01
1.108752608299255371e+00
1.915268599987030029e-01
3.156315982341766357e-01
8.524170517921447754e-02
3.895082473754882812e-01
-3.286993503570556641e-01
5.220962762832641602e-01
-3.034152090549468994e-01
-1.204532265663146973e+00
9.797929525375366211e-01
-6.503354907035827637e-01
7.888079881668090820e-01
3.478299379348754883e-01
4.032224714756011963e-01
-8.399376869201660156e-01
1.100158333778381348e+00
-1.086005091667175293e+00
1.952586919069290161e-01
-8.512608408927917480e-01
4.091216027736663818e-01
-1.310838342760689557e-05
-5.936592221260070801e-01
3.590482175350189209e-01
1.739671468734741211e+00
3.405640721321105957e-01
-7.058992236852645874e-02
-5.019538998603820801e-01
-1.134212017059326172e+00
6.987633705139160156e-01
-1.726133584976196289e+00
2.331610769033432007e-01
-9.138531088829040527e-01
6.308956742286682129e-01
-9.594147205352783203e-01
7.948463559150695801e-01
-5.884287357330322266e-01
-3.501330852508544922e+00
7.935788035392761230e-01
-8.935793638229370117e-01
-1.220418810844421387e+00
2.958777248859405518e-01
-2.223932296037673950e-01
-7.117042690515518188e-02
1.079718351364135742e+00
1.628581166267395020e+00
1.046201467514038086e+00
-1.099974751472473145e+00
3.670337051153182983e-02
-7.076430916786193848e-01
-1.927776217460632324e+00
4.512449502944946289e-01
-1.928801417350769043e+00
-4.776180386543273926e-01
-2.171115279197692871e-01
-1.236242413520812988e+00
-8.452056348323822021e-02
1.132486581802368164e+00
-3.708257079124450684e-01
1.424514800310134888e-01
-5.677106380462646484e-01
1.519325077533721924e-01
-3.769996464252471924e-01
3.245444595813751221e-01
2.020375430583953857e-01
1.558689922094345093e-01
-3.988573551177978516e-01
1.738391518592834473e+00
-1.299203157424926758e+00
1.008209109306335449e+00
1.426752805709838867e+00
6.220753788948059082e-01
-1.325051426887512207e+00
-4.308423101902008057e-01
1.394143581390380859e+00
-1.262713313102722168e+00
-1.820354610681533813e-01
-1.450324296951293945e+00
-6.435061693191528320e-01
-1.707162857055664062e+00
-1.653259277343750000e+00
9.882425665855407715e-01
-1.219715952873229980e+00
-2.058777809143066406e+00
8.528539538383483887e-01
-8.395051360130310059e-01
-2.537823915481567383e-01
-1.702996492385864258e-01
1.282669603824615479e-01
1.199746012687683105e+00
1.238888949155807495e-01
7.946107387542724609e-01
1.272535800933837891e+00
-4.496143460273742676e-01
1.036965250968933105e+00
3.162532746791839600e-01
-3.665011227130889893e-01
-6.387751102447509766e-01
4.757348597049713135e-01
-8.488549292087554932e-02
1.287619233131408691e+00
-1.425375938415527344e+00
-2.891639709472656250e+00
1.037263989448547363e+00
-1.292545944452285767e-01
2.023919373750686646e-01
-2.983804941177368164e-01
-7.818220853805541992e-01
-1.239278078079223633e+00
-1.018521666526794434e+00
-7.769516706466674805e-01
4.496852159500122070e-01
-3.650707304477691650e-01
2.904962897300720215e-01
-1.034072265028953552e-01
3.849383592605590820e-01
-9.190842509269714355e-01
-3.036833703517913818e-01
-1.361398458480834961e+00
8.630310893058776855e-01
-3.510389924049377441e-01
9.982774853706359863e-01
-1.447595000267028809e+00
-4.313163757324218750e-01
-6.055911183357238770e-01
1.347165703773498535e+00
-4.296077191829681396e-01
-7.316493988037109375e-02
1.590569466352462769e-01
2.920099794864654541e-01
-3.163890838623046875e-01
4.076484143733978271e-01
7.701596021652221680e-01
7.125632762908935547e-01
3.732506334781646729e-01
-4.396141469478607178e-01
-1.076607823371887207e+00
-1.133881807327270508e+00
-3.386918008327484131e-01
-4.397352039813995361e-01
-1.208165287971496582e+00
-1.014724731445312500e+00
7.227656841278076172e-01
6.094774007797241211e-01
-1.097582697868347168e+00
-8.808943629264831543e-01
1.912332884967327118e-02
8.442294597625732422e-01
-1.003566265106201172e+00
-2.173281013965606689e-01
2.115670204162597656e+00
-3.721503913402557373e-01
-8.841031193733215332e-01
-4.388342499732971191e-01
4.082140922546386719e-01
-2.212020158767700195e+00
-5.891793966293334961e-01
-1.162539362907409668e+00
1.495539784431457520e+00
-6.107705831527709961e-01
1.805860400199890137e-01
-6.252033710479736328e-01
-1.335590124130249023e+00
-1.596368789672851562e+00
6.942928433418273926e-01
1.843129754066467285e+00
1.321863532066345215e+00
-6.181278452277183533e-02
2.982441186904907227e-01
4.159995615482330322e-01
-6.713074445724487305e-01
-2.603372931480407715e-01
3.213500082492828369e-01
-3.675498962402343750e-01
8.811671137809753418e-01
-1.086825579404830933e-01
5.326470136642456055e-01
-5.972042083740234375e-01
4.623037278652191162e-01
-3.455472588539123535e-01
1.012558713555335999e-01
1.537144333124160767e-01
1.242099404335021973e+00
3.760407865047454834e-01
-1.331419050693511963e-01
-1.276780843734741211e+00
8.332617878913879395e-01
9.317628145217895508e-01
-1.301907420158386230e+00
-5.710760354995727539e-01
-1.694712877273559570e+00
-7.731420546770095825e-02
2.067646741867065430e+00
1.208921432495117188e+00
3.036512136459350586e-01
2.525180876255035400e-01
1.057583212852478027e+00
-7.198317050933837891e-01
-1.364970088005065918e+00
-1.293534785509109497e-01
-2.170730233192443848e-01
-3.280317783355712891e-01
4.476189017295837402e-01
-1.133467674255371094e+00
4.591246843338012695e-01
9.317842721939086914e-01
8.182960152626037598e-01
1.842222094535827637e+00
7.849383354187011719e-01
5.133026838302612305e-01
6.498865038156509399e-02
3.359678089618682861e-01
1.079983592033386230e+00
9.800866842269897461e-01
3.583418369293212891e+00
-3.067399263381958008e-01
6.424469500780105591e-02
-6.640294939279556274e-02
3.084756731986999512e-01
6.843956112861633301e-01
3.051641583442687988e-02
-1.136154174804687500e+00
6.186624765396118164e-01
-8.035774827003479004e-01
4.930772781372070312e-01
7.339293360710144043e-01
1.338809609413146973e+00
3.094120621681213379e-01
1.501888990402221680e+00
1.110617280006408691e+00
-1.917416930198669434e+00
1.353560447692871094e+00
-1.535563468933105469e+00
8.774848282337188721e-02
4.843069016933441162e-01
-1.080003380775451660e+00
-5.845442414283752441e-01
-1.912002712488174438e-01
-2.109226137399673462e-01
-3.688134908676147461e+00
1.471638083457946777e+00
8.651329278945922852e-01
-1.335695624351501465e+00
-6.417188644409179688e-01
-4.007090032100677490e-01
3.398145735263824463e-01
6.184207797050476074e-01
-6.963897943496704102e-01
-2.468501031398773193e-02
-2.971025183796882629e-02
4.149878919124603271e-01
5.393453836441040039e-01
-2.257447838783264160e-01
5.497296452522277832e-01
6.514946222305297852e-01
2.423320710659027100e-02
-1.673697352409362793e+00
7.447885870933532715e-01
-4.168815016746520996e-01
3.048737533390522003e-02
6.227777004241943359e-01
1.928300261497497559e-01
-7.277261465787887573e-03
7.317782938480377197e-02
1.294433236122131348e+00
-1.968720853328704834e-01
2.940654456615447998e-01
2.501479387283325195e-01
1.477267980575561523e+00
8.066570162773132324e-01
5.126219391822814941e-01
-7.949854731559753418e-01
5.981052760034799576e-03
-3.732243925333023071e-02
4.763759374618530273e-01
1.265002846717834473e+00
8.011479973793029785e-01
4.541988968849182129e-01
1.064164042472839355e+00
6.055917143821716309e-01
2.130077630281448364e-01
-3.065031468868255615e-01
-3.180426359176635742e-01
-1.610208988189697266e+00
8.503782749176025391e-01
-6.369573473930358887e-01
-4.528920948505401611e-01
-1.883937567472457886e-01
-1.000938296318054199e+00
2.047076970338821411e-01
-2.171215772628784180e+00
9.947462081909179688e-01
-1.821383714675903320e+00
1.559714823961257935e-01
2.237230837345123291e-01
-1.172388911247253418e+00
-1.418054938316345215e+00
-6.890369653701782227e-01
1.043625831604003906e+00
-1.385183453559875488e+00
1.501528173685073853e-01
-1.452814698219299316e+00
-6.388180190697312355e-04
-1.886629700660705566e+00
4.673029482364654541e-01
2.511328160762786865e-01
-4.899290502071380615e-01
1.527354598045349121e+00
-9.470291137695312500e-01
-2.029340028762817383e+00
5.268211960792541504e-01
-2.526037931442260742e+00
4.316196739673614502e-01
-6.620093584060668945e-01
2.327675819396972656e-01
-3.311818242073059082e-01
1.384785175323486328e-01
-1.864883899688720703e-01
-9.188563823699951172e-01
9.523599147796630859e-01
-3.139907121658325195e-01
-7.817371934652328491e-02
3.580087423324584961e-01
-1.523528456687927246e+00
-6.417664885520935059e-01
-4.430464804172515869e-01
2.150788068771362305e+00
-6.817543506622314453e-01
-7.483460307121276855e-01
-4.072744548320770264e-01
-9.964726567268371582e-01
-9.021818637847900391e-01
1.260280489921569824e+00
4.890803694725036621e-01
1.600888848304748535e+00
-5.225564837455749512e-01
6.558980941772460938e-01
-2.855848670005798340e-01
8.286403417587280273e-01
-1.897905170917510986e-01
1.207759261131286621e+00
-8.172543644905090332e-01
-1.321439504623413086e+00
7.664775252342224121e-01
-2.790573596954345703e+00
-1.218546628952026367e+00
7.167412042617797852e-01
-1.082707047462463379e+00
1.008468680083751678e-02
-2.028324604034423828e+00
2.164167881011962891e+00
1.155331373214721680e+00
-5.525106191635131836e-01
-4.433576464653015137e-01
-1.755714267492294312e-01
-2.537172436714172363e-01
-2.467098087072372437e-01
-3.836106359958648682e-01
7.154101133346557617e-01
1.616905570030212402e+00
8.316469788551330566e-01
1.689461708068847656e+00
-7.275298237800598145e-02
1.389562189579010010e-01
-1.124943047761917114e-01
-5.681390408426523209e-03
7.781410813331604004e-01
-1.032104849815368652e+00
4.395641088485717773e-01
1.375980019569396973e+00
-1.339688777923583984e+00
3.951065987348556519e-02
-1.300481855869293213e-01
-6.753212809562683105e-01
-8.191810250282287598e-01
4.773141741752624512e-01
1.168650910258293152e-01
3.071938157081604004e-01
1.614132523536682129e+00
-3.173303604125976562e-02
1.105768561363220215e+00
-2.636881768703460693e-01
-4.013491272926330566e-01
2.600862503051757812e+00
-2.905044555664062500e-01
7.692015171051025391e-02
9.588446021080017090e-01
-4.947908818721771240e-01
-1.630641341209411621e+00
-4.309214279055595398e-02
5.701898336410522461e-01
2.037775069475173950e-01
3.900374472141265869e-01
5.985195636749267578e-01
1.412192136049270630e-01
-2.246930152177810669e-01
-1.425049901008605957e+00
-1.418674290180206299e-01
-1.157889723777770996e+00
-1.170531868934631348e+00
-8.113365769386291504e-01
-3.006477057933807373e-01
-3.941616415977478027e-01
4.271923899650573730e-01
-1.133473515510559082e-01
5.169391036033630371e-01
5.952209830284118652e-01
-1.328941583633422852e+00
2.527751922607421875e-01
-4.795689880847930908e-02
1.547700643539428711e+00
-3.934643268585205078e-01
-9.430693984031677246e-01
-2.904159426689147949e-01
9.800734370946884155e-02
-5.294678807258605957e-01
1.059814810752868652e+00
7.361747324466705322e-02
5.967497825622558594e-01
2.537217855453491211e+00
3.835742361843585968e-03
-1.315994411706924438e-01
-1.935331672430038452e-01
-5.386931300163269043e-01
-8.882076740264892578e-01
2.881943434476852417e-02
-1.740147024393081665e-01
9.633572697639465332e-01
1.565623402595520020e+00
-2.718550860881805420e-01
1.550712704658508301e+00
3.905650079250335693e-01
-5.273588895797729492e-01
-1.053166031837463379e+00
7.717699408531188965e-01
-5.897673368453979492e-01
-2.925411760807037354e-01
4.548445940017700195e-01
1.512683331966400146e-01
6.903358697891235352e-01
-8.797994256019592285e-01
1.550276279449462891e+00
-6.480626463890075684e-01
-3.800096988677978516e+00
-1.738527268171310425e-01
8.388972878456115723e-01
6.573029160499572754e-01
9.584110379219055176e-01
2.618957757949829102e-01
-5.385794639587402344e-01
1.062826991081237793e+00
-6.634140014648437500e-01
-9.377834796905517578e-01
1.133413672447204590e+00
-1.694530487060546875e+00
3.864330053329467773e-01
7.933120727539062500e-01
-9.768681526184082031e-01
4.348432645201683044e-03
-1.696117401123046875e+00
5.849220156669616699e-01
1.002299427986145020e+00
-3.601765930652618408e-01
-3.973820209503173828e-01
-1.117024183273315430e+00
-5.036991834640502930e-01
3.903641700744628906e-01
-1.778974533081054688e+00
-1.850954890251159668e-01
-6.243526935577392578e-01
5.290101170539855957e-01
-2.037548869848251343e-01
-1.860636115074157715e+00
-1.867312043905258179e-01
1.529388129711151123e-01
-7.468382716178894043e-01
2.892535030841827393e-01
-6.346893310546875000e-02
1.260338783264160156e+00
-1.317333817481994629e+00
-1.021040201187133789e+00
-1.180637359619140625e+00
-6.140664219856262207e-01
-8.569828271865844727e-01
8.790317773818969727e-01
-1.705437749624252319e-01
2.740974903106689453e+00
8.350970149040222168e-01
1.296850681304931641e+00
1.056735813617706299e-01
5.840339064598083496e-01
1.096243262290954590e-01
1.375388264656066895e+00
3.110512346029281616e-02
-1.139344692230224609e+00
-1.328847110271453857e-01
-4.779330492019653320e-01
9.363276958465576172e-01
8.007093071937561035e-01
2.060531526803970337e-01
7.110178936272859573e-03
1.040860891342163086e+00
-1.175876617431640625e+00
1.021542549133300781e+00
-1.762165188789367676e+00
3.096150755882263184e-01
5.287531614303588867e-01
1.170088887214660645e+00
-4.568883478641510010e-01
2.415381371974945068e-01
4.330702126026153564e-01
-7.236198782920837402e-01
3.504642471671104431e-02
8.231989145278930664e-01
1.764646053314208984e+00
9.038801789283752441e-01
1.114997029304504395e+00
5.661880373954772949e-01
2.876253426074981689e-02
-1.003170132637023926e+00
-5.952953100204467773e-01
-2.927323281764984131e-01
-4.549972116947174072e-01
2.535350620746612549e-01
2.369610592722892761e-02
8.789186477661132812e-01
-7.198252677917480469e-01
-2.979852557182312012e-01
5.185657739639282227e-01
1.836775690317153931e-01
-9.599772840738296509e-02
3.126284107565879822e-02
-1.768419504165649414e+00
1.553073287010192871e+00
-1.261579632759094238e+00
8.378412723541259766e-01
3.843964636325836182e-01
-1.404213190078735352e+00
2.865691483020782471e-02
2.022172957658767700e-01
5.874755978584289551e-01
7.827043533325195312e-01
-1.124269723892211914e+00
-3.912539780139923096e-01
4.158090353012084961e-01
-1.454997062683105469e+00
-7.479338645935058594e-01
-1.264927506446838379e+00
7.762338221073150635e-02
-2.295419931411743164e+00
6.107420921325683594e-01
-1.080580353736877441e+00
-1.459583401679992676e+00
-7.821244597434997559e-01
1.404221206903457642e-01
-1.829035729169845581e-01
-6.673759818077087402e-01
-6.170632243156433105e-01
-8.795689791440963745e-02
-3.914158046245574951e-01
-2.178912639617919922e+00
-8.339536190032958984e-01
-2.644808590412139893e-01
-4.826709032058715820e-01
3.578984737396240234e-01
-2.225627899169921875e-01
6.488975882530212402e-02
8.122748136520385742e-01
-6.782537698745727539e-01
1.431607723236083984e+00
-4.496971368789672852e-01
5.435591936111450195e-01
1.795245051383972168e+00
-3.910302743315696716e-02
-6.131474971771240234e-01
3.324260935187339783e-02
3.807529211044311523e-01
-2.049166709184646606e-01
5.211719274520874023e-01
-9.784951806068420410e-01
-1.284358382225036621e+00
5.011542439460754395e-01
-9.302831292152404785e-01
-6.464880108833312988e-01
-6.327860057353973389e-02
4.336487352848052979e-01
1.244752407073974609e+00
2.925902418792247772e-02
-3.919876217842102051e-01
-5.655586719512939453e-02
1.980483718216419220e-02
2.223202943801879883e+00
-6.744832396507263184e-01
-2.897585630416870117e+00
-6.555372476577758789e-01
2.539762973785400391e+00
2.550212144851684570e-01
3.709607124328613281e-01
-3.327039182186126709e-01
3.422917842864990234e+00
1.112316846847534180e+00
-1.135336875915527344e+00
-4.816942662000656128e-02
-1.787021994590759277e+00
-9.393634796142578125e-01
1.057444810867309570e+00
-1.188379675149917603e-01
-1.083932042121887207e+00
1.090748429298400879e+00
1.245741769671440125e-01
2.485161274671554565e-01
7.661241292953491211e-01
3.950504958629608154e-01
1.902365684509277344e-01
5.320322513580322266e-01
-2.483324110507965088e-01
-6.492591500282287598e-01
-5.726745128631591797e-01
1.360587477684020996e+00
-2.996602281928062439e-02
-1.510096341371536255e-02
-7.227904796600341797e-01
1.084952875971794128e-01
-9.285024404525756836e-01
8.116835355758666992e-01
-1.931839734315872192e-01
-4.818953201174736023e-02
-1.414539575576782227e+00
-6.700212359428405762e-01
1.463211029767990112e-01
5.056973695755004883e-01
1.845508694648742676e+00
-7.020143866539001465e-01
-1.400233507156372070e+00
-3.426164388656616211e+00
6.399341225624084473e-01
7.808212637901306152e-01
1.399789843708276749e-02
6.273788809776306152e-01
-7.894074320793151855e-01
5.937718600034713745e-02
-4.259323179721832275e-01
-1.434420943260192871e+00
-4.740657284855842590e-02
-1.665876865386962891e+00
7.154176235198974609e-01
4.197297394275665283e-01
-1.751563906669616699e+00
-1.474127769470214844e+00
-6.848601102828979492e-01
1.639269471168518066e+00
4.301484823226928711e-01
2.513386249542236328e+00
9.752138853073120117e-01
-1.967660069465637207e+00
-3.408992886543273926e-01
-7.000068426132202148e-01
-1.539213776588439941e+00
-2.511127293109893799e-01
-3.531769216060638428e-01
8.032468706369400024e-02
-6.172261834144592285e-01
1.503967642784118652e+00
-8.355672471225261688e-03
1.707735538482666016e+00
-1.947579622268676758e+00
-8.352514505386352539e-01
1.025269150733947754e+00
-5.730891227722167969e-01
1.836691141128540039e+00
-3.831427097320556641e-01
-1.205475330352783203e+00
-3.211271762847900391e-01
-1.149760961532592773e+00
7.949278354644775391e-01
-2.638399600982666016e-01
6.282712221145629883e-01
6.366137266159057617e-01
-7.212570905685424805e-01
-1.867191195487976074e-01
7.492246627807617188e-01
1.475767970085144043e+00
1.230510711669921875e+00
-8.853387236595153809e-01
-4.840610623359680176e-01
-4.904920160770416260e-01
-1.817446231842041016e+00
-2.512726068496704102e+00
6.772131919860839844e-01
7.984616160392761230e-01
-3.742379844188690186e-01
-1.200376749038696289e+00
7.821713089942932129e-01
-4.550003707408905029e-01
1.577503800392150879e+00
-1.673962831497192383e+00
2.163621336221694946e-01
1.562040567398071289e+00
-2.956371784210205078e+00
8.298954963684082031e-01
5.572513118386268616e-02
1.274463534355163574e+00
-1.270689845085144043e+00
4.009945690631866455e-01
2.248747497797012329e-01
1.050987839698791504e+00
-4.634720683097839355e-01
-9.046831727027893066e-02
1.506472587585449219e+00
1.542349010705947876e-01
6.682217717170715332e-01
3.017133176326751709e-01
8.621885776519775391e-01
-3.115868270397186279e-01
