-9.268165826797485352e-01
1.456343889236450195e+00
1.211273521184921265e-01
-9.414827823638916016e-01
-9.650621414184570312e-01
4.381538033485412598e-01
-8.343893289566040039e-01
-1.006094098091125488e+00
-2.069527626037597656e+00
3.564615175127983093e-02
1.178561449050903320e+00
3.995573520660400391e-02
-2.266145706176757812e+00
-6.263523101806640625e-01
-8.471981883049011230e-01
-4.883120954036712646e-01
-1.669877886772155762e+00
-8.340269923210144043e-01
-4.318031966686248779e-01
5.643308162689208984e-02
-4.742656275629997253e-02
-7.336734533309936523e-01
8.766166567802429199e-01
1.159504294395446777e+00
1.471842050552368164e+00
-5.993224978446960449e-01
-1.118787169456481934e+00
6.526389718055725098e-01
-3.284346818923950195e+00
1.967277079820632935e-01
1.443391203880310059e+00
1.284253239631652832e+00
-2.181813001632690430e+00
3.563907146453857422e-01
1.445586681365966797e+00
6.456729024648666382e-02
5.284094810485839844e-01
-1.014737963676452637e+00
8.832345902919769287e-02
1.147485375404357910e+00
-1.034293293952941895e+00
-1.821156978607177734e+00
-1.110910654067993164e+00
7.537606954574584961e-01
1.803110092878341675e-01
2.613571882247924805e-01
-6.104429364204406738e-01
-4.781723022460937500e-01
7.621343135833740234e-01
-1.607973456382751465e+00
-8.407862856984138489e-03
-3.314596787095069885e-02
-1.454991102218627930e-01
-2.378170043230056763e-01
6.000724434852600098e-01
-1.423568487167358398e+00
7.696439027786254883e-01
-6.867034435272216797e-01
-9.881182312965393066e-01
1.975296139717102051e-01
7.884522080421447754e-01
7.306407690048217773e-01
6.637923121452331543e-01
1.161945581436157227e+00
1.736810505390167236e-01
-4.058682620525360107e-01
-6.678923368453979492e-01
3.618745505809783936e-01
-6.611905097961425781e-01
6.143380999565124512e-01
8.714392036199569702e-02
-7.356272339820861816e-01
-7.387321591377258301e-01
7.263702750205993652e-01
7.447966337203979492e-01
-1.292475938796997070e+00
-8.838535547256469727e-01
6.372723579406738281e-01
4.050609171390533447e-01
1.415114641189575195e+00
1.588213682174682617e+00
-3.678255677223205566e-01
-8.338469266891479492e-01
-9.046351909637451172e-01
-1.412894606590270996e+00
1.771912455558776855e+00
-1.366600394248962402e-03
-7.411534786224365234e-01
-9.644128084182739258e-01
1.441627621650695801e+00
-2.086405515670776367e+00
-2.754340171813964844e+00
-2.101477861404418945e+00
-6.003593802452087402e-01
7.619053125381469727e-02
-4.987514391541481018e-02
1.491779923439025879e+00
1.298586428165435791e-01
-5.498557090759277344e-01
4.609521329402923584e-01
1.393151432275772095e-01
-3.395957946777343750e-01
8.060759902000427246e-01
-1.662381410598754883e+00
-1.197229623794555664e+00
-1.263339638710021973e+00
-4.696277379989624023e-01
-1.703147217631340027e-02
1.009192824363708496e+00
5.017006397247314453e-02
-4.659219384193420410e-01
3.061467781662940979e-02
-1.387673735618591309e+00
-1.627729892730712891e+00
1.200583696365356445e+00
-5.607346892356872559e-01
6.818241477012634277e-01
-3.213415861129760742e+00
1.098446369171142578e+00
1.481893897056579590e+00
-9.016446471214294434e-01
-2.778204679489135742e-01
-2.219113826751708984e+00
-7.211380004882812500e-01
7.380174994468688965e-01
1.333044290542602539e+00
1.702374033629894257e-02
1.187189742922782898e-01
-9.955225586891174316e-01
-2.430752277374267578e+00
8.021190762519836426e-01
1.720285415649414062e-01
4.366997778415679932e-01
-1.892797708511352539e+00
2.730643749237060547e-01
2.526873946189880371e-01
1.184575706720352173e-01
6.861556768417358398e-01
-7.843757867813110352e-01
3.363617658615112305e-01
9.072394967079162598e-01
1.228171467781066895e+00
-1.319067329168319702e-01
-3.227120339870452881e-01
7.010937929153442383e-01
-1.071854591369628906e+00
-8.002578020095825195e-01
4.795821011066436768e-01
-2.125024795532226562e+00
1.054760813713073730e+00
-3.433926030993461609e-02
6.002471782267093658e-03
2.656107246875762939e-01
-1.225722879171371460e-01
2.937223315238952637e-01
1.412187933921813965e+00
-3.838269114494323730e-01
1.226652383804321289e+00
-1.189717292785644531e+00
3.858174979686737061e-01
1.321199059486389160e+00
-1.684286594390869141e+00
-2.404460906982421875e-01
-1.280439496040344238e+00
8.307012319564819336e-01
7.489418387413024902e-01
-2.218485116958618164e+00
-5.635768175125122070e-01
-1.242675185203552246e+00
-4.934122264385223389e-01
-1.154072999954223633e+00
-9.950148463249206543e-01
-3.622736930847167969e-01
1.783882498741149902e+00
-6.862997412681579590e-01
-9.712947607040405273e-01
-2.159909725189208984e+00
8.194060921669006348e-01
-1.308834433555603027e+00
2.790146768093109131e-01
7.642130851745605469e-01
-2.629250288009643555e-01
4.763316512107849121e-01
2.580008208751678467e-01
-1.426509618759155273e+00
-1.187005043029785156e+00
-1.735044836997985840e+00
-1.297375917434692383e+00
4.278865456581115723e-01
8.508175611495971680e-01
-6.810328364372253418e-01
-2.709959983825683594e+00
1.455001831054687500e-01
-3.384460806846618652e-01
1.568523049354553223e-01
2.666864097118377686e-01
-7.553485631942749023e-01
8.418607711791992188e-01
-9.904957413673400879e-01
-3.127863109111785889e-01
-1.181756377220153809e+00
2.287573337554931641e+00
2.578938007354736328e+00
-7.403945922851562500e-01
1.147206783294677734e+00
2.168654203414916992e-01
-2.056359648704528809e-01
-1.156826376914978027e+00
5.303835868835449219e-01
-2.294352531433105469e+00
-9.136181473731994629e-01
5.402455329895019531e-01
-3.446275591850280762e-01
-8.246946930885314941e-01
7.257114648818969727e-01
-1.462320446968078613e+00
2.855410277843475342e-01
-1.318335533142089844e+00
-8.475675582885742188e-01
1.261174201965332031e+00
1.157247185707092285e+00
1.200446039438247681e-01
9.785930514335632324e-01
-8.711090683937072754e-01
-1.092974662780761719e+00
5.324176549911499023e-01
-9.946842789649963379e-01
3.400014340877532959e-01
-1.267776489257812500e+00
-2.521521568298339844e+00
5.197669267654418945e-01
1.533888429403305054e-01
1.988808661699295044e-01
1.322723925113677979e-01
7.873429656028747559e-01
-6.577757000923156738e-02
8.371385335922241211e-01
4.434068500995635986e-01
-1.144910603761672974e-01
-1.148358136415481567e-01
5.755012035369873047e-01
-1.136298179626464844e+00
-1.720843315124511719e+00
-3.473479449748992920e-01
-9.297723174095153809e-01
1.145131945610046387e+00
1.569427967071533203e+00
1.892696619033813477e+00
1.806499958038330078e+00
1.573129296302795410e-01
2.040804773569107056e-01
1.055236697196960449e+00
-1.078834772109985352e+00
-1.367161035537719727e+00
6.957566738128662109e-01
3.247314691543579102e+00
1.068913340568542480e+00
-3.652344346046447754e-01
8.214267492294311523e-01
6.631773114204406738e-01
-6.845735907554626465e-01
3.739219307899475098e-01
2.061080634593963623e-01
2.317527532577514648e-01
-2.854912579059600830e-01
8.917824625968933105e-01
-5.635166168212890625e-01
3.173789978027343750e-01
3.072445631027221680e+00
5.265558362007141113e-01
6.287286877632141113e-01
9.592061638832092285e-01
-1.270732879638671875e+00
1.187434077262878418e+00
-1.430651247501373291e-01
-5.840927362442016602e-01
-1.294258534908294678e-01
-3.529388308525085449e-01
6.703378558158874512e-01
-1.376560807228088379e+00
4.873874485492706299e-01
8.803433775901794434e-01
2.611434757709503174e-01
1.043150648474693298e-01
4.715885519981384277e-01
-1.031663537025451660e+00
-5.252601504325866699e-01
-1.413246430456638336e-02
1.343045115470886230e+00
3.514423072338104248e-01
-1.555766820907592773e+00
1.089253067970275879e+00
8.835347252897918224e-04
7.682846784591674805e-01
-1.505655795335769653e-01
-6.624298691749572754e-01
3.000282287597656250e+00
5.636265277862548828e-01
1.317670106887817383e+00
-1.433445572853088379e+00
3.542595207691192627e-01
4.871058091521263123e-02
9.866008758544921875e-01
-7.572079300880432129e-01
1.738546043634414673e-01
1.978288292884826660e+00
-5.278937816619873047e-01
2.314528971910476685e-01
-1.339267253875732422e+00
1.410047769546508789e+00
2.949231863021850586e-01
-4.842435717582702637e-01
6.070835888385772705e-02
4.217691719532012939e-02
5.726243257522583008e-01
3.193060159683227539e-01
1.047198653221130371e+00
1.574737578630447388e-01
8.331844806671142578e-01
-2.892483472824096680e-01
-9.818305373191833496e-01
-5.710138082504272461e-01
9.095202684402465820e-01
-1.207918882369995117e+00
4.628489166498184204e-02
2.443714141845703125e-01
-9.878697991371154785e-01
-1.087703704833984375e+00
-3.009637892246246338e-01
4.563635885715484619e-01
-7.023585438728332520e-01
1.198860764503479004e+00
3.521357178688049316e-01
2.813721001148223877e-01
7.090764641761779785e-01
-1.554248780012130737e-01
5.796813964843750000e-02
-1.163890864700078964e-02
2.037957310676574707e-01
-1.029597759246826172e+00
-7.585801482200622559e-01
-1.626906096935272217e-01
6.539358496665954590e-01
7.235910296440124512e-01
1.623341441154479980e-01
-1.762000322341918945e+00
-1.595196366310119629e+00
1.380846619606018066e+00
1.091273427009582520e+00
-1.076557874679565430e+00
-4.286874532699584961e-01
6.748732328414916992e-01
8.862326145172119141e-01
1.388403892517089844e+00
-6.451659798622131348e-01
-1.397013068199157715e+00
-1.545746922492980957e+00
-1.739446282386779785e+00
3.211878836154937744e-01
6.053448319435119629e-01
4.724253714084625244e-01
-1.458266615867614746e+00
4.571218788623809814e-01
5.874760150909423828e-01
-4.617876186966896057e-02
8.330916762351989746e-01
8.963153362274169922e-01
-3.558593392372131348e-01
8.453719019889831543e-01
5.175579190254211426e-01
6.655851602554321289e-01
-1.583065837621688843e-01
-3.065203726291656494e-01
6.494979262351989746e-01
-5.385093092918395996e-01
1.037417411804199219e+00
-8.812242746353149414e-01
1.584106534719467163e-01
1.047448992729187012e+00
4.167514145374298096e-01
-4.339828491210937500e-01
7.697197198867797852e-01
2.993484735488891602e-01
-3.388137519359588623e-01
-6.122451424598693848e-01
8.928078413009643555e-01
3.969120085239410400e-01
-8.963627815246582031e-01
2.158982276916503906e+00
3.074671328067779541e-01
2.477489948272705078e+00
1.276026010513305664e+00
1.009883403778076172e+00
-6.415304541587829590e-01
3.586120903491973877e-02
5.862817764282226562e-01
-8.075087070465087891e-01
-2.176588922739028931e-01
6.465601325035095215e-01
6.175460815429687500e-01
-1.106924563646316528e-01
-2.401729524135589600e-01
1.179953455924987793e+00
1.486790627241134644e-01
1.563199907541275024e-01
1.532902359962463379e+00
4.306219816207885742e-01
8.004412055015563965e-01
-1.028494715690612793e+00
-1.362246751785278320e+00
-2.263878732919692993e-01
-1.840028762817382812e-01
-1.361635804176330566e+00
-6.871673464775085449e-02
1.824176669120788574e+00
1.080052137374877930e+00
1.884734481573104858e-01
-1.748868227005004883e-01
6.508159637451171875e-01
-2.689433991909027100e-01
-1.884031295776367188e-01
-5.200837850570678711e-01
7.950839400291442871e-01
9.685602784156799316e-02
3.829741477966308594e-01
-6.301729679107666016e-01
-3.361856564879417419e-02
2.223678827285766602e+00
8.581969141960144043e-01
-6.773288846015930176e-01
4.498992264270782471e-01
-7.660701125860214233e-02
-9.988995790481567383e-01
-1.447421550750732422e+00
-6.942588090896606445e-01
1.189026236534118652e+00
9.879726171493530273e-01
4.708009958267211914e-01
2.529954612255096436e-01
9.575159549713134766e-01
9.697374105453491211e-01
2.054170608520507812e+00
-4.127372503280639648e-01
-9.389297366142272949e-01
5.077241659164428711e-01
-2.186502933502197266e+00
-9.079060554504394531e-01
3.944662809371948242e-01
-1.126459479331970215e+00
1.220238581299781799e-01
1.389287710189819336e+00
-3.299230933189392090e-01
1.445749163627624512e+00
-8.175658583641052246e-01
-8.431364297866821289e-01
-1.506572127342224121e+00
-8.572004735469818115e-02
-8.286330699920654297e-01
-1.388911157846450806e-01
1.514018326997756958e-01
6.613306403160095215e-01
1.693348169326782227e+00
3.488609790802001953e-01
-1.825315505266189575e-01
8.740023970603942871e-01
-2.574620008468627930e+00
2.851195037364959717e-01
6.682822704315185547e-01
-9.861379265785217285e-01
1.157495856285095215e+00
2.917008697986602783e-01
-1.236367583274841309e+00
-9.113992750644683838e-02
1.415706276893615723e+00
1.928491741418838501e-01
1.012264490127563477e+00
2.024590730667114258e+00
-1.207996532320976257e-01
-1.586031675338745117e+00
6.169295907020568848e-01
7.922003865242004395e-01
2.505079507827758789e-01
-1.916617989540100098e+00
1.065760612487792969e+00
-4.711621403694152832e-01
4.159296751022338867e-01
-5.540704727172851562e-01
-8.253400921821594238e-01
1.296697258949279785e+00
-1.016925573348999023e+00
-1.692777752876281738e+00
2.600642919540405273e+00
1.552482724189758301e+00
1.041814684867858887e+00
-6.979712843894958496e-01
6.416076421737670898e-01
-2.271080255508422852e+00
-3.034741401672363281e+00
6.857158243656158447e-02
-4.657961428165435791e-01
-1.245265752077102661e-01
5.179548636078834534e-02
2.186685800552368164e-01
-3.832556605339050293e-01
-1.322589397430419922e+00
5.351183414459228516e-01
3.225828409194946289e-01
1.158117532730102539e+00
5.167795419692993164e-01
-3.245825879275798798e-03
8.038482069969177246e-02
6.148629188537597656e-01
2.298285007476806641e+00
8.733503222465515137e-01
3.821540176868438721e-01
2.993105351924896240e-01
-2.040744066238403320e+00
-9.975975155830383301e-01
1.241416215896606445e+00
-6.971855182200670242e-03
2.896873056888580322e-01
-3.924494087696075439e-01
-7.419492602348327637e-01
-8.567469120025634766e-01
1.569853425025939941e-01
-2.571389079093933105e-01
-1.297292828559875488e+00
7.158182859420776367e-01
-1.922079771757125854e-01
-2.326147079467773438e+00
-1.595968365669250488e+00
2.814716577529907227e+00
8.092523813247680664e-01
-7.091932296752929688e-01
-2.617664635181427002e-01
1.404410880059003830e-02
1.260532379150390625e+00
-1.947545111179351807e-01
-5.203209444880485535e-02
-1.745006084442138672e+00
1.372958779335021973e+00
3.638926744461059570e+00
-1.178187251091003418e+00
7.261887192726135254e-01
-2.160236798226833344e-02
-8.902907371520996094e-01
5.715124011039733887e-01
1.932704091072082520e+00
4.459926486015319824e-01
-4.713613390922546387e-01
4.134396016597747803e-01
-1.207555413246154785e+00
-8.970364928245544434e-01
-6.133549213409423828e-01
1.237979531288146973e+00
6.469816565513610840e-01
4.583869576454162598e-01
-7.475517690181732178e-03
-5.299564599990844727e-01
2.543858885765075684e-01
6.561038494110107422e-01
-1.966387987136840820e+00
-5.106003880500793457e-01
-1.833226829767227173e-01
1.184035658836364746e+00
1.691964983940124512e+00
-7.930581569671630859e-01
1.141914248466491699e+00
9.043692350387573242e-01
-8.335114270448684692e-02
1.122193336486816406e+00
9.830146431922912598e-01
3.912398591637611389e-03
3.115838170051574707e-01
-2.236043363809585571e-01
9.842145442962646484e-01
-9.595090746879577637e-01
-6.622952222824096680e-01
-1.316499352455139160e+00
1.207478046417236328e+00
-1.321046829223632812e+00
5.430783629417419434e-01
1.985338091850280762e+00
9.240397810935974121e-02
3.971799015998840332e-01
-1.080039978027343750e+00
-2.772382736206054688e+00
-1.204138517379760742e+00
-4.624594151973724365e-01
9.218766689300537109e-01
7.900289893150329590e-01
1.297352194786071777e+00
-1.697270631790161133e+00
1.181818604469299316e+00
-5.744733810424804688e-01
7.521468400955200195e-01
2.135754078626632690e-01
3.755044937133789062e-01
1.607565522193908691e+00
-3.033633828163146973e-01
-7.243098616600036621e-01
1.329696625471115112e-01
7.363869547843933105e-01
6.712903976440429688e-01
3.248507380485534668e-01
-6.528729796409606934e-01
-3.235839307308197021e-03
-2.189354747533798218e-01
1.458322107791900635e-01
-4.960641860961914062e-01
-4.971386864781379700e-02
-9.301928281784057617e-01
-2.458864450454711914e+00
-1.990298390388488770e+00
-9.775126576423645020e-01
-4.603030979633331299e-01
5.218956470489501953e-01
-2.142299264669418335e-01
5.013896226882934570e-01
1.089033246040344238e+00
-2.703413069248199463e-01
3.924650251865386963e-01
-8.197199702262878418e-01
9.309396147727966309e-01
-7.459421157836914062e-01
4.690663814544677734e-01
-3.869980573654174805e-01
2.352302074432373047e+00
1.319093465805053711e+00
6.029637455940246582e-01
4.120722711086273193e-01
6.244925260543823242e-01
-1.366507530212402344e+00
-6.157049909234046936e-02
-3.650344163179397583e-02
-1.596006393432617188e+00
-1.433360338211059570e+00
5.777751207351684570e-01
-2.970022857189178467e-01
4.387572407722473145e-01
5.717954635620117188e-01
-3.254660964012145996e-01
-8.764246702194213867e-01
1.149542443454265594e-02
-7.974078655242919922e-01
-1.548718571662902832e+00
1.634269356727600098e-01
1.545859217643737793e+00
-8.253478407859802246e-01
9.774461984634399414e-01
-2.023470640182495117e+00
2.846727609634399414e+00
-1.459238767623901367e+00
-2.287607192993164062e+00
-9.357595443725585938e-02
1.418807744979858398e+00
-1.950909733772277832e+00
-1.798354148864746094e+00
-5.853594541549682617e-01
-5.416702032089233398e-01
-6.819267868995666504e-01
-3.625101149082183838e-01
-5.538963079452514648e-01
1.310664534568786621e+00
3.183715641498565674e-01
3.923238217830657959e-01
-6.589351892471313477e-01
1.716165095567703247e-01
3.011817932128906250e-01
-1.316633820533752441e+00
-2.585759162902832031e-01
-1.081512331962585449e+00
-2.293078154325485229e-01
4.828393459320068359e-01
-7.308568954467773438e-01
2.071698188781738281e+00
-1.001251935958862305e+00
-1.443587064743041992e+00
9.102775156497955322e-02
9.454213976860046387e-01
-1.614256352186203003e-01
1.354489922523498535e+00
1.343999058008193970e-01
1.649164199829101562e+00
-1.967794299125671387e+00
-8.268591761589050293e-01
3.303404524922370911e-02
7.757021486759185791e-02
-4.595100402832031250e+00
1.551078110933303833e-01
-1.833235859870910645e+00
-6.059473752975463867e-01
1.198672294616699219e+00
5.822367668151855469e-01
-6.631656289100646973e-01
2.783115863800048828e+00
-7.666243910789489746e-01
-9.912635684013366699e-01
9.121228456497192383e-01
1.732721626758575439e-01
1.172564029693603516e+00
-2.887664794921875000e+00
1.419421076774597168e+00
1.697843819856643677e-01
5.874533653259277344e-01
-6.596316099166870117e-01
2.824972152709960938e+00
6.193580627441406250e-01
-2.536507368087768555e+00
1.859483480453491211e+00
7.670998573303222656e-01
-4.121899306774139404e-01
-1.059576775878667831e-02
-2.081544160842895508e+00
1.859210133552551270e+00
1.145458102226257324e+00
2.794452607631683350e-01
4.256251081824302673e-02
1.099033355712890625e+00
-1.382572650909423828e+00
-2.482811361551284790e-01
1.481788903474807739e-01
3.610333800315856934e-01
5.813412070274353027e-01
7.014641165733337402e-02
-1.251176357269287109e+00
-1.171502232551574707e+00
-1.070896387100219727e+00
-1.646951735019683838e-01
-3.810048103332519531e-01
-7.259470820426940918e-01
-2.218318700790405273e+00
-1.844439655542373657e-02
1.773671627044677734e+00
5.598582625389099121e-01
1.781730800867080688e-01
4.269805252552032471e-01
1.760385155677795410e+00
1.236299514770507812e+00
1.094717979431152344e+00
-6.500913202762603760e-02
-6.051571369171142578e-01
5.836670398712158203e-01
1.419323086738586426e-01
1.984401494264602661e-01
-1.009177118539810181e-01
5.032624676823616028e-02
-4.614746868610382080e-01
1.829092502593994141e-01
-1.236358955502510071e-01
1.181319355964660645e+00
-2.252767235040664673e-01
-2.362300157546997070e+00
5.332246422767639160e-01
-1.095381855964660645e+00
-1.821902543306350708e-01
-2.006408452987670898e+00
-1.996940821409225464e-01
-1.466326475143432617e+00
9.462829232215881348e-01
7.461781501770019531e-01
-8.985842019319534302e-02
-9.097338318824768066e-01
8.300366997718811035e-01
-2.084095716476440430e+00
-6.984039545059204102e-01
-1.205385684967041016e+00
6.012632697820663452e-02
