6.532957553863525391e-01
1.508463501930236816e+00
5.501697063446044922e-01
-7.478533387184143066e-01
1.470893770456314087e-01
-2.738588452339172363e-01
1.797111183404922485e-01
7.202662229537963867e-01
-6.527410745620727539e-01
1.431679010391235352e+00
1.141618847846984863e+00
-1.139001607894897461e+00
3.046994507312774658e-01
2.419013381004333496e-01
3.981605917215347290e-02
-1.388673424720764160e+00
-5.263238549232482910e-01
-9.174745678901672363e-01
-2.886718809604644775e-01
5.753433108329772949e-01
1.016014218330383301e+00
-2.261951565742492676e-01
1.223123669624328613e+00
-4.932400584220886230e-01
1.370826959609985352e+00
-3.139117062091827393e-01
1.071370020508766174e-01
1.101972721517086029e-02
-1.409667849540710449e+00
1.436060070991516113e-01
1.147191762924194336e+00
8.937630057334899902e-01
-1.139604091644287109e+00
3.519923388957977295e-01
-1.379986524581909180e+00
-1.576476097106933594e-01
-3.399093151092529297e-01
-2.206733703613281250e+00
-2.802588231861591339e-02
4.443597495555877686e-01
-7.022339105606079102e-01
-6.258188486099243164e-01
-8.329042792320251465e-02
-3.988100886344909668e-01
-2.300328202545642853e-02
1.972889900207519531e-01
-1.002398014068603516e+00
-1.962379366159439087e-01
-4.844223260879516602e-01
1.178969740867614746e+00
-6.663405895233154297e-01
1.213464811444282532e-01
2.544345706701278687e-02
3.809399604797363281e-01
3.367053568363189697e-01
-1.213658928871154785e+00
7.996256947517395020e-01
2.861314117908477783e-01
6.876862049102783203e-02
-6.330067515373229980e-01
9.217151403427124023e-01
-5.785817503929138184e-01
2.955794334411621094e-01
-1.152166724205017090e+00
-4.906652271747589111e-01
-5.877004861831665039e-01
3.885059654712677002e-01
1.154984757304191589e-01
1.415264010429382324e-01
-4.114688038825988770e-01
8.707898855209350586e-01
4.928536713123321533e-01
-1.297019720077514648e+00
-1.059755682945251465e+00
-7.261092066764831543e-01
4.001048505306243896e-01
-5.653477311134338379e-01
-2.316812798380851746e-02
-5.870695114135742188e-01
5.455930233001708984e-01
-3.098200261592864990e-01
5.289731547236442566e-02
-7.596693038940429688e-01
-3.093502819538116455e-01
-4.048433005809783936e-01
2.038853019475936890e-01
-6.488901972770690918e-01
-1.047860532999038696e-01
-1.455662585794925690e-02
-3.663034439086914062e-01
5.126357674598693848e-01
-3.710332214832305908e-01
-2.874277532100677490e-01
4.290165305137634277e-01
-6.400918364524841309e-01
2.155945301055908203e-01
3.644239008426666260e-01
6.837528347969055176e-01
-1.441822886466979980e+00
4.233240783214569092e-01
-7.335166931152343750e-01
-9.709055535495281219e-03
2.680828571319580078e-01
-7.220821976661682129e-01
-9.526945352554321289e-01
-1.479723006486892700e-01
-1.704436063766479492e+00
2.497343122959136963e-01
-3.514095544815063477e-01
-1.738165616989135742e-01
-1.709829717874526978e-01
3.570943772792816162e-01
-7.252016067504882812e-01
-7.019561529159545898e-01
-8.877643197774887085e-02
-2.739231288433074951e-01
-1.540772765874862671e-01
2.886595129966735840e-01
-2.184902280569076538e-01
2.244528234004974365e-01
4.770619869232177734e-01
6.065353006124496460e-02
-7.337355017662048340e-01
9.346564412117004395e-01
5.368339419364929199e-01
3.347775638103485107e-01
1.365943908691406250e+00
-7.001425623893737793e-01
-5.926168560981750488e-01
-8.880144357681274414e-01
-7.470117509365081787e-02
-1.663831710815429688e+00
-3.492462914437055588e-03
-3.583766222000122070e-01
-1.901062250137329102e+00
1.010519385337829590e+00
1.064088866114616394e-01
-3.565583229064941406e-01
-7.698630094528198242e-01
1.203099787235260010e-01
2.692222297191619873e-01
4.128304421901702881e-01
1.753047108650207520e+00
1.686867773532867432e-01
-7.117507457733154297e-01
-3.636222705245018005e-02
-7.478927075862884521e-02
-4.818361401557922363e-01
-9.020895510911941528e-02
-5.605993419885635376e-02
8.274689912796020508e-01
2.037962377071380615e-01
4.787324965000152588e-01
-1.149652481079101562e+00
4.993355572223663330e-01
-5.985266566276550293e-01
-3.980619907379150391e-01
-2.360013723373413086e-01
3.209594488143920898e-01
7.160144448280334473e-01
9.640178084373474121e-01
-4.824412465095520020e-01
1.754014641046524048e-01
-3.729017078876495361e-02
6.647884100675582886e-02
-6.929119825363159180e-01
-7.256642580032348633e-01
1.069633364677429199e+00
4.419653415679931641e-01
1.239464998245239258e+00
5.153387188911437988e-01
-8.953067064285278320e-01
-1.154113769531250000e+00
1.203424453735351562e+00
2.067480385303497314e-01
-1.032378435134887695e+00
6.102792620658874512e-01
9.144929051399230957e-02
-1.015150666236877441e+00
3.805736005306243896e-01
-5.093477964401245117e-01
-9.752355217933654785e-01
-3.545620739459991455e-01
-7.013158202171325684e-01
1.097517848014831543e+00
-3.689135313034057617e-01
-6.282746791839599609e-01
-6.667014956474304199e-02
8.882256746292114258e-01
-2.519482672214508057e-01
3.632568418979644775e-01
3.936300575733184814e-01
1.620361208915710449e-01
-4.286906719207763672e-01
-2.246476858854293823e-01
9.099056571722030640e-02
-1.557317972183227539e-01
-3.594139590859413147e-02
-1.523480564355850220e-01
3.279206752777099609e-01
1.102248311042785645e+00
8.426778018474578857e-02
2.366822004318237305e+00
-1.123817563056945801e+00
1.112142205238342285e+00
2.112181782722473145e-01
9.277851581573486328e-01
-3.931999951601028442e-02
9.672163724899291992e-01
-4.495026469230651855e-01
-4.178667962551116943e-01
-4.184023737907409668e-01
1.174079060554504395e+00
-1.268866062164306641e+00
-8.499276824295520782e-03
7.477716207504272461e-01
2.966887056827545166e-01
-3.579740822315216064e-01
-1.733721137046813965e+00
4.391950070858001709e-01
3.573660179972648621e-02
-4.249795526266098022e-02
-2.418629676103591919e-01
9.420558810234069824e-01
1.282737374305725098e+00
2.905864417552947998e-01
1.135856032371520996e+00
-4.878942966461181641e-01
-6.682667881250381470e-02
-8.607164770364761353e-02
6.232589483261108398e-01
-5.238694604486227036e-03
3.772562146186828613e-01
-1.466720849275588989e-01
2.369056642055511475e-01
-3.711619973182678223e-02
8.928726911544799805e-01
-3.247371315956115723e-01
-5.313495993614196777e-01
7.174118757247924805e-01
9.918701052665710449e-01
-6.916553378105163574e-01
-4.600553512573242188e-01
5.043550729751586914e-01
-4.509616792201995850e-01
9.906747937202453613e-02
5.077229738235473633e-01
7.468863725662231445e-01
4.601297974586486816e-01
-6.444571074098348618e-03
-3.940817713737487793e-01
-4.121669232845306396e-01
-1.150755286216735840e+00
-2.776980996131896973e-01
-1.201172620058059692e-01
4.849861562252044678e-01
-9.850550293922424316e-01
-2.186839282512664795e-01
3.378442227840423584e-01
-6.263433694839477539e-01
5.373244881629943848e-01
3.644272685050964355e-01
1.125257492065429688e+00
-9.992712736129760742e-01
-7.941616177558898926e-01
4.065176546573638916e-01
2.803347706794738770e-01
-4.367827903479337692e-03
1.847819924354553223e+00
1.270959615707397461e+00
8.769582509994506836e-01
5.439001917839050293e-01
5.468634366989135742e-01
2.372260838747024536e-01
-1.170148968696594238e+00
-5.571314096450805664e-01
-9.313403964042663574e-01
-6.683121919631958008e-01
1.593350619077682495e-01
2.036997973918914795e-01
1.149545088410377502e-01
-1.172346547245979309e-01
3.074676096439361572e-01
-1.951941289007663727e-03
8.096081018447875977e-01
-3.522830903530120850e-01
-8.442198634147644043e-01
6.993884444236755371e-01
1.032386064529418945e+00
-6.885604262351989746e-01
-6.995131969451904297e-01
-5.576346516609191895e-01
1.706258356571197510e-01
-1.410988569259643555e+00
-8.381326794624328613e-01
-4.974925816059112549e-01
6.923674941062927246e-01
5.698318481445312500e-01
8.960897922515869141e-01
1.049164384603500366e-01
-1.442319601774215698e-01
-7.539532780647277832e-01
1.715501099824905396e-01
4.479476213455200195e-01
6.053997278213500977e-01
2.870669066905975342e-01
3.213967084884643555e-01
-1.407521009445190430e+00
-2.065180540084838867e-01
2.452933043241500854e-01
-1.062797307968139648e+00
-3.053762018680572510e-01
-1.026530504226684570e+00
5.126222968101501465e-01
-3.560922741889953613e-01
-5.686735734343528748e-02
1.317350983619689941e+00
5.887260437011718750e-01
2.942536771297454834e-01
3.463206589221954346e-01
-6.228117942810058594e-01
-2.728926017880439758e-02
1.591690897941589355e+00
-9.839978218078613281e-01
-6.653034090995788574e-01
9.946554303169250488e-01
-4.275469183921813965e-01
8.375872857868671417e-03
-4.728038311004638672e-01
3.858653008937835693e-01
-1.385882854461669922e+00
-6.127643585205078125e-01
6.133824586868286133e-01
-7.823081612586975098e-01
6.688364148139953613e-01
-9.116711020469665527e-01
1.162501350045204163e-01
-5.671004652976989746e-01
5.956025719642639160e-01
-6.980813145637512207e-01
6.582076847553253174e-02
-3.185098767280578613e-01
7.995516061782836914e-02
2.974396944046020508e-01
1.396617442369461060e-01
1.361435651779174805e-01
-6.622086763381958008e-01
1.874331682920455933e-01
-1.060914635658264160e+00
-4.170188903808593750e-01
-5.177384018898010254e-01
3.626561760902404785e-01
4.738102257251739502e-01
-1.268932938575744629e+00
-2.564087808132171631e-01
-4.842980504035949707e-01
-4.422223567962646484e-01
-1.505950689315795898e+00
-1.295681949704885483e-02
-8.090279065072536469e-03
6.405074000358581543e-01
-1.755731552839279175e-02
3.401154279708862305e-01
-7.008337974548339844e-01
-6.968291848897933960e-02
-1.507302522659301758e+00
7.915486693382263184e-01
-1.403788384050130844e-02
2.795149385929107666e-01
-5.462594628334045410e-01
-1.633754372596740723e-01
4.666148722171783447e-01
-7.483704090118408203e-01
3.158995509147644043e-01
9.494708478450775146e-02
5.008363723754882812e-01
-5.897035598754882812e-01
1.161175131797790527e+00
-1.349172830581665039e+00
-4.888277500867843628e-02
7.921448349952697754e-02
5.331962704658508301e-01
1.460845619440078735e-01
-8.838242292404174805e-02
-1.132196903228759766e+00
4.587939381599426270e-01
-2.892293930053710938e-01
-8.069140315055847168e-01
5.876527428627014160e-01
5.738881230354309082e-01
3.022765874862670898e+00
6.896649599075317383e-01
9.649546146392822266e-01
-3.243511319160461426e-01
6.341196894645690918e-01
-8.522123843431472778e-02
-7.534247040748596191e-01
-2.848136425018310547e-01
3.981518000364303589e-02
2.201952487230300903e-01
2.684147357940673828e-01
-1.066887140274047852e+00
5.577406883239746094e-01
-3.252912163734436035e-01
-2.327841222286224365e-01
4.223986268043518066e-01
-6.105201244354248047e-01
8.567687869071960449e-01
-3.286697566509246826e-01
-4.146003723144531250e-01
-1.548218369483947754e+00
1.817418038845062256e-01
-1.164430379867553711e-01
3.518339693546295166e-01
3.291887342929840088e-01
1.157408714294433594e+00
-7.206453084945678711e-01
-3.417936386540532112e-03
-5.575192570686340332e-01
8.648374080657958984e-01
-3.083232939243316650e-01
-9.842928647994995117e-01
7.164548039436340332e-01
2.393840998411178589e-01
-5.462039113044738770e-01
9.446832537651062012e-01
-5.264581367373466492e-02
-4.799148440361022949e-01
-1.571538686752319336e+00
-9.808580875396728516e-01
-1.031829714775085449e-01
9.703379273414611816e-01
7.201909422874450684e-01
-1.622644424438476562e+00
-7.982534766197204590e-01
1.479650586843490601e-01
3.111764490604400635e-01
6.757000833749771118e-02
2.711600363254547119e-01
2.779139280319213867e-01
4.772042036056518555e-01
-7.352271080017089844e-01
-8.170464634895324707e-01
-6.695638597011566162e-02
1.414440870285034180e+00
-3.539697229862213135e-01
-3.278063833713531494e-01
-1.101356446743011475e-01
-7.455952763557434082e-01
-6.777696013450622559e-01
-1.586370944976806641e+00
-5.547673702239990234e-01
4.118493795394897461e-01
-6.606643795967102051e-01
-1.352951169013977051e+00
2.916516959667205811e-01
1.147342920303344727e+00
1.169010400772094727e+00
-8.197196722030639648e-01
-8.606839179992675781e-01
1.178356647491455078e+00
1.929788440465927124e-01
8.085696399211883545e-02
2.987007200717926025e-01
-6.529975533485412598e-01
-1.283409237861633301e+00
1.049218997359275818e-01
2.596282362937927246e-01
-4.966130256652832031e-01
1.496728956699371338e-01
-3.446516394615173340e-02
6.105058789253234863e-01
-1.286084890365600586e+00
-5.548545122146606445e-01
-6.494125723838806152e-01
9.427294135093688965e-02
9.142580628395080566e-01
-5.323895215988159180e-01
-9.426823258399963379e-01
6.451725363731384277e-01
1.020315289497375488e+00
2.374677211046218872e-01
-3.365226462483406067e-02
1.843829154968261719e-01
3.833296895027160645e-01
-6.309688091278076172e-01
-4.355509579181671143e-02
-1.333753943443298340e+00
5.389293432235717773e-01
3.057427704334259033e-01
2.224812209606170654e-01
-4.619743525981903076e-01
6.082371473312377930e-01
1.082609891891479492e+00
-5.524498820304870605e-01
8.633609414100646973e-01
-3.489700257778167725e-01
-2.961819410324096680e+00
-5.747188255190849304e-02
-8.429393172264099121e-01
1.535942703485488892e-01
4.646340385079383850e-02
-7.220289111137390137e-02
1.004816055297851562e+00
-1.565040349960327148e+00
-6.607641279697418213e-02
2.187035381793975830e-01
-8.583812117576599121e-01
-1.789911091327667236e-02
1.631822586059570312e-01
1.101568117737770081e-01
-8.064373731613159180e-01
3.632057607173919678e-01
5.060972571372985840e-01
8.027926683425903320e-01
4.285908341407775879e-01
2.722587287425994873e-01
-1.010247230529785156e+00
9.655076265335083008e-02
-2.585035264492034912e-01
-4.972420632839202881e-02
9.044857323169708252e-02
3.106737732887268066e-01
5.026271939277648926e-02
-5.834373086690902710e-02
6.009511947631835938e-01
-8.557983636856079102e-01
7.194173932075500488e-01
7.481027841567993164e-01
-1.531224727630615234e+00
9.084758907556533813e-02
1.231929659843444824e+00
1.268484830856323242e+00
-3.439308106899261475e-01
-8.252253383398056030e-02
-1.014481663703918457e+00
-5.369888544082641602e-01
-3.596916496753692627e-01
-4.245406091213226318e-01
-7.906857132911682129e-02
-1.163417696952819824e+00
5.230912566184997559e-01
6.831879913806915283e-02
-6.303074359893798828e-01
6.866166591644287109e-01
-9.599541425704956055e-01
7.527273893356323242e-01
1.443325877189636230e+00
-5.278667807579040527e-01
7.646906375885009766e-01
-3.832944929599761963e-01
6.843286752700805664e-01
-7.617454975843429565e-02
-3.582573831081390381e-01
1.107200831174850464e-01
4.196622371673583984e-01
7.679797410964965820e-01
8.082050681114196777e-01
-5.530581474304199219e-01
-3.977687954902648926e-01
1.160251140594482422e+00
1.218749642372131348e+00
-1.522309899330139160e+00
3.673031926155090332e-01
-3.919324874877929688e-01
-7.393195033073425293e-01
1.103112578392028809e+00
2.069888591766357422e+00
2.406671762466430664e+00
-5.723832249641418457e-01
4.339483380317687988e-01
-2.462148666381835938e-01
6.828578561544418335e-02
1.625281572341918945e-01
-5.974540710449218750e-01
-3.653536140918731689e-01
-1.787540614604949951e-01
3.948920592665672302e-02
8.297519087791442871e-01
5.411615967750549316e-01
-1.322367072105407715e+00
5.149105787277221680e-01
-3.754568397998809814e-01
-5.270695686340332031e-01
8.880708813667297363e-01
-4.234668016433715820e-01
-9.739006310701370239e-02
-2.638944983482360840e-01
3.042323887348175049e-01
-1.620370149612426758e-01
-1.187263056635856628e-01
5.122719705104827881e-02
1.581326425075531006e-01
4.141950607299804688e-01
1.783576160669326782e-01
5.406434535980224609e-01
1.202324032783508301e+00
3.111753165721893311e-01
-1.312660276889801025e-01
8.910013437271118164e-01
9.419542551040649414e-01
-1.516826510429382324e+00
3.755555450916290283e-01
9.295892715454101562e-01
7.932785749435424805e-01
-1.992230415344238281e-01
-4.334525465965270996e-01
-5.951783061027526855e-01
-2.200759351253509521e-01
9.735011458396911621e-01
-2.637280821800231934e-01
-3.890585899353027344e-01
3.904182910919189453e-01
2.266329973936080933e-01
-3.727726042270660400e-01
-1.608176827430725098e+00
3.160065710544586182e-01
-6.685813069343566895e-01
6.561048030853271484e-01
-1.527825295925140381e-01
-2.413542270660400391e-01
-6.329119801521301270e-01
-2.619731724262237549e-01
-3.034317493438720703e-01
2.140892595052719116e-01
7.230052947998046875e-01
-3.499445319175720215e-01
8.590210676193237305e-01
5.044393539428710938e-01
-6.471189856529235840e-01
1.701634049415588379e+00
5.025308132171630859e-01
8.537286520004272461e-01
9.261811375617980957e-01
4.867071211338043213e-01
-3.249382376670837402e-01
-2.267460972070693970e-01
-5.313455462455749512e-01
2.071768743917346001e-03
6.290691494941711426e-01
-4.903324544429779053e-01
3.569517135620117188e-01
-1.241064310073852539e+00
6.313549280166625977e-01
3.045512139797210693e-01
3.778294086456298828e+00
-2.605338096618652344e-01
-6.701515316963195801e-01
7.223409414291381836e-01
-4.384002089500427246e-01
-2.202600985765457153e-01
1.821359992027282715e-01
5.115833505988121033e-02
3.467885553836822510e-01
5.749748945236206055e-01
-2.222012728452682495e-01
-7.695124149322509766e-01
-1.155837178230285645e+00
-3.251148760318756104e-02
-8.271131664514541626e-02
-2.351993918418884277e-01
8.396133780479431152e-01
-1.651412099599838257e-01
-6.269244849681854248e-02
4.398579895496368408e-01
1.093483567237854004e+00
8.053598403930664062e-01
7.449620962142944336e-01
4.102894961833953857e-01
-1.027582883834838867e+00
-1.036752343177795410e+00
-5.709423422813415527e-01
-1.807969510555267334e-01
1.527972102165222168e+00
1.224327206611633301e+00
-1.580447077751159668e+00
-3.447496592998504639e-01
-1.053368687629699707e+00
1.218572139739990234e+00
-7.244902849197387695e-02
4.395610988140106201e-01
-1.723207831382751465e+00
-6.393332481384277344e-01
-2.484481483697891235e-01
-2.652828693389892578e-01
5.520405173301696777e-01
-1.638154864311218262e+00
-1.338160634040832520e+00
-1.548443436622619629e+00
6.648867726325988770e-01
-3.465323522686958313e-02
-1.554520279169082642e-01
1.043813705444335938e+00
-2.705086767673492432e-02
2.415097951889038086e-01
7.940976023674011230e-01
-6.361104249954223633e-01
-1.808343827724456787e-01
-4.267220199108123779e-01
-5.517020076513290405e-02
-6.349313259124755859e-01
-2.018382400274276733e-01
4.826005697250366211e-01
-4.955093562602996826e-01
2.357828319072723389e-01
-5.195755958557128906e-01
-1.296327114105224609e-01
-3.123919665813446045e-01
-7.629220485687255859e-01
-6.158914789557456970e-02
-6.098360419273376465e-01
-9.418056011199951172e-01
-9.693680405616760254e-01
-1.510068297386169434e+00
-1.362457275390625000e+00
6.599845886230468750e-01
4.398425221443176270e-01
-2.673818767070770264e-01
7.407546639442443848e-01
6.071195602416992188e-01
-1.098703503608703613e+00
-5.135404467582702637e-01
-6.245347484946250916e-02
1.165386080741882324e+00
9.913474321365356445e-01
-7.483690381050109863e-01
-9.667495489120483398e-01
3.515687957406044006e-02
8.535651564598083496e-01
-9.842110276222229004e-01
3.510011434555053711e-01
-1.279255032539367676e+00
-1.245793700218200684e+00
1.407469660043716431e-01
1.143309354782104492e+00
9.082513451576232910e-01
3.692540824413299561e-01
2.268960028886795044e-01
3.707274794578552246e-01
-1.850205212831497192e-01
5.941057205200195312e-01
-1.455656647682189941e+00
8.286125659942626953e-01
1.522657752037048340e+00
-2.305249869823455811e-02
-1.202292203903198242e+00
2.914720475673675537e-01
-9.577522873878479004e-01
6.134827136993408203e-01
-1.287456035614013672e+00
6.752044558525085449e-01
4.031077921390533447e-01
5.379038304090499878e-02
5.177740007638931274e-02
-1.791332125663757324e+00
6.483271718025207520e-01
2.096502184867858887e-01
-1.156579136848449707e+00
-1.072037458419799805e+00
-9.885286539793014526e-02
2.744199335575103760e-01
2.296402752399444580e-01
-7.425819635391235352e-01
9.067827463150024414e-01
-4.031299054622650146e-02
-2.657745778560638428e-01
1.324984710663557053e-02
9.398078918457031250e-01
