-1.353922337293624878e-01
5.374311804771423340e-01
-4.056694805622100830e-01
-1.410995125770568848e+00
5.741761326789855957e-01
1.649992942810058594e+00
-1.293094158172607422e-01
-3.984416648745536804e-02
-6.347738504409790039e-01
-1.064864754676818848e+00
9.913882613182067871e-01
2.801492214202880859e-01
-1.695827603340148926e+00
6.147838830947875977e-01
-1.128275394439697266e-01
-2.308786630630493164e+00
-1.900653958320617676e+00
2.817063808441162109e+00
-7.223243713378906250e-01
-5.644060969352722168e-01
2.365654230117797852e+00
5.868091583251953125e-01
-1.712660491466522217e-01
4.078322052955627441e-01
-4.001996815204620361e-01
-1.091039180755615234e+00
1.065466403961181641e+00
2.467336416244506836e+00
9.154145121574401855e-01
-1.051908493041992188e+00
-2.088077783584594727e+00
-9.777188301086425781e-01
-2.100447565317153931e-01
1.214505672454833984e+00
-1.225945830345153809e+00
-1.090818285942077637e+00
2.905140519142150879e-01
-1.583156943321228027e+00
-4.794624075293540955e-02
-1.032122850418090820e+00
-8.672413229942321777e-01
1.749902516603469849e-01
-2.480215549468994141e+00
-5.808453559875488281e-01
-2.556127786636352539e+00
-4.066767990589141846e-01
-5.323291197419166565e-02
-3.709574043750762939e-01
-4.517778754234313965e-01
-1.712249159812927246e+00
1.644948005676269531e+00
2.084657669067382812e+00
-4.191855788230895996e-01
1.328614503145217896e-01
-7.126464247703552246e-01
-2.636818408966064453e+00
-7.051343321800231934e-01
-1.123862713575363159e-01
-1.006828546524047852e+00
3.961358070373535156e-01
3.532216846942901611e-01
-1.759982705116271973e+00
3.632341027259826660e-01
-8.330445289611816406e-01
-1.454814434051513672e+00
-2.686494350433349609e+00
-1.377773761749267578e+00
-9.650712013244628906e-01
6.465005874633789062e-02
-1.067278310656547546e-01
-1.068117856979370117e+00
-1.191356301307678223e+00
2.103444039821624756e-01
-2.393262535333633423e-01
1.619088530540466309e+00
7.166590690612792969e-01
4.095347225666046143e-01
5.137438774108886719e-01
1.750079393386840820e+00
-9.255725145339965820e-02
7.511051297187805176e-01
-5.231119394302368164e-01
-1.138074278831481934e+00
-1.353709936141967773e+00
-1.742258191108703613e+00
1.035786390304565430e+00
-9.436118006706237793e-01
-4.754970371723175049e-01
-1.181552767753601074e+00
5.779952406883239746e-01
1.328358650207519531e+00
-4.479209482669830322e-01
-2.469151496887207031e+00
9.267935752868652344e-01
2.326363027095794678e-01
6.396645307540893555e-01
-5.590776205062866211e-01
-1.102159023284912109e+00
1.824307069182395935e-02
2.051634192466735840e-01
-1.229289174079895020e+00
-1.956776738166809082e+00
2.948955893516540527e-01
7.875535488128662109e-01
9.740980863571166992e-01
-1.345331668853759766e+00
1.035132288932800293e+00
1.329019069671630859e+00
3.671158477663993835e-02
-2.658268511295318604e-01
-5.664950013160705566e-01
7.642447352409362793e-01
-1.025381088256835938e+00
-1.785033643245697021e-01
3.185949623584747314e-01
9.877936840057373047e-01
2.099305868148803711e+00
-3.748500585556030273e+00
-2.168607711791992188e-01
3.722556829452514648e-01
-2.873667180538177490e-01
-1.348919272422790527e+00
-7.253925800323486328e-01
9.572734683752059937e-02
9.260491132736206055e-01
-4.774989187717437744e-01
5.291619300842285156e-01
-3.172557055950164795e-01
-3.259905874729156494e-01
-1.854910969734191895e+00
1.233709603548049927e-02
-2.312841892242431641e+00
-1.325252771377563477e+00
-6.472216844558715820e-01
-4.198035001754760742e-01
-6.903430223464965820e-01
4.242195785045623779e-01
-4.580532014369964600e-01
-2.118808507919311523e+00
-4.217750430107116699e-01
5.640282034873962402e-01
1.286700516939163208e-01
3.228318691253662109e-01
9.879689812660217285e-01
1.669177532196044922e+00
-3.138201236724853516e-01
-1.350963830947875977e+00
-1.237492084503173828e+00
-3.222199678421020508e-01
-2.191090956330299377e-03
1.837097883224487305e+00
-7.208073139190673828e-01
1.361729860305786133e+00
-2.621831297874450684e-01
2.378329485654830933e-01
-9.931877255439758301e-02
-1.435206890106201172e+00
3.021849155426025391e+00
-2.254230678081512451e-01
1.287735462188720703e+00
1.476795434951782227e+00
-2.744446694850921631e-01
1.809934079647064209e-01
-8.533161878585815430e-01
-1.961280345916748047e+00
1.340931892395019531e+00
1.531983733177185059e+00
5.647944808006286621e-01
8.313550353050231934e-01
1.112703084945678711e+00
-3.204247951507568359e-01
-2.353702306747436523e+00
-1.278386950492858887e+00
-8.087207674980163574e-01
-8.443194627761840820e-02
3.915975391864776611e-01
-1.520259141921997070e+00
3.310213983058929443e-01
-2.340507656335830688e-01
3.363603353500366211e-01
-3.633579015731811523e-01
-7.351379990577697754e-01
-4.598293006420135498e-01
3.326876461505889893e-01
-1.341611742973327637e+00
2.857879996299743652e-01
-2.555816248059272766e-02
8.129505515098571777e-01
-3.815966844558715820e-01
1.220930099487304688e+00
-1.133445978164672852e+00
-2.342833578586578369e-01
-4.542464017868041992e-01
-5.417473316192626953e-01
-3.779640197753906250e-01
-5.563171580433845520e-03
1.844495415687561035e+00
9.781931340694427490e-02
1.545257866382598877e-01
6.354157328605651855e-01
-2.910202145576477051e-01
5.213770270347595215e-01
1.965234160423278809e+00
-1.250001639127731323e-01
-3.388776779174804688e-01
1.251189112663269043e-01
1.516157388687133789e+00
1.497280150651931763e-01
-8.617191314697265625e-01
-1.000004887580871582e+00
7.913365960121154785e-02
-1.103780746459960938e+00
1.659664273262023926e+00
2.056700289249420166e-01
9.876036643981933594e-01
8.235167264938354492e-01
-1.670290112495422363e+00
8.853225708007812500e-01
1.229678750038146973e+00
9.820554256439208984e-01
-6.118971109390258789e-01
3.857444524765014648e-01
6.402805447578430176e-01
-7.131776958703994751e-02
-1.874760985374450684e+00
1.033117055892944336e+00
-2.479698807001113892e-01
7.648400962352752686e-02
-1.545840054750442505e-01
-8.582223057746887207e-01
-1.953314989805221558e-01
-2.111749172210693359e+00
-3.590132892131805420e-01
-7.872990369796752930e-01
-5.867389440536499023e-01
1.327547669410705566e+00
2.407672554254531860e-01
-2.285509854555130005e-01
-2.214665338397026062e-02
-9.672022461891174316e-01
1.642173081636428833e-01
-1.812154948711395264e-01
5.293079018592834473e-01
-7.022811472415924072e-02
-1.804242730140686035e+00
-4.504116773605346680e-01
-1.544256657361984253e-01
1.224654078483581543e+00
1.174355506896972656e+00
4.639990031719207764e-01
-5.324756503105163574e-01
-1.696607947349548340e+00
-8.852272033691406250e-01
2.357557773590087891e+00
2.334273338317871094e+00
5.900377631187438965e-01
3.501359224319458008e-01
-1.158735036849975586e+00
1.778560429811477661e-01
-2.647566199302673340e-01
-7.199087142944335938e-01
-4.103615581989288330e-01
3.298995643854141235e-02
-4.097010195255279541e-01
-1.990005612373352051e+00
1.740339279174804688e+00
-9.696930050849914551e-01
1.410523056983947754e-01
2.414844989776611328e+00
5.984185636043548584e-02
8.031007051467895508e-01
-8.026687502861022949e-01
-1.290430426597595215e+00
8.190302550792694092e-02
-9.918472766876220703e-01
7.942475378513336182e-02
1.018247127532958984e+00
2.521874308586120605e-01
-1.830959767103195190e-01
-5.564906001091003418e-01
-1.052738666534423828e+00
-9.096776247024536133e-01
1.104155898094177246e+00
2.546490192413330078e+00
2.275970458984375000e+00
2.305169850587844849e-01
1.395548880100250244e-01
-5.325304269790649414e-01
-9.313305616378784180e-01
8.380046486854553223e-02
-1.419790744781494141e+00
1.513271689414978027e+00
1.032219529151916504e+00
3.316899776458740234e+00
-9.300497919321060181e-02
-2.110484600067138672e+00
5.303232073783874512e-01
1.547991394996643066e+00
8.870744109153747559e-01
-2.259715318679809570e+00
-2.273897171020507812e+00
-1.559797048568725586e+00
1.317408204078674316e+00
2.002193689346313477e+00
-1.100364923477172852e-01
3.757428526878356934e-01
1.297232866287231445e+00
-1.183087468147277832e+00
8.983399271965026855e-01
8.287503719329833984e-01
-1.050802111625671387e+00
1.086882352828979492e+00
2.432138025760650635e-01
-2.235020160675048828e+00
7.087942361831665039e-01
1.187316060066223145e+00
4.741933643817901611e-01
-4.347101449966430664e-01
1.890436172485351562e+00
-1.337783813476562500e+00
-9.430093318223953247e-02
-8.079770803451538086e-01
-3.027159906923770905e-02
3.723014295101165771e-01
-4.180296063423156738e-01
1.415253162384033203e+00
-1.819771289825439453e+00
8.414383530616760254e-01
3.398543596267700195e-01
9.984924197196960449e-01
-2.990091085433959961e+00
-9.107271432876586914e-01
2.191109895706176758e+00
8.839625716209411621e-01
-1.242451429367065430e+00
-7.586905360221862793e-01
-3.616995811462402344e-01
2.671344578266143799e-01
-5.402033030986785889e-02
-8.074831366539001465e-01
1.078136205673217773e+00
-2.030101269483566284e-01
3.254087567329406738e-01
8.827701210975646973e-02
3.739250004291534424e-01
-1.304438114166259766e+00
-2.238672673702239990e-01
-1.122207790613174438e-01
-6.135432124137878418e-01
-1.248195245862007141e-01
-1.813119411468505859e+00
-1.258492827415466309e+00
5.394803285598754883e-01
1.040438890457153320e+00
7.038125395774841309e-02
-1.096791267395019531e+00
6.456045508384704590e-01
-3.564237356185913086e-01
1.242177635431289673e-01
-7.033753395080566406e-01
-7.720895856618881226e-02
-1.882903337478637695e+00
2.199522256851196289e+00
6.648902297019958496e-01
1.955040454864501953e+00
-5.428167432546615601e-02
7.804276049137115479e-02
6.111820340156555176e-01
-1.914393782615661621e+00
1.153274536132812500e+00
9.349074959754943848e-01
1.105016112327575684e+00
-1.029980540275573730e+00
4.991409480571746826e-01
-1.664371132850646973e+00
-3.949837386608123779e-01
3.162238359451293945e+00
1.818811655044555664e+00
-4.306107163429260254e-01
2.165374994277954102e+00
-1.247493550181388855e-01
-6.074243783950805664e-01
3.614856302738189697e-01
-1.776878714561462402e+00
-2.790842764079570770e-02
1.047939181327819824e+00
8.943021893501281738e-01
-4.183377325534820557e-01
3.832928240299224854e-01
7.669190764427185059e-01
-2.622736394405364990e-01
1.558748245239257812e+00
2.176892995834350586e+00
-5.258525609970092773e-01
-1.216119155287742615e-01
1.058255314826965332e+00
-6.153041124343872070e-01
1.345866441726684570e+00
3.297085762023925781e-01
-4.928739070892333984e-01
-1.312404274940490723e+00
1.710235118865966797e+00
1.229887247085571289e+00
1.945021748542785645e-01
-9.872362613677978516e-01
2.298342466354370117e+00
9.305473566055297852e-01
-3.984592854976654053e-01
-1.434783816337585449e+00
1.130920834839344025e-02
-8.628262281417846680e-01
-1.376150250434875488e+00
-1.538710713386535645e+00
-8.838289380073547363e-01
3.607648238539695740e-02
5.057101249694824219e-01
5.565712451934814453e-01
-1.242054343223571777e+00
-1.833852410316467285e+00
1.981822997331619263e-01
-2.156893014907836914e+00
2.190873384475708008e+00
8.716119527816772461e-01
-3.202757239341735840e-01
1.045771598815917969e+00
-9.340271949768066406e-01
2.723643064498901367e+00
2.580544538795948029e-02
2.351649284362792969e+00
-1.497279852628707886e-01
-1.871966600418090820e+00
2.080921649932861328e+00
7.332363724708557129e-01
1.628384441137313843e-01
-4.255512952804565430e-01
9.043729901313781738e-01
2.130563735961914062e+00
5.531097054481506348e-01
-1.852046370506286621e+00
9.755842685699462891e-01
-2.274945229291915894e-01
7.309451699256896973e-01
-1.021375298500061035e+00
5.083588361740112305e-01
6.407272219657897949e-01
3.373825550079345703e-01
-2.056779384613037109e+00
2.363324537873268127e-02
-3.867309689521789551e-01
8.163831233978271484e-01
-9.135025739669799805e-01
-1.436710953712463379e-01
7.346755266189575195e-01
-4.312829300761222839e-02
1.489431381225585938e+00
-3.737101256847381592e-01
-1.495170891284942627e-01
1.260441541671752930e+00
-1.587735563516616821e-01
3.083952665328979492e+00
9.429499506950378418e-02
-6.986873745918273926e-01
7.460505366325378418e-01
-4.542211294174194336e-01
-1.467805266380310059e+00
-5.707672834396362305e-01
-7.578496336936950684e-01
1.174017786979675293e+00
-2.214334458112716675e-01
7.664719820022583008e-01
5.824098587036132812e-01
3.323595523834228516e-01
-5.939257144927978516e-01
8.606346845626831055e-01
5.762217640876770020e-01
1.518249809741973877e-01
-7.106310874223709106e-02
5.110846757888793945e-01
7.838060706853866577e-02
2.191926091909408569e-01
-8.987090587615966797e-01
4.117629528045654297e-01
-1.074446678161621094e+00
6.089183688163757324e-01
5.960260629653930664e-01
4.063032269477844238e-01
1.214448928833007812e+00
-5.573005080223083496e-01
-4.307839572429656982e-01
9.542919397354125977e-01
-8.039501905441284180e-01
5.768125057220458984e-01
1.826552391052246094e+00
6.502678394317626953e-01
1.735010892152786255e-01
9.778738021850585938e-01
-3.539772927761077881e-01
-2.212867736816406250e+00
5.050942897796630859e-01
1.932625293731689453e+00
-2.817405700683593750e+00
4.832924306392669678e-01
-4.813597202301025391e-01
-3.788527250289916992e-01
1.657625287771224976e-02
-8.850740194320678711e-01
3.773670196533203125e-01
-1.717869281768798828e+00
-6.998094916343688965e-01
1.334599703550338745e-01
-3.394324183464050293e-01
-8.606489896774291992e-01
-4.193743467330932617e-01
4.210013449192047119e-01
3.240613937377929688e-01
9.301104545593261719e-01
1.587073087692260742e+00
-2.106181830167770386e-01
-7.915461063385009766e-01
-2.200657367706298828e+00
-2.702658474445343018e-01
-7.149981856346130371e-01
-2.961288094520568848e-01
-2.080901861190795898e+00
-1.884845376014709473e+00
-1.448897004127502441e+00
-3.752026855945587158e-01
1.146658957004547119e-01
-3.756658732891082764e-01
2.716041803359985352e-01
-6.200157403945922852e-01
1.731466293334960938e+00
3.332076072692871094e-01
-9.119275808334350586e-01
3.492602705955505371e-01
-4.151416122913360596e-01
3.927748501300811768e-01
-3.737927973270416260e-01
9.177488684654235840e-01
3.138718903064727783e-01
5.726802349090576172e-01
3.082467615604400635e-01
7.950396537780761719e-01
1.562568783760070801e+00
-1.948956370353698730e+00
3.056939542293548584e-01
-2.437317185103893280e-02
4.915025830268859863e-02
-4.913537502288818359e-01
-8.316732048988342285e-01
-5.763985514640808105e-01
-7.151710987091064453e-01
-5.320013165473937988e-01
-1.709775805473327637e+00
-3.163555562496185303e-01
6.761602759361267090e-01
1.777025103569030762e+00
-1.011426806449890137e+00
8.818632364273071289e-01
2.104953527450561523e+00
7.327224612236022949e-01
7.722620368003845215e-01
-2.468834638595581055e+00
1.642265677452087402e+00
-1.122649163007736206e-01
-1.662273257970809937e-01
-1.660362243652343750e+00
5.307391285896301270e-01
1.233725547790527344e+00
1.188961029052734375e+00
1.736377626657485962e-01
1.353633046150207520e+00
-3.722801208496093750e-01
-1.054098725318908691e+00
-1.328997015953063965e+00
4.635468721389770508e-01
3.020223379135131836e-01
-4.595312476158142090e-01
9.348627924919128418e-01
-1.444033384323120117e+00
-7.255746126174926758e-01
7.562535405158996582e-01
2.119627714157104492e+00
2.569701373577117920e-01
4.162436723709106445e-01
-1.273608684539794922e+00
-1.890806198120117188e+00
-5.272219181060791016e-01
7.863362431526184082e-01
3.604003489017486572e-01
-7.076797485351562500e-01
4.998629093170166016e-01
-7.524251341819763184e-01
3.177255392074584961e-01
-2.980268746614456177e-02
1.719517469406127930e+00
-1.074572801589965820e+00
1.119492173194885254e+00
1.247778773307800293e+00
2.356378793716430664e+00
-1.775714516639709473e+00
1.258659511804580688e-01
5.965312719345092773e-01
6.843437552452087402e-01
-2.707592844963073730e-01
-5.324568152427673340e-01
-9.906446933746337891e-01
-3.964474201202392578e-01
2.551207244396209717e-01
1.068309545516967773e+00
-1.501103162765502930e+00
-3.779511451721191406e-01
6.013526916503906250e-01
5.823988914489746094e-01
2.910633385181427002e-01
-1.992664039134979248e-01
-4.447256326675415039e-01
-1.221366167068481445e+00
-4.917189776897430420e-01
1.158977270126342773e+00
-1.665366768836975098e+00
-7.925882935523986816e-01
-2.285041332244873047e+00
-6.648473739624023438e-01
6.874905824661254883e-01
5.953478813171386719e-01
-6.763789057731628418e-02
-4.210352525115013123e-02
1.044083684682846069e-01
-1.708219170570373535e+00
-1.086781978607177734e+00
-1.586458444595336914e+00
-8.526582121849060059e-01
-1.014548614621162415e-01
-1.333453297615051270e+00
-1.479710698127746582e+00
2.381700515747070312e+00
-8.488352894783020020e-01
1.334868818521499634e-01
1.493781924247741699e+00
1.111102819442749023e+00
7.983714342117309570e-02
1.062123626470565796e-01
2.023448228836059570e+00
-1.185558199882507324e+00
-1.910773962736129761e-01
-1.697404742240905762e+00
4.023154079914093018e-01
4.033251106739044189e-01
-4.718207716941833496e-01
1.557814359664916992e+00
8.253323435783386230e-01
2.757297754287719727e-01
-9.513973593711853027e-01
-2.063727378845214844e-01
5.170952081680297852e-01
1.072667360305786133e+00
9.536129832267761230e-01
-1.290856152772903442e-01
-1.047123193740844727e+00
-2.261380434036254883e+00
7.751362919807434082e-01
-1.744022250175476074e+00
2.084522098302841187e-01
2.545036971569061279e-01
8.741350173950195312e-01
6.782341003417968750e-01
9.273577332496643066e-01
5.019534230232238770e-01
-1.287412762641906738e+00
-1.071658849716186523e+00
-9.733433127403259277e-01
-6.850849986076354980e-01
6.082696914672851562e-01
1.627604126930236816e+00
-2.216140925884246826e-01
-3.584578633308410645e-02
3.614393770694732666e-01
-1.145293563604354858e-01
1.928425729274749756e-01
1.145972967147827148e+00
-3.883200883865356445e+00
-1.315183401107788086e+00
-7.082681059837341309e-01
-3.195306062698364258e-01
3.497640132904052734e+00
1.853556871414184570e+00
2.661920487880706787e-01
-5.459463119506835938e+00
1.285946488380432129e+00
-2.100837469100952148e+00
4.384177923202514648e-01
4.966171979904174805e-01
1.366423964500427246e+00
4.126041829586029053e-01
-2.871060073375701904e-01
1.279649734497070312e+00
1.751450300216674805e+00
1.632345676422119141e+00
2.058333873748779297e+00
2.015588283538818359e+00
-2.239505052566528320e-01
6.738283634185791016e-01
-4.617164731025695801e-01
-9.752008914947509766e-01
4.234718978404998779e-01
3.927721261978149414e+00
-1.429463744163513184e+00
-6.667270183563232422e+00
1.117874383926391602e+00
-1.771882414817810059e+00
9.192157983779907227e-01
6.010208725929260254e-01
7.514398694038391113e-01
1.390339255332946777e+00
8.474727869033813477e-01
-3.542431592941284180e-01
-1.536598056554794312e-01
-7.091539502143859863e-01
-9.279699325561523438e-01
3.792133331298828125e-01
-2.583916902542114258e+00
-9.792882800102233887e-01
-1.130853772163391113e+00
1.357409954071044922e+00
-1.337859630584716797e+00
-4.046325087547302246e-01
-1.525467932224273682e-01
1.426733970642089844e+00
1.919818073511123657e-01
-6.810868382453918457e-01
-1.677157163619995117e+00
2.423199176788330078e+00
2.788083553314208984e-01
1.286063551902770996e+00
1.674592256546020508e+00
-1.430696725845336914e+00
-2.260439544916152954e-01
5.881979465484619141e-01
7.554760575294494629e-01
2.142587006092071533e-01
1.847831904888153076e-01
-1.715768814086914062e+00
1.069938182830810547e+00
-4.007682204246520996e-01
-5.638297796249389648e-01
9.354328736662864685e-03
8.253228664398193359e-01
-5.436804890632629395e-01
-5.195136666297912598e-01
-1.398933976888656616e-01
-1.820564389228820801e+00
1.049484491348266602e+00
-1.192978143692016602e+00
-5.221291258931159973e-02
1.655716657638549805e+00
-1.286225557327270508e+00
1.646680951118469238e+00
-2.053599834442138672e+00
1.123709678649902344e+00
-6.675090789794921875e-01
-4.301431477069854736e-01
4.254667758941650391e-01
-1.471229076385498047e+00
2.480808019638061523e+00
-9.185857772827148438e-01
2.923865079879760742e+00
-2.763789892196655273e-01
