4.136779606342315674e-01
3.884959816932678223e-01
-8.744906783103942871e-01
-1.681434035301208496e+00
-5.980997681617736816e-01
5.014577507972717285e-01
8.096909523010253906e-02
-7.589266300201416016e-01
1.544920951128005981e-01
1.699824094772338867e+00
1.209401369094848633e+00
-7.727404236793518066e-01
6.270764470100402832e-01
-1.213246464729309082e+00
8.321945071220397949e-01
-1.309292435646057129e+00
-4.595083892345428467e-01
-6.189836263656616211e-01
1.005512714385986328e+00
-9.417185783386230469e-01
6.760451197624206543e-01
-9.885123968124389648e-01
1.065501570701599121e+00
1.828783988952636719e+00
-6.824600100517272949e-01
-1.627950549125671387e+00
3.023276805877685547e+00
-8.614192605018615723e-01
-3.622763454914093018e-01
1.217716217041015625e+00
8.606591224670410156e-01
1.195927023887634277e+00
6.059439182281494141e-01
3.511110544204711914e-01
1.089718937873840332e+00
-1.093683242797851562e+00
2.933206856250762939e-01
-1.721216201782226562e+00
-6.938853859901428223e-02
1.950380392372608185e-02
-1.757289648056030273e+00
-7.909968495368957520e-01
-3.021549582481384277e-01
-1.691289186477661133e+00
-8.842064067721366882e-03
4.333022236824035645e-01
2.982295751571655273e-01
-4.805585741996765137e-01
-1.420363306999206543e+00
-6.804955750703811646e-02
-3.265348076820373535e-01
-7.847312092781066895e-01
-4.110392928123474121e-01
3.968541324138641357e-01
-1.218500852584838867e+00
-1.082455873489379883e+00
6.776561141014099121e-01
-4.058847948908805847e-02
-1.873311251401901245e-01
1.848584890365600586e+00
2.508664131164550781e-01
-3.506985604763031006e-01
4.440478980541229248e-01
6.723237633705139160e-01
-7.922068834304809570e-01
-9.602242708206176758e-01
-5.437300801277160645e-01
1.396912455558776855e+00
-6.495280861854553223e-01
-4.068579673767089844e-01
-5.013386607170104980e-01
-1.223237276077270508e+00
1.375013962388038635e-02
2.110858410596847534e-01
6.682992577552795410e-01
8.005670309066772461e-01
-1.317873477935791016e+00
-1.093449354171752930e+00
-3.961535990238189697e-01
1.280573248863220215e+00
7.189544439315795898e-01
7.788327336311340332e-02
8.174206018447875977e-01
-2.084246158599853516e+00
-2.604894042015075684e-01
7.534934878349304199e-01
1.457130908966064453e-01
1.438826203346252441e+00
-3.297468423843383789e-01
2.812339365482330322e-01
-2.890405990183353424e-02
-1.311247944831848145e-01
1.367819011211395264e-01
1.851321458816528320e-01
-6.512670964002609253e-02
-3.171783983707427979e-01
-4.111189544200897217e-01
6.761035323143005371e-01
1.848518848419189453e-02
1.405978322029113770e+00
-8.397383093833923340e-01
-1.845429420471191406e+00
-1.296021789312362671e-01
5.736293792724609375e-01
-6.472584605216979980e-01
3.968812227249145508e-01
-1.186084628105163574e+00
-1.726994067430496216e-01
-1.368061184883117676e+00
-8.141230940818786621e-01
-9.332599639892578125e-01
3.018151819705963135e-01
-6.079615354537963867e-01
-5.854034423828125000e-01
5.821881890296936035e-01
-3.403387069702148438e-01
-8.436393737792968750e-01
-1.776411414146423340e+00
6.725031733512878418e-01
1.251640200614929199e+00
-7.271073460578918457e-01
-1.086935639381408691e+00
-2.210025310516357422e+00
1.973954886198043823e-01
-1.128195524215698242e+00
-7.943516969680786133e-02
-6.106756329536437988e-01
1.573962420225143433e-01
6.201781630516052246e-01
8.027156591415405273e-01
1.722305297851562500e+00
-3.042714297771453857e-01
-3.011231124401092529e-01
1.622442752122879028e-01
-1.007947683334350586e+00
-1.734834432601928711e+00
1.938720822334289551e+00
2.140915155410766602e+00
-1.062727808952331543e+00
-4.946630895137786865e-01
-1.903401613235473633e+00
5.114322900772094727e-01
-7.085507512092590332e-01
8.392886817455291748e-02
-1.097285389900207520e+00
-1.013864636421203613e+00
2.971043586730957031e-01
-5.121543407440185547e-01
1.982146650552749634e-01
-5.839266180992126465e-01
-1.365188479423522949e+00
-3.368933796882629395e-01
-7.146722674369812012e-01
-1.411688979715108871e-02
2.920706987380981445e+00
-1.293663501739501953e+00
-1.326691508293151855e+00
5.150393247604370117e-01
-9.100632071495056152e-01
-1.697922497987747192e-02
5.211334824562072754e-01
-5.125125646591186523e-01
4.004430472850799561e-01
-1.240497976541519165e-01
-1.021224856376647949e+00
-3.851502835750579834e-01
-1.938122153282165527e+00
1.123749092221260071e-01
-7.215545978397130966e-03
1.002141714096069336e+00
-1.270767807960510254e+00
2.433308362960815430e-01
-1.640769362449645996e+00
1.216671466827392578e+00
-6.220604777336120605e-01
-8.390214294195175171e-02
5.367626547813415527e-01
4.159798324108123779e-01
-1.276978105306625366e-01
3.843663930892944336e-01
-2.880657836794853210e-02
-1.605484127998352051e+00
-2.473810017108917236e-01
9.885327517986297607e-02
-1.038375735282897949e+00
5.609032511711120605e-01
1.006262421607971191e+00
2.096676677465438843e-01
4.350503683090209961e-01
-9.457018226385116577e-02
-1.257879376411437988e+00
-1.200836062431335449e+00
-3.352976441383361816e-01
-5.935130119323730469e-01
-1.156190991401672363e+00
-1.427149176597595215e+00
3.784493505954742432e-01
-5.436703935265541077e-02
8.136565238237380981e-02
7.144887745380401611e-02
4.809122979640960693e-01
1.055713176727294922e+00
-1.347211122512817383e+00
8.353952169418334961e-01
5.374050140380859375e-01
1.073842644691467285e+00
-6.095396280288696289e-01
7.061176300048828125e-01
-9.056643843650817871e-01
7.558237910270690918e-01
1.279307723045349121e+00
-1.393015384674072266e-01
1.133332028985023499e-01
-4.116643369197845459e-01
-7.240297794342041016e-01
5.617876052856445312e-01
-7.090776443481445312e+00
-8.608864545822143555e-01
-4.824930429458618164e-01
1.177000641822814941e+00
1.048781514167785645e+00
-2.918526232242584229e-01
1.286108255386352539e+00
-6.849066615104675293e-01
6.000248789787292480e-01
-7.324596643447875977e-01
-6.196246668696403503e-02
1.760120391845703125e+00
-1.813725978136062622e-01
-7.640041708946228027e-01
6.431822478771209717e-02
-8.310344815254211426e-01
-7.009056210517883301e-02
-1.634533524513244629e+00
2.396811008453369141e+00
1.637041687965393066e+00
1.346983551979064941e+00
-2.719264626502990723e-01
2.257236242294311523e+00
-2.194829583168029785e-01
-5.293101072311401367e-02
-1.928780227899551392e-01
-4.974062144756317139e-01
8.963413238525390625e-01
-3.147677481174468994e-01
9.220741391181945801e-01
-6.250612735748291016e-01
6.808268427848815918e-01
9.149218797683715820e-01
6.654204726219177246e-01
1.294759869575500488e+00
-7.438549995422363281e-01
-5.874224007129669189e-02
5.148473381996154785e-01
-1.134383440017700195e+00
-3.528450056910514832e-02
1.593402743339538574e+00
-1.167590379714965820e+00
4.886061847209930420e-01
9.633677005767822266e-01
-1.879434138536453247e-01
1.063029289245605469e+00
-4.514133930206298828e-02
1.528524607419967651e-02
-2.316085398197174072e-01
2.365148544311523438e+00
1.145711660385131836e+00
1.475314855575561523e+00
3.306754112243652344e+00
-5.457579493522644043e-01
1.410620212554931641e-01
7.160929590463638306e-02
-1.078939437866210938e+00
-8.718183040618896484e-01
2.355621337890625000e+00
1.315398365259170532e-01
2.286870032548904419e-01
-7.781292796134948730e-01
-1.056334525346755981e-01
-5.262010693550109863e-01
1.952801585197448730e+00
1.281556129455566406e+00
-5.066337585449218750e-01
6.220860481262207031e-01
-2.347490191459655762e-01
3.199859261512756348e-01
1.321742892265319824e+00
1.933769106864929199e+00
-7.346587777137756348e-01
-1.899028658866882324e+00
5.453165173530578613e-01
-6.808044314384460449e-01
2.253582715988159180e+00
3.114923000335693359e+00
-1.911015063524246216e-01
-2.839587628841400146e-01
-2.053547501564025879e-01
8.041208982467651367e-01
-9.114705026149749756e-02
3.833560347557067871e-01
-7.890477180480957031e-01
-2.286621570587158203e+00
1.268826007843017578e+00
-3.622794747352600098e-01
-1.357211828231811523e+00
5.204240083694458008e-01
-9.473069310188293457e-01
-9.530927538871765137e-01
7.980691194534301758e-01
-7.275217771530151367e-02
6.613271236419677734e-01
2.869629144668579102e+00
-1.618590712547302246e+00
-3.572188019752502441e-01
-4.663560986518859863e-01
5.812345147132873535e-01
9.192671179771423340e-01
1.365068793296813965e+00
1.092721298336982727e-01
-1.596026659011840820e+00
4.207255542278289795e-01
-8.867789506912231445e-01
1.405555129051208496e+00
-2.044525861740112305e+00
6.167123913764953613e-01
1.533777564764022827e-01
-8.777762055397033691e-01
-4.704646021127700806e-02
9.079962968826293945e-01
8.299252390861511230e-01
-1.937291324138641357e-01
3.051316440105438232e-01
-1.577673673629760742e+00
-7.995908260345458984e-01
-8.119614124298095703e-01
-2.925712168216705322e-01
-6.009793877601623535e-01
8.187715411186218262e-01
7.655638456344604492e-02
-6.065630316734313965e-01
4.403242170810699463e-01
-5.734242796897888184e-01
-6.537053585052490234e-01
-5.031731724739074707e-01
-1.260528690181672573e-03
-1.576619744300842285e-01
-6.922932267189025879e-01
6.114677786827087402e-01
-9.541969746351242065e-02
-5.393753647804260254e-01
-5.384612083435058594e-01
-8.494296073913574219e-01
-6.622322201728820801e-01
-2.060092926025390625e+00
1.680648326873779297e-01
-1.654278397560119629e+00
6.208798885345458984e-01
-9.536557793617248535e-01
-5.633281469345092773e-01
-3.247843980789184570e-01
-1.120240807533264160e+00
7.990502715110778809e-01
-4.364387691020965576e-01
-6.597385406494140625e-01
3.189207315444946289e-01
-1.193805783987045288e-02
1.878232955932617188e+00
7.808495759963989258e-01
-6.733577847480773926e-01
-3.170641422271728516e+00
2.336203455924987793e-01
8.977325558662414551e-01
-1.236402869224548340e+00
1.665050983428955078e+00
-1.914588361978530884e-01
-4.070481657981872559e-01
2.723350226879119873e-01
1.260532736778259277e+00
2.266516685485839844e+00
6.344373822212219238e-01
5.105994343757629395e-01
1.981460452079772949e-01
-2.676875293254852295e-01
-1.514604687690734863e+00
-8.517305254936218262e-01
-4.869551360607147217e-01
-3.064046427607536316e-02
-1.956059336662292480e-01
-6.287639141082763672e-01
8.460559248924255371e-01
1.144585371017456055e+00
9.359759688377380371e-01
6.376935839653015137e-01
-6.426858901977539062e-01
-6.697010993957519531e-01
-2.495470762252807617e+00
-1.437782287597656250e+00
-1.517023682594299316e+00
-9.893594384193420410e-01
-9.146593213081359863e-01
5.269983038306236267e-02
-9.645566344261169434e-01
-2.025423347949981689e-01
-5.251965522766113281e-01
-1.021271467208862305e+00
-1.526688039302825928e-01
-7.259003520011901855e-01
-7.266567349433898926e-01
8.240498900413513184e-01
-4.471036493778228760e-01
-1.641107082366943359e+00
-3.630442619323730469e-01
-1.606083810329437256e-01
-1.074859976768493652e+00
8.052165508270263672e-01
1.295610785484313965e+00
-3.042230904102325439e-01
-3.630560934543609619e-01
-4.146637022495269775e-01
3.655501082539558411e-02
-8.239997625350952148e-01
-3.028760254383087158e-01
1.832835793495178223e+00
1.192516326904296875e+00
-7.561407238245010376e-02
2.538189888000488281e-01
-8.233798146247863770e-01
2.931990623474121094e-01
-9.604624509811401367e-01
-5.746781826019287109e-01
-4.824297130107879639e-01
3.662622869014739990e-01
-5.526214838027954102e-01
-1.379359960556030273e+00
2.512497663497924805e+00
-5.590398907661437988e-01
3.120997250080108643e-01
1.221298098564147949e+00
-2.235738635063171387e-01
7.474944740533828735e-02
-1.619043588638305664e+00
4.701029062271118164e-01
1.380569100379943848e+00
-7.723329663276672363e-01
-1.474325545132160187e-02
-2.820157110691070557e-01
1.207661390304565430e+00
1.097432732582092285e+00
1.183872342109680176e+00
1.824564576148986816e+00
-8.268753290176391602e-01
8.476767539978027344e-01
6.259641051292419434e-01
4.090327620506286621e-01
4.322444498538970947e-01
-1.157449007034301758e+00
-9.387433528900146484e-01
1.059827327728271484e+00
5.752022266387939453e-01
3.319022357463836670e-01
2.780851721763610840e-01
1.299451351165771484e+00
-1.385843873023986816e+00
2.552698850631713867e-01
-1.144964694976806641e+00
-2.257237881422042847e-01
-2.660178244113922119e-01
3.311663269996643066e-01
3.914175927639007568e-01
-7.963210940361022949e-01
-2.351227849721908569e-01
-1.863566160202026367e+00
6.286028027534484863e-02
-4.698084592819213867e-01
-1.270690202713012695e+00
8.253910541534423828e-01
4.960569143295288086e-01
-2.265228331089019775e-01
4.867308139801025391e-01
5.067109465599060059e-01
-8.893791586160659790e-02
1.537901639938354492e+00
-1.125124812126159668e+00
7.431996464729309082e-01
-6.611905060708522797e-03
1.068214535713195801e+00
-5.697289705276489258e-01
-6.988098621368408203e-01
-1.401729941368103027e+00
5.983622670173645020e-01
1.362533122301101685e-01
1.033383846282958984e+00
-6.588192582130432129e-01
2.044752120971679688e+00
-7.636744976043701172e-01
2.114042937755584717e-01
5.752498283982276917e-03
-3.494941711425781250e+00
9.873110102489590645e-04
1.370615005493164062e+00
1.370275616645812988e+00
-1.071010589599609375e+00
-3.479373157024383545e-01
6.276168823242187500e-01
-8.617082238197326660e-01
4.722481966018676758e-01
-3.624074459075927734e-01
-3.672100901603698730e-01
8.194205164909362793e-01
-1.025296807289123535e+00
1.705192685127258301e+00
3.349845111370086670e-01
-2.291306257247924805e-01
8.218029141426086426e-01
-4.605105817317962646e-01
-3.105414807796478271e-01
2.158741474151611328e+00
6.975443363189697266e-01
1.113587975502014160e+00
-3.198694884777069092e-01
4.129933118820190430e-01
1.216370463371276855e+00
-1.693832874298095703e+00
-2.021966457366943359e+00
6.824965476989746094e-01
3.122155964374542236e-01
8.608562350273132324e-01
-1.038853451609611511e-01
1.519312143325805664e+00
-1.400094032287597656e+00
-1.239236950874328613e+00
8.746171742677688599e-02
5.417985916137695312e-01
-1.880700707435607910e+00
4.896371960639953613e-01
-5.736122131347656250e-01
-1.413715243339538574e+00
-1.144326776266098022e-01
-1.108842849731445312e+00
1.867267787456512451e-01
1.456962943077087402e+00
2.915213108062744141e-01
-2.199374437332153320e+00
-2.986686229705810547e-01
-1.241194680333137512e-01
-9.725483059883117676e-01
-2.900780439376831055e-01
-2.480304986238479614e-01
-2.076222896575927734e-01
9.404976963996887207e-01
-8.800152540206909180e-01
-1.341701984405517578e+00
-5.516625642776489258e-01
-1.414457917213439941e+00
-6.948358416557312012e-01
6.054140329360961914e-01
7.462236285209655762e-01
1.736096978187561035e+00
-9.153360724449157715e-01
-6.249439716339111328e-02
-1.993003487586975098e+00
1.313761591911315918e+00
1.385491251945495605e+00
-9.439136981964111328e-01
1.085654616355895996e+00
2.208440154790878296e-01
-1.037773013114929199e+00
-5.042692422866821289e-01
8.992397785186767578e-01
2.474583238363265991e-01
-2.985262870788574219e-02
2.376214116811752319e-01
9.981258511543273926e-01
-4.439688622951507568e-01
-1.626790165901184082e+00
-1.318617910146713257e-01
-4.258277267217636108e-02
-7.442315816879272461e-01
1.201809570193290710e-01
1.060841083526611328e+00
-3.785929679870605469e-01
6.736738681793212891e-01
3.811971843242645264e-01
-5.709386467933654785e-01
-1.148078218102455139e-01
-1.277939081192016602e-01
-1.901901960372924805e+00
-1.455790758132934570e+00
1.151449531316757202e-01
3.185943365097045898e-01
3.672106266021728516e-01
4.119966030120849609e-01
-1.786800622940063477e+00
1.462856531143188477e+00
3.151356935501098633e+00
1.382950186729431152e+00
1.183729887008666992e+00
-8.070316314697265625e-01
-1.115144863724708557e-01
3.375743627548217773e+00
-5.489420890808105469e-01
-4.799391627311706543e-01
7.587338089942932129e-01
-7.547280192375183105e-01
1.545023798942565918e+00
1.395909339189529419e-01
-6.015767529606819153e-02
-1.009337902069091797e+00
-9.105834960937500000e-01
9.275463223457336426e-02
1.566601634025573730e+00
1.678763508796691895e+00
2.032446712255477905e-01
9.944596886634826660e-01
-2.225860118865966797e+00
-1.970672607421875000e+00
-7.339152097702026367e-01
6.730984896421432495e-02
2.057780742645263672e+00
4.558953046798706055e-01
-8.904527425765991211e-01
-8.852364420890808105e-01
2.910154461860656738e-01
6.861398816108703613e-01
4.260039329528808594e-01
-3.966566026210784912e-01
1.689694643020629883e+00
-5.008693039417266846e-02
-9.618076086044311523e-01
-6.600043773651123047e-01
8.935418128967285156e-01
8.593458533287048340e-01
1.537780523300170898e+00
-1.295713782310485840e+00
8.232282400131225586e-01
2.128307342529296875e+00
1.302860736846923828e+00
-6.147755384445190430e-01
8.879519104957580566e-01
4.898621439933776855e-01
1.282775282859802246e+00
-8.491191267967224121e-01
3.216446563601493835e-02
8.326264619827270508e-01
1.067394137382507324e+00
1.512743234634399414e+00
-2.707099318504333496e-01
-5.913984179496765137e-01
-8.448904752731323242e-01
5.397850275039672852e-01
-7.384203076362609863e-01
-1.147351861000061035e+00
-1.351423501968383789e+00
-6.669985055923461914e-01
1.824301630258560181e-01
4.282777011394500732e-01
1.221179962158203125e+00
-4.233118891716003418e-02
1.084590554237365723e+00
1.243820935487747192e-01
-1.051774859428405762e+00
-1.345302224159240723e+00
9.423006176948547363e-01
4.717221260070800781e-01
-3.930010199546813965e-01
7.178657650947570801e-01
-1.398230791091918945e-01
-1.231392383575439453e+00
5.284028649330139160e-01
1.204223275184631348e+00
-1.461337447166442871e+00
-3.416160047054290771e-01
9.340879321098327637e-01
2.955376148223876953e+00
6.235286593437194824e-01
1.395555734634399414e+00
3.194101154804229736e-01
-9.783208966255187988e-01
3.155155479907989502e-01
-1.206895112991333008e+00
-7.816847562789916992e-01
-7.083105444908142090e-01
-2.723621763288974762e-02
1.084534168243408203e+00
1.198227852582931519e-01
1.844607889652252197e-01
-7.347440719604492188e-01
-2.503992617130279541e-01
-2.045840263366699219e+00
-4.574262797832489014e-01
-3.271996378898620605e-01
2.158454656600952148e+00
3.406662344932556152e-01
-1.222828999161720276e-01
-2.722491621971130371e-01
1.075544476509094238e+00
-1.094932436943054199e+00
-1.591893196105957031e+00
7.992467880249023438e-01
1.615100145339965820e+00
-1.212340593338012695e+00
1.107364147901535034e-01
-5.724180340766906738e-01
2.995449677109718323e-02
-7.979231476783752441e-01
1.239043235778808594e+00
3.968248605728149414e+00
-1.267137169837951660e+00
-3.725833654403686523e+00
-4.491287171840667725e-01
-1.624189496040344238e+00
-7.018145322799682617e-01
-1.450606822967529297e+00
3.634816408157348633e-01
-1.130072116851806641e+00
5.605942606925964355e-01
6.120286583900451660e-01
-1.003924489021301270e+00
4.325947165489196777e-01
-2.370646446943283081e-01
-2.342629194259643555e+00
9.059989452362060547e-01
-9.863014221191406250e-01
2.095877885818481445e+00
7.648043036460876465e-01
-4.652683734893798828e-01
-9.698763489723205566e-01
-9.147705435752868652e-01
2.579939551651477814e-02
-2.273731529712677002e-01
-6.668676733970642090e-01
5.041980147361755371e-01
9.857439249753952026e-02
-2.162506580352783203e+00
8.644557595252990723e-01
7.891221046447753906e-01
6.452057361602783203e-01
-1.652737259864807129e-01
9.613901376724243164e-01
-4.121019244194030762e-01
-1.438688874244689941e+00
-5.437176823616027832e-01
-9.727850556373596191e-01
1.700050979852676392e-01
2.236105442047119141e+00
-1.050837039947509766e+00
-2.676924504339694977e-02
3.232165798544883728e-02
-3.162007629871368408e-01
-3.407236933708190918e-01
1.586105346679687500e+00
-9.781212806701660156e-01
8.704515099525451660e-01
-3.465818464756011963e-01
-6.035226583480834961e-01
1.258845925331115723e-01
-1.375295042991638184e+00
-1.171161141246557236e-02
9.723772406578063965e-01
6.479763984680175781e-01
1.778450310230255127e-01
1.466175615787506104e-01
-1.474705934524536133e-01
3.553550541400909424e-01
-2.275683879852294922e+00
9.309282302856445312e-01
6.521535515785217285e-01
-1.020843029022216797e+00
