1.006498813629150391e+00
8.228832483291625977e-01
6.921490430831909180e-01
-2.404844313859939575e-01
-2.613302767276763916e-01
-5.104798823595046997e-02
3.178017139434814453e-01
-8.747226595878601074e-01
-2.896142899990081787e-01
-9.610237181186676025e-02
1.574482917785644531e+00
3.907976150512695312e-01
2.470293939113616943e-01
-9.196858853101730347e-02
5.759826302528381348e-01
-5.645567774772644043e-01
-3.932174742221832275e-01
1.947954744100570679e-01
-5.360685586929321289e-01
-8.567141294479370117e-01
5.880948901176452637e-01
-2.206026166677474976e-01
4.427295625209808350e-01
-3.077461719512939453e-01
9.318237900733947754e-01
-1.824473619461059570e+00
9.451663494110107422e-01
-4.466886520385742188e-01
-9.826988577842712402e-01
1.702693819999694824e+00
1.755563318729400635e-01
-2.678859829902648926e-01
3.290974199771881104e-01
4.428952038288116455e-01
-1.226848483085632324e+00
-1.826573163270950317e-01
-4.645427465438842773e-01
-1.090199112892150879e+00
-1.008750051259994507e-01
1.168378353118896484e+00
5.934366211295127869e-02
-1.064337603747844696e-02
-1.452148109674453735e-01
9.584951400756835938e-01
9.825158119201660156e-01
-1.407675296068191528e-01
-4.244227111339569092e-01
-6.158634424209594727e-01
-5.296257138252258301e-01
9.484319388866424561e-02
-6.456839442253112793e-01
3.279387578368186951e-02
-6.733260750770568848e-01
7.042287588119506836e-01
8.777945488691329956e-02
8.235764503479003906e-01
3.950219750404357910e-01
5.945969223976135254e-01
7.027585506439208984e-01
-3.823457956314086914e-01
-7.684978246688842773e-01
3.841003179550170898e-01
1.167526096105575562e-01
-3.603205680847167969e-01
-1.101440563797950745e-01
-4.186072051525115967e-01
3.693249225616455078e-01
-5.245366692543029785e-01
-3.354610204696655273e-01
-3.228034079074859619e-01
1.161668226122856140e-01
1.020656347274780273e+00
4.015990495681762695e-01
-1.161309361457824707e+00
1.101644039154052734e+00
1.613133668899536133e+00
2.525112926959991455e-01
-5.039888620376586914e-01
1.182195842266082764e-01
1.252679467201232910e+00
-6.637312173843383789e-01
1.360364109277725220e-01
-1.752383708953857422e-01
-1.283976435661315918e+00
-1.161843895912170410e+00
7.257822155952453613e-01
-1.244658231735229492e+00
-1.221190914511680603e-01
2.598327994346618652e-01
-1.033632606267929077e-01
1.293587535619735718e-01
-4.000395834445953369e-01
-7.725723087787628174e-02
9.272011518478393555e-01
-1.852991580963134766e-01
4.077205657958984375e-01
3.314328193664550781e-02
1.824552655220031738e+00
2.039058208465576172e-01
9.062688946723937988e-01
-1.045798584818840027e-01
6.450035572052001953e-01
1.072445750236511230e+00
-1.166209131479263306e-01
-2.715131044387817383e-01
-4.569435417652130127e-01
-5.306000709533691406e-01
1.592998743057250977e+00
4.444134831428527832e-01
6.383042037487030029e-02
-4.644091129302978516e-01
1.109164804220199585e-01
2.025552541017532349e-01
-6.057406663894653320e-01
2.467949986457824707e-01
6.410497426986694336e-01
2.326033562421798706e-01
2.656596004962921143e-01
7.198632955551147461e-01
-5.286027193069458008e-01
-7.416298389434814453e-01
1.651216000318527222e-01
-2.962780714035034180e+00
9.735075831413269043e-01
2.719947509467601776e-02
1.725895404815673828e+00
3.376451730728149414e-01
8.347405791282653809e-01
-5.271156132221221924e-02
1.536262780427932739e-01
1.058633923530578613e+00
-1.252235770225524902e+00
-2.671246230602264404e-01
-1.130372062325477600e-01
1.824191659688949585e-01
-1.368151068687438965e+00
-3.993761241436004639e-01
1.741427481174468994e-01
-6.738641858100891113e-01
3.285380601882934570e-01
-8.206295371055603027e-01
-4.532119631767272949e-02
7.864743471145629883e-01
1.806436926126480103e-01
8.992209285497665405e-02
-2.296096831560134888e-02
-1.394102454185485840e+00
-2.055530399084091187e-01
5.003271102905273438e-01
5.424470901489257812e-01
4.740294814109802246e-01
3.411770164966583252e-01
8.290159702301025391e-01
-1.136845111846923828e+00
1.113304495811462402e+00
1.442740410566329956e-01
-1.606576919555664062e+00
-7.852791547775268555e-01
1.458872407674789429e-01
6.393018960952758789e-01
2.808500826358795166e-01
8.058037161827087402e-01
-1.097478941082954407e-01
-3.806516230106353760e-01
-3.286118805408477783e-01
-8.576643466949462891e-01
-5.199033021926879883e-01
8.312057256698608398e-01
1.131986379623413086e-01
1.301276445388793945e+00
-8.938639611005783081e-02
-3.358151316642761230e-01
-9.328570961952209473e-01
1.101981759071350098e+00
-6.297606825828552246e-01
-7.004019618034362793e-01
-1.838816702365875244e-01
9.705664515495300293e-01
-4.439601004123687744e-01
1.990550518035888672e+00
4.505997300148010254e-01
-1.258313059806823730e+00
4.802154004573822021e-01
-2.912266552448272705e-02
-1.997543266043066978e-03
-2.267462015151977539e-02
-2.502695620059967041e-01
4.655958712100982666e-01
5.408633351325988770e-01
-4.680124223232269287e-01
-4.625131785869598389e-01
1.905646175146102905e-01
-1.338101625442504883e+00
-3.849072456359863281e-01
-4.503997266292572021e-01
-4.165334701538085938e-01
5.037685036659240723e-01
7.960440516471862793e-01
-1.255845278501510620e-01
-6.879748106002807617e-01
9.002724885940551758e-01
1.033948540687561035e+00
-1.807074844837188721e-01
-7.104829549789428711e-01
-1.053173765540122986e-01
-3.516712188720703125e-01
2.588411867618560791e-01
-2.000519037246704102e-01
1.831212878227233887e+00
-1.031457185745239258e+00
2.008302658796310425e-01
8.776233196258544922e-01
5.263435840606689453e-01
6.125212311744689941e-01
2.381716370582580566e-01
7.340699434280395508e-01
-3.198566198348999023e+00
-3.885287940502166748e-01
-3.881967961788177490e-01
5.253482460975646973e-01
3.869259059429168701e-01
9.444000571966171265e-02
-2.724590897560119629e-01
7.250224351882934570e-01
7.318488359451293945e-01
-2.771307155489921570e-02
1.338512152433395386e-01
-7.803849130868911743e-02
8.684995770454406738e-02
1.339475065469741821e-01
-2.636488080024719238e-01
-7.805539965629577637e-01
1.418607980012893677e-01
-9.450239129364490509e-03
2.676192820072174072e-01
7.518696188926696777e-01
-5.542613267898559570e-01
-6.050225496292114258e-01
-3.864351809024810791e-01
-3.359795510768890381e-01
-1.477749049663543701e-01
-4.175680279731750488e-01
-3.591465950012207031e-01
-5.483981966972351074e-02
-1.602048158645629883e+00
1.210206523537635803e-01
-1.760309040546417236e-01
7.821581959724426270e-01
1.391353011131286621e-01
2.635120749473571777e-01
-1.253419280052185059e+00
-1.128204464912414551e+00
-1.015056729316711426e+00
-2.220488041639328003e-01
-2.383528798818588257e-01
6.115311384201049805e-02
2.634165585041046143e-01
-1.021291732788085938e+00
4.173028469085693359e-01
-7.639483213424682617e-01
7.720571160316467285e-01
-1.082264065742492676e+00
-2.766736149787902832e-01
-1.074247881770133972e-01
1.485513448715209961e-01
1.160459160804748535e+00
1.303094983100891113e+00
2.165543586015701294e-01
1.378239274024963379e+00
1.747747659683227539e-01
1.497966885566711426e+00
-7.202208042144775391e-01
-1.213272452354431152e+00
3.586207926273345947e-01
-8.065637946128845215e-02
9.851513803005218506e-02
7.001241445541381836e-01
-7.620456814765930176e-02
8.234174847602844238e-01
-6.920278072357177734e-01
7.705864310264587402e-01
2.060092985630035400e-01
-2.282946407794952393e-01
6.462669372558593750e-01
-2.952524125576019287e-01
-4.402632117271423340e-01
-5.441399216651916504e-01
-1.603647947311401367e+00
9.108377993106842041e-02
-5.430580973625183105e-01
2.104454115033149719e-02
-5.494059324264526367e-01
-2.789816558361053467e-01
-4.014565050601959229e-01
-3.540805354714393616e-02
1.193056032061576843e-01
-9.750589132308959961e-01
-2.955657988786697388e-02
-3.137052655220031738e-01
-1.471726298332214355e+00
4.598249793052673340e-01
-9.664024114608764648e-01
1.405309677124023438e+00
-1.029941797256469727e+00
8.393745422363281250e-01
-3.248686790466308594e-01
-3.991214632987976074e-01
5.232972502708435059e-01
-5.834637284278869629e-01
-4.248634278774261475e-01
-8.333056569099426270e-01
1.084761261940002441e+00
-2.822741270065307617e-01
-2.611261010169982910e-01
-1.317731976509094238e+00
8.742554187774658203e-01
7.414806485176086426e-01
-9.108643978834152222e-02
6.166406869888305664e-01
2.678885310888290405e-02
-8.911958932876586914e-01
2.890675961971282959e-01
7.263106107711791992e-01
7.466573119163513184e-01
5.931695550680160522e-02
-6.444078087806701660e-01
-2.936300933361053467e-01
6.757110953330993652e-01
1.974554061889648438e-01
4.614510536193847656e-01
9.141079783439636230e-01
-9.526531100273132324e-01
1.211140513420104980e+00
-7.835483551025390625e-01
5.149851441383361816e-01
-5.971775054931640625e-01
-1.022357344627380371e+00
-1.292723268270492554e-01
9.167931079864501953e-01
-1.023520976305007935e-01
-9.563969969749450684e-01
-1.340355634689331055e+00
-2.638320922851562500e-01
3.358578309416770935e-02
-4.091741442680358887e-01
-2.378655225038528442e-02
-1.185894012451171875e+00
-5.351004004478454590e-01
-6.236899495124816895e-01
-7.735500931739807129e-01
-5.500463247299194336e-01
-6.393961310386657715e-01
-7.161799818277359009e-02
6.591992974281311035e-01
-1.138470530509948730e+00
-3.012048602104187012e-01
6.685338020324707031e-01
-6.414179801940917969e-01
-2.439200282096862793e-01
7.105690836906433105e-01
-5.035760998725891113e-02
-9.921690821647644043e-01
-7.151356339454650879e-02
-1.312506914138793945e+00
5.372451543807983398e-01
-8.907437324523925781e-01
1.488167881965637207e+00
4.698879122734069824e-01
-9.980429410934448242e-01
4.094568192958831787e-01
5.384716391563415527e-01
7.132735103368759155e-02
-3.933877050876617432e-01
1.245232462882995605e+00
3.548420369625091553e-01
3.328235149383544922e-01
-2.281776368618011475e-01
-5.895897746086120605e-01
-4.250375032424926758e-01
1.499641686677932739e-01
5.508447885513305664e-01
3.212231397628784180e-01
-2.207188457250595093e-01
5.262261033058166504e-01
-9.535064697265625000e-01
2.657934725284576416e-01
-4.151582717895507812e-02
3.152816295623779297e-01
8.685330152511596680e-01
3.391946256160736084e-01
-9.717318415641784668e-01
4.032434523105621338e-01
3.729600012302398682e-01
-3.211287260055541992e-01
-7.178662419319152832e-01
-6.039693579077720642e-02
-1.176811099052429199e+00
-5.609318614006042480e-01
3.219096362590789795e-01
-9.826964139938354492e-02
7.036882042884826660e-01
-5.962744355201721191e-01
-1.249848157167434692e-01
1.934808492660522461e-01
-8.452838063240051270e-01
3.766134381294250488e-01
-1.148016214370727539e+00
3.751348555088043213e-01
2.068461626768112183e-01
-5.159609317779541016e-01
-6.490199565887451172e-01
-9.315779805183410645e-01
-1.117673397064208984e+00
2.841406166553497314e-01
1.108396053314208984e+00
1.169329166412353516e+00
3.416835963726043701e-01
-6.149216890335083008e-01
7.034397721290588379e-01
1.087490916252136230e+00
1.579338163137435913e-01
-1.385159254074096680e+00
1.180152773857116699e+00
1.980290263891220093e-01
-8.449028730392456055e-01
-2.697622776031494141e-01
-5.746187567710876465e-01
-1.215845704078674316e+00
-1.779742240905761719e+00
-8.919480443000793457e-01
-6.222897171974182129e-01
3.580710589885711670e-01
3.772870898246765137e-01
4.532146751880645752e-01
-1.100080087780952454e-01
1.530824452638626099e-01
2.412809282541275024e-01
5.981818437576293945e-01
-2.119666039943695068e-01
1.428291499614715576e-01
-7.302411794662475586e-01
2.016419023275375366e-01
-1.022072553634643555e+00
-6.680994033813476562e-01
-4.190728068351745605e-01
-5.202224850654602051e-01
3.802817165851593018e-01
-2.563598155975341797e-01
-8.862575888633728027e-01
-2.357465326786041260e-01
-3.426785022020339966e-02
-1.066273450851440430e+00
6.262688338756561279e-02
-1.507046222686767578e-01
6.512344479560852051e-01
1.209762930870056152e+00
7.704726606607437134e-02
4.213799834251403809e-01
-2.038310170173645020e-01
7.928769588470458984e-01
9.298247285187244415e-03
1.079493165016174316e-01
4.140305519104003906e-02
-3.228668868541717529e-01
-1.959359794855117798e-01
2.551373243331909180e-01
-7.914471626281738281e-01
-7.604457736015319824e-01
-9.516860246658325195e-01
-1.654433250427246094e+00
-6.616896986961364746e-01
-8.465211838483810425e-03
-5.859423875808715820e-01
-4.112436473369598389e-01
8.032851219177246094e-01
-7.195451259613037109e-01
4.233511984348297119e-01
-1.524940431118011475e-01
-1.108386754989624023e+00
1.141563877463340759e-01
3.822158277034759521e-01
2.178439348936080933e-01
-3.730867207050323486e-01
1.803749203681945801e-01
7.218935489654541016e-01
4.811313152313232422e-01
-1.517410874366760254e+00
-1.243919253349304199e+00
7.213341444730758667e-02
6.248397827148437500e-01
1.739811599254608154e-01
1.113384723663330078e+00
-1.121601104736328125e+00
6.275531053543090820e-01
-9.237034916877746582e-01
9.877187609672546387e-01
-1.031849607825279236e-01
-3.420791625976562500e+00
2.923034504055976868e-02
-3.135572373867034912e-01
5.560083687305450439e-02
-1.388363838195800781e-01
-3.739865124225616455e-01
8.689188398420810699e-03
-1.052559375762939453e+00
-2.230102866888046265e-01
6.978824734687805176e-02
5.856540203094482422e-01
-4.275809228420257568e-01
5.550673007965087891e-01
7.494472265243530273e-01
8.196730613708496094e-01
-1.127416417002677917e-01
-9.955856949090957642e-02
3.238323330879211426e-01
6.634371280670166016e-01
4.951925873756408691e-01
-9.205366373062133789e-01
1.965478211641311646e-01
-8.077716827392578125e-01
5.945876240730285645e-01
-4.040678143501281738e-01
5.645325779914855957e-02
-8.552459478378295898e-01
1.324404925107955933e-01
9.325334429740905762e-02
-7.642413377761840820e-01
-4.850943684577941895e-01
6.801497340202331543e-01
-2.913909256458282471e-01
-7.815799713134765625e-01
7.323181033134460449e-01
1.529878079891204834e-01
1.057012453675270081e-01
-2.619523406028747559e-01
-1.501518130302429199e+00
7.349030971527099609e-01
-2.201507985591888428e-01
-7.617565989494323730e-01
-1.361773908138275146e-01
-4.170652627944946289e-01
8.110099434852600098e-01
-5.189151763916015625e-01
3.648062050342559814e-01
8.048588633537292480e-01
-5.638940334320068359e-01
1.557793468236923218e-01
1.082903504371643066e+00
-1.075509309768676758e+00
-4.316110014915466309e-01
-6.053942441940307617e-01
-8.910501599311828613e-01
-7.737220525741577148e-01
-1.170421004295349121e+00
-5.569962859153747559e-01
7.800985574722290039e-01
7.172296643257141113e-01
1.140611767768859863e+00
2.302496926859021187e-03
-9.191134572029113770e-01
2.139494121074676514e-01
1.064455866813659668e+00
6.407028436660766602e-01
-1.733657419681549072e-01
-4.843469858169555664e-01
-4.962359666824340820e-01
2.277509719133377075e-01
3.434529304504394531e-01
1.860475778579711914e+00
-6.815934777259826660e-01
7.531296461820602417e-02
-4.836463928222656250e-01
3.742100000381469727e-01
9.236086606979370117e-01
-2.233772128820419312e-01
-1.018101215362548828e+00
1.679345369338989258e-01
3.784137666225433350e-01
1.676799207925796509e-01
2.706815004348754883e-01
9.605968594551086426e-01
9.969491958618164062e-01
-9.645875096321105957e-01
5.676471441984176636e-02
-4.554119110107421875e-01
1.921578645706176758e-01
-1.260853409767150879e+00
-2.901460528373718262e-01
-9.573035836219787598e-01
-3.479666113853454590e-01
2.995673418045043945e-01
-1.091640114784240723e+00
-8.079437166452407837e-02
-1.481218487024307251e-01
7.590655088424682617e-01
7.755020260810852051e-01
8.288813233375549316e-01
-4.697675257921218872e-02
-2.147463560104370117e-01
7.856896519660949707e-01
8.851525783538818359e-01
-5.420773625373840332e-01
4.421985447406768799e-01
3.513981699943542480e-01
-2.110640257596969604e-01
-5.159561634063720703e-01
-1.055790111422538757e-01
-7.809942364692687988e-01
-7.226397395133972168e-01
-1.330418705940246582e+00
4.066929519176483154e-01
2.402819544076919556e-01
2.342724353075027466e-01
1.727900385856628418e+00
-1.378041028976440430e+00
1.241715103387832642e-01
-8.005795627832412720e-02
-1.951027959585189819e-01
-1.768542975187301636e-01
6.230589747428894043e-01
8.196467533707618713e-03
2.378399670124053955e-01
-5.983491539955139160e-01
8.982481956481933594e-01
7.650129795074462891e-01
6.233354210853576660e-01
5.998374819755554199e-01
3.933218121528625488e-01
4.847856163978576660e-01
-3.594568371772766113e-01
5.374997854232788086e-01
-7.756037265062332153e-02
8.428745269775390625e-01
7.000534534454345703e-01
6.069319844245910645e-01
3.674394190311431885e-01
-6.225873827934265137e-01
-5.567840933799743652e-01
1.231883406639099121e+00
5.378172993659973145e-01
6.301267743110656738e-01
-4.078715741634368896e-01
-5.636031627655029297e-01
5.287998318672180176e-01
-6.432463228702545166e-02
-2.638785123825073242e+00
-7.002751827239990234e-01
1.930642426013946533e-01
5.132588744163513184e-01
1.107828497886657715e+00
-4.286756813526153564e-01
7.707127928733825684e-01
-5.845457315444946289e-01
3.485822975635528564e-01
9.188771247863769531e-02
-1.318701386451721191e+00
6.711082458496093750e-01
-6.928349137306213379e-01
7.562848180532455444e-02
9.267734885215759277e-01
5.772799253463745117e-01
-7.514721155166625977e-01
-7.979318499565124512e-01
-7.610352635383605957e-01
7.453082203865051270e-01
1.253193259239196777e+00
9.818824529647827148e-01
1.127623841166496277e-01
4.225298464298248291e-01
-9.608846306800842285e-01
-6.131217628717422485e-02
-6.644289940595626831e-02
3.747738599777221680e-01
1.226587891578674316e+00
2.504762411117553711e-01
-4.687750339508056641e-01
1.246766895055770874e-01
-2.900657653808593750e-01
6.931962370872497559e-01
1.108782052993774414e+00
6.001291275024414062e-01
1.970118284225463867e-01
-5.229317545890808105e-01
9.847006201744079590e-02
-1.049100041389465332e+00
-8.529055118560791016e-01
-9.936957061290740967e-02
4.694156721234321594e-02
-4.945046901702880859e+00
-2.260793298482894897e-01
6.567091345787048340e-01
-2.383979707956314087e-01
-7.562416791915893555e-02
1.974731236696243286e-01
-7.450688481330871582e-01
1.221568211913108826e-01
-9.477539062500000000e-01
-8.211698532104492188e-01
-7.960564494132995605e-01
2.179027318954467773e+00
5.527972579002380371e-01
-6.669876575469970703e-01
-1.386700153350830078e+00
5.553030371665954590e-01
3.929875493049621582e-01
1.754741556942462921e-02
-1.783885955810546875e-01
-7.754717022180557251e-02
-1.016195297241210938e+00
3.904289603233337402e-01
-4.217056334018707275e-01
1.306180804967880249e-01
-7.196701765060424805e-01
-6.154159307479858398e-01
-6.970289349555969238e-01
6.924091279506683350e-02
-3.358364701271057129e-01
-1.514235138893127441e+00
9.697658419609069824e-01
-5.819093585014343262e-01
-1.739968776702880859e+00
4.720236361026763916e-01
8.903362751007080078e-01
8.571165800094604492e-01
8.645831346511840820e-01
-4.356938600540161133e-01
-4.153886139392852783e-01
-7.704687714576721191e-01
1.039294302463531494e-01
2.804288566112518311e-01
-4.967212304472923279e-02
5.549643039703369141e-01
-9.026125669479370117e-01
-4.569114446640014648e-01
1.201531887054443359e+00
4.575976729393005371e-01
6.478158831596374512e-01
1.969069838523864746e-01
1.610279530286788940e-01
-3.861922025680541992e-01
1.438057422637939453e-01
-3.996809124946594238e-01
-1.373023986816406250e-01
1.401998996734619141e-01
1.294998288154602051e+00
-8.639456033706665039e-01
8.696730732917785645e-01
-7.594644427299499512e-01
-6.423417478799819946e-02
4.408397674560546875e-01
1.179615736007690430e+00
-2.632186375558376312e-02
-6.184867024421691895e-01
-1.107050657272338867e+00
-5.245642662048339844e-01
2.471886724233627319e-01
-8.748093247413635254e-01
-7.825031280517578125e-01
-5.926746726036071777e-01
7.935476303100585938e-02
7.596932649612426758e-01
1.224450841546058655e-01
6.679923087358474731e-02
2.114696800708770752e-01
-3.843861445784568787e-02
3.918658792972564697e-01
2.282695770263671875e-01
1.371085494756698608e-01
