-8.746080398559570312e-01
1.345323443412780762e+00
2.320548146963119507e-01
-2.518306970596313477e-01
-1.382040143013000488e+00
-1.573331207036972046e-01
-7.176278829574584961e-01
-6.048733592033386230e-01
-1.266241192817687988e+00
-2.224196195602416992e-01
6.045117378234863281e-01
1.918174028396606445e-01
-2.046903133392333984e+00
-4.474793374538421631e-01
-5.456681847572326660e-01
1.878699809312820435e-01
-1.210886359214782715e+00
-1.055724024772644043e+00
-5.943425893783569336e-01
-6.413969397544860840e-02
-3.646117746829986572e-01
-1.391852140426635742e+00
7.542464733123779297e-01
1.147137999534606934e+00
1.906652212142944336e+00
-1.365393042564392090e+00
-4.179066121578216553e-01
5.836831033229827881e-02
-3.183656692504882812e+00
4.528254866600036621e-01
1.294297456741333008e+00
1.936586201190948486e-01
-1.590281844139099121e+00
8.667675405740737915e-02
1.141699314117431641e+00
8.201145529747009277e-01
-1.505458205938339233e-01
-1.366143465042114258e+00
1.255518496036529541e-01
7.240898609161376953e-01
-5.266870260238647461e-01
-1.557277321815490723e+00
-1.581513881683349609e+00
1.543436050415039062e+00
8.159663081169128418e-01
1.320633053779602051e+00
-2.912248075008392334e-01
-3.484323024749755859e-01
-5.897217988967895508e-02
-1.700897216796875000e+00
3.700128197669982910e-01
3.814130425453186035e-01
-6.172308325767517090e-01
-9.372621178627014160e-01
7.769024968147277832e-01
-1.551711201667785645e+00
3.592550456523895264e-01
-4.113987386226654053e-01
-8.734775781631469727e-01
2.677519619464874268e-01
1.211949348449707031e+00
8.415979146957397461e-01
3.402849137783050537e-01
8.051303625106811523e-01
-1.614794731140136719e-01
-1.181276962161064148e-01
-8.866977691650390625e-01
5.006381273269653320e-01
-1.264002621173858643e-01
1.868176311254501343e-01
8.157309293746948242e-01
-9.995163679122924805e-01
-5.229020714759826660e-01
5.110292434692382812e-01
9.798125624656677246e-01
-1.857141375541687012e+00
-7.094894647598266602e-01
6.641034483909606934e-01
1.539323776960372925e-01
2.100038528442382812e+00
2.921688795089721680e+00
-4.248030185699462891e-01
-1.589432120323181152e+00
-1.456833720207214355e+00
-1.934874296188354492e+00
1.811447978019714355e+00
6.662573814392089844e-01
-7.560332417488098145e-01
-1.148380517959594727e+00
1.430817365646362305e+00
-1.624723434448242188e+00
-2.732074737548828125e+00
-1.916562557220458984e+00
-8.998554348945617676e-01
4.474759995937347412e-01
4.479376375675201416e-01
1.125456333160400391e+00
-5.420158505439758301e-01
-3.384911119937896729e-01
5.456691980361938477e-01
3.184028863906860352e-01
-7.710142135620117188e-01
6.459436416625976562e-01
-1.558908224105834961e+00
-1.037050724029541016e+00
-1.267389774322509766e+00
-1.280907243490219116e-01
-3.572212159633636475e-01
5.875831842422485352e-01
-2.266345173120498657e-01
2.220835387706756592e-01
-1.541076749563217163e-01
-1.516156196594238281e+00
-8.553097248077392578e-01
8.106908798217773438e-01
-1.285938918590545654e-01
1.019607782363891602e+00
-2.622379779815673828e+00
7.337289452552795410e-01
1.012655138969421387e+00
-1.108411788940429688e+00
-5.612396001815795898e-01
-2.636167764663696289e+00
-1.562195867300033569e-01
4.025890231132507324e-01
4.379706680774688721e-01
-8.391764163970947266e-01
3.041812181472778320e-01
-1.071333289146423340e+00
-3.448753118515014648e+00
3.987489938735961914e-01
7.289785146713256836e-01
6.304389834403991699e-01
-2.153411865234375000e+00
-2.684596553444862366e-02
-2.944895625114440918e-01
4.254867136478424072e-01
6.450518369674682617e-01
-1.100037097930908203e+00
4.245009720325469971e-01
1.371737480163574219e+00
8.805161118507385254e-01
-3.816014528274536133e-01
-8.671441078186035156e-01
6.923539936542510986e-02
-1.848800301551818848e+00
-8.031200766563415527e-01
7.938998341560363770e-01
-1.962011098861694336e+00
1.504541754722595215e+00
-3.762403130531311035e-01
-2.311418205499649048e-01
5.714969709515571594e-02
-1.139347478747367859e-01
-2.781416662037372589e-02
1.201278686523437500e+00
-6.324941515922546387e-01
6.384072303771972656e-01
-1.188637971878051758e+00
7.966665625572204590e-01
4.951073229312896729e-01
-1.658543109893798828e+00
4.732954874634742737e-02
-1.524313092231750488e+00
4.174989089369773865e-02
1.212715864181518555e+00
-1.847065925598144531e+00
-4.039917886257171631e-01
-1.508755803108215332e+00
-9.117114543914794922e-01
-1.632308483123779297e+00
-5.293972492218017578e-01
-4.425784945487976074e-01
1.352373242378234863e+00
-4.869007468223571777e-01
-7.174189686775207520e-01
-2.494923353195190430e+00
4.642974138259887695e-01
-1.151370763778686523e+00
3.022764325141906738e-01
7.002258300781250000e-01
-2.994107007980346680e-01
3.423930704593658447e-01
8.651964068412780762e-01
-4.957676231861114502e-01
-2.373896837234497070e-01
-9.295973181724548340e-01
-6.757735013961791992e-01
-2.005800604820251465e-03
1.016809940338134766e+00
-2.634150683879852295e-01
-3.264057636260986328e+00
-3.712074458599090576e-01
-5.156181454658508301e-01
8.781701326370239258e-02
6.209050416946411133e-01
-8.246521949768066406e-01
1.093497514724731445e+00
-3.376083374023437500e-01
3.329090774059295654e-01
-1.315816640853881836e+00
1.752847790718078613e+00
2.001668453216552734e+00
-1.323237776756286621e+00
1.519945144653320312e+00
7.360060811042785645e-01
1.878777295351028442e-01
-1.860378623008728027e+00
4.557884335517883301e-01
-1.301785826683044434e+00
-1.302729845046997070e+00
4.054568335413932800e-02
-2.700375020503997803e-01
-5.497066974639892578e-01
9.512581825256347656e-01
-1.522820591926574707e+00
-7.076845169067382812e-01
-1.457886338233947754e+00
-6.011360287666320801e-01
2.284101963043212891e+00
1.666433095932006836e+00
7.020895928144454956e-02
1.255700707435607910e+00
-1.388708204030990601e-01
-7.798508405685424805e-01
2.794298231601715088e-01
-7.383100986480712891e-01
1.413425058126449585e-01
-6.578779816627502441e-01
-2.455797672271728516e+00
2.152701318264007568e-01
9.009353518486022949e-01
-6.494062542915344238e-01
7.984149456024169922e-01
1.190991640090942383e+00
4.101317226886749268e-01
7.413765192031860352e-01
1.114169001579284668e+00
-1.302100252360105515e-02
-3.171841800212860107e-01
1.982379853725433350e-01
-7.055179476737976074e-01
-1.820670008659362793e+00
-3.601311147212982178e-01
-1.064395308494567871e+00
1.404300451278686523e+00
1.662894725799560547e+00
1.793310761451721191e+00
5.651957988739013672e-01
3.326784074306488037e-01
5.335112214088439941e-01
1.321713328361511230e+00
-6.292600631713867188e-01
-1.312274575233459473e+00
1.318596363067626953e+00
3.308583974838256836e+00
7.712518572807312012e-01
6.530207395553588867e-01
1.158332586288452148e+00
9.654983282089233398e-01
-6.431846618652343750e-01
5.315501689910888672e-01
-3.427499234676361084e-01
6.320641040802001953e-01
2.967325039207935333e-02
1.380348563194274902e+00
-3.733466267585754395e-01
4.232231378555297852e-01
3.125566005706787109e+00
4.740903973579406738e-01
4.657211899757385254e-01
5.215926766395568848e-01
-1.257535696029663086e+00
1.424307703971862793e+00
-1.731970161199569702e-01
-3.027941286563873291e-01
-1.435532718896865845e-01
-7.948543429374694824e-01
1.474300146102905273e+00
-1.249217867851257324e+00
9.607368111610412598e-01
1.007035136222839355e+00
2.359983921051025391e-01
1.618700176477432251e-01
-6.451521515846252441e-01
-6.768367886543273926e-01
-6.074387431144714355e-01
-8.957622200250625610e-02
7.472800016403198242e-01
-3.638458997011184692e-02
-1.074986934661865234e+00
5.707957744598388672e-01
5.441760271787643433e-02
7.941399812698364258e-01
-5.527864098548889160e-01
-3.285537958145141602e-01
3.214294672012329102e+00
1.101454257965087891e+00
1.264294505119323730e+00
-1.315381884574890137e+00
1.154705643653869629e+00
3.263871967792510986e-01
1.530929356813430786e-01
-8.679183125495910645e-01
-1.452066302299499512e-01
2.064816236495971680e+00
3.094409704208374023e-01
1.926865428686141968e-01
-7.293192148208618164e-01
1.377548456192016602e+00
1.032998338341712952e-01
-7.125063538551330566e-01
-2.486710399389266968e-01
4.624577611684799194e-02
7.306429743766784668e-01
1.128517165780067444e-01
1.011174321174621582e+00
-4.960136115550994873e-01
1.015636205673217773e+00
-3.932024911046028137e-02
-8.571125268936157227e-01
-8.939027786254882812e-01
3.713830113410949707e-01
-1.356555938720703125e+00
-4.383108317852020264e-01
7.924287319183349609e-01
-1.691779494285583496e+00
-5.979305505752563477e-01
4.058175384998321533e-01
9.166527390480041504e-01
-5.400453209877014160e-01
1.595675945281982422e+00
3.899376094341278076e-01
4.119107425212860107e-01
9.222499281167984009e-02
2.661328613758087158e-01
1.841181367635726929e-01
-7.941760420799255371e-01
-4.099467694759368896e-01
-1.287643909454345703e+00
-8.538479208946228027e-01
1.463682651519775391e-01
7.354629039764404297e-01
8.641846776008605957e-01
-4.276540875434875488e-02
-1.839089393615722656e+00
-1.086862683296203613e+00
2.134137630462646484e+00
2.280208915472030640e-01
-1.776575326919555664e+00
-1.266926229000091553e-01
5.296803712844848633e-01
9.572674036026000977e-01
1.551986932754516602e+00
-5.740033388137817383e-01
-1.302991390228271484e+00
-1.861140251159667969e+00
-1.474047780036926270e+00
1.053335309028625488e+00
4.589512348175048828e-01
3.790639638900756836e-01
-1.141281008720397949e+00
6.247342824935913086e-01
2.062960416078567505e-01
-5.722432136535644531e-01
7.118970751762390137e-01
7.604279518127441406e-01
3.842016458511352539e-01
1.072730302810668945e+00
-1.752711087465286255e-01
8.332590460777282715e-01
-4.404109120368957520e-01
3.658422455191612244e-02
4.088903963565826416e-01
-6.128038167953491211e-01
2.003438711166381836e+00
-6.883804798126220703e-01
-5.695890188217163086e-01
3.228863477706909180e-01
6.885132193565368652e-01
-3.903544247150421143e-01
7.762919664382934570e-01
2.925346195697784424e-01
-1.408463954925537109e+00
-2.655900120735168457e-01
-2.820743806660175323e-02
2.623052895069122314e-01
-6.182366013526916504e-01
2.730425834655761719e+00
6.514836549758911133e-01
3.220005512237548828e+00
1.775012373924255371e+00
1.045348048210144043e+00
-1.178685307502746582e+00
1.649899333715438843e-01
1.166782021522521973e+00
-1.912792176008224487e-01
-1.136962652206420898e+00
-1.948034167289733887e-01
5.273215770721435547e-01
-7.337204813957214355e-01
-1.115234375000000000e+00
6.409714818000793457e-01
4.533886015415191650e-01
4.020817279815673828e-01
2.340345859527587891e+00
7.833204269409179688e-01
7.309682369232177734e-01
-8.651747703552246094e-01
-1.551731705665588379e+00
-8.828883171081542969e-01
6.561805009841918945e-01
-1.621820807456970215e+00
7.276073098182678223e-02
1.365139484405517578e+00
1.021117687225341797e+00
-9.421196579933166504e-02
-5.777738690376281738e-01
1.375707089900970459e-01
-5.984089374542236328e-01
8.037523031234741211e-01
-1.637212932109832764e-01
7.471396028995513916e-02
2.390723228454589844e-01
1.052445411682128906e+00
-2.578046917915344238e-01
-2.583874762058258057e-02
1.899975061416625977e+00
9.438410401344299316e-01
-9.971890449523925781e-01
7.276427149772644043e-01
1.000070422887802124e-01
-7.955642342567443848e-01
-8.750213384628295898e-01
-1.069398880004882812e+00
1.375330090522766113e+00
4.920455813407897949e-01
1.732250154018402100e-01
3.052503764629364014e-01
8.787909746170043945e-01
1.304534435272216797e+00
2.243340253829956055e+00
-1.202504336833953857e-02
-3.454780578613281250e-01
3.273745477199554443e-01
-2.358982324600219727e+00
-1.216109395027160645e+00
8.227468132972717285e-01
-9.797232151031494141e-01
3.252009451389312744e-01
6.327000260353088379e-01
-3.954364061355590820e-01
2.090466737747192383e+00
-1.135196685791015625e+00
-5.735442638397216797e-01
-3.007447481155395508e+00
-4.453715682029724121e-01
-1.343795005232095718e-02
-7.781518995761871338e-02
5.076319575309753418e-01
1.344492435455322266e+00
2.257673025131225586e+00
-3.083034157752990723e-01
1.583826541900634766e-01
6.661725640296936035e-01
-2.454636812210083008e+00
5.120052099227905273e-01
1.346474170684814453e+00
-3.653613626956939697e-01
-5.227625835686922073e-03
1.325743913650512695e+00
-8.862810730934143066e-01
7.533838152885437012e-01
1.096275925636291504e+00
-3.092092573642730713e-01
1.166053175926208496e+00
1.993142724037170410e+00
1.264497544616460800e-02
-2.091377258300781250e+00
1.293483257293701172e+00
1.020284533500671387e+00
3.331911563873291016e-01
-2.556104660034179688e+00
1.949557423591613770e+00
7.472421973943710327e-02
7.582246065139770508e-01
-1.551495552062988281e+00
-2.671995162963867188e-01
9.909947514533996582e-01
-1.048708081245422363e+00
-1.725528597831726074e+00
3.063500881195068359e+00
1.446630120277404785e+00
1.106748580932617188e+00
-1.000782847404479980e+00
-3.733867034316062927e-02
-2.689704895019531250e+00
-3.163430452346801758e+00
4.079364538192749023e-01
-6.010817289352416992e-01
-5.713335871696472168e-01
1.979034990072250366e-01
-4.415955021977424622e-02
-1.238967418670654297e+00
-1.233833432197570801e+00
1.298352956771850586e+00
-1.018554493784904480e-01
1.463520646095275879e+00
4.724267721176147461e-01
6.390381604433059692e-02
7.788066864013671875e-01
1.127604126930236816e+00
2.457414627075195312e+00
2.753925025463104248e-01
5.133764743804931641e-01
-3.910370469093322754e-01
-1.823016405105590820e+00
-8.131884932518005371e-01
1.277409195899963379e+00
-5.186431407928466797e-01
-1.147203221917152405e-01
-1.225684404373168945e+00
-1.509168028831481934e+00
-8.277630209922790527e-01
5.341845154762268066e-01
1.921999901533126831e-01
-1.262341618537902832e+00
8.086960315704345703e-01
3.638553619384765625e-01
-2.399828672409057617e+00
-1.376907229423522949e+00
3.312682867050170898e+00
7.086099386215209961e-01
-3.094073832035064697e-01
1.812577098608016968e-01
3.878973424434661865e-01
5.664396882057189941e-01
7.559417188167572021e-02
-5.306669324636459351e-02
-1.859816908836364746e+00
1.245664238929748535e+00
4.078455924987792969e+00
-8.986440896987915039e-01
6.658016443252563477e-01
-4.399127662181854248e-01
-1.208825349807739258e+00
1.099229335784912109e+00
1.603919625282287598e+00
1.390645742416381836e+00
-3.754997551441192627e-01
9.292270243167877197e-02
-1.371250271797180176e+00
-1.482858777046203613e+00
-1.074000477790832520e+00
1.263998270034790039e+00
9.933980703353881836e-01
2.368334680795669556e-01
-1.648215055465698242e-01
-4.240303635597229004e-01
4.606405198574066162e-01
7.242232561111450195e-01
-1.112721204757690430e+00
1.222942769527435303e-01
-5.260548591613769531e-01
1.692264080047607422e+00
1.793410897254943848e+00
-1.894927918910980225e-01
1.269130349159240723e+00
5.809420943260192871e-01
9.514361619949340820e-02
1.387764692306518555e+00
5.078252553939819336e-01
-5.628218650817871094e-01
3.215775638818740845e-02
3.671921193599700928e-01
1.533765792846679688e+00
-1.037449479103088379e+00
-1.023589611053466797e+00
-2.040253639221191406e+00
8.035250306129455566e-01
-7.806949615478515625e-01
5.727183818817138672e-01
1.887494087219238281e+00
5.439996719360351562e-01
5.557000637054443359e-01
-1.532976627349853516e+00
-2.421110391616821289e+00
-1.542721629142761230e+00
-8.446199893951416016e-01
5.137590169906616211e-01
1.556098937988281250e+00
9.624557495117187500e-01
-1.780015230178833008e+00
1.370497226715087891e+00
-6.975722908973693848e-01
6.046229004859924316e-01
6.598768830299377441e-01
4.923584163188934326e-01
1.671143412590026855e+00
-1.421274185180664062e+00
-1.197538614273071289e+00
2.144002616405487061e-01
-5.191702842712402344e-01
-9.309900552034378052e-02
8.534668385982513428e-02
-7.831347584724426270e-01
-3.035385608673095703e-01
-1.976414173841476440e-01
5.919502377510070801e-01
-6.840958595275878906e-01
-3.885895013809204102e-01
-9.984977245330810547e-01
-2.590695381164550781e+00
-1.979158759117126465e+00
-1.438738703727722168e+00
-1.185611963272094727e+00
1.332229375839233398e+00
-3.512747585773468018e-01
5.531845092773437500e-01
1.251543521881103516e+00
-4.708364605903625488e-01
2.661121636629104614e-02
-5.718808770179748535e-01
9.606761932373046875e-01
-1.053799271583557129e+00
7.994295358657836914e-01
-1.504860073328018188e-01
1.573628902435302734e+00
1.096637845039367676e+00
1.167365610599517822e-01
5.502551794052124023e-01
1.952149569988250732e-01
-1.875571489334106445e+00
1.232641860842704773e-01
1.526032239198684692e-01
-1.741580963134765625e+00
-2.271833419799804688e+00
-1.542788296937942505e-01
-3.098202645778656006e-01
1.067578077316284180e+00
8.909752368927001953e-01
-1.850720793008804321e-01
-6.396147608757019043e-01
1.224567517638206482e-01
-1.469875454902648926e+00
-1.347858428955078125e+00
1.111326098442077637e+00
1.768964886665344238e+00
-1.199468016624450684e+00
1.213082194328308105e+00
-2.927770137786865234e+00
2.455046892166137695e+00
-1.733730435371398926e+00
-2.317369461059570312e+00
-1.176773458719253540e-01
1.148461699485778809e+00
-2.015151262283325195e+00
-2.374381542205810547e+00
-8.876443654298782349e-02
-3.074373900890350342e-01
9.924131445586681366e-03
-2.975579909980297089e-02
1.825458407402038574e-01
7.626191377639770508e-01
3.539183437824249268e-01
7.072585821151733398e-01
-8.101117610931396484e-01
-5.145949721336364746e-01
3.284790515899658203e-01
-1.204832553863525391e+00
2.640352547168731689e-01
-1.730328440666198730e+00
-1.815313994884490967e-01
2.410036325454711914e-02
-1.036425948143005371e+00
2.305816888809204102e+00
-1.028485655784606934e+00
-1.279744148254394531e+00
1.698920503258705139e-02
1.034645318984985352e+00
-2.825501859188079834e-01
1.647416353225708008e+00
3.926577568054199219e-01
2.130055904388427734e+00
-2.429272651672363281e+00
-9.800530076026916504e-01
-1.923525631427764893e-01
-1.408654153347015381e-01
-3.538319826126098633e+00
-2.418984025716781616e-01
-1.385927081108093262e+00
-7.789298892021179199e-01
7.941614389419555664e-01
7.190285325050354004e-01
-3.971352875232696533e-01
3.495486974716186523e+00
-7.216421961784362793e-01
-1.028346896171569824e+00
4.678117930889129639e-01
9.655322879552841187e-02
1.825683832168579102e+00
-2.251512765884399414e+00
4.883956909179687500e-01
5.810876935720443726e-02
1.495550721883773804e-01
-1.019575595855712891e+00
2.965186834335327148e+00
-2.028506249189376831e-02
-2.888638734817504883e+00
2.495466470718383789e+00
3.954537510871887207e-01
-6.038848161697387695e-01
5.468845367431640625e-01
-1.583796620368957520e+00
-2.149642817676067352e-02
1.171450018882751465e+00
5.340096950531005859e-01
1.277789324522018433e-01
1.758019804954528809e+00
-1.766379475593566895e+00
-2.834762036800384521e-01
-3.928202688694000244e-01
5.354577898979187012e-01
8.456020355224609375e-01
-6.153127551078796387e-01
-9.288182854652404785e-01
-9.363044500350952148e-01
-9.044081568717956543e-01
4.198649823665618896e-01
-2.005458474159240723e-01
-1.168890237808227539e+00
-2.575200796127319336e+00
-3.860766291618347168e-01
1.111949563026428223e+00
1.339888691902160645e+00
6.273501515388488770e-01
5.225628018379211426e-01
1.881023883819580078e+00
1.089435935020446777e+00
1.310590505599975586e+00
-5.144085884094238281e-01
-4.115358591079711914e-01
9.941576421260833740e-02
3.587459027767181396e-01
3.136862814426422119e-01
4.937407672405242920e-01
1.211586236953735352e+00
-2.586878538131713867e-01
8.258311748504638672e-01
-5.026699975132942200e-02
7.653148770332336426e-01
-1.844617277383804321e-01
-1.926197886466979980e+00
1.166868448257446289e+00
-8.327240347862243652e-01
-4.123628139495849609e-01
-1.952593803405761719e+00
-8.187843859195709229e-02
-1.690230965614318848e+00
6.341220736503601074e-01
3.384415507316589355e-01
-3.077704906463623047e-01
-9.983349442481994629e-01
1.132515430450439453e+00
-1.311273455619812012e+00
-2.237397879362106323e-01
-1.188759565353393555e+00
4.648703634738922119e-01
