8.858784437179565430e-01
1.013626098632812500e+00
3.876087963581085205e-01
-1.233083486557006836e+00
3.330419212579727173e-02
-2.800964117050170898e-01
-9.794166311621665955e-03
1.535171866416931152e-01
-2.404924333095550537e-01
6.539396047592163086e-01
1.000388622283935547e+00
-2.688858509063720703e-01
-8.248842358589172363e-01
-1.689314246177673340e-01
-6.621886491775512695e-01
2.965249419212341309e-01
-1.131359338760375977e+00
-6.943254470825195312e-01
1.082655906677246094e+00
2.486901730298995972e-02
7.753818035125732422e-01
-2.733223438262939453e-01
7.294633984565734863e-01
1.577248126268386841e-01
4.141902327537536621e-01
-6.082159280776977539e-01
1.153918802738189697e-01
2.031336724758148193e-01
-4.946796000003814697e-01
9.996424317359924316e-01
6.084318831562995911e-02
-7.284333556890487671e-02
-5.175728201866149902e-01
3.729829192161560059e-01
3.899250030517578125e-01
-8.259897232055664062e-01
-1.469873636960983276e-01
-7.751963138580322266e-01
-3.650144860148429871e-02
5.336799621582031250e-01
-5.759817361831665039e-01
-3.869342803955078125e-01
5.134595632553100586e-01
-9.908685684204101562e-01
7.815826535224914551e-01
1.452520340681076050e-01
-1.145461425185203552e-01
2.681124806404113770e-01
5.118100643157958984e-01
-1.359115839004516602e-01
-6.579953432083129883e-01
-4.197884500026702881e-01
9.796752035617828369e-02
-1.966557502746582031e-01
7.009760141372680664e-01
5.322595834732055664e-01
6.287361979484558105e-01
-7.244699597358703613e-01
4.883766770362854004e-01
7.147617340087890625e-01
7.543072700500488281e-01
-4.992519617080688477e-01
1.117375493049621582e+00
-4.063101410865783691e-01
1.335185170173645020e+00
-4.331741034984588623e-01
-3.029776215553283691e-01
-7.071865797042846680e-01
9.769499301910400391e-01
4.682229757308959961e-01
8.549246788024902344e-01
7.639009952545166016e-01
-4.168536886572837830e-02
-1.019384264945983887e+00
-2.979051172733306885e-01
7.191255688667297363e-01
-4.086262285709381104e-01
4.191357791423797607e-01
-1.239023685455322266e+00
-4.276110231876373291e-01
-4.049003720283508301e-01
-4.179645329713821411e-02
-2.363559901714324951e-01
-1.578260898590087891e+00
-4.772394895553588867e-02
1.036228984594345093e-01
8.198306560516357422e-01
-5.060446858406066895e-01
3.353038802742958069e-02
-3.387716710567474365e-01
4.470997750759124756e-01
-1.298188090324401855e+00
-5.927022695541381836e-01
8.315582275390625000e-01
5.935048460960388184e-01
2.714510560035705566e-01
-1.973644942045211792e-01
3.773468732833862305e-01
-9.850347638130187988e-01
1.273616552352905273e+00
-6.409802436828613281e-01
1.423796415328979492e-01
1.202762052416801453e-01
-6.455147862434387207e-01
-1.363352984189987183e-01
6.148512661457061768e-02
-3.500208854675292969e-01
6.269054412841796875e-01
4.749039113521575928e-01
9.194530844688415527e-01
-2.486253380775451660e-01
1.740577578544616699e+00
8.539422750473022461e-01
-1.114108115434646606e-01
-1.112469881772994995e-01
-6.566764712333679199e-01
-7.540968805551528931e-02
4.671667814254760742e-01
8.619107007980346680e-01
1.008068919181823730e+00
3.144547715783119202e-02
4.810968413949012756e-02
-1.110978841781616211e+00
2.745138704776763916e-01
-1.154940366744995117e+00
1.059696197509765625e+00
-1.831098645925521851e-01
-1.324591159820556641e+00
-5.190255045890808105e-01
-4.276884794235229492e-01
-5.979889035224914551e-01
4.933795332908630371e-01
5.777041316032409668e-01
-8.731037378311157227e-01
-7.541592121124267578e-01
1.825754940509796143e-01
-4.447393119335174561e-01
-1.262934446334838867e+00
2.136392891407012939e-01
8.529857993125915527e-01
-8.449788093566894531e-01
-2.989301458001136780e-02
-3.030284345149993896e-01
-3.064101636409759521e-01
-9.254654645919799805e-01
-5.815862864255905151e-02
-4.983460605144500732e-01
-6.857083439826965332e-01
1.083441972732543945e+00
3.346502482891082764e-01
4.909621179103851318e-01
-1.383203029632568359e+00
-2.317787557840347290e-01
-5.062502622604370117e-01
9.129862189292907715e-01
-3.177375495433807373e-01
3.930067643523216248e-02
-2.982206046581268311e-01
-1.316938251256942749e-01
1.123046398162841797e+00
-6.962835043668746948e-02
3.655250370502471924e-01
1.521631628274917603e-01
-4.863699972629547119e-01
5.860511064529418945e-01
-9.597063660621643066e-01
2.188764140009880066e-02
1.275436133146286011e-01
4.543843567371368408e-01
-6.770886182785034180e-01
-3.097818978130817413e-02
-7.651091814041137695e-01
-8.867605328559875488e-01
1.305394172668457031e+00
-3.745528161525726318e-01
2.854601852595806122e-02
9.386569857597351074e-01
-1.584260463714599609e-01
-2.299195677042007446e-01
9.355176091194152832e-01
-1.169848591089248657e-01
8.387894630432128906e-01
-6.334766745567321777e-01
2.047772705554962158e-01
-1.342096030712127686e-01
-5.402560234069824219e-01
-1.746907234191894531e+00
7.461467981338500977e-01
9.854946136474609375e-01
3.092479109764099121e-01
6.674504280090332031e-02
2.535924613475799561e-01
-1.635813340544700623e-02
3.676370680332183838e-01
-1.571338772773742676e-01
-6.956797093152999878e-03
-6.566146761178970337e-02
9.487287402153015137e-01
3.679141104221343994e-01
3.647451102733612061e-01
7.788754999637603760e-02
6.558548808097839355e-01
1.437158703804016113e+00
-1.370121091604232788e-01
6.085216999053955078e-01
-5.153482556343078613e-01
-6.090955734252929688e-01
-7.500422596931457520e-01
4.843381643295288086e-01
-4.364573359489440918e-01
2.815901041030883789e-01
-1.133432984352111816e+00
1.891895681619644165e-01
-4.639457762241363525e-01
4.041817784309387207e-01
6.972507834434509277e-01
1.514526009559631348e+00
5.918570756912231445e-01
-4.518937170505523682e-01
8.906985819339752197e-02
1.230757832527160645e+00
9.652420878410339355e-02
4.090026617050170898e-01
1.060814380645751953e+00
1.358257979154586792e-01
4.065173566341400146e-01
9.813837409019470215e-01
-2.185436040163040161e-01
-6.965408325195312500e-01
2.083371430635452271e-01
1.963293552398681641e-01
-2.514622509479522705e-01
-6.014628708362579346e-02
1.652090251445770264e-01
1.012697696685791016e+00
8.650591969490051270e-02
-6.674859672784805298e-02
-8.992426991462707520e-01
-6.900513768196105957e-01
7.654920816421508789e-01
2.203574478626251221e-01
-6.936170905828475952e-02
-6.854287981986999512e-01
3.478758335113525391e-01
-3.100514411926269531e-02
-1.184802427887916565e-01
-2.419300526380538940e-01
-7.518969178199768066e-01
4.841476082801818848e-01
2.890938222408294678e-01
-8.437944650650024414e-01
-2.283825874328613281e-01
-2.508610486984252930e-02
-2.325224876403808594e-02
8.125520348548889160e-01
-2.187996804714202881e-01
8.572282195091247559e-01
8.336425423622131348e-01
-6.414931416511535645e-01
-8.455054163932800293e-01
-9.314970113337039948e-03
7.828229665756225586e-01
7.524482607841491699e-01
-4.251423776149749756e-01
-6.019749641418457031e-01
-3.311930596828460693e-01
5.146728157997131348e-01
7.422335147857666016e-01
-1.103747844696044922e+00
4.511969685554504395e-01
2.660352736711502075e-02
-6.770504117012023926e-01
-8.832880854606628418e-02
-5.302306413650512695e-01
-1.238120436668395996e+00
-2.794203162193298340e-01
8.319252729415893555e-01
-5.989930033683776855e-01
6.261877417564392090e-01
3.670128583908081055e-01
6.380613446235656738e-01
-6.046984195709228516e-01
5.445544719696044922e-01
4.239039719104766846e-01
-1.337435543537139893e-01
6.777503490447998047e-01
3.849003016948699951e-01
-7.270853519439697266e-01
-6.198411583900451660e-01
-5.777755007147789001e-02
-8.567291498184204102e-01
-5.192877054214477539e-01
-1.423722505569458008e-01
-1.530682682991027832e+00
-3.528734147548675537e-01
4.149607419967651367e-01
-1.824282854795455933e-01
-3.331564366817474365e-01
5.627581849694252014e-02
2.171664685010910034e-01
-1.011455297470092773e+00
-4.620346128940582275e-01
6.705957651138305664e-01
-3.559659719467163086e-01
7.605539262294769287e-02
-2.901722192764282227e-01
1.091519117355346680e+00
7.024730443954467773e-01
-5.382244586944580078e-01
7.933043837547302246e-01
-7.883904576301574707e-01
4.659676849842071533e-01
-2.768073081970214844e-01
-4.822052419185638428e-01
-1.207592487335205078e+00
-5.433377027511596680e-01
1.070398330688476562e+00
1.820319414138793945e+00
-7.643602490425109863e-01
-4.908219575881958008e-01
7.877316474914550781e-01
1.063950825482606888e-02
1.569239854812622070e+00
-5.407612323760986328e-01
1.989696472883224487e-01
6.394039392471313477e-01
-1.322457075119018555e+00
8.631715923547744751e-02
-1.444669723510742188e+00
-1.469439864158630371e-01
-4.045953750610351562e-01
-4.494729042053222656e-01
-1.817763149738311768e-01
4.645419716835021973e-01
-3.071537017822265625e-01
-8.080525994300842285e-01
-5.959234237670898438e-01
-6.859093904495239258e-01
1.202155470848083496e+00
-9.389132261276245117e-02
-5.411918163299560547e-01
-1.979418396949768066e-01
-2.761754095554351807e-01
-1.397397965192794800e-01
2.620231211185455322e-01
1.066927433013916016e+00
-9.632285237312316895e-01
-8.608232140541076660e-01
-9.223299622535705566e-01
-4.529398083686828613e-01
-1.432846069335937500e+00
-2.435893714427947998e-01
-5.200678110122680664e-02
-1.821868419647216797e+00
-4.956814050674438477e-01
6.439611781388521194e-03
4.090888798236846924e-01
-4.866278171539306641e-01
6.162303686141967773e-01
1.016187310218811035e+00
1.697598397731781006e-01
-8.497878313064575195e-01
-2.491748631000518799e-01
-9.340355992317199707e-01
-1.661369949579238892e-01
-1.554708629846572876e-01
1.106765389442443848e+00
5.460384115576744080e-02
-1.144823655486106873e-01
4.226186871528625488e-01
3.068810142576694489e-02
1.109990954399108887e+00
-5.791687220335006714e-02
2.002503573894500732e-01
-9.400639683008193970e-02
-6.870373487472534180e-01
4.539102613925933838e-01
-1.922457814216613770e-01
-9.430280327796936035e-01
-4.073287546634674072e-01
1.988062821328639984e-02
1.633811831474304199e+00
3.064125180244445801e-01
2.976942360401153564e-01
-7.052040100097656250e-02
3.094716370105743408e-01
-8.608747124671936035e-01
6.645032763481140137e-01
1.460469126701354980e+00
3.337236642837524414e-01
6.004288196563720703e-01
-5.338086485862731934e-01
1.783002465963363647e-01
1.595082432031631470e-01
-1.795827001333236694e-01
3.657782077789306641e-01
-4.500554502010345459e-01
-7.519150376319885254e-01
1.532626271247863770e+00
7.952762246131896973e-01
-4.374387860298156738e-01
-2.141072750091552734e+00
5.408437252044677734e-01
-5.461518764495849609e-01
-1.352945089340209961e+00
3.520346432924270630e-02
-6.749683022499084473e-01
-1.235621124505996704e-01
2.721039950847625732e-01
-3.778565824031829834e-01
-4.713624417781829834e-01
-3.544179489836096764e-03
-3.839197743218392134e-04
8.611401915550231934e-01
6.000918149948120117e-01
8.523477315902709961e-01
-4.573542773723602295e-01
9.489371776580810547e-01
-4.923144280910491943e-01
3.309923708438873291e-01
3.183704912662506104e-01
-1.040485024452209473e+00
2.372622340917587280e-01
-9.478425979614257812e-02
-6.323801279067993164e-01
9.639444202184677124e-02
-1.256660342216491699e+00
-5.270271897315979004e-01
-1.321702957153320312e+00
-4.167619347572326660e-01
5.573511868715286255e-02
8.745488524436950684e-01
1.596969664096832275e-01
-6.603338718414306641e-01
-5.168331265449523926e-01
2.198777943849563599e-01
2.645704448223114014e-01
5.920644998550415039e-01
7.256141304969787598e-02
6.207717657089233398e-01
2.890400290489196777e-01
-9.741593003273010254e-01
-8.125741481781005859e-01
-4.120786488056182861e-01
1.005366668105125427e-01
-2.812052071094512939e-01
6.533148884773254395e-01
3.921194076538085938e-01
3.942508250474929810e-02
3.395720124244689941e-01
-6.137330532073974609e-01
-4.729216098785400391e-01
1.038860440254211426e+00
-3.077124059200286865e-01
-7.506234049797058105e-01
6.394087076187133789e-01
5.553349256515502930e-01
7.011856436729431152e-01
-4.739576578140258789e-01
-1.675370335578918457e+00
-2.138599306344985962e-01
-5.178838968276977539e-01
3.475632369518280029e-01
1.386489719152450562e-01
1.031523346900939941e+00
-1.076607942581176758e+00
8.847383409738540649e-02
-2.156213372945785522e-01
-7.739685177803039551e-01
-3.714563846588134766e-01
-3.830904960632324219e-01
5.649004578590393066e-01
-2.709950208663940430e-01
2.864801883697509766e-01
6.857067942619323730e-01
6.437766551971435547e-01
5.241622924804687500e-01
-2.876729369163513184e-01
-1.070771694183349609e+00
3.713845312595367432e-01
-3.679954409599304199e-01
-1.312635302543640137e+00
1.110210061073303223e+00
-3.051016330718994141e-01
-5.815091133117675781e-01
5.941982865333557129e-01
3.526936173439025879e-01
-1.138142466545104980e+00
3.048392571508884430e-02
1.362924724817276001e-01
6.119436025619506836e-01
-1.300484240055084229e-01
-6.999034434556961060e-02
9.068745970726013184e-01
-9.689210355281829834e-02
-4.601764380931854248e-01
-6.445869207382202148e-01
-3.691521883010864258e+00
5.496591329574584961e-01
-1.904479600489139557e-02
-1.690668761730194092e-01
1.248171031475067139e-01
-1.181040287017822266e+00
-4.285834133625030518e-01
-3.792453706264495850e-01
6.929527521133422852e-01
4.902241230010986328e-01
-1.976564973592758179e-01
-5.942049026489257812e-01
-3.084533810615539551e-01
2.108395993709564209e-01
-3.535466641187667847e-02
-7.896106839179992676e-01
-1.688447892665863037e-01
2.065498828887939453e-01
2.084027230739593506e-01
8.773141354322433472e-02
-4.532789885997772217e-01
4.124720692634582520e-01
-2.216366052627563477e+00
4.331008195877075195e-01
-9.740819334983825684e-01
-2.255826629698276520e-02
-3.119540214538574219e-01
3.403513133525848389e-01
5.857821702957153320e-01
-7.680799961090087891e-01
7.533462643623352051e-01
1.483068466186523438e+00
-5.028642416000366211e-01
1.239790096879005432e-01
1.201568126678466797e+00
1.865872979164123535e+00
1.145477533340454102e+00
-1.031366348266601562e+00
-1.319231390953063965e+00
-2.291808426380157471e-01
5.618637204170227051e-01
-3.452513456344604492e+00
2.154828011989593506e-01
9.726786613464355469e-02
-8.181931823492050171e-02
-4.723964259028434753e-02
-1.883013546466827393e-01
1.253573775291442871e+00
2.086574137210845947e-01
1.721549779176712036e-01
3.838819563388824463e-01
-7.118730545043945312e-01
8.343864083290100098e-01
-1.192998960614204407e-01
-1.906151175498962402e-01
-8.581221699714660645e-01
-5.612286925315856934e-01
1.180760711431503296e-01
3.886854648590087891e-01
3.213335573673248291e-01
5.240383744239807129e-01
1.644417494535446167e-01
-1.206525444984436035e+00
1.149481892585754395e+00
1.228247642517089844e+00
-1.346361875534057617e+00
5.962623357772827148e-01
-4.030311405658721924e-01
3.656949698925018311e-01
1.118676289916038513e-01
4.496691524982452393e-01
1.856403708457946777e+00
-8.726488947868347168e-01
4.254549145698547363e-01
8.789413422346115112e-02
-1.327975630760192871e+00
1.648295074701309204e-01
-5.456768274307250977e-01
3.099223598837852478e-02
1.419566392898559570e+00
-5.550627708435058594e-01
3.209267556667327881e-01
-8.066827654838562012e-01
-7.903939485549926758e-01
9.098185896873474121e-01
4.397379159927368164e-01
-3.740718066692352295e-01
-2.720302902162075043e-02
-2.907095849514007568e-02
8.773779869079589844e-02
-6.029728651046752930e-01
-3.409533202648162842e-01
-1.232060045003890991e-01
3.523495793342590332e-02
6.567006707191467285e-01
3.274845182895660400e-01
-2.792863845825195312e-01
-2.693245112895965576e-01
5.142102241516113281e-01
1.413556784391403198e-01
-7.755402922630310059e-01
1.035176739096641541e-01
1.290254592895507812e+00
-6.319647431373596191e-01
-1.010653138160705566e+00
2.469278872013092041e-01
8.886436223983764648e-01
8.134877681732177734e-01
1.685725450515747070e-01
-6.845359504222869873e-02
-4.332450926303863525e-01
-7.999617457389831543e-01
5.471755862236022949e-01
-9.742025136947631836e-01
4.627038240432739258e-01
-8.010588884353637695e-01
2.709185779094696045e-01
-8.686046600341796875e-01
-1.283435821533203125e+00
1.385211646556854248e-01
-2.525185793638229370e-02
-1.854070574045181274e-01
-2.795590162277221680e-01
-8.345579504966735840e-01
6.993128061294555664e-01
-1.275032520294189453e+00
-6.402028799057006836e-01
1.651857495307922363e-01
1.054760575294494629e+00
6.407024860382080078e-01
3.265665471553802490e-01
-2.055998146533966064e-01
-2.030053436756134033e-01
-4.139538109302520752e-02
5.392840504646301270e-01
3.168286681175231934e-01
6.890057921409606934e-01
1.046504735946655273e+00
-4.598109424114227295e-01
-1.083711862564086914e+00
-1.472869992256164551e+00
7.539155483245849609e-01
6.983245015144348145e-01
-1.722882501780986786e-02
7.440835237503051758e-01
-4.758774638175964355e-01
1.352739810943603516e+00
4.264230728149414062e-01
3.930079936981201172e+00
-1.039262771606445312e+00
1.061878919601440430e+00
4.997739791870117188e-01
1.027829051017761230e+00
-9.302986264228820801e-01
-6.774432957172393799e-03
8.932946324348449707e-01
5.562830567359924316e-01
-4.799892604351043701e-01
-9.038870781660079956e-02
-1.127054333686828613e+00
-3.015152692794799805e+00
-6.432174444198608398e-01
6.303403526544570923e-02
-8.276918530464172363e-02
3.887698948383331299e-01
-3.967897891998291016e-01
3.521399796009063721e-01
4.702099263668060303e-01
9.698198437690734863e-01
1.830877065658569336e-01
1.334360599517822266e+00
-2.680433355271816254e-02
-4.484333395957946777e-01
-9.501634240150451660e-01
2.029218897223472595e-02
-7.354995608329772949e-01
1.905904293060302734e+00
2.394228614866733551e-02
-3.686078190803527832e-01
8.480263352394104004e-01
-4.259669482707977295e-01
5.847753882408142090e-01
-2.509924173355102539e-01
1.307818740606307983e-01
-1.012737378478050232e-01
2.124155163764953613e-01
4.138835370540618896e-01
2.818664908409118652e-01
-7.854346632957458496e-01
-1.436368942260742188e+00
-1.114249706268310547e+00
-2.567589282989501953e+00
9.306948781013488770e-01
-1.217585802078247070e+00
2.723280489444732666e-01
1.150411486625671387e+00
-2.444608807563781738e-01
-2.227889150381088257e-01
1.592764139175415039e+00
5.639017224311828613e-01
-4.119397699832916260e-01
-2.145664542913436890e-01
-5.502996221184730530e-02
1.043132543563842773e+00
7.869388461112976074e-01
-1.617933988571166992e+00
-4.325511306524276733e-02
1.479429304599761963e-01
-1.505631208419799805e-01
7.492545247077941895e-02
9.144825935363769531e-01
-5.110398679971694946e-02
1.335510164499282837e-01
-1.149942874908447266e+00
-7.752574682235717773e-01
-6.463141441345214844e-01
-1.003962397575378418e+00
-1.495826840400695801e+00
7.635046243667602539e-01
1.382897138595581055e+00
-8.011758923530578613e-01
1.310605764389038086e+00
-3.800461068749427795e-02
-9.390304088592529297e-01
-1.837568044662475586e+00
-1.348851799964904785e+00
2.881622686982154846e-02
5.999047756195068359e-01
8.604863286018371582e-01
-4.723491072654724121e-01
4.334379136562347412e-01
-1.107752323150634766e-02
3.607584536075592041e-02
-1.056420952081680298e-01
-5.219122171401977539e-01
1.107241585850715637e-01
-3.333289325237274170e-01
6.179978847503662109e-01
9.854890704154968262e-01
-1.431459486484527588e-01
-2.744607329368591309e-01
-7.837288975715637207e-01
-5.203742980957031250e-01
2.082244604825973511e-01
-1.244785189628601074e+00
7.493163347244262695e-01
1.081304907798767090e+00
6.430329084396362305e-01
1.425642222166061401e-01
2.659182548522949219e-01
3.637367486953735352e-01
2.462368607521057129e-01
-2.196902781724929810e-01
-3.803890049457550049e-01
1.736020594835281372e-01
2.462201118469238281e-01
-1.273854732513427734e+00
-9.664214849472045898e-01
-5.688083171844482422e-01
-1.645365357398986816e+00
-1.945229321718215942e-01
-7.710947096347808838e-02
6.363042593002319336e-01
-8.119476437568664551e-01
-4.974517822265625000e-01
3.464687764644622803e-01
1.510622501373291016e+00
3.489014506340026855e-02
-7.084665894508361816e-01
-3.723795115947723389e-01
-4.154846370220184326e-01
