-1.124240756034851074e+00
-1.817754507064819336e-01
-2.365352399647235870e-02
-2.667054533958435059e-01
-2.116224288940429688e+00
-7.730830311775207520e-01
1.017795443534851074e+00
-5.987082123756408691e-01
2.092434406280517578e+00
1.357869744300842285e+00
6.958051919937133789e-01
6.845792531967163086e-01
3.409171402454376221e-01
-1.261605978012084961e+00
1.365247130393981934e+00
-1.763865113258361816e+00
4.632500112056732178e-01
-1.492073297500610352e+00
5.741754770278930664e-01
2.107647359371185303e-01
9.420819878578186035e-01
-9.591779708862304688e-01
-4.776528775691986084e-01
1.521657127887010574e-02
-9.765745401382446289e-01
-1.725986003875732422e+00
9.757411479949951172e-01
-1.085640907287597656e+00
-7.567199468612670898e-01
1.344617486000061035e+00
1.231648802757263184e+00
-4.238717555999755859e-01
1.344816803932189941e+00
5.883370637893676758e-01
7.107215523719787598e-01
-5.016993880271911621e-01
-4.657590091228485107e-01
-1.702764630317687988e+00
-6.057710200548171997e-02
-4.115242063999176025e-01
2.248322248458862305e+00
-7.140511274337768555e-02
-4.452044963836669922e-01
4.649072289466857910e-01
-1.558948636054992676e+00
7.411769032478332520e-01
1.144918680191040039e+00
5.111514925956726074e-01
8.939338326454162598e-01
6.033668518066406250e-01
1.002074927091598511e-01
1.015829220414161682e-01
1.578465580940246582e+00
4.642589986324310303e-01
-9.472581148147583008e-01
-2.577846050262451172e-01
9.135357141494750977e-01
-4.787096381187438965e-01
-1.076641440391540527e+00
-2.552284300327301025e-01
-1.351035118103027344e+00
1.780876517295837402e-01
1.542462315410375595e-02
6.206306815147399902e-01
9.746339321136474609e-01
-1.245582848787307739e-01
2.420202493667602539e+00
8.652856349945068359e-01
-6.492179036140441895e-01
-2.190577507019042969e+00
-1.371778964996337891e+00
-1.036151289939880371e+00
-8.236237764358520508e-01
-1.288258910179138184e+00
1.900059580802917480e-01
-8.256429433822631836e-02
-1.733000874519348145e+00
-8.273226022720336914e-01
-2.282382920384407043e-02
-9.785372614860534668e-01
-3.204816877841949463e-01
9.342756867408752441e-01
3.163178861141204834e-01
-1.689564824104309082e+00
-1.984368115663528442e-01
1.491576313972473145e+00
3.850960135459899902e-01
-6.777759194374084473e-01
-1.059592962265014648e-01
1.537510633468627930e+00
-2.530484914779663086e+00
-2.244365364313125610e-01
-1.170059561729431152e+00
-9.386065602302551270e-02
-4.497240185737609863e-01
-1.457897543907165527e+00
-3.182083740830421448e-02
4.842951297760009766e-01
-5.427175760269165039e-01
-2.890336811542510986e-01
-5.436890721321105957e-01
-1.016029953956604004e+00
-1.264001011848449707e+00
6.089287996292114258e-01
1.310593843460083008e+00
2.082839310169219971e-01
-1.490097641944885254e+00
-5.494390726089477539e-01
-1.008243203163146973e+00
-4.532394409179687500e-01
-9.278725385665893555e-01
3.584190011024475098e-01
-5.773675441741943359e-01
-1.013387441635131836e+00
-2.096513956785202026e-01
6.522654294967651367e-01
-1.570720911026000977e+00
7.254012823104858398e-01
8.565247058868408203e-01
6.725391000509262085e-02
5.728583335876464844e-01
-1.953311711549758911e-01
-2.577832698822021484e+00
-2.521331608295440674e-01
-1.345717813819646835e-02
-2.256109714508056641e+00
1.968149542808532715e+00
-1.301468312740325928e-01
9.001584649085998535e-01
1.126297593116760254e+00
8.687074184417724609e-01
-1.107579708099365234e+00
7.286064028739929199e-01
-7.943165302276611328e-01
-1.901681125164031982e-01
1.159463167190551758e+00
-2.443524748086929321e-01
-7.805693745613098145e-01
-2.271101951599121094e+00
1.308425426483154297e+00
-1.539952456951141357e-01
9.543365836143493652e-01
-5.310364961624145508e-01
-6.684125661849975586e-01
1.026126027107238770e+00
-3.131598234176635742e-01
3.244966983795166016e+00
1.280305504798889160e+00
-1.161936223506927490e-01
-2.809174358844757080e-03
-3.466346263885498047e+00
-5.792428180575370789e-02
2.536819458007812500e+00
-6.725246906280517578e-01
1.324336409568786621e+00
-2.185416668653488159e-01
3.182748556137084961e-01
7.039637565612792969e-01
-2.572011351585388184e-01
-7.898624055087566376e-03
7.016298174858093262e-01
-1.214151740074157715e+00
8.165637254714965820e-01
4.518143534660339355e-01
-1.516840219497680664e+00
-1.793766498565673828e+00
-1.559089779853820801e+00
-5.099496245384216309e-02
9.696144461631774902e-01
1.250697731971740723e+00
-2.319657504558563232e-01
-1.139691591262817383e+00
5.270093306899070740e-02
1.600711464881896973e+00
3.318003714084625244e-01
-5.778239369392395020e-01
-1.292963624000549316e-01
-1.840850472450256348e+00
5.579976439476013184e-01
1.143177270889282227e+00
6.364770531654357910e-01
1.173072695732116699e+00
5.897122621536254883e-01
-1.078986167907714844e+00
-1.406345665454864502e-01
-2.211160659790039062e+00
-5.113315582275390625e-01
3.110855579376220703e+00
5.545639991760253906e-01
-1.229172945022583008e+00
-2.215796709060668945e-01
-9.488983154296875000e-01
-1.040155649185180664e+00
-2.111075222492218018e-01
-2.198870897293090820e+00
-7.467510700225830078e-01
1.289460510015487671e-01
-6.264637708663940430e-01
-1.366379141807556152e+00
-5.949994325637817383e-01
6.327396631240844727e-01
-2.438349276781082153e-01
8.388579487800598145e-01
-1.666576862335205078e+00
-2.542290687561035156e+00
-1.633935868740081787e-01
9.843332171440124512e-01
-1.049979448318481445e+00
1.197515010833740234e+00
-1.773167729377746582e+00
-1.198663592338562012e+00
-9.534618258476257324e-01
-4.585453867912292480e-02
-3.995848894119262695e-01
6.584973931312561035e-01
7.165824174880981445e-01
-7.252170085906982422e+00
-8.485769033432006836e-01
-2.089624643325805664e+00
-6.412145495414733887e-01
4.251328110694885254e-01
3.573120236396789551e-01
6.655979156494140625e-01
-1.482028365135192871e+00
1.738791465759277344e+00
1.689839549362659454e-02
-7.867258787155151367e-02
2.512681007385253906e+00
-1.064375415444374084e-01
4.629090428352355957e-01
1.842938810586929321e-01
6.514073610305786133e-01
-5.809743404388427734e-01
-1.091999769210815430e+00
1.703791022300720215e+00
7.550139427185058594e-01
1.112124085426330566e+00
-5.809808373451232910e-01
4.781560003757476807e-01
3.714919686317443848e-01
5.403916239738464355e-01
3.310425877571105957e-01
-1.098279118537902832e+00
1.506451964378356934e+00
-1.120222568511962891e+00
-2.725314378738403320e+00
2.732612788677215576e-01
4.086049497127532959e-01
1.144178390502929688e+00
-7.143560647964477539e-01
1.239661216735839844e+00
-1.224756956100463867e+00
8.193025588989257812e-01
-7.271026968955993652e-01
-4.514977931976318359e-01
2.163579463958740234e+00
-1.820048689842224121e+00
-7.813344597816467285e-01
-1.539508938789367676e+00
8.789983391761779785e-01
6.146323084831237793e-01
7.397401332855224609e-01
-6.569416522979736328e-01
-2.845682762563228607e-02
1.655939340591430664e+00
3.794769942760467529e-01
2.244839668273925781e+00
4.050253927707672119e-01
3.926844835281372070e+00
-1.183144152164459229e-01
-2.992146909236907959e-01
5.138852596282958984e-01
3.817858695983886719e-01
-2.039531432092189789e-02
5.029992461204528809e-01
6.596021354198455811e-02
-2.065900564193725586e+00
-1.275717139244079590e+00
6.932679414749145508e-01
-1.674201250076293945e+00
-5.515910983085632324e-01
-6.909303069114685059e-01
-5.291904807090759277e-01
-7.471581697463989258e-01
-5.618369579315185547e-01
5.950109958648681641e-01
1.030359745025634766e+00
1.586220502853393555e+00
7.644510865211486816e-01
-1.900671124458312988e+00
-4.659993648529052734e-01
-8.482509106397628784e-02
1.453489303588867188e+00
1.225845336914062500e+00
7.882663011550903320e-01
1.405895590782165527e+00
2.090098559856414795e-01
-1.578071951866149902e+00
-9.872100353240966797e-01
-2.425671100616455078e+00
-4.008405506610870361e-01
-6.801986694335937500e-01
4.149782955646514893e-01
1.683933019638061523e+00
1.507600545883178711e-01
-4.324393272399902344e-01
-1.812158226966857910e+00
6.443098783493041992e-01
2.525640249252319336e+00
-1.950273633003234863e+00
3.186717331409454346e-01
6.088055372238159180e-01
1.338135600090026855e+00
1.053204894065856934e+00
1.660721451044082642e-01
7.677478790283203125e-01
1.052219152450561523e+00
-1.382281333208084106e-01
1.293188691139221191e+00
1.910434365272521973e+00
9.241622090339660645e-01
-5.542874932289123535e-01
-1.544263064861297607e-01
-6.285505294799804688e-01
1.932373642921447754e-01
-1.810170114040374756e-01
3.578524887561798096e-01
2.149504236876964569e-02
2.493836879730224609e-01
1.361639142036437988e+00
-1.822038888931274414e-01
-8.214778304100036621e-01
-1.020070552825927734e+00
3.925802558660507202e-02
-9.061979055404663086e-01
8.379967212677001953e-01
2.617009282112121582e-01
2.551603913307189941e-01
1.584025859832763672e+00
-1.856548309326171875e+00
4.061535000801086426e-02
-9.196268916130065918e-01
-8.432075381278991699e-01
-1.568355441093444824e+00
-6.909615397453308105e-01
2.316105961799621582e-01
-3.055005073547363281e-01
1.975819110870361328e+00
1.088386297225952148e+00
-6.141750812530517578e-01
2.067395895719528198e-01
-7.146199941635131836e-01
-4.381500780582427979e-01
-1.442986965179443359e+00
1.152244329452514648e+00
-5.931881666183471680e-01
1.574654318392276764e-02
-9.032943844795227051e-01
1.238467216491699219e+00
-3.219817280769348145e-01
-5.011358857154846191e-01
3.752935528755187988e-01
4.312276840209960938e-02
-4.151243567466735840e-01
2.012658596038818359e+00
4.077901840209960938e-01
1.905344724655151367e+00
-4.593732580542564392e-02
-3.179586410522460938e+00
-4.773814678192138672e-01
-6.193689703941345215e-01
9.832241535186767578e-01
-1.597955107688903809e+00
3.304534912109375000e+00
2.326614856719970703e+00
-1.132380604743957520e+00
-3.062148094177246094e+00
2.241087257862091064e-01
1.499318003654479980e+00
-2.560513913631439209e-01
2.680150747299194336e+00
1.779094457626342773e+00
-2.508738636970520020e-01
3.119056522846221924e-01
-5.143200755119323730e-01
5.867572128772735596e-02
-4.378492012619972229e-02
-2.725764036178588867e+00
1.001267552375793457e+00
8.756133317947387695e-01
1.840976715087890625e+00
2.769285440444946289e-01
2.447777748107910156e+00
2.049349069595336914e+00
2.939314246177673340e-01
-8.346281647682189941e-01
-2.890646271407604218e-02
-8.316804766654968262e-01
-1.505511403083801270e-01
-1.196354031562805176e+00
1.569144368171691895e+00
-1.646597743034362793e+00
-4.468508362770080566e-01
-3.044650077819824219e+00
-9.551626443862915039e-01
-3.525188863277435303e-01
-3.133049309253692627e-01
-8.198893666267395020e-01
-3.992535769939422607e-01
-7.452602982521057129e-01
-3.923714160919189453e-01
-8.021507263183593750e-01
2.462621927261352539e-01
3.034450709819793701e-01
4.967461228370666504e-01
1.565081954002380371e+00
-8.300204873085021973e-01
-8.001857399940490723e-01
-2.026615291833877563e-01
-3.703318536281585693e-01
9.387838095426559448e-02
-2.242834270000457764e-01
-1.324051141738891602e+00
7.816658616065979004e-01
1.011615753173828125e+00
-4.584167003631591797e-01
-2.365062981843948364e-01
5.643096566200256348e-01
-1.097367763519287109e+00
-2.870120704174041748e-01
-1.500053524971008301e+00
8.827865123748779297e-01
-5.450117588043212891e-01
-2.004488706588745117e-01
1.463185548782348633e+00
-9.618126153945922852e-01
1.360056102275848389e-01
-2.839692234992980957e-01
1.063188195228576660e+00
-1.945627480745315552e-02
-1.003285646438598633e+00
8.555042743682861328e-01
1.475797891616821289e+00
-8.801136016845703125e-01
1.001425743103027344e+00
-1.151589393615722656e+00
-6.717457175254821777e-01
1.082828164100646973e+00
3.117477893829345703e-01
-6.992495656013488770e-01
-9.712222963571548462e-03
2.689776122570037842e-01
-7.911053895950317383e-01
2.671912431716918945e+00
-1.560419917106628418e+00
-1.643507361412048340e+00
-9.256011247634887695e-01
1.378034710884094238e+00
-3.399080783128738403e-02
6.708865761756896973e-01
2.108873605728149414e+00
-3.594154119491577148e-01
3.273287042975425720e-02
-1.632885694503784180e+00
-2.096912622451782227e+00
-6.500091552734375000e-01
1.478300929069519043e+00
1.387459278106689453e+00
3.716216385364532471e-01
7.893636822700500488e-01
9.627140164375305176e-01
2.455755323171615601e-02
2.028780698776245117e+00
-9.282194823026657104e-02
5.146978497505187988e-01
1.296603202819824219e+00
6.068475842475891113e-01
3.678236901760101318e-01
4.724256694316864014e-01
4.410398900508880615e-01
-6.732150316238403320e-01
2.174160629510879517e-01
-8.877369761466979980e-02
-1.106545329093933105e+00
-1.312536239624023438e+00
-1.542347073554992676e+00
1.696453392505645752e-01
8.992252945899963379e-01
4.689254611730575562e-02
-2.479157894849777222e-01
-5.379332900047302246e-01
1.236305475234985352e+00
1.280084133148193359e+00
2.049783229827880859e+00
-3.349164724349975586e-01
2.056400179862976074e-01
-5.619948506355285645e-01
-3.392228364944458008e+00
-7.264333963394165039e-01
-5.862722396850585938e-01
-1.793072700500488281e+00
1.535297632217407227e-01
-1.216242551803588867e+00
3.815576061606407166e-02
-5.395851731300354004e-01
5.687829256057739258e-01
-1.316207885742187500e+00
1.162364125251770020e+00
-2.347713857889175415e-01
-1.236053705215454102e+00
1.366187334060668945e+00
-1.938030838966369629e+00
3.945179283618927002e-01
-5.361755192279815674e-02
-3.539432957768440247e-02
9.890516400337219238e-01
-1.848819255828857422e-01
4.235278666019439697e-01
5.882313847541809082e-01
7.511056661605834961e-01
6.919088363647460938e-01
1.600258946418762207e+00
-2.601959943771362305e+00
7.397937774658203125e-02
-6.849265098571777344e-01
6.397326588630676270e-01
-3.843368887901306152e-01
7.941234707832336426e-01
-3.576335608959197998e-01
-2.192699432373046875e+00
4.224781095981597900e-01
2.580314159393310547e+00
1.081350207328796387e+00
4.747981727123260498e-01
2.250283658504486084e-01
4.578139483928680420e-01
-3.358896374702453613e-01
-1.069623351097106934e+00
-6.058256030082702637e-01
6.064385771751403809e-01
8.921431750059127808e-02
2.709414660930633545e-01
6.893962621688842773e-01
-1.263172030448913574e+00
6.672576069831848145e-01
-9.614198207855224609e-01
-7.962517738342285156e-01
-8.661291003227233887e-01
-1.915484666824340820e-01
7.665119767189025879e-01
-6.904820799827575684e-01
-6.382400393486022949e-01
-1.008570075035095215e+00
-3.192178905010223389e-01
2.900200188159942627e-01
-1.580685615539550781e+00
-4.577051997184753418e-01
8.037457466125488281e-01
4.859951734542846680e-01
-1.471562147140502930e+00
-4.667968153953552246e-01
-1.419842600822448730e+00
-2.537765502929687500e-01
2.712408006191253662e-01
-1.381158083677291870e-02
-1.469311237335205078e+00
4.508709609508514404e-01
1.438867330551147461e+00
-7.054228782653808594e-01
-1.444994926452636719e+00
-1.841137290000915527e+00
6.020726263523101807e-02
2.105492830276489258e+00
-1.211440801620483398e+00
-1.245110154151916504e+00
7.241380810737609863e-01
2.145690441131591797e+00
-3.768922686576843262e-01
5.822110176086425781e-01
1.775723695755004883e+00
7.645493745803833008e-02
7.741217613220214844e-01
-1.248295426368713379e+00
4.071811959147453308e-02
-1.147834658622741699e+00
8.895480632781982422e-02
-3.635151982307434082e-01
-5.980070829391479492e-01
-7.987467050552368164e-01
7.327344417572021484e-01
-1.160278201103210449e+00
-2.304724007844924927e-01
-2.164372801780700684e-01
5.305512547492980957e-01
1.107368230819702148e+00
-4.055327475070953369e-01
-2.009782344102859497e-01
4.924918413162231445e-01
4.360111057758331299e-01
2.085380315780639648e+00
3.896393179893493652e-01
-1.540951251983642578e+00
2.259796410799026489e-01
5.872004628181457520e-01
9.823954701423645020e-01
-1.011047363281250000e+00
5.312814116477966309e-01
-2.503986358642578125e+00
-1.012836456298828125e+00
1.173860788345336914e+00
1.849372744560241699e+00
4.287644922733306885e-01
2.252417504787445068e-01
1.109020590782165527e+00
-2.434979677200317383e+00
-2.853831768035888672e+00
1.293478757143020630e-01
-4.492707848548889160e-01
-9.380007386207580566e-01
7.203468680381774902e-02
-9.645830094814300537e-02
-5.002894401550292969e-01
6.488468647003173828e-01
9.012210965156555176e-01
6.746676564216613770e-02
2.549470067024230957e-01
-9.176738858222961426e-01
1.915572956204414368e-02
1.272751212120056152e+00
-9.478574395179748535e-01
1.464610826224088669e-02
-5.178151130676269531e-01
1.965206146240234375e+00
-9.068749547004699707e-01
5.100317597389221191e-01
1.093246117234230042e-01
-7.016289830207824707e-01
4.849464893341064453e-01
4.518944397568702698e-02
-6.409095972776412964e-02
1.016743540763854980e+00
6.816417574882507324e-01
-2.146724700927734375e+00
1.159258365631103516e+00
-7.081609368324279785e-01
1.996215820312500000e+00
7.061900496482849121e-01
-7.086805105209350586e-01
-4.452742934226989746e-01
1.103752732276916504e+00
-2.945080697536468506e-01
2.467384189367294312e-01
-3.126709461212158203e-01
4.647736251354217529e-01
-3.174218833446502686e-01
6.261514425277709961e-01
1.116658806800842285e+00
-3.288415968418121338e-01
-6.531197428703308105e-01
-6.411852836608886719e-01
-5.982050895690917969e-01
-2.132913842797279358e-02
-5.003967788070440292e-03
1.383858323097229004e+00
8.252376914024353027e-01
5.524269938468933105e-01
1.454472184181213379e+00
1.144100904464721680e+00
9.944251179695129395e-01
1.290189504623413086e+00
3.535542404279112816e-03
-1.195887207984924316e+00
2.473427057266235352e-01
2.002300262451171875e+00
6.884942948818206787e-02
-1.133818626403808594e+00
8.394345641136169434e-02
6.333246827125549316e-01
-2.827896773815155029e-01
8.598993420600891113e-01
-4.418075978755950928e-01
2.095967680215835571e-01
9.809175729751586914e-01
-3.288971260190010071e-02
-1.504825711250305176e+00
-8.899874687194824219e-01
9.917625784873962402e-02
-6.978282332420349121e-01
-4.776951789855957031e+00
1.016076207160949707e-01
1.108532190322875977e+00
1.679081916809082031e+00
7.786049842834472656e-01
-2.543882429599761963e-01
-3.678159117698669434e-01
1.064841747283935547e+00
1.387746930122375488e-01
-1.936395764350891113e+00
-4.229720234870910645e-01
3.015062585473060608e-02
-1.734952092170715332e+00
-5.316145345568656921e-02
-9.383496642112731934e-01
2.032185554504394531e+00
7.459623813629150391e-01
3.084794282913208008e-01
8.042114257812500000e+00
-8.004814982414245605e-01
-2.932897329330444336e+00
-2.189837843179702759e-01
5.393902063369750977e-01
-7.772303223609924316e-01
-1.924407124519348145e+00
-3.269135951995849609e-02
1.660431027412414551e+00
1.057290315628051758e+00
1.703272819519042969e+00
-1.054402947425842285e+00
-6.221819519996643066e-01
2.475160509347915649e-01
-1.325082898139953613e+00
-5.012876987457275391e-01
4.399254620075225830e-01
-1.604100704193115234e+00
9.954396486282348633e-01
-1.080422401428222656e+00
-2.151939868927001953e-01
2.107433527708053589e-01
-1.398087382316589355e+00
3.499130606651306152e-01
-8.998208045959472656e-01
-4.629229903221130371e-01
-1.273713946342468262e+00
-4.398798942565917969e-01
9.243819117546081543e-02
1.522731184959411621e+00
3.513782918453216553e-01
7.275291085243225098e-01
1.200215697288513184e+00
4.520550072193145752e-01
-3.409754112362861633e-02
-8.740905523300170898e-01
-3.417547047138214111e-01
3.050661087036132812e-01
2.560733795166015625e+00
-7.745896577835083008e-01
-1.052545830607414246e-01
1.595092177391052246e+00
-1.671311497688293457e+00
-2.878720462322235107e-01
2.614783287048339844e+00
-1.146616935729980469e-01
1.148184418678283691e+00
6.954125761985778809e-01
-1.786805152893066406e+00
1.463800191879272461e+00
-3.195464134216308594e+00
-8.435410857200622559e-01
-1.628220267593860626e-02
-1.668662726879119873e-01
-3.178464174270629883e-01
-2.016513608396053314e-02
-3.931631147861480713e-01
-1.164033651351928711e+00
-2.929547786712646484e+00
-9.192920327186584473e-01
-2.532895803451538086e-01
1.542048156261444092e-01
