7.203209400177001953e-01
3.609815835952758789e-01
-2.817551493644714355e-01
3.589984476566314697e-01
8.731334656476974487e-02
-6.100535988807678223e-01
-7.145057916641235352e-01
-4.543023109436035156e-01
-8.488029241561889648e-01
-2.819164097309112549e-01
5.028148293495178223e-01
-1.078756600618362427e-01
-2.514011226594448090e-02
2.434306591749191284e-01
-2.527574002742767334e-01
-1.408376574516296387e+00
-1.099467158317565918e+00
4.228635430335998535e-01
-5.780827626585960388e-02
1.525885015726089478e-01
4.086241126060485840e-01
6.533361077308654785e-01
-5.085285753011703491e-02
-2.809609472751617432e-02
-1.414137780666351318e-01
-5.069219470024108887e-01
-3.374102413654327393e-01
5.150012373924255371e-01
-9.603120684623718262e-01
-1.126332730054855347e-01
-1.187322854995727539e+00
7.724488973617553711e-01
-1.105518102645874023e+00
7.090590000152587891e-01
-9.841638207435607910e-01
-9.248536229133605957e-01
-1.517579704523086548e-01
-7.803322076797485352e-01
-3.202534466981887817e-02
-3.586120307445526123e-01
-7.080020904541015625e-01
4.092884808778762817e-02
2.714131474494934082e-01
2.168262451887130737e-01
6.918603181838989258e-01
6.420702934265136719e-01
-2.739982604980468750e-01
-6.957018375396728516e-01
9.450257420539855957e-01
3.570311963558197021e-01
-3.055676519870758057e-01
-6.469813585281372070e-01
-3.842295110225677490e-01
1.425278902053833008e+00
2.720135450363159180e-01
-1.034047722816467285e+00
-1.553775370121002197e-01
-6.399340033531188965e-01
-5.071915984153747559e-01
1.001514911651611328e+00
1.423239469528198242e+00
6.035074591636657715e-01
1.118692874908447266e+00
3.076972961425781250e-01
5.780276656150817871e-01
-3.285986483097076416e-01
-6.604442000389099121e-01
5.550078749656677246e-01
8.545425534248352051e-01
5.066264271736145020e-01
4.417687058448791504e-01
-5.852207168936729431e-02
-4.867883026599884033e-01
-6.194510459899902344e-01
-2.424149513244628906e-01
6.133304238319396973e-01
-1.250039488077163696e-01
9.740686416625976562e-02
-1.873821020126342773e-01
4.855138957500457764e-01
-1.313902139663696289e-01
-1.017402932047843933e-01
-6.926768422126770020e-01
-8.519977927207946777e-01
-1.331927180290222168e+00
4.098252356052398682e-01
-3.685614764690399170e-01
-8.861331939697265625e-01
-1.821868121623992920e-01
2.543056905269622803e-01
-1.011109232902526855e+00
-2.658495604991912842e-01
-5.048972368240356445e-01
9.475787878036499023e-01
-7.848934531211853027e-01
7.294752001762390137e-01
5.161737799644470215e-01
1.040705204010009766e+00
-5.787580013275146484e-01
5.356420874595642090e-01
-2.539167366921901703e-02
-2.602095901966094971e-01
3.488960862159729004e-01
-5.048359632492065430e-01
-1.770481824874877930e+00
-4.499070644378662109e-01
-1.027959823608398438e+00
-2.621895968914031982e-01
1.274448752403259277e+00
-2.450709044933319092e-01
-1.382527500391006470e-01
2.863038778305053711e-01
-4.406931698322296143e-01
-8.803560733795166016e-01
-4.627726674079895020e-01
1.064340770244598389e-01
4.527782201766967773e-01
-1.407852411270141602e+00
5.526258945465087891e-01
1.013578772544860840e+00
-5.146849900484085083e-02
-1.444639801979064941e+00
-8.284491300582885742e-01
-8.678590655326843262e-01
2.001269161701202393e-01
2.332089990377426147e-01
1.115951463580131531e-01
1.019796967506408691e+00
-3.614848852157592773e-01
-8.210927248001098633e-03
1.077642366290092468e-01
-1.454441905021667480e+00
-4.514609649777412415e-02
1.317777276039123535e+00
4.171262085437774658e-01
-7.880543172359466553e-02
8.516034483909606934e-01
-8.668103218078613281e-01
-1.005038619041442871e+00
3.629233837127685547e-01
-1.012421101331710815e-01
6.715553402900695801e-01
6.963533759117126465e-01
5.785425305366516113e-01
5.391475185751914978e-02
-1.388213783502578735e-01
-7.743861079216003418e-01
-7.449008822441101074e-01
-7.221321463584899902e-01
-2.697820365428924561e-01
1.363467454910278320e+00
-1.521624773740768433e-01
2.496849149465560913e-01
-4.366472959518432617e-01
1.062999248504638672e+00
-1.136735916137695312e+00
-4.854816794395446777e-01
1.334136009216308594e+00
-1.205128908157348633e+00
4.880615770816802979e-01
4.270874261856079102e-01
2.398820072412490845e-01
-5.554594993591308594e-01
-2.313480079174041748e-01
6.142796277999877930e-01
-2.572816908359527588e-01
-8.068291544914245605e-01
1.874892711639404297e-01
2.270079702138900757e-01
1.142717361450195312e+00
-1.496510058641433716e-01
-1.259231090545654297e+00
-7.133067846298217773e-01
1.154580235481262207e+00
-5.836291909217834473e-01
2.741600573062896729e-01
-1.619610190391540527e+00
5.216298699378967285e-01
-1.425171017646789551e+00
1.301152825355529785e+00
-2.174076586961746216e-01
2.215183973312377930e-01
1.437456309795379639e-01
1.187420606613159180e+00
-1.808729052543640137e+00
5.341918468475341797e-01
6.370145082473754883e-02
7.802066802978515625e-01
4.668418169021606445e-01
1.063402533531188965e+00
6.553951650857925415e-02
-1.280866742134094238e+00
7.615981996059417725e-02
3.256503641605377197e-01
1.707643121480941772e-01
-3.258914649486541748e-01
-1.100140333175659180e+00
8.026573061943054199e-01
2.963263094425201416e-01
-5.396783947944641113e-01
-4.377920627593994141e-01
1.584492444992065430e+00
5.184190273284912109e-01
2.987255156040191650e-01
4.194567725062370300e-02
3.197941482067108154e-01
9.480885416269302368e-02
-2.731943130493164062e-01
8.165178894996643066e-01
-5.722289681434631348e-01
1.017841935157775879e+00
-1.793728470802307129e-01
1.241257429122924805e+00
8.684104681015014648e-01
-7.558104395866394043e-01
1.224706172943115234e+00
4.325624465942382812e+00
-3.986991047859191895e-01
5.587843060493469238e-01
-1.119919896125793457e+00
-1.025779247283935547e+00
3.914579153060913086e-01
4.374529123306274414e-01
3.917309939861297607e-01
8.953824639320373535e-02
2.502609491348266602e-01
-2.542833685874938965e-01
4.186829924583435059e-01
2.448049485683441162e-01
-8.265422582626342773e-01
-3.119058907032012939e-01
-4.574884176254272461e-01
-3.009579144418239594e-03
7.171634435653686523e-01
-2.716102004051208496e-01
1.245899677276611328e+00
-2.649429738521575928e-01
-7.295966148376464844e-01
-3.646240830421447754e-01
6.555344164371490479e-02
7.092497944831848145e-01
-4.181486666202545166e-01
-8.344530463218688965e-01
4.677874743938446045e-01
8.650025725364685059e-02
7.351644337177276611e-02
2.898205518722534180e-01
3.599232435226440430e-01
1.388407349586486816e+00
7.953369617462158203e-01
-1.660393774509429932e-01
-9.457438439130783081e-02
-9.209128469228744507e-02
3.269388079643249512e-01
2.304722219705581665e-01
-6.839611530303955078e-01
4.654734730720520020e-01
7.419733405113220215e-01
-6.620040535926818848e-01
-2.488076984882354736e-01
-3.590033650398254395e-01
-3.048644661903381348e-01
-1.353833526372909546e-01
-1.296938657760620117e+00
-1.539924502372741699e+00
4.082553386688232422e-01
8.232568502426147461e-01
3.077487945556640625e-01
2.765825986862182617e+00
-9.230090677738189697e-02
4.940285086631774902e-01
1.128786921501159668e+00
3.106290698051452637e-01
1.169712901115417480e+00
-5.435987710952758789e-01
-4.757120832800865173e-02
-2.060769200325012207e-01
-1.312113702297210693e-01
6.446633338928222656e-01
4.551611542701721191e-01
5.861901640892028809e-01
-5.745105743408203125e-01
1.630555391311645508e-01
1.670598626136779785e+00
1.083951234817504883e+00
-3.817262649536132812e-01
-1.149160027503967285e+00
-1.930696517229080200e-02
8.907889127731323242e-01
-2.909276783466339111e-01
-1.069168448448181152e+00
1.008622884750366211e+00
-1.026465654373168945e+00
2.542928755283355713e-01
1.485121846199035645e+00
-2.097272872924804688e-01
3.643544912338256836e-01
1.678074449300765991e-01
2.571823298931121826e-01
-1.006889581680297852e+00
3.593741357326507568e-01
-3.512409925460815430e-01
9.281547069549560547e-01
-1.400086879730224609e-01
5.800316333770751953e-01
3.708651959896087646e-01
1.928531527519226074e-01
-7.625395059585571289e-01
-2.573777437210083008e-01
-2.668620273470878601e-02
-2.342343091964721680e+00
-1.013895869255065918e-01
6.970183849334716797e-01
1.450698077678680420e-01
-1.070094227790832520e+00
-1.277320086956024170e-01
3.299224674701690674e-01
3.361507952213287354e-01
8.757500648498535156e-01
-5.439544916152954102e-01
-6.224572658538818359e-01
-1.895890533924102783e-01
1.923818707466125488e+00
1.577667295932769775e-01
4.918006062507629395e-01
5.033362507820129395e-01
-7.459486722946166992e-01
-1.177080631256103516e+00
-1.035324692726135254e+00
4.209050536155700684e-01
8.531061559915542603e-02
2.236595451831817627e-01
7.278139591217041016e-01
1.598507463932037354e-01
-2.528296709060668945e-01
-2.584668099880218506e-01
1.772866547107696533e-01
-8.894312977790832520e-01
8.563373088836669922e-01
-4.728322923183441162e-01
5.840425938367843628e-02
4.367677271366119385e-01
7.501307725906372070e-01
-7.257813960313796997e-02
-7.465922832489013672e-02
2.836439311504364014e-01
-1.682261705398559570e+00
4.074557125568389893e-02
-1.118468284606933594e+00
-8.904048204421997070e-01
-1.428311347961425781e+00
-5.204337835311889648e-01
1.844763159751892090e-01
-1.223708748817443848e+00
-1.349485069513320923e-01
2.285114377737045288e-01
-7.468796968460083008e-01
-1.395513117313385010e-01
-1.564518809318542480e-01
1.123323589563369751e-01
-5.574210286140441895e-01
-2.108368724584579468e-01
-3.471604883670806885e-01
3.201482892036437988e-01
-6.551726460456848145e-01
2.145656198263168335e-02
1.340940117835998535e+00
-1.458837985992431641e-01
-5.265345424413681030e-02
1.362261295318603516e+00
-6.206805258989334106e-02
1.008133888244628906e+00
-4.049645960330963135e-01
1.321856617927551270e+00
-4.179241955280303955e-01
2.056609243154525757e-01
4.198934137821197510e-01
4.146009981632232666e-01
-5.076966881752014160e-01
6.489806175231933594e-01
3.082238733768463135e-01
5.475304722785949707e-01
6.813211441040039062e-01
5.276415944099426270e-01
-7.260516285896301270e-01
1.286273002624511719e-01
7.023392319679260254e-01
6.000430136919021606e-02
1.840877532958984375e-01
1.340159535408020020e+00
5.938493013381958008e-01
1.194811820983886719e+00
6.172243952751159668e-01
-1.115380525588989258e-01
4.492370188236236572e-01
-2.477714568376541138e-01
-5.750864744186401367e-01
-2.899323105812072754e-01
3.443460166454315186e-01
4.538291096687316895e-01
6.260823011398315430e-01
-9.143517017364501953e-01
-5.172324776649475098e-01
-6.902838945388793945e-01
-4.804667457938194275e-02
-4.667719006538391113e-01
7.501126825809478760e-02
-8.599590510129928589e-02
1.769964545965194702e-01
-2.057568132877349854e-01
-3.617425262928009033e-01
-2.244862616062164307e-01
-1.158656239509582520e+00
3.793229758739471436e-01
3.710368573665618896e-01
1.062883257865905762e+00
6.538436412811279297e-01
2.780481278896331787e-01
-3.873640596866607666e-01
1.089565530419349670e-01
-1.232494592666625977e+00
-7.478742003440856934e-01
1.899997234344482422e+00
-7.306532859802246094e-01
-1.270025968551635742e+00
1.725017726421356201e-01
-1.057149022817611694e-01
-8.490073680877685547e-01
-4.278624057769775391e-01
-1.013934016227722168e+00
-3.446686565876007080e-01
8.244162797927856445e-01
3.743526935577392578e-01
-8.295988440513610840e-01
-1.201000213623046875e+00
8.915033936500549316e-02
5.176435112953186035e-01
1.013986945152282715e+00
3.788671493530273438e-01
6.262484006583690643e-03
2.098150402307510376e-01
-3.045172393321990967e-01
-5.181699991226196289e-01
-4.428057074546813965e-01
-4.076789617538452148e-01
1.083476394414901733e-01
4.196435511112213135e-01
-2.747852504253387451e-01
-8.320325016975402832e-01
-3.006439507007598877e-01
-9.490295648574829102e-01
-3.820151388645172119e-01
1.645622253417968750e+00
-3.971531093120574951e-01
-5.252319574356079102e-02
-9.030735492706298828e-01
4.057295620441436768e-02
7.135878205299377441e-01
-2.569176852703094482e-01
-3.563451394438743591e-02
-2.811389565467834473e-01
-1.421647369861602783e-01
4.919074475765228271e-01
2.065237760543823242e-01
-1.877824813127517700e-01
-1.039303660392761230e+00
4.803285300731658936e-01
-8.644627034664154053e-02
-8.787485361099243164e-01
-1.034257858991622925e-01
-2.623429894447326660e-01
-5.138775706291198730e-02
-1.132320642471313477e+00
3.476381003856658936e-01
1.232330203056335449e+00
-4.255556687712669373e-02
7.251380681991577148e-01
1.964200884103775024e-01
-1.331316471099853516e+00
7.784259039908647537e-03
8.803467154502868652e-01
1.269331812858581543e+00
-1.353980898857116699e-01
7.452113032341003418e-01
8.879699707031250000e-01
5.510153770446777344e-01
1.414028704166412354e-01
-1.820397257804870605e+00
2.785539627075195312e-01
4.455847665667533875e-02
3.352623283863067627e-01
9.907262325286865234e-01
1.795414835214614868e-01
3.371532559394836426e-01
-7.294597029685974121e-01
1.606717258691787720e-01
-1.165748000144958496e+00
-2.202408075332641602e+00
4.063745737075805664e-01
-1.147714927792549133e-01
3.412828445434570312e-01
-4.036996662616729736e-01
-2.516922652721405029e-01
1.436904430389404297e+00
-6.689692735671997070e-01
5.632749199867248535e-01
-7.395511865615844727e-02
6.237493157386779785e-01
7.430835813283920288e-02
1.683196723461151123e-01
-6.521850824356079102e-01
6.047262623906135559e-02
-1.597320437431335449e-01
-3.397264182567596436e-01
5.357410311698913574e-01
1.017500638961791992e+00
-6.049368977546691895e-01
3.938599228858947754e-01
9.663292765617370605e-01
4.802417457103729248e-01
-6.638053655624389648e-01
-2.707597017288208008e-01
-1.281842708587646484e+00
-8.056673407554626465e-01
4.098039120435714722e-02
3.715829253196716309e-01
-1.480473279953002930e+00
5.697846412658691406e-01
-1.601496785879135132e-01
-1.075334429740905762e+00
-6.994284391403198242e-01
-4.885583519935607910e-01
1.886909455060958862e-01
6.269263625144958496e-01
-1.374553680419921875e+00
-8.937438130378723145e-01
-1.056093275547027588e-01
-1.857164204120635986e-01
-1.352898001670837402e+00
1.686102300882339478e-01
1.116693615913391113e-01
6.347838640213012695e-01
-3.643392324447631836e-01
6.830498576164245605e-01
-6.897087395191192627e-02
1.154796704649925232e-01
-3.695792853832244873e-01
9.274531006813049316e-01
-4.146595597267150879e-01
2.633013427257537842e-01
6.537652015686035156e-01
-5.351053476333618164e-01
-2.416617870330810547e-01
-5.056004524230957031e-01
1.304356101900339127e-02
1.026950001716613770e+00
-9.493704438209533691e-01
7.574397325515747070e-01
-3.004553020000457764e-01
-1.554502010345458984e+00
1.591713786125183105e+00
1.335361719131469727e+00
-7.171239256858825684e-01
-1.429089158773422241e-01
-5.740820765495300293e-01
4.741346240043640137e-01
-1.456866562366485596e-01
8.595349192619323730e-01
3.138729631900787354e-01
-5.081724524497985840e-01
3.272093599662184715e-03
-4.597879946231842041e-01
-7.183010578155517578e-01
-9.975426793098449707e-01
1.252758800983428955e-01
-4.399514198303222656e-01
5.859040617942810059e-01
2.213003188371658325e-01
1.326548814773559570e+00
-3.159036040306091309e-01
-1.366627663373947144e-01
1.050056576728820801e+00
4.547943472862243652e-01
-6.249152496457099915e-02
-3.837346434593200684e-01
-3.496139347553253174e-01
-7.930164337158203125e-01
-2.842663526535034180e-01
-6.315541863441467285e-01
-1.353486329317092896e-01
-3.217941522598266602e-01
2.508090138435363770e-01
6.682890653610229492e-01
7.380928993225097656e-01
5.082796216011047363e-01
6.976285576820373535e-01
3.946022391319274902e-01
-1.011418581008911133e+00
-9.662622213363647461e-02
-1.082889080047607422e+00
5.203223824501037598e-01
-7.337338924407958984e-01
6.350533366203308105e-01
3.180170357227325439e-01
6.352432966232299805e-01
-1.418388783931732178e-01
-3.215808570384979248e-01
-8.502969145774841309e-01
-7.386353611946105957e-01
6.335453987121582031e-01
-7.607532143592834473e-01
1.923385560512542725e-01
5.702580884099006653e-02
3.643644154071807861e-01
-5.015209913253784180e-01
-1.506359577178955078e+00
-7.445525527000427246e-01
-1.466341137886047363e+00
5.809259414672851562e-01
3.662574589252471924e-01
-5.931867659091949463e-02
3.730076253414154053e-01
-1.624091029167175293e+00
5.657989978790283203e-01
-7.914439439773559570e-01
4.526856839656829834e-01
8.556100726127624512e-02
1.063004374504089355e+00
1.032529711723327637e+00
-8.690858483314514160e-01
5.195996165275573730e-01
8.458276987075805664e-01
6.576057672500610352e-01
4.666576981544494629e-01
4.617001861333847046e-02
-6.698026061058044434e-01
2.476746141910552979e-01
-1.154320359230041504e+00
2.824340760707855225e-01
5.971412658691406250e-01
6.314041018486022949e-01
8.896492123603820801e-01
-8.518871665000915527e-01
4.151847958564758301e-01
8.506952971220016479e-02
1.462370395660400391e+00
-1.269967198371887207e+00
2.281767874956130981e-01
4.940929114818572998e-01
1.213940456509590149e-01
4.957206845283508301e-01
4.439907073974609375e-01
-7.788717001676559448e-02
-9.986738860607147217e-02
9.511411190032958984e-02
-7.717508673667907715e-01
-9.047025814652442932e-03
-2.137459367513656616e-01
-2.333098202943801880e-01
-1.631263196468353271e-01
-8.703656792640686035e-01
-4.504427909851074219e-01
1.570681333541870117e-01
-1.253244996070861816e+00
-4.359492659568786621e-01
1.227660775184631348e+00
7.021555304527282715e-01
7.966510653495788574e-01
9.206051379442214966e-02
-1.000922083854675293e+00
-5.035886764526367188e-01
-5.400092601776123047e-01
-5.706585943698883057e-02
1.095655798912048340e+00
1.419076561927795410e+00
-5.739135146141052246e-01
3.654294610023498535e-01
-6.860226988792419434e-01
1.002392619848251343e-01
-3.358402550220489502e-01
-4.589482396841049194e-02
-3.214660882949829102e-01
-2.209268659353256226e-01
8.715078234672546387e-01
-1.186555102467536926e-01
2.064544409513473511e-01
-6.399490833282470703e-01
-4.305585101246833801e-02
-3.838216543197631836e+00
2.756768763065338135e-01
-4.757315814495086670e-01
-3.927241861820220947e-01
8.301617950201034546e-02
1.073077917098999023e+00
5.410341620445251465e-01
-5.165724158287048340e-01
2.044461220502853394e-01
-1.020243048667907715e+00
-5.088989734649658203e-01
1.163420200347900391e+00
-3.979348242282867432e-01
-6.333018094301223755e-02
-1.576098054647445679e-01
6.547587513923645020e-01
-1.357274651527404785e-01
7.576941251754760742e-01
1.766352176666259766e+00
3.934523165225982666e-01
-1.315815091133117676e+00
3.453156054019927979e-01
-1.262472391128540039e+00
2.180738002061843872e-01
-1.736972182989120483e-01
-1.089504122734069824e+00
-6.587682366371154785e-01
1.760042011737823486e-01
-2.787590026855468750e-01
-8.177993297576904297e-01
-3.973442018032073975e-01
-4.456949532032012939e-01
-9.392945170402526855e-01
8.444580435752868652e-01
-5.137430429458618164e-01
2.666052617132663727e-02
5.263519287109375000e-01
-6.065595149993896484e-01
-1.038899779319763184e+00
-1.200054168701171875e+00
9.771695360541343689e-03
-3.123837709426879883e-01
4.031166732311248779e-01
-7.136646509170532227e-01
6.702025234699249268e-02
1.061069965362548828e+00
1.020987987518310547e+00
1.288100004196166992e+00
-1.194995522499084473e+00
-2.441856861114501953e-01
1.230211138725280762e+00
-5.473057627677917480e-01
6.309804320335388184e-01
-8.690341114997863770e-01
-6.848167181015014648e-01
1.381920218467712402e+00
-1.980913877487182617e-01
-7.150505781173706055e-01
-7.694792151451110840e-01
-4.629634916782379150e-01
8.634894341230392456e-02
-6.188741326332092285e-01
1.010085582733154297e+00
-3.126742839813232422e-01
-1.232182741165161133e+00
-1.812889575958251953e-01
-6.659240126609802246e-01
-5.515624880790710449e-01
-2.205036401748657227e+00
8.059012889862060547e-02
-3.103204444050788879e-02
-3.549449741840362549e-01
-5.175133347511291504e-01
6.024100184440612793e-01
-9.440372139215469360e-02
8.379758596420288086e-01
3.869553208351135254e-01
-1.330984473228454590e+00
2.084449529647827148e-01
-1.689015328884124756e-01
