8.046477437019348145e-01
3.690936863422393799e-01
5.961734801530838013e-02
-8.103737831115722656e-01
-1.238364219665527344e+00
-2.521196901798248291e-01
-3.068920373916625977e-01
3.721127510070800781e-01
5.555924773216247559e-01
9.012914896011352539e-01
2.467655539512634277e-01
4.195370376110076904e-01
1.042932629585266113e+00
4.187721759080886841e-03
5.232565850019454956e-02
-6.163755655288696289e-01
-3.889253139495849609e-01
-4.084857702255249023e-01
9.590767621994018555e-01
3.297880291938781738e-01
-6.096864938735961914e-01
9.743836522102355957e-02
4.788822680711746216e-02
4.076326787471771240e-01
7.520610094070434570e-01
-1.663967013359069824e+00
2.827901542186737061e-01
-4.208581447601318359e-01
-1.569109678268432617e+00
9.297687411308288574e-01
-1.260926008224487305e+00
9.599896073341369629e-01
-1.897599458694458008e+00
1.237619161605834961e+00
-1.603391408920288086e+00
-1.166616380214691162e-01
8.028239607810974121e-01
-1.883341908454895020e+00
-4.196758940815925598e-02
-3.468353748321533203e-01
1.232944607734680176e+00
-5.587183237075805664e-01
8.309929370880126953e-01
4.099186882376670837e-02
-1.529266238212585449e+00
-6.629324555397033691e-01
-1.399742960929870605e+00
-3.321268856525421143e-01
-1.111900687217712402e+00
7.663149237632751465e-01
1.920875757932662964e-01
-1.317956112325191498e-02
-1.915017515420913696e-01
1.537934660911560059e+00
4.743230342864990234e-01
-1.344817996025085449e+00
9.246434271335601807e-02
-1.591494679450988770e-01
4.860722422599792480e-01
-9.006457924842834473e-01
2.163005590438842773e+00
-4.181264042854309082e-01
1.056015968322753906e+00
-2.901924848556518555e-01
4.709756076335906982e-01
-5.975433588027954102e-01
-8.607004284858703613e-01
-1.442514657974243164e+00
-2.086010873317718506e-01
-3.277989029884338379e-01
-3.484041690826416016e-01
-1.009483784437179565e-01
-1.035791754722595215e+00
-1.761049985885620117e+00
-8.736650943756103516e-01
9.436666965484619141e-01
6.707125306129455566e-01
-5.549743771553039551e-01
1.213551998138427734e+00
1.205929592251777649e-01
5.111297369003295898e-01
7.565073966979980469e-01
-9.197006225585937500e-01
-7.576705813407897949e-01
-4.720484316349029541e-01
1.190110564231872559e+00
-3.118397891521453857e-01
-2.830007970333099365e-01
-1.182253211736679077e-01
-8.685004711151123047e-01
-1.260790586471557617e+00
-1.385350525379180908e-01
-1.156761050224304199e-01
6.508783102035522461e-01
1.093852758407592773e+00
-2.237312793731689453e-01
-4.295156002044677734e-01
-1.976028382778167725e-01
-2.521759271621704102e-02
3.136842548847198486e-01
-7.797707915306091309e-01
-9.601526856422424316e-01
-7.395110130310058594e-01
5.008853673934936523e-01
-1.218115925788879395e+00
-5.494789481163024902e-01
5.513907223939895630e-02
1.649082899093627930e+00
-7.829489707946777344e-01
-4.450798332691192627e-01
2.961413562297821045e-01
-6.498454213142395020e-01
5.789031982421875000e-01
-4.416199028491973877e-01
5.714499354362487793e-01
2.920207381248474121e-01
-3.136850148439407349e-02
-8.950839638710021973e-01
4.001575708389282227e-01
6.723030805587768555e-01
-2.926657497882843018e-01
3.076062202453613281e-01
-9.901090264320373535e-01
2.152547240257263184e-01
2.040657997131347656e-01
3.680616915225982666e-01
1.898168683052062988e+00
6.818866133689880371e-01
-5.660982728004455566e-01
4.672635197639465332e-01
8.099166750907897949e-01
-2.931460738182067871e-01
-3.105790913105010986e-01
-8.323228359222412109e-01
-6.323241591453552246e-01
1.365701407194137573e-01
-5.427222251892089844e-01
-1.955817937850952148e+00
-5.324787497520446777e-01
1.273363947868347168e+00
-5.224569439888000488e-01
-8.316802382469177246e-01
1.717741489410400391e+00
5.045526623725891113e-01
-2.456704527139663696e-01
-7.180958986282348633e-01
-5.592726469039916992e-01
-6.593723893165588379e-01
2.110583543777465820e+00
2.198040932416915894e-01
-9.962444752454757690e-02
6.144195795059204102e-01
4.261151552200317383e-01
-1.015106916427612305e+00
2.336460053920745850e-01
-7.567824721336364746e-01
-1.534096360206604004e+00
1.142134889960289001e-01
6.732608079910278320e-01
6.861424446105957031e-01
-2.034662514925003052e-01
-4.519622325897216797e-01
-1.861785054206848145e-01
-2.528030276298522949e-01
2.545708715915679932e-01
9.979616850614547729e-03
-4.687267541885375977e-01
-5.073993802070617676e-01
8.606876730918884277e-01
-4.057403504848480225e-01
-6.735731959342956543e-01
-1.118124350905418396e-01
-6.549801230430603027e-01
1.084509491920471191e+00
-8.472200036048889160e-01
2.917165756225585938e-01
4.574363827705383301e-01
-8.326740935444831848e-03
-8.540273308753967285e-01
8.666359782218933105e-01
-5.902295187115669250e-02
1.930706799030303955e-01
1.398119777441024780e-01
1.548478722572326660e+00
-8.432045578956604004e-01
-5.244927406311035156e-01
-1.063851475715637207e+00
3.795774579048156738e-01
1.072541356086730957e+00
1.071710586547851562e+00
-4.819997847080230713e-01
-5.595162510871887207e-02
-7.451642155647277832e-01
-9.271663427352905273e-01
-6.323113441467285156e-01
8.059735298156738281e-01
1.116956472396850586e-01
5.206744670867919922e-01
-3.617108762264251709e-01
4.712589383125305176e-01
8.406536281108856201e-02
5.206702351570129395e-01
-9.214712381362915039e-01
-4.959771037101745605e-01
-2.829615175724029541e-01
1.469415903091430664e+00
4.334654659032821655e-02
-1.430097222328186035e-01
1.263273119926452637e+00
-2.415503501892089844e+00
-3.940316289663314819e-02
-1.598404288291931152e+00
1.470588564872741699e+00
-2.711855173110961914e-01
1.144472718238830566e+00
1.058751344680786133e+00
2.237341165542602539e+00
-9.374126195907592773e-01
6.803045421838760376e-02
-5.702680721879005432e-02
-9.093776941299438477e-01
1.107325702905654907e-01
2.011067867279052734e-01
1.850652933120727539e+00
4.667107164859771729e-01
-2.983015477657318115e-01
9.646381735801696777e-01
-3.183330893516540527e-01
2.664973735809326172e-01
-3.820486962795257568e-01
6.924062222242355347e-02
-2.637537121772766113e-01
4.822285473346710205e-01
1.206534028053283691e+00
1.312054872512817383e+00
1.146256446838378906e+00
5.473042130470275879e-01
-1.195439100265502930e+00
-1.238704800605773926e+00
-4.779910445213317871e-01
9.949647188186645508e-01
5.353960990905761719e-01
-8.687152266502380371e-01
8.750171661376953125e-01
-3.517369925975799561e-01
-8.582296967506408691e-01
-6.435424089431762695e-01
9.648482799530029297e-01
1.189030051231384277e+00
6.765766143798828125e-01
-4.204882383346557617e-01
-4.548504054546356201e-01
-6.014032363891601562e-01
-5.108004212379455566e-01
8.337746262550354004e-01
-8.607476949691772461e-01
-1.434848189353942871e+00
-3.221001625061035156e-01
-8.355618715286254883e-01
6.925923377275466919e-02
-8.743241429328918457e-02
4.016413986682891846e-01
4.403779283165931702e-02
-1.411752343177795410e+00
1.916598230600357056e-01
6.638602614402770996e-01
6.594475507736206055e-01
6.590874195098876953e-01
2.184367895126342773e+00
7.101473957300186157e-02
3.854133784770965576e-01
3.051745295524597168e-01
1.210307836532592773e+00
-1.908627748489379883e-01
-1.224194914102554321e-01
6.782205104827880859e-01
1.386834740638732910e+00
-1.017838716506958008e+00
-2.053311467170715332e-02
2.464274317026138306e-01
-2.515214085578918457e-01
-1.070838570594787598e+00
4.607987701892852783e-01
1.836036086082458496e+00
1.889426827430725098e+00
5.163197517395019531e-01
-5.174216628074645996e-01
9.153476357460021973e-01
-1.143340349197387695e+00
-1.968031935393810272e-02
-2.145366519689559937e-01
-4.397080466151237488e-02
1.081520915031433105e-01
-3.097044527530670166e-01
-2.822916507720947266e-01
-7.763147354125976562e-01
3.787791132926940918e-01
2.421682476997375488e-01
6.558327078819274902e-01
3.457960486412048340e-01
-3.334452807903289795e-01
-1.346169263124465942e-01
-7.999996095895767212e-02
2.043872773647308350e-01
2.942354381084442139e-01
3.865644037723541260e-01
6.538874506950378418e-01
-1.825329065322875977e-01
1.690112054347991943e-01
-2.418498098850250244e-01
-1.343085289001464844e+00
-4.282594919204711914e-01
-1.460536718368530273e+00
-6.842721253633499146e-02
-6.023741364479064941e-01
1.713955700397491455e-01
1.921557784080505371e-01
-8.331958651542663574e-01
7.425007224082946777e-01
-1.817582607269287109e+00
-1.839239835739135742e+00
-2.127642333507537842e-01
1.670194745063781738e+00
4.546826183795928955e-01
-2.703787684440612793e-01
1.127481222152709961e+00
-3.192030191421508789e-01
2.063725888729095459e-01
-8.896652460098266602e-01
-2.738378476351499557e-03
-3.286498188972473145e-01
-4.534849524497985840e-01
-8.167236447334289551e-01
-2.383557148277759552e-02
-4.583363234996795654e-01
6.413618922233581543e-01
3.041983544826507568e-01
-7.230222225189208984e-01
8.318341970443725586e-01
-1.932599663734436035e+00
8.342686891555786133e-01
-1.481133222579956055e+00
-4.617915451526641846e-01
1.130028143525123596e-01
-2.409340590238571167e-01
-1.470652937889099121e+00
1.452884674072265625e-01
5.530728697776794434e-01
-9.108786582946777344e-01
-7.524207830429077148e-01
-8.600459694862365723e-01
4.340503811836242676e-01
-1.632550656795501709e-01
-2.997012376785278320e+00
-7.127398252487182617e-01
-1.098435401916503906e+00
1.481979787349700928e-01
-8.664617538452148438e-01
-7.178246378898620605e-01
5.406253933906555176e-01
-8.608570694923400879e-01
-3.893332183361053467e-01
9.291210174560546875e-01
-3.629545569419860840e-01
-2.984521538019180298e-02
-1.671049147844314575e-01
2.464746475219726562e+00
9.256713986396789551e-01
-5.388236641883850098e-01
1.326382756233215332e-01
1.178453326225280762e+00
5.312152504920959473e-01
-1.486747711896896362e-01
-2.950018271803855896e-02
-4.965249598026275635e-01
-3.520415425300598145e-01
4.184763133525848389e-01
1.929920077323913574e+00
4.668458402156829834e-01
6.048707365989685059e-01
1.982184946537017822e-01
9.937350749969482422e-01
-3.027847707271575928e-01
-1.273897886276245117e+00
-5.977150052785873413e-02
-3.320303261280059814e-01
8.936307579278945923e-02
3.112031221389770508e-01
-7.015998363494873047e-01
3.108567595481872559e-01
-6.360051035881042480e-01
9.478630423545837402e-01
5.915839672088623047e-01
-2.363551706075668335e-01
5.682363510131835938e-01
5.570378899574279785e-01
-9.125688672065734863e-01
-3.458961844444274902e-01
7.334433794021606445e-01
6.808510422706604004e-01
4.142513573169708252e-01
-1.118436932563781738e+00
-2.541051208972930908e-01
-3.960713744163513184e-01
5.277952179312705994e-02
8.375660181045532227e-01
-3.568770289421081543e-01
6.109762787818908691e-01
5.320238471031188965e-01
-7.467964887619018555e-01
-1.500881910324096680e+00
-9.491470456123352051e-01
-3.866921737790107727e-02
-1.159896135330200195e+00
1.609352529048919678e-01
1.995632529258728027e+00
-9.541636705398559570e-01
4.209763407707214355e-01
-1.116040587425231934e+00
-1.072242558002471924e-01
-7.130368947982788086e-01
-1.328287243843078613e+00
1.127832531929016113e+00
1.884080283343791962e-02
-6.687127947807312012e-01
-1.790946871042251587e-01
2.210469394922256470e-01
1.014202833175659180e+00
-3.990461826324462891e-01
-1.721185684204101562e+00
6.450112164020538330e-02
-6.224016845226287842e-02
9.769179821014404297e-01
-1.069587707519531250e+00
2.352877557277679443e-01
5.964983701705932617e-01
5.731419920921325684e-01
3.521154522895812988e-01
6.756466031074523926e-01
6.445843577384948730e-01
2.767782509326934814e-01
1.510452151298522949e+00
1.176777780055999756e-01
-6.591857224702835083e-02
2.471439987421035767e-01
-5.029175281524658203e-01
2.470788508653640747e-01
3.549240231513977051e-01
6.142625212669372559e-01
5.033823847770690918e-01
-1.461164802312850952e-01
-6.323379278182983398e-01
6.410824656486511230e-01
6.630088090896606445e-01
2.026416510343551636e-01
-5.964418649673461914e-01
9.444617629051208496e-01
-5.666846632957458496e-01
-2.317267358303070068e-01
-1.843724995851516724e-01
-6.168063879013061523e-01
2.578084357082843781e-02
-1.687554270029067993e-01
-2.619633078575134277e-01
7.142770290374755859e-01
-9.113205671310424805e-01
3.176708817481994629e-01
-1.970498412847518921e-01
4.676189273595809937e-02
-7.070544958114624023e-01
9.318093210458755493e-02
1.562602370977401733e-01
-4.515757262706756592e-01
-1.012363076210021973e+00
-2.652900516986846924e-01
4.545650482177734375e-01
1.182925105094909668e+00
-6.420774757862091064e-02
-1.937329888343811035e+00
1.251333653926849365e-01
-7.071090489625930786e-02
3.532982170581817627e-01
1.555818796157836914e+00
-8.493903279304504395e-02
2.633372843265533447e-01
3.667550086975097656e-01
-4.846743345260620117e-01
-1.027099847793579102e+00
1.766091287136077881e-01
9.830774068832397461e-01
-7.277755141258239746e-01
-6.681989878416061401e-02
1.428088545799255371e-01
9.923951625823974609e-01
-9.488170146942138672e-01
-2.955663502216339111e-01
-4.655932262539863586e-02
-2.480078458786010742e+00
1.153367638587951660e+00
8.865615725517272949e-01
-2.467460930347442627e-01
5.051588416099548340e-01
6.501478552818298340e-01
3.531546890735626221e-01
-6.870076060295104980e-02
-6.403316855430603027e-01
3.542189896106719971e-01
-1.383180022239685059e-01
-3.178492188453674316e-01
-9.133867919445037842e-02
6.005615592002868652e-01
-6.281095147132873535e-01
2.801553606986999512e-01
2.962129749357700348e-02
1.473910808563232422e+00
9.749782085418701172e-01
5.617358684539794922e-01
-3.994284570217132568e-01
6.464717984199523926e-01
-4.322726726531982422e-01
-3.221023082733154297e-01
-6.516570448875427246e-01
-1.286181926727294922e+00
1.833107620477676392e-01
-2.400126308202743530e-01
-2.860853970050811768e-01
-1.167901515960693359e+00
7.279312610626220703e-01
9.347011446952819824e-01
-1.967771165072917938e-02
-7.608031034469604492e-01
1.221390962600708008e+00
7.190406322479248047e-01
-2.909331023693084717e-01
-1.929984427988529205e-04
-1.434274315834045410e+00
3.247567117214202881e-01
-3.820234239101409912e-01
-5.684913396835327148e-01
-3.163386881351470947e-01
1.520747780799865723e+00
7.795183062553405762e-01
-2.506918311119079590e-01
-2.201010435819625854e-01
1.565948963165283203e+00
4.788284897804260254e-01
1.330050706863403320e+00
1.531138181686401367e+00
1.029031872749328613e-01
-6.208398938179016113e-01
-1.487764120101928711e+00
-4.145482480525970459e-01
-9.935601353645324707e-01
5.723026990890502930e-01
5.455700755119323730e-01
7.271457910537719727e-01
1.629620417952537537e-02
8.806926608085632324e-01
-4.658498167991638184e-01
5.656786561012268066e-01
-3.313113451004028320e-01
1.051902294158935547e+00
-1.179888486862182617e+00
-2.326041460037231445e-01
6.640547513961791992e-01
1.466670036315917969e-01
-6.652898192405700684e-01
1.062072634696960449e+00
4.547157287597656250e-01
-7.346411347389221191e-01
2.536023557186126709e-01
2.304174184799194336e+00
6.202877163887023926e-01
-1.207592129707336426e+00
7.323783636093139648e-01
-4.620439410209655762e-01
4.574223160743713379e-01
1.255857199430465698e-01
4.671336412429809570e-01
1.368010759353637695e+00
6.926487199962139130e-03
7.207430005073547363e-01
-1.735419780015945435e-01
5.567998886108398438e-01
-8.246700763702392578e-01
-1.628917694091796875e+00
-1.248797103762626648e-01
-1.088836193084716797e+00
-8.382511138916015625e-01
8.894926309585571289e-01
1.101821899414062500e+00
3.675390481948852539e-01
3.170906007289886475e-01
8.975920081138610840e-01
-8.021740913391113281e-01
8.585869669914245605e-01
5.489104390144348145e-01
7.425118684768676758e-01
6.897977739572525024e-02
-4.517703354358673096e-01
-2.944882810115814209e-01
-4.669650197029113770e-01
-4.032531678676605225e-01
3.338475525379180908e-01
-3.525890409946441650e-02
-1.344908475875854492e+00
5.236324071884155273e-01
-7.437083721160888672e-01
-5.380823612213134766e-01
-4.023224711418151855e-01
-2.073994576930999756e-01
8.595141768455505371e-01
-6.160628199577331543e-01
4.468465968966484070e-02
-2.595927476882934570e+00
-1.542873859405517578e+00
-9.252513647079467773e-01
-8.758490681648254395e-01
1.510504245758056641e+00
-4.769251644611358643e-01
-5.364804863929748535e-01
-1.285483688116073608e-01
-3.987656831741333008e-01
-1.057864129543304443e-01
-6.382442712783813477e-01
2.952711842954158783e-02
6.236499547958374023e-01
6.522725224494934082e-01
1.030219554901123047e+00
4.371220469474792480e-01
7.339290380477905273e-01
3.353512585163116455e-01
-1.222520396113395691e-01
3.355072140693664551e-01
-1.707665622234344482e-01
-4.752593636512756348e-01
-1.626611590385437012e+00
-6.703704595565795898e-01
1.398699402809143066e+00
1.049734592437744141e+00
1.312909841537475586e+00
3.793379664421081543e-01
-1.174167513847351074e+00
1.337826728820800781e+00
-1.211238801479339600e-01
4.445440769195556641e+00
-2.810515165328979492e-01
6.600230336189270020e-01
6.431083083152770996e-01
-7.647972702980041504e-01
8.681216090917587280e-02
2.940178811550140381e-01
-4.367503523826599121e-01
-3.142398297786712646e-01
-6.034089922904968262e-01
-1.259493548423051834e-02
-1.696905612945556641e+00
-1.138763189315795898e+00
4.703348577022552490e-01
-2.110378146171569824e-01
-9.406703710556030273e-01
2.783890366554260254e-01
-2.178268283605575562e-01
-7.897691130638122559e-01
1.376059465110301971e-02
1.137136340141296387e+00
-3.516018986701965332e-01
-3.262871801853179932e-01
9.326055049896240234e-01
-1.523890614509582520e+00
-1.046929478645324707e+00
-2.988043725490570068e-01
-7.083259224891662598e-01
-5.872002840042114258e-01
1.333719611167907715e+00
-6.006304621696472168e-01
-8.620543777942657471e-02
-7.142910957336425781e-01
5.391796827316284180e-01
-1.098742365837097168e+00
-8.289503306150436401e-02
-6.409451961517333984e-01
-8.817349672317504883e-01
-2.911857366561889648e-01
-8.375773429870605469e-01
-1.530701965093612671e-01
-4.154363274574279785e-01
-1.020291328430175781e+00
-5.608427047729492188e+00
-2.858839631080627441e-01
1.620721518993377686e-01
-7.033789157867431641e-01
1.024246573448181152e+00
2.284800410270690918e-01
-5.011981725692749023e-01
1.683804631233215332e+00
8.371847867965698242e-01
-8.935091495513916016e-01
-1.248928785324096680e+00
1.339772820472717285e+00
7.603108417242765427e-03
6.953517198562622070e-01
-1.841285228729248047e+00
7.849404811859130859e-01
1.413728296756744385e-01
1.204858273267745972e-01
2.923297166824340820e+00
-7.487831115722656250e-01
-1.416737079620361328e+00
-1.186515465378761292e-01
6.860493421554565430e-01
2.350958436727523804e-01
-2.194385290145874023e+00
-1.663034781813621521e-02
-3.386668264865875244e-01
8.280711174011230469e-01
8.098512887954711914e-01
-7.915453612804412842e-02
6.798856258392333984e-01
1.176035523414611816e+00
-5.485540032386779785e-01
-1.220087528228759766e+00
3.113054931163787842e-01
-6.984027028083801270e-01
-4.626015722751617432e-01
7.546828985214233398e-01
-1.190276294946670532e-01
-7.792235016822814941e-01
-4.718830883502960205e-01
3.048890233039855957e-01
8.573495745658874512e-01
3.982824683189392090e-01
-1.395225167274475098e+00
-7.784850001335144043e-01
-7.126430980861186981e-03
2.784242391586303711e+00
-1.038639783859252930e+00
5.277140736579895020e-01
1.170459270477294922e+00
-1.121249198913574219e+00
-5.496736764907836914e-01
-5.545111298561096191e-01
4.938280582427978516e-02
1.147519469261169434e+00
1.113127112388610840e+00
-1.158172488212585449e+00
-1.591895341873168945e+00
-2.906381487846374512e-01
1.089981913566589355e+00
-2.075090706348419189e-01
-1.209037005901336670e-01
-5.926356911659240723e-01
1.046631455421447754e+00
-1.883162744343280792e-02
-4.458621442317962646e-01
-3.466108143329620361e-01
-1.298803836107254028e-01
5.772878602147102356e-02
-6.157095432281494141e-01
4.266357421875000000e-01
6.664394736289978027e-01
5.596512556076049805e-01
1.378598809242248535e-01
6.672846674919128418e-01
2.242870479822158813e-01
-5.008003711700439453e-01
-1.594734787940979004e+00
6.268999576568603516e-01
