-2.328039705753326416e-01
1.429956674575805664e+00
6.155083775520324707e-01
-4.506724178791046143e-01
2.924245893955230713e-01
-1.204668264836072922e-02
1.344365179538726807e-01
-4.353317916393280029e-01
-1.354822397232055664e+00
9.906675815582275391e-01
-4.145884886384010315e-03
-5.572492480278015137e-01
9.068975448608398438e-01
9.656585454940795898e-01
-4.938144087791442871e-01
2.586842775344848633e-01
-2.706311047077178955e-01
1.509326994419097900e-01
6.760265827178955078e-01
2.699891626834869385e-01
6.055721640586853027e-01
-4.177820086479187012e-01
4.050028026103973389e-01
-4.387525618076324463e-01
5.597280859947204590e-01
-7.376660108566284180e-01
-1.452411711215972900e-01
-6.818925738334655762e-01
-1.025149941444396973e+00
3.891579806804656982e-01
-4.648760557174682617e-01
1.496878504753112793e+00
-5.557854771614074707e-01
-1.147707086056470871e-02
-6.981825232505798340e-01
-1.558218598365783691e-01
2.245031446218490601e-01
-3.022842168807983398e+00
9.044356644153594971e-03
7.666540741920471191e-01
8.975841999053955078e-01
-4.972527921199798584e-01
-1.588723063468933105e+00
-2.722685933113098145e-01
6.732151508331298828e-01
1.625885963439941406e-01
2.338231652975082397e-01
-3.225179016590118408e-01
9.113107621669769287e-02
1.409882783889770508e+00
-3.487132787704467773e-01
-1.178666874766349792e-01
-7.739712297916412354e-02
6.919669508934020996e-01
8.700018525123596191e-01
-3.751033842563629150e-01
7.717621922492980957e-01
-9.871163964271545410e-01
7.290793657302856445e-01
-1.143138647079467773e+00
1.047808304429054260e-01
-1.825349181890487671e-01
1.667714476585388184e+00
-8.687089681625366211e-01
-5.968666076660156250e-02
-1.616955041885375977e+00
3.640127778053283691e-01
4.190092086791992188e-01
8.686084747314453125e-01
-2.500820755958557129e-01
2.245344400405883789e+00
-7.926300168037414551e-01
-5.336955785751342773e-01
-1.405613899230957031e+00
-1.020052433013916016e+00
6.894330978393554688e-01
-1.191234067082405090e-01
4.186812937259674072e-01
8.867604136466979980e-01
-2.786101698875427246e-01
6.406049728393554688e-01
6.143289208412170410e-01
-3.121651411056518555e-01
1.302055865526199341e-01
-5.694679617881774902e-01
1.425398349761962891e+00
-9.568152427673339844e-01
-3.350017070770263672e-01
4.592196084558963776e-03
5.477346479892730713e-02
-1.200491309165954590e+00
-4.685279726982116699e-01
-1.044620513916015625e+00
7.897434234619140625e-01
-1.731358915567398071e-01
-9.459222555160522461e-01
3.049682378768920898e-01
3.353209793567657471e-01
6.635668873786926270e-01
5.093283057212829590e-01
1.780183911323547363e-01
-2.201037704944610596e-01
6.988387107849121094e-01
-4.967507123947143555e-01
-5.749743580818176270e-01
2.070408016443252563e-01
-1.295812606811523438e+00
6.464587450027465820e-01
1.036769151687622070e+00
-1.532096695154905319e-02
-2.296275198459625244e-01
8.364286422729492188e-01
-1.421909689903259277e+00
2.220710366964340210e-01
-5.222948268055915833e-02
3.270725309848785400e-01
8.775484561920166016e-02
-1.704698085784912109e+00
-1.015306189656257629e-01
1.994329988956451416e-01
4.817235767841339111e-01
1.250863909721374512e+00
-3.058009743690490723e-01
-7.728239893913269043e-02
-3.329929113388061523e-01
-2.351638078689575195e-01
6.222099438309669495e-02
6.190577745437622070e-01
-1.090166091918945312e+00
-6.686277985572814941e-01
8.187063336372375488e-01
-1.576788425445556641e-01
4.478225708007812500e-01
9.594396501779556274e-02
-2.438308238983154297e+00
-5.320204496383666992e-01
2.221364229917526245e-01
-6.085781455039978027e-01
-2.105573117733001709e-01
-1.306194812059402466e-01
-1.319639921188354492e+00
1.160276532173156738e+00
9.172471761703491211e-01
5.617173314094543457e-01
-8.589997887611389160e-01
9.308912754058837891e-01
-4.895665124058723450e-02
-1.399902582168579102e+00
-2.622415497899055481e-02
3.136710450053215027e-02
-4.483000636100769043e-01
6.348628997802734375e-01
-2.629013359546661377e-01
-6.482914090156555176e-01
1.306291580200195312e+00
2.024413496255874634e-01
-1.018201947212219238e+00
-6.427143216133117676e-01
2.288446426391601562e-01
2.583063244819641113e-01
7.820123434066772461e-02
-9.226223826408386230e-01
-4.489794000983238220e-02
-7.107576131820678711e-01
5.481950640678405762e-01
-2.437773197889328003e-01
-2.013087570667266846e-01
9.011998772621154785e-01
2.313574552536010742e-01
2.244640588760375977e-01
-1.035961031913757324e+00
-5.898745656013488770e-01
-1.621340870857238770e+00
1.265019178390502930e-01
-8.127739280462265015e-02
-3.693957030773162842e-01
1.451046466827392578e+00
-7.708486914634704590e-02
-7.428746819496154785e-01
7.072256803512573242e-01
-5.451332330703735352e-01
-1.279077291488647461e+00
-6.235569119453430176e-01
1.328019797801971436e-01
1.004426121711730957e+00
-6.124517917633056641e-01
-3.902389705181121826e-01
1.049286350607872009e-01
8.546822071075439453e-01
-4.436732828617095947e-02
1.273376107215881348e+00
-1.771975159645080566e-01
-1.164676785469055176e+00
1.339596807956695557e-01
-9.896923303604125977e-01
3.471014797687530518e-01
-1.318538427352905273e+00
2.223733663558959961e-01
6.197807192802429199e-01
-1.006814122200012207e+00
7.896097302436828613e-01
3.575082421302795410e-01
8.771265149116516113e-01
-1.773191839456558228e-01
5.388015508651733398e-01
3.405175730586051941e-02
-2.533816695213317871e-01
-3.968133330345153809e-01
1.290776968002319336e+00
-5.333282947540283203e-01
-5.399451851844787598e-01
6.967563182115554810e-02
1.340045094490051270e+00
4.376037716865539551e-01
5.277086496353149414e-01
-1.879878044128417969e-01
-3.749024271965026855e-01
-4.790468513965606689e-01
-7.398705482482910156e-01
4.699946343898773193e-01
-5.765959620475769043e-01
1.306834459304809570e+00
-2.764798887073993683e-02
6.631801128387451172e-01
4.826555848121643066e-01
-6.717929244041442871e-02
8.644566535949707031e-01
5.322511196136474609e-01
-9.926079511642456055e-01
-1.076999068260192871e+00
2.565325200557708740e-01
-9.362418651580810547e-01
-5.684903264045715332e-01
-2.715356089174747467e-02
-1.802779585123062134e-01
6.559247970581054688e-01
4.441464245319366455e-01
3.990879654884338379e-01
-1.229990363121032715e+00
-6.340492963790893555e-01
1.137671351432800293e+00
1.978004276752471924e-01
-1.173071980476379395e+00
-2.499719411134719849e-01
-8.189017772674560547e-01
-5.385766029357910156e-01
-5.997563004493713379e-01
3.056951165199279785e-01
7.375856637954711914e-01
2.266943752765655518e-01
-4.892541766166687012e-01
2.001892030239105225e-01
-1.242135286331176758e+00
-2.954183220863342285e-01
5.714902877807617188e-01
5.558133721351623535e-01
9.264186955988407135e-03
-2.715111076831817627e-01
-1.040608644485473633e+00
4.975705407559871674e-03
5.220572948455810547e-01
5.801426768302917480e-01
1.025618195533752441e+00
-1.134517908096313477e+00
-2.938584983348846436e-01
3.510410189628601074e-01
-8.638814836740493774e-02
-2.640767991542816162e-01
1.582110404968261719e+00
8.850257992744445801e-01
1.193799018859863281e+00
4.871449470520019531e-01
1.544067382812500000e+00
7.352017760276794434e-01
-1.478857636451721191e+00
1.299454420804977417e-01
-7.623471617698669434e-01
-2.054062634706497192e-01
1.021719217300415039e+00
-4.334930479526519775e-01
1.328204106539487839e-02
3.315537571907043457e-01
1.286933898925781250e+00
4.913352727890014648e-01
1.169006347656250000e+00
-1.130589485168457031e+00
-1.143514633178710938e+00
-3.938016891479492188e-01
-1.854636967182159424e-01
-2.737384736537933350e-01
-3.659652769565582275e-01
-4.570848941802978516e-01
-6.886016726493835449e-01
-1.678066998720169067e-01
3.136427402496337891e-01
-5.959250330924987793e-01
-5.639321208000183105e-01
7.675857543945312500e-01
1.378919333219528198e-01
-2.941461652517318726e-02
-8.564751148223876953e-01
-4.883361756801605225e-01
7.396594285964965820e-01
-3.047391772270202637e-01
4.578972756862640381e-01
1.056129336357116699e+00
-1.927670463919639587e-02
-5.350030660629272461e-01
1.793750286102294922e+00
4.595585465431213379e-01
-1.765651464462280273e+00
-7.171368002891540527e-01
-1.195923924446105957e+00
1.152313232421875000e+00
-5.349960327148437500e-01
3.836643993854522705e-01
1.600113153457641602e+00
7.504991888999938965e-01
1.651263423264026642e-02
-1.607499644160270691e-02
-6.839340329170227051e-01
-5.707970857620239258e-01
2.102772951126098633e+00
-1.123878598213195801e+00
-9.587858915328979492e-01
8.767350316047668457e-01
-7.993653416633605957e-01
-3.416878283023834229e-01
-1.518817186355590820e+00
4.105325937271118164e-01
-1.798783779144287109e+00
4.228017926216125488e-01
3.628829121589660645e-01
4.031309485435485840e-01
3.530859947204589844e-01
-4.206798076629638672e-01
3.320001065731048584e-02
-7.569617778062820435e-02
1.833901047706604004e+00
-6.996623873710632324e-01
-1.411338597536087036e-01
-3.479637205600738525e-01
5.236077308654785156e-01
1.174982637166976929e-01
-2.005694359540939331e-01
-3.054491877555847168e-01
1.694175601005554199e-01
-1.253289282321929932e-01
3.992814719676971436e-01
-7.372694015502929688e-01
-5.991841554641723633e-01
5.313907265663146973e-01
4.879021048545837402e-01
-1.559533625841140747e-01
-4.584507346153259277e-01
2.312661707401275635e-01
-7.000951766967773438e-01
-1.480646014213562012e+00
-1.015520930290222168e+00
1.284607648849487305e+00
3.637135028839111328e-01
-7.199604511260986328e-01
8.352299928665161133e-01
-1.258548736572265625e+00
-9.075970053672790527e-01
3.095232546329498291e-01
1.096347212791442871e+00
4.897162020206451416e-01
-2.177504003047943115e-01
-1.094085693359375000e+00
1.010798454284667969e+00
5.849088430404663086e-01
-1.462967634201049805e+00
8.269651532173156738e-01
1.534668803215026855e-01
3.401121199131011963e-01
3.033711910247802734e-01
7.006328552961349487e-02
-5.469260811805725098e-01
4.602116048336029053e-01
9.788065552711486816e-01
4.831592738628387451e-01
-3.996163606643676758e-02
-9.296561777591705322e-02
-9.180133342742919922e-01
3.399455249309539795e-01
-6.533044576644897461e-02
-5.168154835700988770e-01
1.662871241569519043e+00
3.364167511463165283e-01
3.306002140045166016e+00
1.487050112336874008e-02
7.550931572914123535e-01
-2.270301431417465210e-01
1.858150362968444824e+00
-1.550516724586486816e+00
-5.834079384803771973e-01
-3.845721781253814697e-01
-5.063768029212951660e-01
2.385806888341903687e-01
-1.398066282272338867e-01
-8.296508789062500000e-01
6.686228513717651367e-01
-7.759875655174255371e-01
-1.195786714553833008e+00
2.895317673683166504e-01
-3.446423411369323730e-01
6.740366220474243164e-01
-6.758271455764770508e-01
-7.402247786521911621e-01
-1.849387139081954956e-01
-5.345481038093566895e-01
-1.313312292098999023e+00
5.473961234092712402e-01
-4.887638986110687256e-01
1.209921002388000488e+00
-2.878012359142303467e-01
-3.850626349449157715e-01
-5.141351222991943359e-01
1.105617880821228027e+00
-8.733791112899780273e-01
-1.182336434721946716e-01
9.022992253303527832e-01
6.617756485939025879e-01
-8.091381192207336426e-01
-3.363002836704254150e-02
1.133067905902862549e-01
-1.072861909866333008e+00
-1.216231107711791992e+00
-1.904283068142831326e-03
-6.307100653648376465e-01
-1.518339216709136963e-01
9.463746100664138794e-02
-7.744672894477844238e-02
-1.208130359649658203e+00
1.316066265106201172e+00
5.888275504112243652e-01
3.963436782360076904e-01
6.339101791381835938e-01
7.921264171600341797e-01
-5.035495162010192871e-01
-6.293766200542449951e-02
-7.504440546035766602e-01
-3.005489408969879150e-01
7.230571508407592773e-01
-3.668152987957000732e-01
-5.132940039038658142e-02
1.337482690811157227e+00
-7.965138554573059082e-01
-1.203228354454040527e+00
-8.133371472358703613e-01
-1.497132629156112671e-01
9.514548182487487793e-01
-6.991278529167175293e-01
-5.037964582443237305e-01
-1.088157415390014648e+00
6.886674761772155762e-01
-2.143791615962982178e-01
-4.081973433494567871e-01
5.317874550819396973e-01
2.875549495220184326e-01
-3.044432103633880615e-01
2.944209575653076172e-01
1.502622514963150024e-01
-5.312231779098510742e-01
-7.440329194068908691e-01
1.282628655433654785e+00
6.544200181961059570e-01
-3.782935738563537598e-01
2.376297265291213989e-01
2.922543883323669434e-01
3.124154508113861084e-01
-1.021893501281738281e+00
-8.709842562675476074e-01
-7.705043554306030273e-01
5.345655679702758789e-01
1.489241600036621094e+00
-6.104675531387329102e-01
-4.215640723705291748e-01
9.627052545547485352e-01
5.715083479881286621e-01
9.550253748893737793e-01
6.876945495605468750e-01
4.990978240966796875e-01
-4.183692634105682373e-01
-9.522929042577743530e-02
1.479453206062316895e+00
-8.742790222167968750e-01
-1.186565384268760681e-01
1.367253065109252930e-01
1.843206584453582764e-01
3.329579830169677734e-01
9.916434288024902344e-01
8.649756312370300293e-01
-1.953691482543945312e+00
1.468763053417205811e-01
-4.801944196224212646e-01
-3.132395505905151367e+00
9.729350209236145020e-01
-9.971219897270202637e-01
2.652615512488409877e-05
2.911663055419921875e-01
-4.166369438171386719e-01
7.368967533111572266e-01
-1.494460463523864746e+00
-1.718473285436630249e-01
2.282843440771102905e-01
-5.236104130744934082e-01
4.102139770984649658e-01
5.534158349037170410e-01
-4.166635917499661446e-04
-2.668530046939849854e-01
3.230881094932556152e-01
1.391097068786621094e+00
7.818136811256408691e-01
1.226632952690124512e+00
5.290410667657852173e-02
-7.666343450546264648e-01
4.618327915668487549e-01
-8.391912281513214111e-02
-1.209640383720397949e+00
2.449835687875747681e-01
-9.617262482643127441e-01
-2.588769197463989258e-01
5.822633951902389526e-02
6.192160844802856445e-01
-2.195314884185791016e+00
4.810587763786315918e-01
1.270262122154235840e+00
-1.013293027877807617e+00
-3.484115898609161377e-01
1.830154538154602051e+00
5.994983911514282227e-01
-9.323513507843017578e-01
4.392779171466827393e-01
-1.271422147750854492e+00
-1.222807288169860840e+00
-6.192287802696228027e-01
-6.099553108215332031e-01
4.958880543708801270e-01
-4.294247031211853027e-01
1.947787106037139893e-01
-3.959106504917144775e-01
-5.534126162528991699e-01
9.464846849441528320e-01
-3.026956319808959961e-01
4.632830321788787842e-01
6.026505231857299805e-01
-1.434332966804504395e+00
1.041573643684387207e+00
-3.805184662342071533e-01
6.304212808609008789e-01
-1.012094855308532715e+00
-4.888038039207458496e-01
1.746439933776855469e-01
4.498179852962493896e-01
-6.096838116645812988e-01
2.785777449607849121e-01
-3.730427026748657227e-01
-9.146571159362792969e-03
1.222135424613952637e+00
1.300453424453735352e+00
-5.788545012474060059e-01
9.068163037300109863e-01
1.025868207216262817e-01
-2.802612185478210449e-01
2.277934998273849487e-01
1.924175381660461426e+00
2.440464973449707031e+00
-8.525081872940063477e-01
5.729221701622009277e-01
1.885921061038970947e-01
1.117076054215431213e-01
-1.737940758466720581e-01
-4.964355826377868652e-01
-1.644435167312622070e+00
-1.209750249981880188e-01
4.562245607376098633e-01
2.361135631799697876e-01
2.347433865070343018e-01
-2.368852645158767700e-01
3.651290535926818848e-01
6.476746797561645508e-01
-1.883922070264816284e-01
1.823542863130569458e-01
-1.118538826704025269e-01
-6.882132887840270996e-01
-8.752765655517578125e-01
1.925274878740310669e-01
4.483480751514434814e-01
-3.616909384727478027e-01
-3.596209287643432617e-01
-7.352668642997741699e-01
-4.267705678939819336e-01
-1.287544846534729004e+00
-1.894005537033081055e-01
-4.125396609306335449e-01
1.011851549148559570e+00
1.472709327936172485e-01
5.776686668395996094e-01
1.853628903627395630e-01
-2.393537282943725586e+00
5.118798017501831055e-01
4.984012246131896973e-01
7.426632046699523926e-01
2.165581285953521729e-01
-9.287946820259094238e-01
-1.460381507873535156e+00
-3.724935948848724365e-01
4.068701863288879395e-01
-3.473129570484161377e-01
-8.501966595649719238e-01
7.901550531387329102e-01
1.177870154380798340e+00
1.269997805356979370e-01
-5.887734293937683105e-01
3.002775907516479492e-01
5.712288022041320801e-01
-6.824283599853515625e-01
-5.415372848510742188e-01
-1.073596477508544922e-01
-4.811074137687683105e-01
-1.262764573097229004e+00
1.056957915425300598e-01
-3.224225342273712158e-01
9.832249283790588379e-01
1.006926968693733215e-01
3.808393776416778564e-01
2.734212577342987061e-01
-1.112207412719726562e+00
1.350945591926574707e+00
7.733175903558731079e-02
8.179034590721130371e-01
5.343651175498962402e-01
5.152149200439453125e-01
-9.936879873275756836e-01
5.829269886016845703e-01
2.894174121320247650e-02
-2.429751604795455933e-01
2.078739553689956665e-01
8.638343811035156250e-01
-4.407501816749572754e-01
-1.540780663490295410e+00
3.737988770008087158e-01
7.612286210060119629e-01
4.525494575500488281e+00
-1.306668996810913086e+00
1.488895118236541748e-01
6.081557869911193848e-01
-9.265587329864501953e-01
-6.399345993995666504e-01
-6.339311003684997559e-01
1.252491921186447144e-01
6.635317206382751465e-02
-5.470688343048095703e-01
-2.116215378046035767e-01
1.269284784793853760e-01
-1.491601347923278809e+00
3.085350990295410156e-01
7.077495455741882324e-01
3.347335159778594971e-01
4.154055118560791016e-01
-8.683997988700866699e-01
-7.666913419961929321e-02
9.084947109222412109e-01
4.767128825187683105e-01
-6.134436130523681641e-01
7.421386837959289551e-01
1.823487281799316406e-01
-3.901434242725372314e-01
-9.651569128036499023e-01
-3.534732162952423096e-01
2.955505251884460449e-01
8.502280712127685547e-01
1.362051665782928467e-01
-9.363434910774230957e-01
2.421218901872634888e-01
-1.199824571609497070e+00
1.503128051757812500e+00
-4.034020602703094482e-01
1.999804051592946053e-03
-3.122150152921676636e-02
-2.729015946388244629e-01
1.330894827842712402e+00
-4.386485517024993896e-01
-1.065613389015197754e+00
-9.787783026695251465e-01
-1.504977822303771973e+00
-1.851870119571685791e-01
3.918557465076446533e-01
-1.471256256103515625e+00
2.192491590976715088e-01
5.817053318023681641e-01
-4.174938797950744629e-01
-5.023406147956848145e-01
-1.054237261414527893e-01
-3.473345041275024414e-01
1.209280267357826233e-01
-1.218847393989562988e+00
-2.309042215347290039e-01
-2.313435375690460205e-01
-1.177979350090026855e+00
-6.731731295585632324e-01
-8.041572570800781250e-01
7.669534087181091309e-01
-2.392477542161941528e-02
9.392524957656860352e-01
-8.753829002380371094e-01
-1.263710975646972656e+00
-6.268135905265808105e-01
-2.728251814842224121e-01
-6.709554791450500488e-01
-9.736953377723693848e-01
-4.564281404018402100e-01
-1.337408185005187988e+00
6.674078106880187988e-01
-5.798010826110839844e-01
-1.098222374916076660e+00
4.329739212989807129e-01
-3.362351059913635254e-01
-5.421574115753173828e-01
-1.147380948066711426e+00
-2.425215989351272583e-01
7.781466245651245117e-01
4.654656946659088135e-01
7.554815411567687988e-01
-1.272845625877380371e+00
1.303982138633728027e+00
2.238439470529556274e-01
-1.098215937614440918e+00
1.775664836168289185e-01
-1.383311390876770020e+00
-2.263676166534423828e+00
5.939660072326660156e-01
8.570075035095214844e-02
1.102133393287658691e+00
-2.476029992103576660e-01
-4.930581748485565186e-01
2.031394541263580322e-01
-1.897610127925872803e-01
4.147662222385406494e-01
-8.497552275657653809e-01
9.820969104766845703e-01
2.292749404907226562e+00
7.448029518127441406e-01
-5.077986717224121094e-01
2.969560325145721436e-01
-6.305485367774963379e-01
2.070989847183227539e+00
-3.074747920036315918e-01
8.162622451782226562e-01
2.259276062250137329e-01
5.288811922073364258e-01
-4.151526391506195068e-01
-3.794339597225189209e-01
7.353881597518920898e-01
6.776438951492309570e-01
2.500479817390441895e-01
-4.038926959037780762e-01
2.546700835227966309e-02
1.756343841552734375e-01
7.380169034004211426e-01
1.973718255758285522e-01
9.176722168922424316e-01
1.546994149684906006e-01
1.380462795495986938e-01
-2.296034693717956543e-01
-9.094999432563781738e-01
