8.132694959640502930e-01
7.038154602050781250e-01
2.304170876741409302e-01
-7.897043824195861816e-01
2.364709675312042236e-01
-3.440974950790405273e-01
-3.620847463607788086e-01
1.824592649936676025e-01
-7.914969921112060547e-01
5.154618024826049805e-01
8.131452202796936035e-01
-1.093565344810485840e+00
8.617094755172729492e-01
-1.153749972581863403e-02
-6.182993054389953613e-01
-1.493224740028381348e+00
-4.819732010364532471e-01
-4.681416153907775879e-01
7.089711725711822510e-02
7.203918099403381348e-01
1.618761539459228516e+00
-2.757777571678161621e-01
6.234394907951354980e-01
-4.570320248603820801e-01
6.952070593833923340e-01
-5.782068967819213867e-01
-6.285189390182495117e-01
1.596262305974960327e-02
-1.275257468223571777e+00
-5.198756456375122070e-01
-1.324502706527709961e+00
-4.780168533325195312e-01
-1.223709106445312500e+00
3.393086791038513184e-01
-1.591814160346984863e+00
-1.196713089942932129e+00
3.018933832645416260e-01
-1.705941557884216309e+00
1.837921328842639923e-02
6.651319861412048340e-01
-2.828323841094970703e-01
-1.638450860977172852e+00
1.937751919031143188e-01
7.838501334190368652e-01
5.034048557281494141e-01
-3.413721919059753418e-01
8.306890130043029785e-01
4.865151345729827881e-01
1.169439911842346191e+00
1.755243301391601562e+00
-1.522782375104725361e-03
-8.649519681930541992e-01
-8.294293880462646484e-01
-1.764570921659469604e-01
1.212363019585609436e-01
-1.205576777458190918e+00
-5.569270849227905273e-01
-2.791268825531005859e-01
-5.949054956436157227e-01
-4.110980331897735596e-01
1.440461993217468262e+00
8.555166125297546387e-01
3.491411730647087097e-02
6.599677354097366333e-02
2.801137566566467285e-01
1.677024364471435547e-01
4.763996303081512451e-01
3.474937975406646729e-01
9.218882322311401367e-01
5.397164821624755859e-01
-6.329124569892883301e-01
8.865725994110107422e-01
-1.091420203447341919e-01
-8.510515689849853516e-01
-9.068664908409118652e-01
7.961597442626953125e-01
1.553881764411926270e-01
1.213379859924316406e+00
-6.816809624433517456e-02
6.255061626434326172e-01
-1.036229133605957031e-01
-1.188640743494033813e-01
-1.786425471305847168e+00
-9.441893100738525391e-01
-6.109915971755981445e-01
6.944357156753540039e-01
4.468942582607269287e-01
-7.962524890899658203e-01
-4.739365577697753906e-01
-2.536415308713912964e-02
-1.242833018302917480e+00
-1.485885620117187500e+00
-1.024701833724975586e+00
8.035741448402404785e-01
-1.377262830734252930e+00
-2.345827221870422363e-01
3.791335821151733398e-01
1.490964770317077637e+00
-1.321017384529113770e+00
-1.372637897729873657e-01
-8.243945240974426270e-01
-1.924207657575607300e-01
5.793234109878540039e-01
-1.167855739593505859e+00
-8.625349402427673340e-01
-5.028192996978759766e-01
-1.218458414077758789e+00
1.193630456924438477e+00
2.502339780330657959e-01
-2.363420277833938599e-01
-6.375710964202880859e-01
4.625890552997589111e-01
3.429301679134368896e-01
-1.591354370117187500e+00
-8.666698336601257324e-01
-9.552329778671264648e-02
-4.007459580898284912e-01
-1.372659206390380859e+00
-1.351114511489868164e-01
6.331081390380859375e-01
1.343344330787658691e+00
1.218132138252258301e+00
-1.385139346122741699e+00
8.785941600799560547e-01
1.225000143051147461e+00
-1.694806814193725586e-01
1.074384808540344238e+00
-6.372382640838623047e-01
-1.988431811332702637e+00
-4.092724323272705078e-01
2.717338502407073975e-01
-4.663336575031280518e-01
-4.363444447517395020e-02
-9.508567452430725098e-01
-5.976433157920837402e-01
1.287135034799575806e-01
4.828584194183349609e-01
-8.876516222953796387e-01
-1.470366001129150391e+00
8.424583077430725098e-02
8.710822463035583496e-01
-2.886371910572052002e-01
1.567262887954711914e+00
1.479962468147277832e-01
-1.039916992187500000e+00
7.256730794906616211e-01
-2.760698199272155762e-01
-1.077850341796875000e+00
-5.621930956840515137e-01
-1.338614821434020996e+00
8.986714482307434082e-01
-5.818764865398406982e-02
-1.748323589563369751e-01
-2.315903902053833008e-01
1.150936484336853027e+00
-2.198390513658523560e-01
-3.304662704467773438e-01
2.817743122577667236e-01
1.090804487466812134e-01
4.339899122714996338e-01
-7.827290147542953491e-02
-2.500994503498077393e-01
1.997609734535217285e-01
-4.348773956298828125e-01
6.576710343360900879e-01
-9.054257869720458984e-01
-6.862128973007202148e-01
7.725122570991516113e-02
4.705684185028076172e-01
-2.616983950138092041e-01
-4.593621790409088135e-01
-1.211117744445800781e+00
-1.938760519027709961e+00
1.632830381393432617e+00
5.558218806982040405e-03
4.139075279235839844e-01
5.867452025413513184e-01
7.190136909484863281e-01
-6.170226335525512695e-01
1.994747400283813477e+00
-1.358320936560630798e-02
2.290763258934020996e-01
-1.456804513931274414e+00
2.530413269996643066e-01
1.430480360984802246e+00
-3.539191484451293945e-01
-1.609560251235961914e-01
-8.007927536964416504e-01
9.424674510955810547e-01
2.967140376567840576e-01
5.520979762077331543e-01
-5.883390307426452637e-01
-1.192865014076232910e+00
1.715753674507141113e+00
-7.721692323684692383e-01
-4.875611513853073120e-02
-1.881054490804672241e-01
3.717154264450073242e-01
4.157970845699310303e-01
-6.328867673873901367e-01
1.210977077484130859e+00
8.769176006317138672e-01
7.089517712593078613e-01
-1.414819002151489258e+00
1.301009804010391235e-01
4.116741418838500977e-01
3.713419437408447266e-01
-1.354713201522827148e+00
1.388176441192626953e+00
-1.062997460365295410e+00
4.709891509264707565e-03
-1.353359341621398926e+00
1.538898706436157227e+00
-9.988631606101989746e-01
1.248597741127014160e+00
6.470139622688293457e-01
2.767042815685272217e-01
-7.185897976160049438e-02
1.744655817747116089e-01
-7.014807462692260742e-01
6.271187067031860352e-01
2.778065502643585205e-01
9.644979238510131836e-01
4.677538275718688965e-01
1.086626887321472168e+00
-1.614865958690643311e-01
1.201810836791992188e-01
-2.657773792743682861e-01
-3.339344859123229980e-01
-1.232618570327758789e+00
4.251334071159362793e-02
-5.969982147216796875e-01
7.135532051324844360e-02
7.753857374191284180e-01
1.986751258373260498e-01
1.902995556592941284e-01
2.976243495941162109e-01
-1.704885005950927734e+00
-8.145459890365600586e-01
-8.183603882789611816e-01
1.907062232494354248e-01
-1.669573187828063965e-01
-1.660184144973754883e+00
6.635012030601501465e-01
-1.158069849014282227e+00
-2.366169169545173645e-02
3.097393512725830078e-01
1.084868073463439941e+00
7.068503499031066895e-01
6.167982220649719238e-01
-2.379915118217468262e-01
-4.469713568687438965e-01
-4.032567739486694336e-01
-8.800535202026367188e-01
1.955287814140319824e+00
2.916067540645599365e-01
-1.416434198617935181e-01
-5.866456404328346252e-02
-1.607277691364288330e-01
1.424710750579833984e-01
-7.150158286094665527e-02
3.833054900169372559e-01
1.146470427513122559e+00
-1.366630077362060547e+00
-5.961282253265380859e-01
8.671545982360839844e-01
-4.972270131111145020e-01
-1.358516514301300049e-01
2.624125480651855469e+00
1.733165793120861053e-02
3.299356698989868164e-01
1.175559043884277344e+00
3.044950366020202637e-01
3.021840453147888184e-01
-5.559180974960327148e-01
2.011719495058059692e-01
3.904509544372558594e-02
-6.328796148300170898e-01
5.866395831108093262e-01
-5.487715601921081543e-01
7.292450070381164551e-01
1.770319491624832153e-01
2.057731337845325470e-02
4.118647575378417969e-01
1.201683402061462402e+00
-1.325219422578811646e-01
9.900410473346710205e-02
-2.905557677149772644e-02
1.905080080032348633e+00
-7.230397462844848633e-01
-1.456469655036926270e+00
6.662466526031494141e-01
4.635376930236816406e-01
-2.960912942886352539e+00
-2.262488901615142822e-01
-3.389796912670135498e-01
-5.811577439308166504e-01
-5.457235574722290039e-01
5.622557401657104492e-01
-2.543534636497497559e-01
2.016229629516601562e-01
-8.965798020362854004e-01
1.820599079132080078e+00
2.475407421588897705e-01
9.890737533569335938e-01
6.255852580070495605e-01
2.898452579975128174e-01
-1.020902514457702637e+00
2.388978302478790283e-01
4.146145582199096680e-01
-1.639232516288757324e+00
6.132405996322631836e-01
-9.477851390838623047e-01
1.272995114326477051e+00
-1.013756632804870605e+00
-3.987626135349273682e-01
9.716489315032958984e-01
6.020493060350418091e-02
3.972031474113464355e-01
3.298092484474182129e-01
-1.101537108421325684e+00
-5.763354897499084473e-01
1.748588919639587402e+00
1.790684908628463745e-01
6.100043654441833496e-01
8.095455169677734375e-01
-7.016331553459167480e-01
-2.698706984519958496e-01
-7.725107669830322266e-01
-2.015784978866577148e-01
-4.802935719490051270e-01
-6.786345243453979492e-01
-2.625269889831542969e-01
1.317857354879379272e-01
1.052490949630737305e+00
-6.866838932037353516e-01
-1.009218692779541016e+00
-5.737130045890808105e-01
1.329476594924926758e+00
-5.294214487075805664e-01
-5.907053947448730469e-01
-3.144064545631408691e-01
4.847587645053863525e-01
3.300459086894989014e-01
1.004101276397705078e+00
1.658333539962768555e-01
-6.657853126525878906e-01
1.094021201133728027e+00
-7.543545961380004883e-01
-1.086552381515502930e+00
-1.503081440925598145e+00
-2.902046740055084229e-01
5.510028004646301270e-01
-5.911654829978942871e-01
-3.688043057918548584e-01
-3.958626687526702881e-01
-7.722916007041931152e-01
-1.155790448188781738e+00
-8.298961073160171509e-02
1.784455537796020508e+00
-2.244819551706314087e-01
-6.634069085121154785e-01
1.604449868202209473e+00
-2.356350570917129517e-01
-8.618939518928527832e-01
4.967063367366790771e-01
1.757077336311340332e+00
-3.236185610294342041e-01
-8.486146330833435059e-01
6.342833638191223145e-01
5.767745971679687500e-01
-4.214936196804046631e-01
-1.055170655250549316e+00
1.413423895835876465e+00
-1.285427957773208618e-01
-2.666251361370086670e-01
-5.470880270004272461e-01
2.808794975280761719e-01
7.293016463518142700e-02
-3.441003262996673584e-01
6.692315936088562012e-01
6.289561390876770020e-01
-3.782281577587127686e-01
-6.306865215301513672e-01
-1.061964035034179688e+00
5.478547811508178711e-01
-5.968925729393959045e-02
3.063142299652099609e-01
9.802552461624145508e-01
1.450696140527725220e-01
2.809829473495483398e+00
6.305407881736755371e-01
5.221356153488159180e-01
-8.457964658737182617e-01
3.388783931732177734e-01
-1.053684830665588379e+00
-9.181360006332397461e-01
2.739298939704895020e-01
-4.407219886779785156e-01
3.007791042327880859e-01
7.770848870277404785e-01
-1.362440705299377441e+00
3.889900147914886475e-01
-8.012876510620117188e-01
-6.977128386497497559e-01
4.453439712524414062e-01
-9.485804438591003418e-01
5.649641752243041992e-01
8.553764224052429199e-02
-1.443650424480438232e-01
1.133405715227127075e-01
-1.754859983921051025e-01
-6.318498849868774414e-01
5.310763716697692871e-01
7.170658707618713379e-01
1.591404080390930176e+00
-3.869325518608093262e-01
1.515233159065246582e+00
-6.740680336952209473e-01
4.176070690155029297e-01
-1.199213027954101562e+00
-1.439878225326538086e+00
-2.973977625370025635e-01
4.756809473037719727e-01
-3.713850975036621094e-01
-1.400641947984695435e-01
-4.392264783382415771e-01
-4.491377994418144226e-02
5.838210135698318481e-02
-2.377501875162124634e-01
-5.344260931015014648e-01
4.358215630054473877e-01
3.941812813282012939e-01
-1.080954313278198242e+00
-1.215963840484619141e+00
-6.228989362716674805e-02
9.437791705131530762e-01
6.891368031501770020e-01
-1.357707381248474121e-01
5.427133440971374512e-01
1.433671265840530396e-01
1.529841423034667969e+00
-9.686465561389923096e-02
-2.752414643764495850e-01
1.576888374984264374e-02
-9.993220567703247070e-01
-1.542061418294906616e-01
-8.606653809547424316e-01
-1.177961230278015137e+00
-9.669540822505950928e-02
-1.388195991516113281e+00
-9.121012091636657715e-01
1.274460315704345703e+00
-5.516239404678344727e-01
-3.558877408504486084e-01
-4.647828042507171631e-01
-6.941720098257064819e-02
7.364721298217773438e-01
-6.664740443229675293e-01
-1.101300954818725586e+00
-5.230926275253295898e-01
-3.452428802847862244e-02
-6.166917085647583008e-01
2.914391458034515381e-01
3.905483707785606384e-02
3.169392943382263184e-01
3.722646832466125488e-01
1.119145035743713379e+00
2.459806948900222778e-01
4.662493765354156494e-01
-1.577431410551071167e-01
3.842199919745326042e-03
-2.325178533792495728e-01
-3.203429877758026123e-01
9.332850575447082520e-01
-1.439258903264999390e-01
1.477352857589721680e+00
-1.367439776659011841e-01
-6.048693656921386719e-01
4.309967756271362305e-01
1.185707092285156250e+00
-3.183469772338867188e-01
3.097871243953704834e-01
1.388964891433715820e+00
2.458289265632629395e-01
-1.427617073059082031e-01
1.227274090051651001e-01
-4.622367918491363525e-01
-8.678032755851745605e-01
1.920429617166519165e-01
7.410891652107238770e-01
1.150569081306457520e+00
-3.127937316894531250e-01
6.917304992675781250e-01
-3.220979273319244385e-01
1.159941077232360840e+00
-1.178834795951843262e+00
-2.774848699569702148e+00
-8.100408129394054413e-03
-3.945720791816711426e-01
6.003822684288024902e-01
-9.603875130414962769e-02
3.276335597038269043e-01
1.014592409133911133e+00
-9.630461931228637695e-01
1.378047913312911987e-01
1.391679793596267700e-01
-7.220010757446289062e-01
-5.102380514144897461e-01
4.772487580776214600e-01
5.730961561203002930e-01
-1.619433760643005371e-01
5.608447194099426270e-01
5.533218979835510254e-01
1.112247467041015625e+00
1.538450837135314941e+00
-9.975028038024902344e-01
3.886882066726684570e-01
1.257912635803222656e+00
-7.140203714370727539e-01
-3.736665546894073486e-01
-2.461538016796112061e-01
-1.743131875991821289e+00
5.957684013992547989e-03
2.307867258787155151e-01
-1.079521104693412781e-01
-9.658334255218505859e-01
1.128638982772827148e+00
-3.213410079479217529e-01
-7.246873378753662109e-01
3.683628141880035400e-01
2.477797031402587891e+00
5.751572251319885254e-01
1.787593662738800049e-01
9.888432919979095459e-02
-1.329373240470886230e+00
-1.868080496788024902e-01
-6.226148456335067749e-02
-1.403606176376342773e+00
4.674494862556457520e-01
7.395702004432678223e-01
1.399274617433547974e-01
-3.331756889820098877e-01
-9.436549544334411621e-01
3.741393387317657471e-01
-4.591195881366729736e-01
5.582452416419982910e-01
1.063981771469116211e+00
-1.169759869575500488e+00
1.234358906745910645e+00
4.318192899227142334e-01
-6.588791310787200928e-02
-9.654737114906311035e-01
5.128250718116760254e-01
2.224324047565460205e-01
4.216324090957641602e-01
5.134389996528625488e-01
1.045616984367370605e+00
-5.740764737129211426e-01
-8.722124993801116943e-02
6.049673557281494141e-01
1.417691707611083984e+00
-1.041972875595092773e+00
-1.119676828384399414e+00
1.429639458656311035e-01
1.065840944647789001e-01
-1.855441629886627197e-01
2.517888545989990234e-01
1.629882574081420898e+00
-1.198360085487365723e+00
1.164086237549781799e-01
3.295678496360778809e-01
-6.977688670158386230e-01
-9.244772195816040039e-01
-2.011448889970779419e-01
-2.371790558099746704e-01
1.402799040079116821e-01
8.608045428991317749e-02
9.019901752471923828e-01
-5.623517632484436035e-01
-1.325400590896606445e+00
8.655635714530944824e-01
3.026315867900848389e-01
1.256415992975234985e-01
4.857305586338043213e-01
-1.017153337597846985e-01
-1.321427941322326660e+00
-5.311227440834045410e-01
4.909088909626007080e-01
5.230640172958374023e-01
-9.583510458469390869e-02
6.061295270919799805e-01
-3.080361783504486084e-01
-2.543834224343299866e-02
-4.955471754074096680e-01
4.714623093605041504e-01
7.070357799530029297e-01
2.546646296977996826e-01
9.001166373491287231e-02
4.069753885269165039e-01
6.402778625488281250e-02
-5.692391395568847656e-01
1.007331132888793945e+00
3.135317564010620117e-01
1.124308943748474121e+00
-9.260511398315429688e-01
-4.073877334594726562e-01
-1.888109445571899414e+00
-6.245719194412231445e-01
1.039787054061889648e+00
-3.609573841094970703e-01
-1.230905503034591675e-01
6.075147166848182678e-02
-4.692027270793914795e-01
-3.406655192375183105e-01
-7.890928387641906738e-01
-7.389011383056640625e-01
-6.205109357833862305e-01
6.213246583938598633e-01
-2.031554654240608215e-02
-1.992345154285430908e-01
9.225956201553344727e-01
-1.229862928390502930e+00
8.130116760730743408e-02
8.596252202987670898e-01
1.000080943107604980e+00
-7.899169623851776123e-02
1.013189077377319336e+00
1.007391691207885742e+00
1.054018735885620117e-01
1.317899107933044434e+00
8.094946146011352539e-01
9.227285981178283691e-01
9.939143657684326172e-01
-3.624980151653289795e-01
-5.964747071266174316e-01
-5.281791687011718750e-01
-1.153528332710266113e+00
-4.545605778694152832e-01
7.963608503341674805e-01
-5.341321229934692383e-01
6.321117877960205078e-01
-9.897902607917785645e-01
5.165779590606689453e-01
-1.022169470787048340e+00
3.011523962020874023e+00
-4.355476200580596924e-01
5.710429549217224121e-01
-3.128445744514465332e-01
-2.418640553951263428e-01
-5.704014301300048828e-01
-3.092224001884460449e-01
-7.884865999221801758e-01
-9.538902044296264648e-01
9.702178835868835449e-02
1.679306328296661377e-01
2.644681930541992188e-01
-9.840940237045288086e-01
5.740112662315368652e-01
3.890248537063598633e-01
-7.167614698410034180e-01
3.576307594776153564e-01
5.842515826225280762e-02
-6.144322752952575684e-01
9.391420483589172363e-01
-3.814382553100585938e-01
7.722172737121582031e-01
3.277652561664581299e-01
1.182534813880920410e+00
7.004881501197814941e-01
-1.250285506248474121e+00
3.460619747638702393e-01
7.133425474166870117e-01
2.343754529953002930e+00
-1.851074248552322388e-01
2.983920276165008545e-01
-7.037981152534484863e-01
-6.442574262619018555e-01
-1.079022809863090515e-01
-2.302501946687698364e-01
3.768532350659370422e-02
4.098088443279266357e-01
-4.953892230987548828e-01
3.209872171282768250e-02
-6.804535388946533203e-01
1.040969610214233398e+00
-7.939451336860656738e-01
-1.116488456726074219e+00
1.168448090553283691e+00
1.009829789400100708e-01
-2.015155315399169922e+00
4.126354157924652100e-01
6.810231804847717285e-01
-5.093995854258537292e-02
-4.853254556655883789e-01
-5.845291018486022949e-01
7.491374611854553223e-01
-5.480563044548034668e-01
6.221958994865417480e-02
8.496811985969543457e-01
-6.858365982770919800e-02
-1.169135093688964844e+00
-1.884585767984390259e-01
9.233475327491760254e-01
9.950305223464965820e-01
-1.404477208852767944e-01
1.312117934226989746e+00
-6.727161407470703125e-01
-1.289681196212768555e+00
1.914049088954925537e-01
-3.691529035568237305e-01
-9.514698386192321777e-02
-5.907849073410034180e-01
-1.532560110092163086e+00
-8.959419727325439453e-01
1.194780945777893066e+00
-4.488978981971740723e-01
-9.179261326789855957e-01
1.195029258728027344e+00
-3.202468454837799072e-01
-6.584442853927612305e-01
1.022365465760231018e-01
-1.078246951103210449e+00
-2.766692042350769043e-01
2.172515541315078735e-01
-1.055139899253845215e+00
-7.515732944011688232e-02
7.487803101539611816e-01
-2.573265433311462402e-01
-2.275419831275939941e-01
1.303940117359161377e-01
-3.161838054656982422e-01
-9.355060458183288574e-01
1.902006007730960846e-02
5.487439632415771484e-01
7.703160047531127930e-01
-4.512829780578613281e-01
7.486535310745239258e-01
1.214432597160339355e+00
-1.801489591598510742e-01
5.967217087745666504e-01
-9.926726222038269043e-01
1.007180094718933105e+00
1.727114081382751465e+00
-1.445733457803726196e-01
-1.165476217865943909e-01
-1.234844684600830078e+00
-1.170659899711608887e+00
1.296611189842224121e+00
-1.759843975305557251e-01
8.532954454421997070e-01
-8.229423761367797852e-01
-1.150839924812316895e+00
-6.905655264854431152e-01
-5.637158751487731934e-01
2.595217525959014893e-01
-5.978467464447021484e-01
8.210313320159912109e-02
-5.949923396110534668e-01
-2.615712881088256836e-01
-2.274137586355209351e-01
4.616796076297760010e-01
1.635390371084213257e-01
5.781585574150085449e-01
2.701606750488281250e-01
-8.783203363418579102e-01
-4.282702803611755371e-01
6.907368898391723633e-01
