1.584826827049255371e+00
1.658419847488403320e+00
1.935416609048843384e-01
-5.292976498603820801e-01
-4.911077618598937988e-01
3.092026114463806152e-01
4.212963283061981201e-01
-7.593017220497131348e-01
-1.846527814865112305e+00
-2.364900827407836914e+00
7.795668393373489380e-02
-6.550998687744140625e-01
7.765117883682250977e-01
-8.629845082759857178e-02
-1.096756339073181152e+00
-2.343044579029083252e-01
4.108797013759613037e-01
-1.009978950023651123e-01
-1.722087413072586060e-01
-1.032377243041992188e+00
-1.118073225021362305e+00
-7.506052851676940918e-01
-2.774775028228759766e-01
2.787571847438812256e-01
1.493301272392272949e+00
-3.909252882003784180e-01
-4.473806023597717285e-01
4.792281091213226318e-01
-1.664591193199157715e+00
-3.495400846004486084e-01
-2.660683393478393555e+00
5.108247995376586914e-01
-1.341237425804138184e+00
-6.428710371255874634e-02
-2.142057567834854126e-01
-7.377090454101562500e-01
-7.652068734169006348e-01
-2.062636137008666992e+00
9.397912770509719849e-02
1.069274425506591797e+00
-1.664047241210937500e+00
-7.923177480697631836e-01
-5.643187761306762695e-01
1.035655021667480469e+00
7.408809661865234375e-01
1.410996675491333008e+00
-7.175778150558471680e-01
-8.643380999565124512e-01
-8.288881182670593262e-01
8.382074832916259766e-01
-1.757627487182617188e+00
-4.802231490612030029e-02
-1.123591542243957520e+00
-2.367655783891677856e-01
-3.780677318572998047e-01
-4.710918068885803223e-01
8.059767484664916992e-01
-2.569993734359741211e-01
-1.097200155258178711e+00
3.585833311080932617e-01
-4.671119749546051025e-01
8.243286013603210449e-01
-3.297797143459320068e-01
3.011967837810516357e-01
2.920485734939575195e-01
-3.435095846652984619e-01
2.360276877880096436e-01
-2.444083094596862793e-01
2.839877307415008545e-01
-2.593593358993530273e+00
-1.300014555454254150e-01
9.553447961807250977e-01
-2.813467681407928467e-01
-5.904321670532226562e-01
5.676860809326171875e-01
1.172803282737731934e+00
-1.228072866797447205e-01
1.026779651641845703e+00
7.586961984634399414e-01
1.348217129707336426e+00
-3.343903124332427979e-01
6.789879798889160156e-01
-1.199437856674194336e+00
3.530844748020172119e-01
-6.143155694007873535e-02
-5.707348138093948364e-02
-6.572602689266204834e-02
1.276581525802612305e+00
-8.523280620574951172e-01
8.505108952522277832e-02
-1.651443839073181152e+00
-8.634790778160095215e-01
1.055652856826782227e+00
7.342328429222106934e-01
-4.018602371215820312e-01
5.904173254966735840e-01
8.285095095634460449e-01
1.242216587066650391e+00
-5.742839574813842773e-01
7.939413785934448242e-01
1.440201640129089355e+00
4.935273230075836182e-01
1.304966658353805542e-01
4.559956789016723633e-01
-4.299997091293334961e-01
-4.394450783729553223e-01
-1.884652733802795410e+00
5.315046906471252441e-01
-2.410130649805068970e-01
7.690279483795166016e-01
6.157239675521850586e-01
9.896518588066101074e-01
-1.565469026565551758e+00
-1.343706488609313965e+00
-2.527937889099121094e-01
1.498781740665435791e-01
-5.914900898933410645e-01
5.699590444564819336e-01
1.135473623871803284e-01
6.952434778213500977e-02
-1.439832746982574463e-01
-3.218473494052886963e-01
-2.939792156219482422e+00
1.684243440628051758e+00
1.910936832427978516e-01
9.324313998222351074e-01
-5.911262035369873047e-01
5.521963834762573242e-01
-1.030170440673828125e+00
-1.055839776992797852e+00
1.380052864551544189e-01
-1.304552555084228516e+00
-5.108267664909362793e-01
-1.649628758430480957e+00
-9.630784392356872559e-01
-1.597758531570434570e+00
3.623894453048706055e-01
9.385749697685241699e-01
-1.424996733665466309e+00
-4.470963478088378906e-01
4.882819354534149170e-01
1.248420834541320801e+00
-1.951079070568084717e-01
-7.027488350868225098e-01
-4.518137276172637939e-01
5.425617694854736328e-01
-7.979042530059814453e-01
-1.613439321517944336e+00
3.894362151622772217e-01
9.980605244636535645e-01
1.017039060592651367e+00
8.062280714511871338e-02
7.857237458229064941e-01
-5.116038918495178223e-01
7.396878004074096680e-01
-9.473708271980285645e-01
-1.469321131706237793e+00
1.020800948143005371e+00
-4.743542969226837158e-01
7.883244156837463379e-01
4.109868705272674561e-01
2.329685539007186890e-01
-5.130339264869689941e-01
-1.154231309890747070e+00
-4.128643572330474854e-01
-1.525740027427673340e+00
-2.405518740415573120e-01
1.029524579644203186e-01
1.489024013280868530e-01
-2.315083593130111694e-01
-8.656573295593261719e-01
-1.030347704887390137e+00
-4.760389626026153564e-01
1.174953937530517578e+00
1.733465343713760376e-01
2.977672815322875977e-01
6.895031929016113281e-01
6.257219910621643066e-01
-3.691859841346740723e-01
1.539940476417541504e+00
-1.000097319483757019e-01
-8.662278056144714355e-01
-8.924111127853393555e-01
-1.977399736642837524e-02
2.079537659883499146e-01
-1.381726264953613281e+00
3.415400683879852295e-01
-7.808839082717895508e-01
7.395117878913879395e-01
-2.289766669273376465e-01
-5.192810893058776855e-01
-2.834691107273101807e-01
-4.844409227371215820e-01
6.970207691192626953e-01
2.757514119148254395e-01
-1.689471155405044556e-01
5.278761386871337891e-01
-6.083540916442871094e-01
9.709475636482238770e-01
1.082810014486312866e-01
2.190401107072830200e-01
1.188382983207702637e+00
1.068593025207519531e+00
5.460328459739685059e-01
1.703679561614990234e+00
-4.612457454204559326e-01
-7.932711839675903320e-01
-4.540375992655754089e-02
5.490372329950332642e-02
1.937846690416336060e-01
6.022326946258544922e-01
5.464534759521484375e-01
3.593777716159820557e-01
-7.362881302833557129e-01
-9.108200669288635254e-01
-7.126370072364807129e-01
-1.517977595329284668e+00
3.409228026866912842e-01
-5.659871101379394531e-01
1.250137209892272949e+00
1.081738233566284180e+00
4.518168866634368896e-01
7.053245902061462402e-01
3.117310404777526855e-01
-5.235165357589721680e-01
-9.248019456863403320e-01
1.043138623237609863e+00
1.879973709583282471e-01
-6.515612006187438965e-01
-6.752013564109802246e-01
-3.799304366111755371e-01
1.433008760213851929e-01
-6.916826963424682617e-01
2.202817201614379883e+00
6.731459498405456543e-01
3.794749081134796143e-01
1.121163606643676758e+00
3.504630923271179199e-02
-8.875511288642883301e-01
-4.616293013095855713e-01
3.194975852966308594e-01
4.746981263160705566e-01
-2.125909477472305298e-01
1.101003885269165039e+00
-1.861837744712829590e+00
-3.736993968486785889e-01
-8.233983516693115234e-01
2.509560585021972656e-01
-7.814393192529678345e-02
-5.375263690948486328e-01
-1.957816183567047119e-01
-6.256999969482421875e-01
-4.747596681118011475e-01
-1.404477119445800781e+00
1.656277060508728027e+00
-4.313554465770721436e-01
4.345417022705078125e-01
-3.735084533691406250e-01
-3.468876779079437256e-01
1.183087110519409180e+00
5.814012140035629272e-02
-1.253984451293945312e+00
2.087195396423339844e+00
-1.648693084716796875e-01
-9.360433816909790039e-01
3.635057508945465088e-01
1.741963863372802734e+00
-8.496028184890747070e-02
3.372180223464965820e+00
1.019762396812438965e+00
-5.649375915527343750e-01
-3.749236762523651123e-01
1.340308904647827148e+00
1.497087121009826660e+00
-7.436220645904541016e-01
1.647866368293762207e+00
1.707127809524536133e+00
3.423979878425598145e-01
1.411523580551147461e+00
-6.594737768173217773e-01
2.096820920705795288e-01
-7.729927897453308105e-01
5.601363182067871094e-01
-1.151784136891365051e-01
-6.407165527343750000e-01
-2.697141170501708984e-01
7.910385131835937500e-01
7.570175826549530029e-02
1.014815866947174072e-01
-2.047397196292877197e-01
-9.417586922645568848e-01
5.249325037002563477e-01
2.645961940288543701e-01
-9.248862862586975098e-01
6.352621316909790039e-01
-6.060857176780700684e-01
6.698024272918701172e-01
1.050841927528381348e+00
-4.743549227714538574e-01
-6.323350667953491211e-01
9.064565300941467285e-01
-3.554551005363464355e-01
7.093752622604370117e-01
1.403710126876831055e+00
1.785459399223327637e+00
1.561510086059570312e+00
1.537191718816757202e-01
-1.205221652984619141e+00
-2.940948121249675751e-02
-2.045640200376510620e-01
4.029530882835388184e-01
-1.754209399223327637e+00
-2.101485878229141235e-01
-6.392579674720764160e-01
-6.394431740045547485e-02
5.806241557002067566e-02
1.172060847282409668e+00
5.173755884170532227e-01
5.542008280754089355e-01
9.146893620491027832e-01
-1.939778923988342285e-01
5.033279061317443848e-01
9.551787376403808594e-01
-4.594348371028900146e-01
-1.829084157943725586e-01
-2.173793762922286987e-01
-1.005409359931945801e+00
-1.385069936513900757e-01
-2.386331409215927124e-01
7.085373997688293457e-01
6.744223237037658691e-01
9.753235429525375366e-02
2.393381357192993164e+00
8.351235091686248779e-02
3.115677535533905029e-01
-6.015424132347106934e-01
4.828644543886184692e-02
-1.412479877471923828e+00
1.091671109199523926e+00
-2.965562641620635986e-01
-4.225351214408874512e-01
-3.290465474128723145e-01
1.087120294570922852e+00
4.131926000118255615e-01
-5.671643614768981934e-01
1.124047994613647461e+00
-1.342417001724243164e+00
-2.212337106466293335e-01
1.278766542673110962e-01
5.929663777351379395e-02
-1.432343721389770508e+00
-3.612373173236846924e-01
1.060442686080932617e+00
1.661366224288940430e-01
-1.406373023986816406e+00
-1.058314561843872070e+00
-4.341719448566436768e-01
-1.137522459030151367e+00
-5.021461248397827148e-01
9.700869321823120117e-01
5.066627264022827148e-01
-6.214521527290344238e-01
-6.165084838867187500e-01
-8.293094038963317871e-01
4.099360704421997070e-01
-1.351517885923385620e-01
9.903995990753173828e-01
2.408272773027420044e-01
1.913990378379821777e+00
-2.168400138616561890e-01
1.102558732032775879e+00
-6.509464383125305176e-01
-1.298033118247985840e+00
6.482354402542114258e-01
1.101219534873962402e+00
1.015298604965209961e+00
6.680487394332885742e-01
-1.399777889251708984e+00
-6.024009585380554199e-01
1.016802906990051270e+00
2.992795407772064209e-01
-3.978940844535827637e-01
3.731943964958190918e-01
-6.969343423843383789e-01
-5.670437216758728027e-01
-3.722244501113891602e-01
1.063996851444244385e-01
-1.107059836387634277e+00
1.559758663177490234e+00
-7.893652915954589844e-01
5.213999748229980469e-01
-2.455568611621856689e-01
8.418606519699096680e-01
-2.144656181335449219e+00
1.181081771850585938e+00
-6.597333550453186035e-01
-1.062890887260437012e+00
1.108539462089538574e+00
1.076959609985351562e+00
4.609230458736419678e-01
8.661162853240966797e-01
-9.070546627044677734e-01
-4.743225276470184326e-01
-2.086317539215087891e+00
-7.703216075897216797e-01
-6.984195113182067871e-01
-3.054115734994411469e-02
2.931785881519317627e-01
-8.397994041442871094e-01
-7.251338958740234375e-01
-5.863146185874938965e-01
4.550174474716186523e-01
5.530501008033752441e-01
7.127224206924438477e-01
1.612603068351745605e+00
2.446247637271881104e-01
9.385894536972045898e-01
5.894157886505126953e-01
-1.325451880693435669e-01
1.021757125854492188e+00
1.206048503518104553e-01
-1.169457435607910156e+00
7.951934933662414551e-01
1.095678925514221191e+00
-3.413515388965606689e-01
2.747527360916137695e-01
-9.671964049339294434e-01
-1.248814761638641357e-01
-2.264551877975463867e+00
1.437761187553405762e-01
-7.338939905166625977e-01
5.211565494537353516e-01
1.339742422103881836e+00
7.125937938690185547e-02
2.841818928718566895e-01
-3.132898509502410889e-01
-5.217895507812500000e-01
4.466322660446166992e-01
6.478547453880310059e-01
2.400314211845397949e-01
-1.942204125225543976e-02
-5.218704342842102051e-01
-6.729648113250732422e-01
-6.685277223587036133e-01
-1.001762032508850098e+00
8.744759857654571533e-02
-7.429335713386535645e-01
-1.138025403022766113e+00
-1.032280802726745605e+00
-6.403529047966003418e-01
-8.995858430862426758e-01
-8.139065504074096680e-01
2.001465857028961182e-01
-1.228908181190490723e+00
3.439489305019378662e-01
-6.797712296247482300e-02
2.287122756242752075e-01
1.778069496154785156e+00
3.456244766712188721e-01
-6.274458169937133789e-01
6.073312163352966309e-01
-9.357071518898010254e-01
5.420179367065429688e-01
1.618825554847717285e+00
8.052327632904052734e-01
-1.344403028488159180e+00
2.703299522399902344e-01
1.639452338218688965e+00
-5.059211254119873047e-01
-1.184204965829849243e-01
3.925604224205017090e-01
1.679156273603439331e-01
-6.314389407634735107e-02
9.740303158760070801e-01
-5.892807841300964355e-01
-4.242310523986816406e-01
7.781152129173278809e-01
-8.645529150962829590e-01
-1.146604776382446289e+00
1.016003847122192383e+00
1.368965387344360352e+00
4.073571264743804932e-01
-1.043206214904785156e+00
1.107897996902465820e+00
6.913239359855651855e-01
2.621794044971466064e-01
7.016427516937255859e-01
-1.093171119689941406e+00
-2.613584510982036591e-02
-1.636869013309478760e-01
-3.741228282451629639e-01
2.023426771163940430e+00
1.252499938011169434e+00
-4.583825543522834778e-02
-1.152589559555053711e+00
-1.606783747673034668e+00
-9.579313993453979492e-01
-2.578532218933105469e+00
-2.229773551225662231e-01
4.320352971553802490e-01
1.226862311363220215e+00
-3.158774375915527344e-01
-1.495136767625808716e-01
1.424618482589721680e+00
-6.466358304023742676e-01
-2.023004889488220215e-01
-1.099025487899780273e+00
-3.977609276771545410e-01
5.269631743431091309e-01
1.399718403816223145e+00
6.398209333419799805e-01
9.365475773811340332e-01
1.419068455696105957e+00
4.436584711074829102e-01
-2.013032883405685425e-01
-6.637433078140020370e-03
-1.399964243173599243e-01
4.847468808293342590e-02
-1.229992322623729706e-02
-6.338167786598205566e-01
-6.154805421829223633e-01
-3.732331097126007080e-01
-8.762047290802001953e-01
-1.630461364984512329e-01
1.372259017080068588e-02
-3.635125756263732910e-01
-1.776555538177490234e+00
5.009586811065673828e-01
1.523063302040100098e+00
-5.420442819595336914e-01
-1.021269679069519043e+00
9.636374711990356445e-01
9.911978840827941895e-01
-1.433944702148437500e+00
-5.475668907165527344e-01
-5.063364505767822266e-01
2.118838131427764893e-01
-4.756008982658386230e-01
-1.552895426750183105e+00
-1.545875817537307739e-01
-9.390349388122558594e-01
1.524672210216522217e-01
-2.142823040485382080e-01
-8.427452445030212402e-01
-1.907323151826858521e-01
-1.463540196418762207e-01
8.828077912330627441e-01
7.677132487297058105e-01
-8.650348186492919922e-01
-4.097846746444702148e-01
1.000868435949087143e-02
4.144946634769439697e-01
-9.571266174316406250e-01
-4.758773148059844971e-01
5.257477164268493652e-01
7.861256599426269531e-01
-1.066836595535278320e+00
9.023493528366088867e-01
-1.816548407077789307e-01
-7.387253046035766602e-01
-7.552245166152715683e-03
1.021656036376953125e+00
3.330327570438385010e-01
6.348008513450622559e-01
7.756524682044982910e-01
7.485818862915039062e-01
6.880482435226440430e-01
6.993925571441650391e-01
1.380356907844543457e+00
-4.748890995979309082e-01
2.423855960369110107e-01
9.071572422981262207e-01
-4.393299520015716553e-01
-1.233917117118835449e+00
1.142065048217773438e+00
-2.844241559505462646e-01
-3.508625328540802002e-01
-5.759979486465454102e-01
1.113688230514526367e+00
5.742509961128234863e-01
-2.373237162828445435e-01
5.856046080589294434e-01
5.822768211364746094e-01
1.014223575592041016e+00
1.096513152122497559e+00
-7.285994291305541992e-01
-1.366402983665466309e+00
-1.144544005393981934e+00
-2.790441513061523438e-01
-1.491589993238449097e-01
1.184787135571241379e-02
-1.176492094993591309e+00
-5.641384124755859375e-01
7.338624596595764160e-01
2.525728046894073486e-01
-4.697385430335998535e-01
-1.551674753427505493e-01
4.074519276618957520e-01
-9.086169600486755371e-01
7.423486709594726562e-01
-5.811046361923217773e-01
-1.227302193641662598e+00
-1.651423126459121704e-01
7.893111705780029297e-01
1.341262459754943848e+00
-1.369725942611694336e+00
-6.126241087913513184e-01
-6.793460845947265625e-01
-2.306384146213531494e-01
-3.819964230060577393e-01
-6.097940802574157715e-01
3.607402443885803223e-01
1.290698647499084473e+00
-7.153495550155639648e-01
-1.496911048889160156e+00
2.447661459445953369e-01
-7.805709261447191238e-03
-2.566639706492424011e-02
-6.384669989347457886e-02
4.018462896347045898e-01
6.634131669998168945e-01
1.055351495742797852e+00
-1.176102161407470703e+00
2.374282598495483398e+00
-1.690952897071838379e+00
-2.660004496574401855e-01
6.296002864837646484e-01
6.121863722801208496e-01
6.282084584236145020e-01
-1.025293350219726562e+00
-2.792432904243469238e-01
6.585491895675659180e-01
5.368064045906066895e-01
8.320684432983398438e-01
6.452729701995849609e-01
8.743891865015029907e-02
1.005119323730468750e+00
6.212725639343261719e-01
-5.496355518698692322e-02
8.602299094200134277e-01
-1.255654096603393555e+00
7.341368794441223145e-01
-2.997798621654510498e-01
8.737329244613647461e-01
9.009026736021041870e-02
-1.436536550521850586e+00
-1.213728547096252441e+00
1.210940703749656677e-01
1.496677875518798828e+00
-2.074704021215438843e-01
-1.703368306159973145e+00
-2.512746155261993408e-01
1.782279491424560547e+00
-1.065467149019241333e-01
5.503289103507995605e-01
-9.751192927360534668e-01
-5.339291691780090332e-01
-1.625919818878173828e+00
1.283860683441162109e+00
1.288610696792602539e+00
-1.367783695459365845e-01
-8.910821676254272461e-01
2.724768221378326416e-02
-7.694923281669616699e-01
-1.594099402427673340e-01
7.958471179008483887e-01
7.018271833658218384e-02
1.027630925178527832e+00
3.821911513805389404e-01
-1.559931635856628418e+00
2.354704588651657104e-01
6.420507431030273438e-01
5.466903448104858398e-01
1.186372041702270508e+00
1.871073991060256958e-01
-7.276933193206787109e-01
-4.290765225887298584e-01
-3.099725246429443359e-01
1.476308703422546387e+00
1.384616550058126450e-02
-3.208838999271392822e-01
-6.986437737941741943e-02
5.052923560142517090e-01
-1.760923187248408794e-03
-1.567161798477172852e+00
-3.472108393907546997e-02
-9.799222648143768311e-02
4.811643064022064209e-01
5.369291901588439941e-01
1.089566946029663086e+00
-4.236813187599182129e-01
-6.366459131240844727e-01
-3.419851958751678467e-01
-1.237983703613281250e+00
3.170967698097229004e-01
6.971213817596435547e-01
-8.694778084754943848e-01
5.432446002960205078e-01
-2.351482026278972626e-02
8.234688639640808105e-01
2.734646201133728027e-01
2.880717217922210693e-01
-6.443750113248825073e-02
7.127348780632019043e-01
3.022280335426330566e-01
2.578606903553009033e-01
1.301844477653503418e+00
7.214307188987731934e-01
1.563384979963302612e-01
-5.417395234107971191e-01
9.112881124019622803e-02
-1.382975935935974121e+00
-2.422348037362098694e-02
-1.279375553131103516e+00
-1.704475998878479004e+00
-3.071026504039764404e-01
-2.386690527200698853e-01
-1.495714545249938965e+00
1.561746358871459961e+00
-9.273846745491027832e-01
-2.882745862007141113e-01
-9.962205886840820312e-01
-6.100314259529113770e-01
1.195640325546264648e+00
-1.407037854194641113e+00
3.112344741821289062e-01
1.300459653139114380e-01
7.258567810058593750e-01
1.938994169235229492e+00
-2.781199514865875244e-01
-4.057733714580535889e-01
-2.886712253093719482e-01
4.877553284168243408e-01
9.743716567754745483e-02
1.148433566093444824e+00
1.443688720464706421e-01
1.660609543323516846e-01
-2.047403343021869659e-02
7.634448409080505371e-01
1.718799471855163574e-01
-7.255606651306152344e-01
-4.641349613666534424e-01
1.639775633811950684e+00
1.397744536399841309e+00
1.132146120071411133e+00
-1.667996287345886230e+00
5.510658621788024902e-01
-7.978346943855285645e-01
2.329013943672180176e-01
1.288165748119354248e-01
-1.784456670284271240e-01
5.090327858924865723e-01
-1.700365304946899414e+00
3.141566812992095947e-01
-1.456133008003234863e+00
1.697512388229370117e+00
-2.685497760772705078e+00
-2.977209985256195068e-01
-1.627104997634887695e+00
-3.518735989928245544e-02
-3.988238573074340820e-01
1.937712728977203369e-02
-7.454062104225158691e-01
5.929104089736938477e-01
-1.933213323354721069e-02
-1.020766139030456543e+00
-2.526873350143432617e-01
-4.300959110260009766e-01
