4.723922312259674072e-01
-4.437992274761199951e-01
-1.117042422294616699e+00
4.721873998641967773e-01
-3.397486209869384766e-01
-2.378587424755096436e-01
8.804330974817276001e-02
3.623144626617431641e-01
5.175696611404418945e-01
7.370468378067016602e-01
5.536290407180786133e-01
7.414548844099044800e-02
-7.836580872535705566e-01
-5.349258184432983398e-01
-6.357347965240478516e-01
-3.953322768211364746e-01
-1.121261954307556152e+00
-9.823293685913085938e-01
7.063716053962707520e-01
3.928004801273345947e-01
1.087756156921386719e-01
-1.282359473407268524e-02
9.317153692245483398e-01
1.537276268005371094e+00
5.180572867393493652e-01
-1.221718072891235352e+00
-1.345712065696716309e+00
1.288694888353347778e-01
2.767790257930755615e-01
6.290717124938964844e-01
8.855534195899963379e-01
1.284314036369323730e+00
-1.143897891044616699e+00
1.432645916938781738e+00
-2.371674962341785431e-02
-3.887020349502563477e-01
-6.504009366035461426e-01
1.494574695825576782e-01
5.567737296223640442e-02
-6.560665369033813477e-01
-2.154477685689926147e-01
-8.235679268836975098e-01
-2.741611003875732422e-01
-3.398768231272697449e-02
-1.594081163406372070e+00
7.649926934391260147e-03
2.616994082927703857e-01
4.208913743495941162e-01
-1.416420817375183105e+00
1.984798908233642578e-01
-2.167526245117187500e+00
-1.515068531036376953e+00
-3.042219579219818115e-01
-6.638372540473937988e-01
-3.342148363590240479e-01
-1.360550820827484131e-01
-1.608562707901000977e+00
-1.011697888374328613e+00
3.106030523777008057e-01
1.297409057617187500e+00
3.035673201084136963e-01
-1.051185205578804016e-01
1.027356743812561035e+00
-1.804283261299133301e+00
9.473425745964050293e-01
7.902317643165588379e-01
-9.752997756004333496e-02
-2.702288925647735596e-01
-1.846933662891387939e-01
1.997728496789932251e-01
5.218636393547058105e-01
3.642322719097137451e-01
-4.869889318943023682e-01
-1.558040142059326172e+00
4.375502169132232666e-01
1.231511235237121582e+00
8.791419267654418945e-01
-9.375649094581604004e-01
-1.200787663459777832e+00
1.274863958358764648e+00
1.092862486839294434e+00
2.831549048423767090e-01
-1.107162117958068848e+00
2.702524065971374512e-01
-3.722920119762420654e-01
7.634666562080383301e-01
4.898175597190856934e-03
-2.584452629089355469e-01
-1.190201759338378906e+00
-2.137162387371063232e-01
9.849581718444824219e-01
-8.971782922744750977e-01
5.475750565528869629e-01
8.051076531410217285e-01
-6.852635145187377930e-01
1.630418896675109863e-01
-6.145386695861816406e-01
3.008862137794494629e-01
5.573699474334716797e-01
-3.429336845874786377e-01
-1.591260313987731934e+00
-9.050465226173400879e-01
-5.604005455970764160e-01
-7.234030961990356445e-01
-1.919966697692871094e+00
-1.111137628555297852e+00
-1.550756245851516724e-01
-9.488921761512756348e-01
-6.635708212852478027e-01
-1.966317892074584961e+00
8.026936054229736328e-01
1.064298152923583984e+00
-1.040505409240722656e+00
3.079064786434173584e-01
8.427585959434509277e-01
-5.583956241607666016e-01
-4.964874684810638428e-01
-1.819935441017150879e+00
-1.680436134338378906e-01
2.554724514484405518e-01
3.919410705566406250e-01
1.831719726324081421e-01
8.285883069038391113e-01
9.213546514511108398e-01
3.565132319927215576e-01
6.918864250183105469e-01
1.323680400848388672e+00
1.190357089042663574e+00
5.318328365683555603e-02
-1.882182598114013672e+00
-3.929215073585510254e-01
-1.296954393386840820e+00
-1.820873618125915527e+00
-1.938875764608383179e-01
-1.000814884901046753e-01
-3.912212252616882324e-01
-1.018218547105789185e-01
-1.267697334289550781e+00
3.038729727268218994e-01
-7.066511511802673340e-01
7.064790725708007812e-01
4.442031681537628174e-01
1.971639513969421387e+00
1.157168745994567871e+00
-7.060168683528900146e-02
9.142594337463378906e-01
-9.870969653129577637e-01
8.553731441497802734e-02
-3.006747364997863770e-01
5.299370288848876953e-01
8.574492335319519043e-01
7.339834570884704590e-01
1.519741058349609375e+00
-1.424157857894897461e+00
3.174147903919219971e-01
-9.154306054115295410e-01
3.075295388698577881e-01
-2.551616132259368896e-01
-5.276913046836853027e-01
-1.808694750070571899e-01
3.482084870338439941e-01
3.344683945178985596e-01
3.371238708496093750e-01
-1.822829395532608032e-01
-1.210045933723449707e+00
8.288256525993347168e-01
-8.053326606750488281e-01
-5.786246806383132935e-02
-4.337893053889274597e-02
-6.125563383102416992e-01
-1.428463101387023926e+00
-6.283894777297973633e-01
-2.534856796264648438e-01
7.183589935302734375e-01
-1.463982701301574707e+00
7.884017229080200195e-01
5.865270495414733887e-01
-2.213762253522872925e-01
-6.276143789291381836e-01
1.599118828773498535e+00
7.722582221031188965e-01
2.198948860168457031e+00
4.165295660495758057e-01
5.821102857589721680e-01
-3.084165155887603760e-01
-1.238095909357070923e-01
-1.856915712356567383e+00
2.833830118179321289e-01
-7.045639157295227051e-01
1.066019654273986816e+00
1.122301444411277771e-01
-3.277985751628875732e-01
8.212024569511413574e-01
-2.197805494070053101e-01
1.454416513442993164e-01
-5.556953325867652893e-02
-1.242590188980102539e+00
5.851129293441772461e-01
4.100682958960533142e-02
-1.029796957969665527e+00
7.920778989791870117e-01
-1.204544782638549805e+00
6.258479356765747070e-01
-3.852552175521850586e-01
1.011480808258056641e+00
4.075831770896911621e-01
1.021057128906250000e+00
1.227937698364257812e+00
3.073665201663970947e-01
-9.272134900093078613e-01
2.083917260169982910e-01
-1.636480838060379028e-01
1.266819357872009277e+00
1.661466717720031738e+00
8.492754697799682617e-01
-3.475923538208007812e-01
3.958510398864746094e+00
-3.811977505683898926e-01
-1.208750128746032715e+00
-9.401652961969375610e-02
-9.309835731983184814e-02
5.195472240447998047e-01
6.555613279342651367e-01
8.184915184974670410e-01
-3.058177232742309570e+00
4.462031126022338867e-01
3.212998211383819580e-01
-1.071056425571441650e-01
7.754578590393066406e-01
-1.178485155105590820e+00
-1.058854699134826660e+00
-4.363157153129577637e-01
-7.924748063087463379e-01
4.340413510799407959e-01
-6.260745972394943237e-02
-8.346010446548461914e-01
1.787420362234115601e-01
-1.288930177688598633e-01
-1.870414376258850098e+00
1.710205554962158203e+00
4.378674924373626709e-01
-1.422273874282836914e+00
-9.274213574826717377e-03
1.767946004867553711e+00
-8.561314344406127930e-01
-2.281178236007690430e-01
-5.551733970642089844e-01
1.325295805931091309e+00
-2.340744994580745697e-02
-2.344071269035339355e-01
7.175468206405639648e-01
-6.839289665222167969e-01
2.147532254457473755e-01
-1.451613187789916992e+00
1.701150655746459961e+00
1.886505126953125000e+00
-1.426709771156311035e+00
1.269170641899108887e-01
2.736061215400695801e-01
3.119854032993316650e-01
-2.552240490913391113e-01
2.217215299606323242e-01
-1.127867817878723145e+00
-1.048149228096008301e+00
-2.721548318862915039e+00
-5.450009107589721680e-01
-3.925768136978149414e-01
2.805894017219543457e-01
1.616004467010498047e+00
-5.820456147193908691e-02
-2.792654931545257568e-02
-8.246584981679916382e-02
2.792747020721435547e-01
-8.695839643478393555e-01
9.878610968589782715e-01
3.634848073124885559e-02
1.471423625946044922e+00
-1.161911725997924805e+00
1.735579729080200195e+00
1.909754276275634766e+00
-6.026369929313659668e-01
-6.682398170232772827e-02
5.197728872299194336e-01
1.018178462982177734e+00
2.042896747589111328e+00
4.899383708834648132e-02
-6.108047962188720703e-01
7.559552788734436035e-01
-2.030060052871704102e+00
-6.857770085334777832e-01
-1.070037841796875000e+00
-2.500442564487457275e-01
2.544505596160888672e-01
-9.902137517929077148e-01
5.410733222961425781e-01
-9.280885457992553711e-01
1.681423187255859375e-01
-7.527334690093994141e-01
1.586474180221557617e-01
1.209180355072021484e+00
3.505253493785858154e-01
-6.206908226013183594e-01
1.607493758201599121e+00
2.045774310827255249e-01
2.019204944372177124e-01
-3.489168882369995117e-01
2.131958901882171631e-01
2.692157328128814697e-01
8.988588452339172363e-01
6.229135394096374512e-01
-1.713963985443115234e+00
-8.989504575729370117e-01
-5.477452874183654785e-01
5.861355662345886230e-01
5.048033967614173889e-02
-3.945740461349487305e-01
2.724092304706573486e-01
1.396283268928527832e+00
8.111083507537841797e-01
-5.063552856445312500e-01
-7.994486093521118164e-01
1.722102403640747070e+00
1.780833244323730469e+00
-7.778512835502624512e-01
6.661254763603210449e-01
-1.200277447700500488e+00
4.348128437995910645e-01
-6.665761470794677734e-01
1.119084715843200684e+00
-1.212934628129005432e-01
6.321930289268493652e-01
-7.900620102882385254e-01
-4.152483642101287842e-01
-4.171757400035858154e-02
-8.075184822082519531e-01
-1.048141941428184509e-01
9.983271360397338867e-01
-2.786769568920135498e-01
5.015833377838134766e-01
-1.253640770912170410e+00
-1.335939764976501465e-02
-4.156613349914550781e-01
9.461985230445861816e-01
-6.371881365776062012e-01
-5.944367647171020508e-01
8.233971595764160156e-01
-1.819687247276306152e+00
-1.867612749338150024e-01
3.419524729251861572e-01
-5.035371184349060059e-01
-6.118490099906921387e-01
1.164423346519470215e+00
5.716583132743835449e-01
-1.015068531036376953e+00
-8.430730700492858887e-01
2.550784647464752197e-01
-8.979996442794799805e-01
-1.017967462539672852e+00
-5.079314112663269043e-01
6.691519021987915039e-01
-9.275720715522766113e-01
9.917612373828887939e-02
2.979888617992401123e-01
-6.917071938514709473e-01
-1.570015072822570801e+00
-8.907734155654907227e-01
1.824418663978576660e+00
-8.591704368591308594e-01
-5.348306894302368164e-01
3.190126419067382812e-01
1.102559447288513184e+00
4.796655476093292236e-01
-1.071637868881225586e-01
1.523057579994201660e+00
-3.944601416587829590e-01
1.345690935850143433e-01
4.323154091835021973e-01
1.047274231910705566e+00
-9.624416828155517578e-01
5.607872605323791504e-01
8.790666460990905762e-01
9.213287830352783203e-01
-1.349350064992904663e-01
-2.758988738059997559e-01
4.109765589237213135e-02
2.990015596151351929e-02
4.903464019298553467e-01
3.185319304466247559e-01
6.655920147895812988e-01
-3.266991376876831055e-01
1.083142995834350586e+00
1.889411687850952148e+00
-2.911891341209411621e-01
6.111316084861755371e-01
1.104728817939758301e+00
-9.789780974388122559e-01
-1.405097126960754395e+00
-3.476461172103881836e-01
-4.497618228197097778e-02
-1.289299130439758301e+00
4.170641601085662842e-01
-8.484545946121215820e-01
9.660758376121520996e-01
-9.655986428260803223e-01
4.156340956687927246e-01
1.779828816652297974e-01
-3.496482372283935547e-01
1.377657413482666016e+00
-1.227787882089614868e-01
-8.237493634223937988e-01
-9.764266014099121094e-02
1.517241358757019043e+00
3.162220120429992676e-01
-3.495816588401794434e-01
-1.281861782073974609e+00
1.385304689407348633e+00
-2.619839608669281006e-01
-9.721605181694030762e-01
-6.219969391822814941e-01
6.446233987808227539e-01
3.370572924613952637e-01
-6.439357399940490723e-01
1.113375186920166016e+00
-3.681211769580841064e-01
-6.596720218658447266e-01
8.908963203430175781e-02
-7.218872904777526855e-01
7.807058691978454590e-01
-9.330660104751586914e-01
1.209424972534179688e+00
2.579002976417541504e-01
2.987160980701446533e-01
6.108443737030029297e-01
7.249407004565000534e-03
4.774500131607055664e-01
-5.067967176437377930e-01
4.583607316017150879e-01
1.639041781425476074e+00
2.817524075508117676e-01
1.299319505691528320e+00
2.356304377317428589e-01
8.676105737686157227e-01
3.985536694526672363e-01
-1.000607013702392578e+00
-2.268452197313308716e-01
-4.078160226345062256e-01
4.366149604320526123e-01
-2.790389060974121094e-01
5.237269997596740723e-01
6.378670036792755127e-02
5.183504819869995117e-01
-8.594593405723571777e-02
3.580086529254913330e-01
-5.219025611877441406e-01
-1.301805734634399414e+00
2.821173071861267090e-01
-2.285687774419784546e-01
1.879838705062866211e+00
-5.245079994201660156e-01
-6.292099356651306152e-01
-1.557508260011672974e-01
3.511787056922912598e-01
-5.297702550888061523e-01
2.034124851226806641e+00
1.465507388114929199e+00
-1.187602996826171875e+00
4.883159399032592773e-01
4.228806197643280029e-01
-1.622353553771972656e+00
-2.787235379219055176e-01
-6.367282867431640625e-01
4.693316519260406494e-01
-4.893151819705963135e-01
1.889147013425827026e-01
2.078656256198883057e-01
4.694606363773345947e-02
1.345553398132324219e+00
2.776246517896652222e-02
-1.296655416488647461e+00
-9.643380045890808105e-01
-5.717147141695022583e-02
-1.780260652303695679e-01
-3.893006443977355957e-01
1.219924092292785645e+00
-6.583023071289062500e-01
-2.514044009149074554e-02
-2.312732785940170288e-01
-1.278412938117980957e+00
1.574777126312255859e+00
-6.000601649284362793e-01
1.854302763938903809e+00
5.426262617111206055e-01
-2.863584756851196289e-01
4.147709310054779053e-01
1.086925715208053589e-01
-5.207765698432922363e-01
-1.582788825035095215e+00
-3.415616035461425781e+00
8.127753734588623047e-01
2.991744503378868103e-02
-6.737114787101745605e-01
4.793010950088500977e-01
1.078167438507080078e+00
1.265361547470092773e+00
-2.312677502632141113e-01
-4.778056442737579346e-01
-5.921283364295959473e-01
2.913795113563537598e-01
1.362991452217102051e+00
7.555798292160034180e-01
2.532142447307705879e-03
-3.824779093265533447e-01
-7.207019329071044922e-01
-3.813339471817016602e-01
1.321808844804763794e-01
4.519849121570587158e-01
-1.057320833206176758e+00
5.445123314857482910e-01
4.620200395584106445e-02
4.394378066062927246e-01
8.775969147682189941e-01
-3.604540824890136719e-01
2.996577322483062744e-01
6.380895972251892090e-01
-5.986224114894866943e-02
-2.176683098077774048e-01
-1.034823179244995117e+00
-3.162996172904968262e-01
-1.939786970615386963e-01
-1.712333410978317261e-01
-7.301548719406127930e-01
4.978725314140319824e-02
2.140703678131103516e+00
8.455953598022460938e-01
6.299929022789001465e-01
-1.358785986900329590e+00
-2.639431953430175781e-01
-4.888196885585784912e-01
-2.087921619415283203e+00
9.526330046355724335e-03
2.743127048015594482e-01
3.418667614459991455e-01
1.345876574516296387e+00
-2.214372856542468071e-03
1.588358163833618164e+00
5.288875102996826172e-01
2.068495988845825195e+00
7.483608126640319824e-01
1.008334517478942871e+00
-3.229797482490539551e-01
-8.082699775695800781e-01
-8.239349722862243652e-01
-2.789913117885589600e-01
-4.619951248168945312e-01
1.134454488754272461e+00
1.394694447517395020e+00
-2.008931875228881836e+00
-3.514960408210754395e-01
-2.114696353673934937e-01
-3.619888424873352051e-01
8.253076076507568359e-01
2.006071329116821289e+00
4.440509080886840820e-01
1.031034469604492188e+00
-7.632878422737121582e-01
1.611872017383575439e-01
-1.316713392734527588e-01
7.446089982986450195e-01
1.048136651515960693e-01
2.108458280563354492e-01
7.117355465888977051e-01
6.196073293685913086e-01
-3.294978141784667969e-01
8.147196173667907715e-01
1.678318858146667480e+00
-7.557516694068908691e-01
6.618970632553100586e-01
-4.078681766986846924e-01
2.564594984054565430e+00
-3.785046190023422241e-02
-8.150593638420104980e-01
8.578372001647949219e-01
1.659739464521408081e-01
6.718399524688720703e-01
-1.053588837385177612e-01
1.278659105300903320e-01
-5.510289072990417480e-01
-1.404179453849792480e+00
-9.255920648574829102e-01
4.150582477450370789e-02
2.127244919538497925e-01
4.082355499267578125e-01
-3.657564222812652588e-01
2.622937224805355072e-02
7.563453316688537598e-01
2.745463550090789795e-01
9.422171115875244141e-01
-1.061896562576293945e+00
-1.198578119277954102e+00
-9.801533818244934082e-01
-3.029355108737945557e-01
-6.216303110122680664e-01
1.284938454627990723e+00
1.851367950439453125e-01
-6.696091294288635254e-01
-2.067388296127319336e+00
1.139012932777404785e+00
-1.328326344490051270e+00
-1.210740447044372559e+00
-4.222481548786163330e-01
-7.560896873474121094e-01
6.771678328514099121e-01
1.432575583457946777e+00
-1.108917832374572754e+00
-1.388180136680603027e+00
-2.785577178001403809e-01
-1.197472333908081055e+00
-9.448701739311218262e-01
-1.157963424921035767e-01
-3.626747131347656250e-01
-1.546057015657424927e-01
4.888481274247169495e-02
-8.262326568365097046e-02
8.246604800224304199e-01
-1.257782459259033203e+00
4.138320088386535645e-01
-1.173204332590103149e-01
-2.070674598217010498e-01
9.262984395027160645e-01
5.062774419784545898e-01
-1.662405252456665039e+00
4.971017241477966309e-01
1.320533275604248047e+00
1.127275943756103516e+00
9.770779609680175781e-01
-1.196313858032226562e+00
7.353148609399795532e-02
-1.219684481620788574e+00
-9.046729803085327148e-01
5.714900493621826172e-01
-6.994620561599731445e-01
-5.218156576156616211e-01
1.835701912641525269e-01
8.389632105827331543e-01
-5.293461680412292480e-01
2.383502483367919922e+00
-9.719556570053100586e-01
-7.276062965393066406e-01
1.534206271171569824e-01
1.505494415760040283e-01
1.081925556063652039e-01
-4.376847445964813232e-01
-2.002098321914672852e+00
5.025606751441955566e-01
-1.029395535588264465e-01
-3.281735658645629883e+00
-6.670545935630798340e-01
-2.921620845794677734e+00
-8.704487681388854980e-01
-3.784851431846618652e-01
9.656524658203125000e-01
3.699794784188270569e-02
5.828888341784477234e-02
-4.122532904148101807e-01
2.522399127483367920e-01
-6.912884116172790527e-01
1.149116873741149902e+00
8.105818927288055420e-02
1.817850947380065918e+00
-2.018337726593017578e+00
-1.654977202415466309e-01
1.651876270771026611e-01
7.420771121978759766e-01
7.975979447364807129e-01
7.894180417060852051e-01
-5.839191675186157227e-01
1.332977890968322754e+00
-1.023155212402343750e+00
-1.225609540939331055e+00
-1.558921188116073608e-01
7.196040451526641846e-02
2.608845829963684082e-01
3.482961058616638184e-01
5.381488800048828125e-01
9.597775340080261230e-02
-1.229696035385131836e+00
-1.409670472145080566e+00
1.015823185443878174e-01
-3.795258283615112305e+00
1.036143079400062561e-01
-1.352170467376708984e+00
-2.084686279296875000e+00
1.299148321151733398e+00
-2.321807444095611572e-01
-8.875536322593688965e-01
3.358712792396545410e-01
3.835037052631378174e-01
5.136331915855407715e-01
-5.294944047927856445e-01
2.071843862533569336e+00
-1.561117291450500488e+00
-1.335020661354064941e+00
1.860405504703521729e-01
9.329601526260375977e-01
-6.683718562126159668e-01
9.017857909202575684e-01
3.233774662017822266e+00
-3.521128594875335693e-01
-2.783941268920898438e+00
1.410718321800231934e+00
-1.245067358016967773e+00
-3.031858056783676147e-02
1.711341500282287598e+00
6.377360820770263672e-01
-1.489712357521057129e+00
5.154313445091247559e-01
7.835348844528198242e-01
-1.015547037124633789e+00
-9.916337132453918457e-01
-5.268966313451528549e-03
-9.424683451652526855e-01
-9.473907351493835449e-01
-1.180674195289611816e+00
9.606672525405883789e-01
3.648454248905181885e-01
9.350006580352783203e-01
-2.569695711135864258e+00
-4.210772365331649780e-02
-7.261736392974853516e-01
-6.596801877021789551e-01
1.126802563667297363e+00
-1.774136424064636230e+00
-4.122274219989776611e-01
-8.376396447420120239e-02
1.430171489715576172e+00
1.414095640182495117e+00
-6.935174763202667236e-02
8.156844377517700195e-01
1.765623569488525391e+00
-8.679585456848144531e-01
5.792615190148353577e-02
-7.177599072456359863e-01
6.234384179115295410e-01
1.454088330268859863e+00
-2.060452401638031006e-01
-8.443691730499267578e-01
-9.627937674522399902e-01
-9.417216777801513672e-01
6.600065231323242188e-01
1.190991759300231934e+00
-9.347422719001770020e-01
-5.760849118232727051e-01
-1.444047212600708008e+00
3.254017531871795654e-01
-1.412806566804647446e-02
1.510352849960327148e+00
-5.313588976860046387e-01
6.834314465522766113e-01
1.218008279800415039e+00
1.303622245788574219e+00
-4.390848278999328613e-01
7.215021848678588867e-01
-1.345688104629516602e+00
6.507145762443542480e-01
8.768330812454223633e-01
-5.435232520103454590e-01
-8.400190472602844238e-01
8.624663949012756348e-01
