4.777230620384216309e-01
1.669631004333496094e+00
6.347114443778991699e-01
-3.078956902027130127e-01
-9.082669615745544434e-01
-5.939158201217651367e-01
-1.512733697891235352e+00
-7.149084806442260742e-01
-8.432009220123291016e-01
-2.620672881603240967e-01
4.598360061645507812e-01
-6.852357387542724609e-01
1.084643840789794922e+00
-5.204687714576721191e-01
-2.531749010086059570e-01
-1.363674283027648926e+00
-5.371534228324890137e-01
1.217807054519653320e+00
-7.822231650352478027e-01
5.708068013191223145e-01
-1.714732050895690918e-01
1.448831260204315186e-01
2.363914251327514648e-01
-7.925250530242919922e-01
1.983116507530212402e+00
-1.881108641624450684e+00
6.692586541175842285e-01
2.119819641113281250e+00
-6.859276294708251953e-01
1.762776851654052734e+00
-1.710994362831115723e+00
-5.833467245101928711e-01
-8.111068010330200195e-01
-3.548830151557922363e-01
6.160349026322364807e-02
2.314214594662189484e-02
3.500654995441436768e-01
-7.644569873809814453e-02
-1.932177809067070484e-03
1.085948467254638672e+00
-1.408898234367370605e+00
-1.920332312583923340e+00
4.003424048423767090e-01
1.468283414840698242e+00
7.798482477664947510e-02
6.967641711235046387e-01
-1.172219030559062958e-02
-2.251434028148651123e-01
-3.298079073429107666e-01
5.496152639389038086e-01
-1.191787719726562500e+00
-5.979341864585876465e-01
-4.267414212226867676e-01
-2.945597767829895020e-01
2.767067849636077881e-01
2.099861055612564087e-01
4.835821390151977539e-01
7.530567049980163574e-01
8.971540927886962891e-01
-3.819276392459869385e-01
6.047764420509338379e-01
1.605346202850341797e-01
-1.681788563728332520e-01
-3.715519607067108154e-01
9.498556256294250488e-01
-3.482335805892944336e-01
-3.986041545867919922e-01
-9.063152968883514404e-02
5.617682933807373047e-01
-9.854115247726440430e-01
1.000267386436462402e+00
1.537305712699890137e+00
5.929499268531799316e-01
-5.717840045690536499e-02
6.141451597213745117e-01
9.091981686651706696e-03
2.369963526725769043e-01
-2.086240947246551514e-01
3.723682761192321777e-01
9.078502058982849121e-01
4.612230658531188965e-01
4.017093479633331299e-01
-1.338231086730957031e+00
-9.360249638557434082e-01
-7.812005877494812012e-01
6.393033266067504883e-01
7.632561028003692627e-02
9.260614514350891113e-01
5.616710707545280457e-02
-3.122894763946533203e-01
-1.722035884857177734e+00
-3.315583467483520508e-01
-1.012392878532409668e+00
1.719942808151245117e+00
5.955779552459716797e-01
3.149315714836120605e-01
2.557658553123474121e-01
5.412502884864807129e-01
-7.132586240768432617e-01
8.681723475456237793e-01
-6.616182923316955566e-01
-6.237799525260925293e-01
1.495914459228515625e-01
7.889989614486694336e-01
-1.281182527542114258e+00
-6.564919948577880859e-01
-1.846397072076797485e-01
9.466291666030883789e-01
6.336730122566223145e-01
-1.193626224994659424e-01
-6.602245569229125977e-01
-3.704002201557159424e-01
-3.613310754299163818e-01
-3.232606947422027588e-01
4.951224327087402344e-01
3.797734379768371582e-01
-7.878881096839904785e-01
-6.554886102676391602e-01
3.877319693565368652e-01
1.134434565901756287e-01
-6.944988369941711426e-01
-2.586759440600872040e-02
-2.468115806579589844e+00
1.445461273193359375e+00
6.171006560325622559e-01
2.911989986896514893e-01
-3.452710807323455811e-01
-8.763075619935989380e-02
-1.649493455886840820e+00
-2.096501290798187256e-01
1.883886903524398804e-01
-1.575117230415344238e+00
-3.452220559120178223e-01
1.954463273286819458e-01
-7.895183563232421875e-02
-5.510364770889282227e-01
3.729748353362083435e-02
-1.300335079431533813e-01
-1.284512996673583984e+00
3.066201508045196533e-01
-7.747272849082946777e-01
1.039476513862609863e+00
6.630120873451232910e-01
-3.876465857028961182e-01
-4.379718005657196045e-01
1.421919226646423340e+00
-1.446169734001159668e+00
-1.439092040061950684e+00
8.670137822628021240e-02
1.567984074354171753e-01
-1.332627236843109131e-01
1.394342899322509766e+00
7.275773882865905762e-01
3.112461268901824951e-01
8.236965537071228027e-01
-1.222777962684631348e+00
-1.488427996635437012e+00
5.919869542121887207e-01
-5.563612580299377441e-01
1.245233178138732910e+00
1.413540244102478027e-01
4.135522842407226562e-01
2.775369882583618164e-01
1.062131226062774658e-01
2.922775596380233765e-02
-1.398311495780944824e+00
-3.933022618293762207e-01
6.868952512741088867e-01
-1.453370302915573120e-01
-2.566574513912200928e-01
3.884117007255554199e-01
-8.188126683235168457e-01
-1.861928582191467285e+00
1.078645944595336914e+00
-6.023508310317993164e-02
-5.163162946701049805e-01
-5.997634530067443848e-01
7.777919173240661621e-01
-1.201435625553131104e-01
1.143906950950622559e+00
-2.290954291820526123e-01
-1.016111254692077637e+00
2.447196692228317261e-01
1.117778301239013672e+00
-3.481414914131164551e-01
-4.855439439415931702e-02
-7.418919205665588379e-01
-1.057207822799682617e+00
2.611088939011096954e-02
1.297120094299316406e+00
-3.578347712755203247e-02
-7.652010321617126465e-01
2.400068491697311401e-01
-8.063738942146301270e-01
-4.447094202041625977e-01
-6.602383255958557129e-01
-3.169948160648345947e-01
2.957422733306884766e-01
-5.888781547546386719e-01
-1.775096893310546875e+00
7.639973163604736328e-01
1.291778206825256348e+00
-2.725669741630554199e-01
-1.171611070632934570e+00
7.448780536651611328e-01
-4.178571403026580811e-01
5.101813003420829773e-02
3.577651083469390869e-01
1.063160896301269531e+00
-1.150084853172302246e+00
2.521599829196929932e-01
1.143135547637939453e+00
5.584897398948669434e-01
-2.475279420614242554e-01
-1.305998861789703369e-01
3.321689367294311523e-01
-6.119933724403381348e-01
-5.572675913572311401e-02
-1.021993637084960938e+00
1.951416492462158203e+00
-8.944124579429626465e-01
-6.136987209320068359e-01
-5.722690224647521973e-01
1.693122386932373047e+00
1.317192316055297852e+00
-5.503777265548706055e-01
1.295618295669555664e+00
-9.278404712677001953e-02
1.706604212522506714e-01
-5.997473001480102539e-01
-9.603621959686279297e-01
1.333180814981460571e-01
1.557471156120300293e-01
7.611667513847351074e-01
4.558548927307128906e-01
8.333145976066589355e-01
1.305337995290756226e-01
4.000225067138671875e-01
4.211947321891784668e-01
4.213277399539947510e-01
6.133751273155212402e-01
-2.318438440561294556e-01
-2.148602247238159180e+00
-3.929554224014282227e-01
-2.691127300262451172e+00
3.493511378765106201e-01
-1.240951418876647949e+00
2.272479534149169922e-01
1.138972401618957520e+00
3.856143057346343994e-01
-1.873851269483566284e-01
-5.049622654914855957e-01
-2.184959173202514648e+00
4.976784884929656982e-01
6.359351873397827148e-01
2.723349928855895996e-01
-3.628345131874084473e-01
6.665772795677185059e-01
-9.334139227867126465e-01
-1.262965083122253418e+00
2.133813351392745972e-01
-4.168016090989112854e-02
4.226802587509155273e-01
-5.868839472532272339e-02
-1.174395918846130371e+00
1.442445874214172363e+00
5.961502790451049805e-01
3.114867508411407471e-01
3.815054178237915039e+00
5.693618655204772949e-01
9.324466586112976074e-01
5.998153686523437500e-01
6.360172033309936523e-01
-5.629810690879821777e-01
-8.305250406265258789e-01
3.406221568584442139e-01
1.130146741867065430e+00
-5.631999373435974121e-01
2.007214874029159546e-01
-1.158278346061706543e+00
6.237417459487915039e-01
-1.573686718940734863e+00
-5.622765794396400452e-02
1.400439500808715820e+00
5.890159010887145996e-01
-1.014696359634399414e+00
3.809381450992077589e-04
1.491748392581939697e-01
-1.026145696640014648e+00
-2.667012810707092285e-01
-5.680046230554580688e-02
3.140152096748352051e-01
1.043656706809997559e+00
1.503419637680053711e+00
5.032967329025268555e-01
-9.618438482284545898e-01
-1.134756445884704590e+00
9.079986214637756348e-01
2.048288583755493164e-01
-2.928518056869506836e+00
8.801699280738830566e-01
-1.042431592941284180e+00
1.257241010665893555e+00
-1.265450119972229004e-01
4.153446853160858154e-01
-7.601326331496238708e-03
-9.033048152923583984e-02
-3.906906545162200928e-01
-9.489791989326477051e-01
-3.351838886737823486e-01
-4.257922470569610596e-01
-9.653465747833251953e-01
3.350904881954193115e-01
-6.965312957763671875e-01
-9.139884114265441895e-01
-2.220506221055984497e-01
6.202878355979919434e-01
4.212354123592376709e-01
9.765170812606811523e-01
-3.008880913257598877e-01
-9.141669869422912598e-01
-3.644922673702239990e-01
5.907882452011108398e-01
-7.934257388114929199e-01
2.851997315883636475e-01
4.559521973133087158e-01
-1.114916086196899414e+00
-6.744549274444580078e-01
4.215001463890075684e-01
1.479674100875854492e+00
1.164366483688354492e+00
-1.285480260848999023e+00
1.033225417137145996e+00
-7.626594901084899902e-01
3.747017085552215576e-01
-9.172884225845336914e-01
-8.410030007362365723e-01
-4.423570930957794189e-01
5.472708940505981445e-01
-2.122299373149871826e-01
4.065674543380737305e-01
-6.247866153717041016e-01
4.372162222862243652e-01
3.967943787574768066e-01
-1.187519192695617676e+00
-1.279469370841979980e+00
-1.767500996589660645e+00
-4.725720584392547607e-01
-1.216718927025794983e-01
1.752600222826004028e-01
-2.243627756834030151e-01
-7.003393769264221191e-01
-1.511637866497039795e-01
1.771397292613983154e-01
-1.018329858779907227e+00
-7.936660051345825195e-01
8.065800368785858154e-02
-1.066948175430297852e+00
-3.439417183399200439e-01
4.386194050312042236e-01
-9.752600453794002533e-03
-5.170662403106689453e-01
-1.742430478334426880e-01
-1.173770904541015625e+00
-1.161679103970527649e-01
8.107673525810241699e-01
4.507600069046020508e-01
5.776244997978210449e-01
7.455644607543945312e-01
-5.851632952690124512e-01
9.874066114425659180e-01
3.255364596843719482e-01
8.410925865173339844e-01
9.967985153198242188e-01
5.943950265645980835e-02
9.099536538124084473e-01
5.829702019691467285e-01
-7.344849109649658203e-01
3.314425051212310791e-01
6.549165248870849609e-01
4.822925031185150146e-01
1.278275728225708008e+00
6.077144742012023926e-01
-4.818555116653442383e-01
-8.667873144149780273e-01
-3.883840441703796387e-01
7.806596755981445312e-01
-9.489767998456954956e-02
7.990258336067199707e-01
9.701578021049499512e-01
4.963776562362909317e-03
-6.096702814102172852e-02
8.875010609626770020e-01
-1.806541085243225098e+00
6.203783154487609863e-01
8.468265086412429810e-02
-2.479152828454971313e-01
-7.302531599998474121e-02
1.473795473575592041e-01
-2.893279194831848145e-01
4.583963751792907715e-01
-9.761711359024047852e-01
-8.006218671798706055e-01
-1.495954394340515137e+00
-7.382531166076660156e-01
2.756741046905517578e-01
-4.871803522109985352e-01
-1.030615195631980896e-01
2.955757677555084229e-01
-9.838053584098815918e-01
-1.328106045722961426e+00
-4.377944469451904297e-01
-6.806083917617797852e-01
1.574648618698120117e-01
2.921883165836334229e-01
1.691981315612792969e+00
2.347515076398849487e-01
-2.641527056694030762e-01
-5.441805720329284668e-01
1.149446129798889160e+00
1.935211420059204102e-01
-1.376959681510925293e+00
1.131285429000854492e+00
-7.356454730033874512e-01
-1.568962931632995605e-01
-2.152814567089080811e-01
2.405382990837097168e-01
-5.488805770874023438e-01
-1.104478836059570312e+00
2.491596937179565430e-01
-8.333362340927124023e-01
1.497357726097106934e+00
1.025061249732971191e+00
-6.095085144042968750e-01
-7.752972245216369629e-01
1.361557483673095703e+00
3.665246963500976562e-01
2.164234668016433716e-01
1.035690680146217346e-01
-3.052029907703399658e-01
2.306876890361309052e-02
1.269485116004943848e+00
-6.995712518692016602e-01
7.984645366668701172e-01
2.318411320447921753e-01
-5.867910981178283691e-01
-3.185946345329284668e-01
-1.269686818122863770e+00
2.865017950534820557e-01
-1.192538022994995117e+00
-8.774005770683288574e-01
-3.361971974372863770e-01
2.557818591594696045e-01
-1.686055958271026611e-01
1.090587582439184189e-02
-1.018375396728515625e+00
3.484396636486053467e-01
2.628988027572631836e-01
2.730198204517364502e-01
2.339232861995697021e-01
-2.388762384653091431e-01
-2.356538176536560059e-01
7.961123436689376831e-02
-3.448935449123382568e-01
-4.904060363769531250e-01
-4.562886357307434082e-01
7.961990237236022949e-01
2.360139936208724976e-01
-1.362765431404113770e+00
-9.946532249450683594e-01
-6.268063187599182129e-01
4.009019136428833008e-01
-6.469320058822631836e-01
-3.603506982326507568e-01
6.569919586181640625e-01
-5.204153060913085938e-01
3.683899939060211182e-01
4.843419790267944336e-02
-1.745481491088867188e+00
3.189488351345062256e-01
4.523994866758584976e-03
1.207154035568237305e+00
-1.040253758430480957e+00
7.158581018447875977e-01
1.077693343162536621e+00
3.528592586517333984e-01
-8.593474030494689941e-01
-9.477093815803527832e-02
4.626890122890472412e-01
1.349457621574401855e+00
-1.292544007301330566e-01
1.173732042312622070e+00
6.129394173622131348e-01
4.991144537925720215e-01
-1.083418846130371094e+00
-5.140908956527709961e-01
-3.903015255928039551e-01
-2.523421764373779297e+00
7.328773140907287598e-01
1.084288395941257477e-02
-8.968463540077209473e-02
1.357692182064056396e-01
-3.144384026527404785e-01
-2.923132181167602539e-01
-1.601198673248291016e+00
-8.035093545913696289e-01
4.123440980911254883e-01
-4.110008180141448975e-01
2.104772329330444336e-01
2.997161448001861572e-01
8.796941637992858887e-01
9.817010909318923950e-02
4.663618206977844238e-01
3.688536286354064941e-01
-9.618625789880752563e-02
2.577834129333496094e-01
4.578878879547119141e-01
1.398595701903104782e-02
4.745533764362335205e-01
-6.993036270141601562e-01
-3.184940218925476074e-01
2.298068553209304810e-01
-1.330329060554504395e+00
-1.251312613487243652e+00
1.101482033729553223e+00
1.030366420745849609e+00
-2.831026315689086914e-01
1.191689446568489075e-01
7.748173475265502930e-01
-1.625456959009170532e-01
2.584657669067382812e-01
1.267446279525756836e+00
3.002558648586273193e-01
2.285991422832012177e-02
-6.422906517982482910e-01
-3.523873984813690186e-01
1.192916631698608398e+00
6.737861037254333496e-01
-1.707431793212890625e+00
-6.164677143096923828e-01
-4.733644723892211914e-01
1.348800063133239746e+00
8.107996582984924316e-01
1.170290708541870117e-01
3.574236109852790833e-02
-2.128805965185165405e-01
-2.892125546932220459e-01
8.718086034059524536e-02
-7.437326312065124512e-01
6.232562288641929626e-02
3.120413720607757568e-01
-1.425077766180038452e-01
4.222042858600616455e-02
-7.706997990608215332e-01
1.498267173767089844e+00
5.519188642501831055e-01
5.767526850104331970e-02
8.443253040313720703e-01
-8.214983344078063965e-01
-8.669646382331848145e-01
3.708763122558593750e-01
1.374929696321487427e-01
-9.892176091670989990e-02
-5.755921006202697754e-01
-3.345064520835876465e-01
4.034587144851684570e-01
-2.167798131704330444e-01
5.292136669158935547e-01
3.727059364318847656e-01
-1.436900161206722260e-02
5.994872450828552246e-01
1.025952696800231934e+00
6.973356008529663086e-02
-2.407890111207962036e-01
1.528365015983581543e+00
-6.355113536119461060e-02
3.535994291305541992e-01
-5.207130908966064453e-01
2.524406909942626953e-01
3.127306103706359863e-01
4.964181780815124512e-01
1.750378370285034180e+00
1.437758356332778931e-01
2.802135348320007324e-01
2.470651715993881226e-01
-7.928543090820312500e-01
-1.785661697387695312e+00
-6.281476020812988281e-01
-1.107400298118591309e+00
-4.380928575992584229e-01
1.606663502752780914e-02
-3.985902667045593262e-01
2.061574608087539673e-01
-3.430296480655670166e-02
-4.777454733848571777e-01
1.268958449363708496e-01
-1.412134896963834763e-02
4.560298919677734375e-01
5.921620726585388184e-01
8.100209236145019531e-01
-3.297890722751617432e-01
-1.389836311340332031e+00
6.997281312942504883e-02
1.338045150041580200e-01
8.506657481193542480e-01
-7.132560610771179199e-01
-1.523064225912094116e-01
-1.145054817199707031e+00
-9.563504159450531006e-02
3.298813104629516602e-01
2.894704416394233704e-02
2.143125385046005249e-01
4.705298244953155518e-01
-9.563679993152618408e-02
-1.037269353866577148e+00
-3.071528486907482147e-02
-2.491263002157211304e-01
-9.984412193298339844e-01
5.958414077758789062e-01
1.303550720214843750e+00
7.109729647636413574e-01
1.230645272880792618e-02
-8.774878978729248047e-01
1.366322278976440430e+00
-5.204150080680847168e-01
-1.896474808454513550e-01
-2.177050411701202393e-01
1.093556165695190430e+00
7.739351391792297363e-01
-7.619518041610717773e-01
2.325303256511688232e-01
9.634923934936523438e-01
-7.860322594642639160e-01
7.663881182670593262e-01
-5.039653182029724121e-02
1.477031111717224121e-01
-3.011667132377624512e-01
-3.427298367023468018e-01
1.831015825271606445e+00
9.270294308662414551e-01
-3.676108419895172119e-01
9.188053607940673828e-01
-1.041917920112609863e+00
1.487168788909912109e+00
-7.770322561264038086e-01
-6.348814368247985840e-01
-1.727780938148498535e+00
8.884252607822418213e-02
1.082188963890075684e+00
1.006639480590820312e+00
-4.254213348031044006e-02
2.410834729671478271e-01
-1.016772985458374023e+00
-4.313610494136810303e-01
5.261079668998718262e-01
1.086132764816284180e+00
8.577046543359756470e-02
4.885983765125274658e-01
6.484442949295043945e-01
1.215483099222183228e-01
1.376764476299285889e-01
3.627665340900421143e-01
2.571079730987548828e-01
-6.432503461837768555e-02
3.462422490119934082e-01
5.621610283851623535e-01
8.193143010139465332e-01
-2.869578003883361816e-01
-4.546681046485900879e-01
-9.220354557037353516e-01
-4.826759994029998779e-01
-4.538770318031311035e-01
9.856889247894287109e-01
1.235477805137634277e+00
-5.070691704750061035e-01
1.373956631869077682e-02
-3.615473508834838867e-01
-8.473392128944396973e-01
9.062928557395935059e-01
-2.827104413881897926e-03
-9.909896552562713623e-02
-2.707349359989166260e-01
-5.928205847740173340e-01
1.133912876248359680e-01
-1.465660452842712402e+00
4.424763098359107971e-02
2.321961373090744019e-01
2.399449646472930908e-01
-4.531038284301757812e+00
-1.179519593715667725e-01
8.453547954559326172e-01
-3.799789249897003174e-01
-3.703517019748687744e-01
1.858873516321182251e-01
3.045179247856140137e-01
1.485911488533020020e+00
-8.560354113578796387e-01
1.044987812638282776e-01
-4.776955246925354004e-01
8.953238725662231445e-01
8.525539636611938477e-01
-6.198210120201110840e-01
3.089150488376617432e-01
2.484569847583770752e-01
-1.866835802793502808e-01
-2.453857213258743286e-01
1.276487946510314941e+00
-1.043538570404052734e+00
-5.683590769767761230e-01
9.683209061622619629e-01
-3.408880233764648438e-01
-8.389343619346618652e-01
-5.203084945678710938e-01
-2.021456360816955566e-01
-9.484825730323791504e-01
-2.268959581851959229e-01
5.794233083724975586e-01
-1.437091112136840820e+00
9.315250515937805176e-01
-1.504130810499191284e-01
-1.109828829765319824e+00
-2.987299859523773193e-01
1.447856545448303223e+00
-5.255987644195556641e-01
1.506505310535430908e-01
-8.637098670005798340e-01
-1.387395739555358887e+00
-8.005030155181884766e-01
8.698224425315856934e-01
3.783309161663055420e-01
4.778378307819366455e-01
-3.831225037574768066e-01
-9.217844605445861816e-01
-5.481555461883544922e-01
6.353114843368530273e-01
-2.546594738960266113e-01
5.673263221979141235e-02
2.927781641483306885e-02
5.740868672728538513e-02
-6.513066291809082031e-01
-1.615722477436065674e-01
8.353334665298461914e-02
-3.575728237628936768e-01
1.125155448913574219e+00
1.553369283676147461e+00
-1.377543330192565918e+00
1.237431049346923828e+00
5.308282375335693359e-01
-5.750311613082885742e-01
-9.671834111213684082e-01
-2.206803113222122192e-02
2.882285043597221375e-02
6.606594473123550415e-02
3.864431381225585938e-01
-2.537073791027069092e-01
6.871763467788696289e-01
-1.941722631454467773e+00
1.062864363193511963e-01
-4.997591972351074219e-01
-3.328967690467834473e-01
1.890299022197723389e-01
-7.562506794929504395e-01
5.110829472541809082e-01
3.255969583988189697e-01
1.656389355659484863e+00
3.294616639614105225e-01
-5.472608208656311035e-01
9.207115322351455688e-02
