1.005908966064453125e+00
4.701619148254394531e-01
6.493540406227111816e-01
-4.420218169689178467e-01
5.078520178794860840e-01
3.429326042532920837e-02
-8.780833482742309570e-01
2.902760356664657593e-02
-5.503042787313461304e-02
6.774312257766723633e-01
-6.270503252744674683e-02
4.554994106292724609e-01
4.908989071846008301e-01
2.759426534175872803e-01
-7.641547322273254395e-01
-4.503453373908996582e-01
-4.948454797267913818e-01
-6.649969518184661865e-02
-1.290402724407613277e-03
6.357013583183288574e-01
3.578787744045257568e-01
-2.519314885139465332e-01
6.498710513114929199e-01
8.874054551124572754e-01
4.944144487380981445e-01
9.017300009727478027e-01
-2.261243313550949097e-01
-1.013471841812133789e+00
-7.925320863723754883e-01
9.037202596664428711e-01
1.847632378339767456e-01
8.478165864944458008e-01
-1.214374542236328125e+00
1.731684952974319458e-01
-5.203679203987121582e-01
-2.980139255523681641e-01
-2.095305770635604858e-01
-1.362370014190673828e+00
1.368955429643392563e-02
-4.396498575806617737e-02
-1.010658860206604004e+00
-8.702279329299926758e-01
-4.346517324447631836e-01
-6.072305440902709961e-01
9.419757723808288574e-01
6.074724718928337097e-02
-3.236137330532073975e-01
-1.785593152046203613e+00
-2.664105296134948730e-01
1.467156291007995605e+00
-2.428461760282516479e-01
-2.625198960304260254e-01
-6.697487235069274902e-01
9.573769569396972656e-01
-8.011396527290344238e-01
-8.649686574935913086e-01
6.863431334495544434e-01
4.187433123588562012e-01
8.516249060630798340e-01
1.284960359334945679e-01
9.849914312362670898e-01
-3.814869523048400879e-01
5.251792073249816895e-01
2.363715618848800659e-01
4.938314557075500488e-01
-1.503233432769775391e+00
-6.365765333175659180e-01
-9.259315729141235352e-01
8.800483942031860352e-01
-7.930086851119995117e-01
-6.477666497230529785e-01
-1.861552894115447998e-01
1.494480222463607788e-01
-1.651958942413330078e+00
-6.587589383125305176e-01
2.011799097061157227e+00
2.790478430688381195e-02
9.576916694641113281e-01
-7.156771421432495117e-02
9.263142943382263184e-01
-2.015659958124160767e-02
-8.423585295677185059e-01
-1.165368795394897461e+00
-9.910853505134582520e-01
-5.609632730484008789e-01
4.472620785236358643e-01
-4.829237237572669983e-02
-5.329630374908447266e-01
-4.356873631477355957e-01
1.050414517521858215e-01
-5.649498701095581055e-01
-1.918369174003601074e+00
-7.127582430839538574e-01
4.797761738300323486e-01
-1.421534061431884766e+00
4.831130802631378174e-01
7.610114663839340210e-02
5.529216676950454712e-02
-4.076634943485260010e-01
9.316775798797607422e-01
1.042281389236450195e+00
-1.098928570747375488e+00
4.921270608901977539e-01
-8.330193758010864258e-01
-1.849464297294616699e+00
-1.413561940193176270e+00
-8.330014348030090332e-01
7.935081720352172852e-01
-7.742359489202499390e-02
-1.041519284248352051e+00
-4.064165651798248291e-01
2.817742526531219482e-01
7.235616911202669144e-03
-1.165452122688293457e+00
-1.350097805261611938e-01
-2.944854199886322021e-01
-1.435312986373901367e+00
-9.780461192131042480e-01
-8.592769503593444824e-01
5.230605006217956543e-01
-2.156506180763244629e-01
1.240862011909484863e+00
-9.845474362373352051e-01
-3.076232671737670898e-01
1.454843282699584961e+00
8.825741410255432129e-01
5.985006690025329590e-01
5.298003554344177246e-01
4.126994013786315918e-01
-1.912800520658493042e-01
6.861135363578796387e-01
-6.316168308258056641e-01
-3.943351507186889648e-01
1.537536382675170898e-01
-9.094591736793518066e-01
-2.751944661140441895e-01
6.667621135711669922e-01
-5.311058759689331055e-01
-2.718884348869323730e-01
-2.334197014570236206e-01
-5.137394070625305176e-01
-1.240876674652099609e+00
4.050689935684204102e-01
1.268351793289184570e+00
1.566740572452545166e-01
2.072356641292572021e-01
-5.304177403450012207e-01
-6.865373253822326660e-01
-7.437754869461059570e-01
-1.185325458645820618e-01
-1.705524772405624390e-01
-3.213646411895751953e-01
1.073141217231750488e+00
1.041373491287231445e+00
1.696950912475585938e+00
-8.661491870880126953e-01
-6.178684234619140625e-01
6.774951219558715820e-01
-3.279260918498039246e-02
7.159711122512817383e-01
2.834789454936981201e-01
-2.789306938648223877e-01
-1.336914539337158203e+00
2.572529576718807220e-02
2.071258276700973511e-01
-3.414472639560699463e-01
-4.810462296009063721e-01
5.138748884201049805e-01
5.373866558074951172e-01
7.958763241767883301e-01
-2.406454384326934814e-01
-1.249237298965454102e+00
-5.147648453712463379e-01
4.271962642669677734e-01
-9.517708420753479004e-01
-2.161821275949478149e-01
6.496126949787139893e-02
1.136002659797668457e+00
-8.399396538734436035e-01
6.398768424987792969e-01
-3.629326522350311279e-01
1.669099450111389160e+00
-1.872980892658233643e-01
1.537781596183776855e+00
-2.462394088506698608e-01
-6.150821447372436523e-01
-5.077471137046813965e-01
2.052141278982162476e-01
2.423202991485595703e-01
-3.848276734352111816e-01
4.011811614036560059e-01
4.808980524539947510e-01
2.805112898349761963e-01
1.514763832092285156e+00
2.096703350543975830e-01
-8.413560688495635986e-03
-1.081592082977294922e+00
7.826104760169982910e-01
7.726066112518310547e-01
-1.478899002075195312e+00
1.404895186424255371e-01
1.052962064743041992e+00
1.419023871421813965e+00
-6.149179935455322266e-01
1.852941989898681641e+00
4.826832115650177002e-01
5.151236653327941895e-01
-1.776355981826782227e+00
9.152278304100036621e-02
-6.679880023002624512e-01
5.145492553710937500e-01
1.337377130985260010e-01
-1.080035567283630371e-01
-6.644865870475769043e-01
1.189375400543212891e+00
4.639467597007751465e-01
3.243068695068359375e+00
8.606711775064468384e-02
-7.001312971115112305e-01
-1.229695200920104980e+00
9.021287560462951660e-01
-3.107857108116149902e-01
2.018247693777084351e-01
1.068934351205825806e-01
1.136242985725402832e+00
1.221696019172668457e+00
1.501713134348392487e-02
-3.472797870635986328e-01
-2.877258956432342529e-01
-4.430203139781951904e-01
-6.902958750724792480e-01
-7.829250097274780273e-01
-6.662860512733459473e-01
3.779729306697845459e-01
-1.128839731216430664e+00
-2.188601940870285034e-01
5.614270567893981934e-01
-1.158088803291320801e+00
-7.076293826103210449e-01
-2.510559856891632080e-01
1.480593085289001465e+00
-9.945751428604125977e-01
-1.087818741798400879e+00
1.216106340289115906e-01
6.283953189849853516e-01
-5.945119857788085938e-01
6.641612648963928223e-01
-8.612927198410034180e-01
1.485464811325073242e+00
1.126054048538208008e+00
-1.794713497161865234e+00
-2.018143832683563232e-01
-3.069089492782950401e-03
-5.189415812492370605e-01
8.108959347009658813e-02
7.761449217796325684e-01
4.202589392662048340e-01
-2.428710162639617920e-01
-3.633333742618560791e-01
4.966551959514617920e-01
7.080992311239242554e-02
4.931432902812957764e-01
2.801004946231842041e-01
-4.839488863945007324e-01
3.368699252605438232e-01
9.790241122245788574e-01
7.874398827552795410e-01
-1.490349471569061279e-01
2.340725898742675781e+00
3.275041878223419189e-01
-3.366972506046295166e-01
1.986234681680798531e-03
1.212425529956817627e-01
-6.923567056655883789e-01
-4.954213201999664307e-01
9.439281225204467773e-01
-7.700984477996826172e-01
-6.992101073265075684e-01
3.935236632823944092e-01
1.033884286880493164e+00
5.500538945198059082e-01
3.668305277824401855e-01
-6.182926148176193237e-02
4.533253312110900879e-01
3.757014274597167969e-01
-7.737975716590881348e-01
3.212439715862274170e-01
2.700754404067993164e-01
2.537879049777984619e-01
-2.000006884336471558e-01
-6.317816376686096191e-01
-3.446990996599197388e-02
-8.398777246475219727e-01
-3.645738124847412109e+00
2.587902843952178955e-01
-4.021990299224853516e-01
-1.126108050346374512e+00
-2.021069675683975220e-01
1.960095316171646118e-01
-6.989797949790954590e-01
9.213650599122047424e-03
-9.143477082252502441e-01
6.771131157875061035e-01
-4.371542632579803467e-01
-7.970634698867797852e-01
3.485368564724922180e-02
7.179611325263977051e-01
-4.726774618029594421e-02
1.626037955284118652e-01
-1.367496371269226074e+00
-1.508971333503723145e+00
-1.189021110534667969e+00
1.583787947893142700e-01
8.269112110137939453e-01
6.448545455932617188e-01
-9.500483870506286621e-01
1.410608768463134766e+00
7.442848086357116699e-01
1.703289896249771118e-01
-1.456983834505081177e-01
-1.287410259246826172e+00
-3.894286751747131348e-01
2.006109476089477539e+00
7.875719070434570312e-01
6.305973231792449951e-02
-9.230810403823852539e-02
-1.981035470962524414e+00
1.371993571519851685e-01
-1.372417092323303223e+00
8.605210483074188232e-02
-2.761054039001464844e-01
-2.572137415409088135e-01
-2.422342151403427124e-01
-2.699914574623107910e-01
4.488476365804672241e-02
6.413233876228332520e-01
3.112219572067260742e-01
-5.805023908615112305e-01
1.448265910148620605e+00
-8.467018008232116699e-01
-3.186629414558410645e-01
-3.956771790981292725e-01
1.746401190757751465e-01
-2.272120118141174316e-01
-6.512133479118347168e-01
5.054154396057128906e-01
-2.215444803237915039e+00
5.456576943397521973e-01
1.884260326623916626e-01
-2.085785567760467529e-01
-1.078878879547119141e+00
-3.148974776268005371e-01
-1.698544174432754517e-01
-2.065810680389404297e+00
-9.935266524553298950e-02
-1.216915845870971680e-01
-8.397805690765380859e-01
9.012887626886367798e-02
1.738483458757400513e-02
1.142176985740661621e+00
-3.506875038146972656e-01
-3.229195624589920044e-02
-7.037981152534484863e-01
-8.645821809768676758e-01
-5.090078115463256836e-01
-7.102111820131540298e-03
9.330599904060363770e-01
6.176345944404602051e-01
-9.185976982116699219e-01
6.018805503845214844e-01
5.101373791694641113e-02
1.208547353744506836e-01
-1.189753293991088867e+00
1.643245518207550049e-01
-5.266879871487617493e-02
-2.967604994773864746e-01
3.027024567127227783e-01
5.427216887474060059e-01
1.535583436489105225e-01
-2.168272584676742554e-01
6.459296345710754395e-01
8.979438543319702148e-01
3.527804613113403320e-01
-1.127773970365524292e-01
-2.593212425708770752e-01
-1.172008290886878967e-01
7.318538427352905273e-01
3.214174211025238037e-01
9.841718077659606934e-01
1.082820415496826172e+00
2.166616678237915039e+00
-4.296095371246337891e-01
1.196609139442443848e+00
5.841994285583496094e-01
1.438839673995971680e+00
4.654480516910552979e-02
-1.966174840927124023e-01
1.391512602567672729e-01
-7.613832950592041016e-01
7.073347568511962891e-01
8.408603668212890625e-01
-7.050740718841552734e-01
-6.015786528587341309e-01
-7.939130067825317383e-01
-7.159029245376586914e-01
-3.339334130287170410e-01
-3.841035962104797363e-01
-9.223173856735229492e-01
2.100491374731063843e-01
7.344702482223510742e-01
7.410718798637390137e-01
-1.967808157205581665e-01
-1.680286079645156860e-01
4.697853326797485352e-01
-5.333960056304931641e-01
1.102629303932189941e+00
-1.277057051658630371e+00
1.007085680961608887e+00
-1.319307804107666016e+00
1.128062307834625244e-01
-1.057788848876953125e+00
-9.239372611045837402e-01
1.145538449287414551e+00
9.001941084861755371e-01
-2.999074459075927734e-01
5.498688220977783203e-01
-4.615446329116821289e-01
2.108139742631465197e-04
-6.064950227737426758e-01
-6.996114253997802734e-01
6.400820612907409668e-02
1.080434918403625488e+00
1.095215797424316406e+00
5.160636305809020996e-01
-1.209354400634765625e+00
4.267648980021476746e-02
2.881836593151092529e-01
1.700395464897155762e+00
-1.798894703388214111e-01
-2.761606872081756592e-01
-5.597676634788513184e-01
3.199202716350555420e-01
-6.010991334915161133e-01
-1.041823625564575195e+00
-5.119904279708862305e-01
7.355613112449645996e-01
-5.341081619262695312e-01
6.715682744979858398e-01
-9.118730425834655762e-01
3.705941140651702881e-02
-1.304395198822021484e+00
-5.056114196777343750e-01
1.375515937805175781e+00
-1.127952933311462402e+00
-5.082460045814514160e-01
-1.115550637245178223e+00
3.560865521430969238e-01
5.220912098884582520e-01
-8.349066972732543945e-01
6.078329086303710938e-01
1.082517623901367188e+00
-9.271484017372131348e-01
-6.292793750762939453e-01
5.053635239601135254e-01
-6.495469808578491211e-01
-1.109353780746459961e+00
2.044750452041625977e-01
6.233978867530822754e-01
-1.121245741844177246e+00
-6.154369115829467773e-01
5.214824676513671875e-01
6.787765026092529297e-01
-8.738426566123962402e-01
4.651857614517211914e-01
5.257304906845092773e-01
4.042955040931701660e-01
1.052691102027893066e+00
-5.853981375694274902e-01
-6.925541162490844727e-01
2.072812169790267944e-01
5.293654203414916992e-01
-4.566067457199096680e-02
6.924405694007873535e-02
1.274700284004211426e+00
8.323974162340164185e-02
-8.201251029968261719e-01
5.416619181632995605e-01
-1.822168469429016113e+00
5.766397118568420410e-01
1.073406487703323364e-01
1.489180326461791992e-02
1.359981060028076172e+00
2.392125576734542847e-01
2.114115804433822632e-01
7.868278026580810547e-01
5.455682277679443359e-01
-8.685727417469024658e-02
-3.131077527999877930e+00
-9.509773850440979004e-01
1.334865204989910126e-02
-5.667909979820251465e-01
-3.758762776851654053e-01
1.087901592254638672e+00
1.262126207351684570e+00
-1.158999085426330566e+00
-7.296482920646667480e-01
-2.442246675491333008e-01
9.845605492591857910e-01
1.121181324124336243e-01
-1.966722607612609863e-01
2.112427502870559692e-01
-1.195148229598999023e+00
-6.868253946304321289e-01
-1.057820692658424377e-01
2.841969430446624756e-01
4.457159042358398438e-01
1.465289443731307983e-01
5.640509128570556641e-01
5.022091865539550781e-01
1.202394254505634308e-02
-3.831067681312561035e-01
1.829538345336914062e-01
-6.631037592887878418e-01
2.205174565315246582e-01
-3.590508401393890381e-01
6.340903639793395996e-01
-5.926903486251831055e-01
-3.314554691314697266e-01
-3.283536732196807861e-01
-2.146206378936767578e+00
6.486733555793762207e-01
1.076824307441711426e+00
7.218793034553527832e-01
4.516178965568542480e-01
-5.473309755325317383e-01
-1.017537355422973633e+00
-1.015892386436462402e+00
-8.594183623790740967e-02
-1.089919090270996094e+00
-9.268541336059570312e-01
7.426165342330932617e-01
1.171117424964904785e+00
-3.257846832275390625e-01
-9.659743309020996094e-01
1.350051641464233398e+00
3.100267648696899414e-01
9.443490505218505859e-01
1.194275617599487305e+00
-4.054265320301055908e-01
1.021792411804199219e+00
4.190929532051086426e-01
3.263765573501586914e-01
5.144522786140441895e-01
-2.771171033382415771e-01
2.156156301498413086e-01
1.944028139114379883e+00
-2.587101757526397705e-01
7.307886481285095215e-01
-2.017699927091598511e-01
-8.943858742713928223e-01
9.489237666130065918e-01
5.915389657020568848e-01
-1.331120014190673828e+00
5.218202471733093262e-01
-7.852775454521179199e-01
9.656751751899719238e-01
-2.295109331607818604e-01
9.901382327079772949e-01
1.215028882026672363e+00
-7.698268890380859375e-01
-5.166110396385192871e-01
6.310727000236511230e-01
-5.750008225440979004e-01
-7.770174145698547363e-01
-1.628664880990982056e-01
5.095419287681579590e-01
3.559461236000061035e-01
4.437693357467651367e-01
6.549679040908813477e-01
-1.078864336013793945e+00
-7.286714911460876465e-01
1.548253446817398071e-01
1.215438604354858398e+00
2.138909250497817993e-01
-3.175930306315422058e-02
2.940451800823211670e-01
-1.469890713691711426e+00
1.288713514804840088e-01
1.200079202651977539e+00
1.395365148782730103e-01
-7.588471770286560059e-01
-7.343652844429016113e-01
-4.122032821178436279e-01
-4.220793247222900391e-01
-1.312710940837860107e-01
-8.674170374870300293e-01
6.781364679336547852e-01
-3.060425864532589912e-03
1.335408091545104980e+00
-8.268306851387023926e-01
8.434265255928039551e-01
-1.769283771514892578e+00
-2.415544688701629639e-01
3.575178980827331543e-01
1.131866693496704102e+00
-4.754644334316253662e-01
-4.030386805534362793e-01
8.462919294834136963e-02
-5.991739630699157715e-01
6.207143664360046387e-01
-3.528253734111785889e-02
-2.999023199081420898e-01
-1.679266244173049927e-01
1.110950589179992676e+00
-1.685377120971679688e+00
-1.175454258918762207e+00
-5.215854644775390625e-01
-4.558655619621276855e-01
5.886988639831542969e-01
5.152252912521362305e-01
-7.021726965904235840e-01
-2.533022165298461914e-01
-1.005137085914611816e+00
4.757108986377716064e-01
2.632343471050262451e-01
1.265405058860778809e+00
-2.741523087024688721e-01
-1.841040998697280884e-01
1.285955071449279785e+00
-6.246950626373291016e-01
1.770801067352294922e+00
6.170247197151184082e-01
1.062556505203247070e+00
4.556362926959991455e-01
-7.630180120468139648e-01
-1.093966364860534668e+00
-6.499356627464294434e-01
-8.209384679794311523e-01
1.602063030004501343e-01
9.497554898262023926e-01
5.402350425720214844e-01
1.286040395498275757e-01
-2.215811014175415039e-01
-1.047949045896530151e-01
-6.006315350532531738e-01
4.680251121520996094e+00
-7.419469356536865234e-01
-3.313528001308441162e-01
1.942019164562225342e-01
-3.701443970203399658e-01
7.922749519348144531e-01
-3.743943572044372559e-01
-9.163160324096679688e-01
6.511300206184387207e-01
-8.619923889636993408e-02
-9.100093245506286621e-01
1.163280963897705078e+00
-6.674911379814147949e-01
-8.211944103240966797e-01
5.487961173057556152e-01
-6.606549024581909180e-01
-1.312754452228546143e-01
2.748261578381061554e-02
-8.688548803329467773e-01
-4.172024130821228027e-01
4.913714826107025146e-01
9.248594045639038086e-01
9.230452030897140503e-02
-1.746370196342468262e-01
-2.547863721847534180e-01
-1.490065932273864746e+00
-6.755576729774475098e-01
-1.211289539933204651e-01
8.939796090126037598e-01
7.461432814598083496e-01
-1.923511505126953125e+00
-2.935365736484527588e-01
-1.085968613624572754e+00
-3.483824729919433594e-01
-1.879426687955856323e-01
-9.757362306118011475e-02
-1.137994378805160522e-01
-3.310117423534393311e-01
1.751095771789550781e+00
4.977119565010070801e-01
3.256961107254028320e-01
-1.939858049154281616e-01
2.929774522781372070e-01
-1.552424073219299316e+00
4.092838168144226074e-01
-1.380068182945251465e+00
-4.417421221733093262e-01
6.304013729095458984e-01
-1.646652519702911377e-01
8.616507649421691895e-01
-2.816300690174102783e-01
9.938884973526000977e-01
1.996300220489501953e-01
-4.154329895973205566e-01
-2.817541956901550293e-01
7.770384848117828369e-02
-1.874250173568725586e+00
6.545900553464889526e-02
3.962071537971496582e-01
3.825786411762237549e-01
1.880082190036773682e-01
2.351393461227416992e+00
-3.583301007747650146e-01
-1.998069643974304199e+00
-3.388750255107879639e-01
3.144617378711700439e-01
-1.860251665115356445e+00
-5.436701178550720215e-01
-7.928807139396667480e-01
-4.350421428680419922e-01
1.581420660018920898e+00
1.836733371019363403e-01
-8.798205107450485229e-02
-6.106875538825988770e-01
3.039564490318298340e-01
-6.742354631423950195e-01
1.446299672126770020e+00
1.791042566299438477e+00
-2.436637729406356812e-01
1.284042596817016602e+00
-1.136399269104003906e+00
-8.056143522262573242e-01
-1.368225216865539551e+00
4.895996749401092529e-01
1.347023695707321167e-01
-2.339337468147277832e-01
-1.554353594779968262e+00
1.129799604415893555e+00
6.570410728454589844e-01
-3.659266531467437744e-01
5.464621186256408691e-01
-7.591214776039123535e-01
4.772260189056396484e-01
1.598476409912109375e+00
1.385464072227478027e-01
-3.525294065475463867e-01
-4.558355510234832764e-01
9.294707328081130981e-02
1.067776918411254883e+00
-3.347857594490051270e-01
-4.849473189096897840e-04
-4.160497784614562988e-01
-9.609714746475219727e-01
1.833122372627258301e+00
-3.445412218570709229e-01
-1.664745807647705078e-01
4.380211234092712402e-03
-9.924153685569763184e-01
-3.466989994049072266e-01
2.103046029806137085e-01
1.497214436531066895e+00
-2.599115133285522461e+00
2.340551316738128662e-01
4.311839938163757324e-01
-1.162922456860542297e-01
1.657422780990600586e+00
-2.508291304111480713e-01
7.481904625892639160e-01
1.035982012748718262e+00
1.430098652839660645e+00
-4.202151894569396973e-01
-8.554714918136596680e-01
-6.274569034576416016e-02
