3.589025437831878662e-01
2.058595716953277588e-01
-1.115405678749084473e+00
-4.526953399181365967e-01
-2.112646341323852539e+00
-3.983124494552612305e-01
-6.125492453575134277e-01
-1.409022212028503418e+00
-1.474368691444396973e+00
1.162488222122192383e+00
7.082561254501342773e-01
-1.071691393852233887e+00
-4.163031876087188721e-01
-6.561405062675476074e-01
-9.928866475820541382e-02
-7.154368609189987183e-02
-4.456955790519714355e-01
2.451457381248474121e-01
-4.760674238204956055e-01
1.230793595314025879e+00
9.694737195968627930e-01
-1.371575832366943359e+00
1.352659106254577637e+00
3.401551246643066406e-01
1.413544058799743652e+00
-1.836438775062561035e+00
-1.049009561538696289e+00
-5.634937286376953125e-01
-1.749525666236877441e+00
4.724226891994476318e-01
2.057952880859375000e+00
8.207682371139526367e-01
-1.381137490272521973e+00
2.333198338747024536e-01
-2.075176835060119629e-01
1.748266935348510742e+00
-3.913582861423492432e-01
-1.505152463912963867e+00
5.409578233957290649e-02
4.657565057277679443e-01
-3.956084251403808594e-01
-1.235092401504516602e+00
-5.192789435386657715e-01
1.121638417243957520e+00
1.419358253479003906e-01
4.546467065811157227e-01
-3.323810100555419922e-01
-5.370812490582466125e-02
-8.229833245277404785e-01
2.263543903827667236e-01
6.972534060478210449e-01
-7.810470461845397949e-02
-1.175234436988830566e+00
-1.628908142447471619e-02
-2.663152515888214111e-01
2.284021824598312378e-01
2.348366975784301758e-01
4.287914633750915527e-01
7.779517173767089844e-01
-3.686139881610870361e-01
9.117119908332824707e-01
2.723258435726165771e-01
1.879262328147888184e+00
-5.258385539054870605e-01
-8.290170133113861084e-02
-1.118770912289619446e-01
8.825970292091369629e-01
-1.493570923805236816e+00
1.157412290573120117e+00
-1.008663892745971680e+00
1.653880357742309570e+00
1.854405999183654785e-01
-9.213968515396118164e-01
-9.972348809242248535e-01
-1.032149344682693481e-01
-8.215608596801757812e-01
-2.417732775211334229e-01
2.958612442016601562e-01
1.274827718734741211e+00
2.711007138714194298e-03
4.952660202980041504e-01
3.611801564693450928e-01
-2.104531049728393555e+00
-8.759837746620178223e-01
-1.480567216873168945e+00
4.452638924121856689e-01
-4.560562595725059509e-02
-8.512656092643737793e-01
-6.175509095191955566e-01
5.659142136573791504e-01
-1.144223928451538086e+00
-2.470541954040527344e+00
2.712928354740142822e-01
5.477401018142700195e-01
6.105238795280456543e-01
-3.845889866352081299e-02
6.445569396018981934e-01
1.502907872200012207e-01
9.294494241476058960e-02
1.097704291343688965e+00
1.236002817749977112e-01
-4.528226852416992188e-01
3.903551995754241943e-01
-6.522427201271057129e-01
-2.287678718566894531e+00
1.046140551567077637e+00
-1.240348815917968750e+00
6.169632673263549805e-01
3.907933235168457031e-01
-8.636772036552429199e-01
1.026766419410705566e+00
6.510672569274902344e-01
-1.256467103958129883e+00
-1.099673986434936523e+00
-1.253399550914764404e-01
-7.207291722297668457e-01
4.306154847145080566e-01
-8.994329571723937988e-01
2.297079265117645264e-01
1.284458756446838379e+00
1.334426105022430420e-01
9.140357375144958496e-01
-2.050074577331542969e+00
-3.125557303428649902e-01
4.316415265202522278e-02
-8.382506370544433594e-01
4.193658828735351562e-01
1.632587909698486328e+00
-1.081256151199340820e+00
-2.359175682067871094e+00
6.463527083396911621e-01
-1.175214767456054688e+00
-1.828333586454391479e-01
-1.142833352088928223e+00
-1.019634127616882324e+00
-2.790253460407257080e-01
-5.011394023895263672e-01
-2.038319408893585205e-01
-9.616801142692565918e-01
1.720973730087280273e+00
-1.170022040605545044e-01
-5.398238301277160645e-01
1.232187986373901367e+00
1.473051011562347412e-01
-3.066459596157073975e-01
-1.075417995452880859e+00
-6.697049736976623535e-02
-1.062721610069274902e+00
1.451119333505630493e-01
-8.261708915233612061e-02
4.028982222080230713e-01
-3.754560137167572975e-03
1.230108514428138733e-01
-1.062591671943664551e+00
-6.397799123078584671e-03
1.000515222549438477e+00
-1.265586018562316895e+00
9.658013582229614258e-01
2.688609361648559570e-01
1.291823506355285645e+00
4.192856550216674805e-01
-8.384468555450439453e-01
1.616085648536682129e+00
2.312536537647247314e-02
-5.377576947212219238e-01
2.731548249721527100e-01
-7.708231210708618164e-01
-2.845268547534942627e-01
-7.348003387451171875e-01
2.109075486660003662e-01
-1.136837005615234375e+00
-1.469905018806457520e+00
-2.457531690597534180e+00
-9.677124768495559692e-02
-3.535466194152832031e-01
2.066490054130554199e-01
7.039911150932312012e-01
8.957930207252502441e-01
-9.613838195800781250e-01
1.169477224349975586e+00
-7.439951300621032715e-01
-2.999622821807861328e-01
-1.008026123046875000e+00
1.506453603506088257e-01
2.647985816001892090e-01
3.275262713432312012e-01
-5.996290445327758789e-01
-1.300890684127807617e+00
1.756485104560852051e+00
6.448888778686523438e-01
5.211639404296875000e-02
-2.282357215881347656e+00
4.223276376724243164e-01
8.768549561500549316e-02
-4.978816509246826172e-01
2.581636011600494385e-01
-7.501224279403686523e-01
9.240594506263732910e-01
1.415952324867248535e+00
1.095170378684997559e+00
-1.425428390502929688e+00
1.696853041648864746e+00
1.069397211074829102e+00
-6.542615294456481934e-01
1.312001109123229980e+00
-7.063951492309570312e-01
3.173090219497680664e-01
-3.251307487487792969e+00
-2.517763338983058929e-02
6.016199477016925812e-03
-6.615345478057861328e-01
-1.159213423728942871e+00
1.659060359001159668e+00
-8.326349258422851562e-01
1.121328115463256836e+00
-6.321539878845214844e-01
-1.676530361175537109e+00
-5.487309098243713379e-01
-3.381913900375366211e-01
2.539404630661010742e-01
9.554283618927001953e-01
-1.666064746677875519e-02
5.604783892631530762e-01
1.064256191253662109e+00
1.619233787059783936e-01
-3.801460266113281250e-01
8.661536574363708496e-01
-1.126296445727348328e-01
-6.795610785484313965e-01
-1.066177964210510254e+00
-5.462052822113037109e-01
-3.939916938543319702e-02
2.724940180778503418e-01
4.308211207389831543e-01
-2.410881668329238892e-01
-2.719673514366149902e-01
1.379973173141479492e+00
-1.109987616539001465e+00
6.742520257830619812e-03
-2.175365537405014038e-01
9.604483842849731445e-01
3.567488193511962891e-01
-1.313710808753967285e+00
2.308362536132335663e-02
1.624756604433059692e-01
2.017708569765090942e-01
1.690705269575119019e-01
7.925623655319213867e-01
1.224638581275939941e+00
-1.208033919334411621e+00
1.518872380256652832e+00
3.630478680133819580e-01
-1.473918557167053223e-01
-1.476648449897766113e+00
7.691836953163146973e-01
1.647665143013000488e+00
1.044432912021875381e-02
1.005981564521789551e+00
7.911561727523803711e-01
8.014598488807678223e-01
-2.708926610648632050e-02
4.086161553859710693e-01
1.513075232505798340e+00
-1.257143855094909668e+00
-1.872758269309997559e+00
1.017245501279830933e-01
1.419943273067474365e-01
-6.058790087699890137e-01
3.608098983764648438e+00
5.646771788597106934e-01
1.946355700492858887e-01
7.443345189094543457e-01
7.410309910774230957e-01
2.336622476577758789e+00
-8.153285384178161621e-01
-2.002930343151092529e-01
-8.232630491256713867e-01
-1.896332800388336182e-01
1.194234013557434082e+00
-5.486513376235961914e-01
1.962323933839797974e-01
9.990218877792358398e-01
7.855917811393737793e-01
8.028631806373596191e-01
6.309682726860046387e-01
3.374075889587402344e-01
-4.980748295783996582e-01
-4.104453921318054199e-01
9.275460243225097656e-01
-1.042917490005493164e+00
-1.393721818923950195e+00
-3.627052307128906250e-01
5.837599039077758789e-01
-2.927416324615478516e+00
-7.913854718208312988e-02
8.359569311141967773e-02
2.093292236328125000e+00
3.472597301006317139e-01
7.418967485427856445e-01
4.072804003953933716e-02
2.874458432197570801e-01
1.961124092340469360e-01
-3.238014578819274902e-01
-1.994082927703857422e-01
1.463091373443603516e-01
9.652948975563049316e-01
6.148327589035034180e-01
-6.443284749984741211e-01
-1.709320425987243652e+00
9.943346977233886719e-01
-2.515973567962646484e+00
-5.328744649887084961e-01
-1.208371043205261230e+00
1.069997191429138184e+00
-8.912102580070495605e-01
2.804183661937713623e-01
5.504133701324462891e-01
8.095854520797729492e-01
1.115234717726707458e-01
-1.748684793710708618e-03
-2.577675879001617432e-01
-3.941962718963623047e-01
1.653741955757141113e+00
-6.406598091125488281e-01
-7.519355416297912598e-01
6.826319694519042969e-01
-3.981593549251556396e-01
-1.713849306106567383e+00
-1.352547854185104370e-01
1.334228277206420898e+00
2.059694230556488037e-01
6.321952939033508301e-01
4.720029532909393311e-01
7.391773462295532227e-01
1.300698995590209961e+00
-1.269637703895568848e+00
5.969389677047729492e-01
-2.809579074382781982e-01
1.125409364700317383e+00
-1.250441670417785645e+00
6.159250736236572266e-01
-1.027999281883239746e+00
5.051608085632324219e-01
-1.067085489630699158e-01
-1.595116734504699707e+00
-6.095477193593978882e-02
-1.539187788963317871e+00
4.516469240188598633e-01
-9.451386928558349609e-01
-1.661812901496887207e+00
-5.179423689842224121e-01
-5.524886846542358398e-01
4.660065174102783203e-01
5.840444471687078476e-03
7.257165014743804932e-02
-9.180124998092651367e-01
-1.652507185935974121e+00
5.052602887153625488e-01
7.573278248310089111e-02
9.223911166191101074e-01
3.079613745212554932e-01
-2.434676885604858398e-02
1.217217922210693359e+00
3.250457048416137695e-01
-2.144073843955993652e-01
2.876125872135162354e-01
1.498545885086059570e+00
-2.869032323360443115e-01
3.612156808376312256e-01
1.087701246142387390e-01
1.796332240104675293e+00
6.644796729087829590e-01
-1.340515375137329102e+00
1.919315814971923828e+00
2.819525301456451416e-01
1.557794213294982910e+00
1.703052222728729248e-01
-2.694579362869262695e-01
-9.477055668830871582e-01
1.508164498955011368e-02
3.257932374253869057e-03
1.126582697033882141e-01
-5.187751650810241699e-01
-2.075445279479026794e-02
-1.403592824935913086e-01
7.414474487304687500e-01
1.722384244203567505e-01
-1.233938336372375488e-01
1.295818209648132324e+00
7.774000167846679688e-01
3.692252874374389648e+00
1.254673600196838379e+00
1.442467093467712402e+00
-9.770072102546691895e-01
4.535870254039764404e-01
2.917910814285278320e-01
-1.628213286399841309e+00
-1.426955580711364746e+00
-1.169170379638671875e+00
1.313125938177108765e-01
-3.824306130409240723e-01
-6.448369622230529785e-01
-5.263937711715698242e-01
1.065124750137329102e+00
-5.207927823066711426e-01
1.478972882032394409e-01
-9.282499551773071289e-01
1.300193071365356445e+00
-2.227778136730194092e-01
3.606038540601730347e-02
-8.252346515655517578e-01
6.666761040687561035e-01
-3.196840286254882812e-01
3.338603079319000244e-01
5.024040937423706055e-01
1.848302721977233887e+00
-1.483304023742675781e+00
-1.284640431404113770e+00
-5.935737490653991699e-01
6.010244488716125488e-01
8.349975943565368652e-02
-7.946001291275024414e-01
-1.021936893463134766e+00
1.592367887496948242e+00
-6.593092083930969238e-01
6.231088191270828247e-02
-3.136890530586242676e-01
6.001187562942504883e-01
9.746977686882019043e-02
-9.624767303466796875e-02
-2.294834852218627930e-01
9.657179713249206543e-01
1.628432869911193848e+00
-7.707142233848571777e-01
-1.254854798316955566e-01
6.178324818611145020e-01
-9.924418479204177856e-02
6.454761028289794922e-01
9.126342535018920898e-01
-3.578692078590393066e-01
3.783692419528961182e-01
1.038249969482421875e+00
-7.566866874694824219e-01
6.845210194587707520e-01
8.303819894790649414e-01
-2.285564661026000977e+00
-1.084657907485961914e+00
9.389760494232177734e-01
1.729061603546142578e-01
-1.031444430351257324e+00
-7.486715912818908691e-02
1.286414265632629395e+00
9.920276403427124023e-01
-1.431072235107421875e+00
-1.426873922348022461e+00
-1.984105706214904785e+00
5.061932802200317383e-01
1.024414062500000000e+00
1.596314907073974609e+00
-6.877589225769042969e-01
1.534047070890665054e-02
1.734266132116317749e-01
-4.254104197025299072e-01
4.476408362388610840e-01
-7.846875786781311035e-01
-1.019910335540771484e+00
8.608411997556686401e-02
1.887448787689208984e+00
-9.389157295227050781e-01
-6.417894959449768066e-01
1.859730124473571777e+00
-6.578399538993835449e-01
-1.140025496482849121e+00
1.572220802307128906e+00
5.907836183905601501e-02
2.051649332046508789e+00
6.146458387374877930e-01
-7.971169352531433105e-01
-1.360746741294860840e+00
1.526286482810974121e+00
5.947207212448120117e-01
-4.863145649433135986e-01
9.674479812383651733e-02
8.498593568801879883e-01
9.616490602493286133e-01
6.310356259346008301e-01
-4.918500781059265137e-01
-9.613844752311706543e-02
4.693321287631988525e-01
-6.539898514747619629e-01
-4.528901576995849609e-01
1.266532659530639648e+00
1.714340806007385254e+00
1.301851868629455566e+00
-1.027651190757751465e+00
-3.063462078571319580e-01
-1.616434693336486816e+00
-3.435337066650390625e+00
4.397704601287841797e-01
4.543024599552154541e-01
-1.330154016613960266e-02
8.183585405349731445e-01
-2.484253644943237305e-01
-2.584101073443889618e-02
-1.063942551612854004e+00
9.735458493232727051e-01
-4.345677495002746582e-01
6.884109377861022949e-01
3.738878965377807617e-01
-3.146383464336395264e-01
6.680215597152709961e-01
1.544828861951828003e-01
2.089566946029663086e+00
-2.420682907104492188e-01
7.719101905822753906e-01
1.222565174102783203e+00
-1.452920913696289062e+00
-2.559060573577880859e+00
1.228760331869125366e-01
-1.130801439285278320e+00
4.709719121456146240e-02
-9.793636202812194824e-01
-1.591631412506103516e+00
-3.345160186290740967e-02
2.684241533279418945e-01
1.180136084556579590e+00
-4.398608803749084473e-01
1.046213984489440918e+00
1.739021390676498413e-01
-2.275604486465454102e+00
-9.879038333892822266e-01
2.148998737335205078e+00
1.903056979179382324e+00
-1.011234521865844727e+00
4.969464614987373352e-02
-2.605863809585571289e-01
5.204246640205383301e-01
4.167738258838653564e-01
-5.623141527175903320e-01
-3.501116335391998291e-01
1.341600775718688965e+00
1.915305972099304199e+00
2.174892276525497437e-01
1.299210786819458008e+00
5.779426097869873047e-01
-1.158504486083984375e+00
-3.271053135395050049e-01
7.160613536834716797e-01
-6.604104042053222656e-01
3.455381095409393311e-01
-3.046349249780178070e-02
-6.124041080474853516e-01
-1.158134341239929199e+00
-1.290029048919677734e+00
-9.766611456871032715e-02
-5.311124920845031738e-01
-5.502287149429321289e-01
9.408425688743591309e-01
-1.736940026283264160e+00
1.956214606761932373e-01
2.009478062391281128e-01
1.499198794364929199e+00
-5.764571204781532288e-02
6.052548289299011230e-01
2.776528298854827881e-01
1.866578757762908936e-01
1.126232981681823730e+00
1.071731805801391602e+00
1.326438665390014648e+00
-1.380877941846847534e-01
1.521121501922607422e+00
1.053291335701942444e-01
5.203257873654365540e-02
8.226840198040008545e-02
-4.166787266731262207e-01
7.901518940925598145e-01
-2.691845297813415527e-01
-2.755259871482849121e-01
-3.353190422058105469e-01
-9.236630797386169434e-01
-8.023291826248168945e-01
1.218338131904602051e+00
-1.672242879867553711e-01
7.304481267929077148e-01
1.177089214324951172e+00
-3.087152242660522461e-01
-5.054581761360168457e-01
-1.300442337989807129e+00
-8.397616744041442871e-01
-7.549899816513061523e-02
7.746746540069580078e-01
1.582814455032348633e-01
4.578885138034820557e-01
5.591530203819274902e-01
-1.013818159699440002e-01
1.051378369331359863e+00
5.992771983146667480e-01
9.895485639572143555e-02
-6.280864477157592773e-01
2.320610433816909790e-01
4.292245805263519287e-01
-1.867974042892456055e+00
5.587891340255737305e-01
-2.231076061725616455e-01
1.357210755348205566e+00
1.800916194915771484e-01
-5.705445408821105957e-01
-1.042717456817626953e+00
-5.603561177849769592e-02
1.480703234672546387e+00
8.081978559494018555e-01
-1.029962897300720215e+00
-9.869567155838012695e-01
-9.406294226646423340e-01
-1.691626906394958496e+00
-6.085323691368103027e-01
2.603526711463928223e-01
-1.095027446746826172e+00
1.165317893028259277e+00
-3.698357045650482178e-01
-3.587837517261505127e-01
8.787472248077392578e-01
-8.089436292648315430e-01
7.489334344863891602e-01
-4.326508343219757080e-01
1.130063891410827637e+00
9.785243272781372070e-01
-6.890885066241025925e-03
1.056319594383239746e+00
-8.672974109649658203e-01
1.129868984222412109e+00
-2.872629761695861816e-01
-7.234883308410644531e-01
1.057839155197143555e+00
-9.547057747840881348e-02
-2.897491455078125000e-01
-1.753706216812133789e+00
2.230173647403717041e-01
-3.803078532218933105e-01
4.068470895290374756e-01
1.716242909431457520e+00
-4.059681892395019531e-01
-1.160404443740844727e+00
1.431370854377746582e+00
-4.130376279354095459e-01
2.519685268402099609e+00
-1.344318389892578125e-01
-3.506565988063812256e-01
-9.908314347267150879e-01
-3.240337073802947998e-01
-1.918523550033569336e+00
-3.635993003845214844e-01
-3.343391418457031250e-01
-9.768040180206298828e-01
-6.485669612884521484e-01
1.968853324651718140e-01
-4.198261797428131104e-01
-1.552716851234436035e+00
9.857849031686782837e-02
-1.216937184333801270e+00
-6.674928665161132812e-01
-2.443660944700241089e-01
7.216203808784484863e-01
-1.201331853866577148e+00
4.834998250007629395e-01
3.748546540737152100e-01
-1.347683668136596680e-01
-5.658926963806152344e-01
-1.802774816751480103e-01
-1.816052317619323730e+00
-9.043967723846435547e-01
-2.184677124023437500e-01
1.314387679100036621e+00
5.821686387062072754e-01
1.147688627243041992e+00
-4.592639803886413574e-01
-4.790855944156646729e-01
-5.244712233543395996e-01
-4.986404180526733398e-01
5.283561348915100098e-01
2.512905597686767578e-01
-5.940025448799133301e-01
-4.120973646640777588e-01
6.058813929557800293e-01
-5.271754264831542969e-01
-6.559414267539978027e-01
-8.183761239051818848e-01
-6.591620445251464844e-01
-6.504460573196411133e-01
-5.405673384666442871e-01
-7.468772530555725098e-01
-1.016363501548767090e+00
6.331644952297210693e-02
-1.407639384269714355e-01
-5.285364985466003418e-01
1.378431081771850586e+00
3.071006014943122864e-02
-9.094444513320922852e-01
-1.099752306938171387e+00
1.393279671669006348e+00
6.363134831190109253e-02
-1.137019991874694824e+00
-1.633103489875793457e+00
-1.448760330677032471e-01
3.889844715595245361e-01
-1.100355505943298340e+00
2.328642368316650391e+00
-3.532431423664093018e-01
-2.367988824844360352e+00
6.735791563987731934e-01
-4.590016975998878479e-02
3.698927164077758789e-01
-7.167221903800964355e-01
-1.250025510787963867e+00
-1.661307215690612793e+00
7.909904718399047852e-01
7.454654574394226074e-01
-2.755569219589233398e-01
8.381556272506713867e-01
-8.780633211135864258e-01
-1.333723545074462891e+00
-4.347117245197296143e-01
-2.571221292018890381e-01
5.141896605491638184e-01
1.244823694229125977e+00
1.026869937777519226e-01
4.118717014789581299e-01
5.271800756454467773e-01
1.258275151252746582e+00
-9.414328932762145996e-01
1.952807307243347168e-01
-2.434154272079467773e+00
-1.251677274703979492e+00
-2.293390482664108276e-01
6.023922562599182129e-01
1.782794594764709473e+00
2.671800851821899414e-01
1.350721001625061035e+00
5.026258826255798340e-01
4.784688353538513184e-01
2.415407896041870117e-01
-6.181267499923706055e-01
6.906758546829223633e-01
1.673471808433532715e+00
7.606043219566345215e-01
1.490517407655715942e-01
3.699408471584320068e-01
4.845561832189559937e-02
1.384219646453857422e+00
4.093109816312789917e-02
-1.672258824110031128e-01
-8.227850794792175293e-01
-1.602609276771545410e+00
-5.091746896505355835e-02
-1.639786720275878906e+00
6.654394268989562988e-01
-1.227050662040710449e+00
6.310289353132247925e-02
-8.004519343376159668e-01
7.084178924560546875e-02
-2.622442543506622314e-01
1.677490025758743286e-01
-3.808474242687225342e-01
6.174364089965820312e-01
-9.744113087654113770e-01
-7.013819217681884766e-01
-3.255599737167358398e-01
-2.588871717453002930e-01
