4.886546730995178223e-01
4.334464669227600098e-01
-3.911156356334686279e-01
-1.094606757164001465e+00
6.264677047729492188e-01
-4.296789765357971191e-01
3.416383862495422363e-01
2.572022378444671631e-01
-2.535845339298248291e-01
-1.730265319347381592e-01
1.672453522682189941e+00
-1.393198609352111816e+00
6.220101714134216309e-01
-2.531551122665405273e-01
-4.206343367695808411e-02
-2.153510808944702148e+00
1.481392681598663330e-01
-5.532329082489013672e-01
-4.173930287361145020e-01
7.578274607658386230e-01
1.430287599563598633e+00
-6.919367909431457520e-01
6.506876945495605469e-01
2.273006886243820190e-01
-1.555085659027099609e+00
-1.728585064411163330e-01
5.055335164070129395e-01
-5.216124653816223145e-01
-5.777027606964111328e-01
3.846194148063659668e-01
-1.063570857048034668e+00
1.148485064506530762e+00
-5.277157425880432129e-01
1.440268307924270630e-01
8.182058930397033691e-01
3.906144499778747559e-01
-5.455826520919799805e-01
-3.681362867355346680e-01
6.070508807897567749e-02
7.683992385864257812e-01
1.125448476523160934e-02
1.967271715402603149e-01
-6.600825190544128418e-01
1.259573578834533691e+00
3.605049252510070801e-01
3.042815625667572021e-01
-1.988102048635482788e-01
-1.051419377326965332e+00
-1.715278506278991699e+00
-1.349491477012634277e-01
1.323487877845764160e+00
1.021785616874694824e+00
2.062429040670394897e-01
-1.452953696250915527e+00
-9.078467488288879395e-01
-3.972002565860748291e-01
5.991859436035156250e-01
-8.888585567474365234e-01
-2.374832630157470703e-01
-5.438737273216247559e-01
3.733408451080322266e-01
-6.086505055427551270e-01
9.306709766387939453e-01
2.801525592803955078e-01
-4.932011961936950684e-01
-1.346437931060791016e+00
-4.829408228397369385e-01
2.886945009231567383e-01
7.473102807998657227e-01
-1.293563127517700195e+00
1.474170207977294922e+00
-3.203472867608070374e-02
-4.091403782367706299e-01
-7.010535597801208496e-01
1.310525655746459961e+00
-8.384421467781066895e-01
-1.267183661460876465e+00
-4.525342881679534912e-01
1.148728847503662109e+00
1.119039416313171387e+00
2.104455083608627319e-01
1.084401845932006836e+00
-1.100468516349792480e+00
-1.538154721260070801e+00
4.127432405948638916e-01
1.092350706458091736e-01
-8.417088389396667480e-01
5.509814247488975525e-03
3.678974509239196777e-01
9.243815541267395020e-01
-8.145301938056945801e-01
-6.995554566383361816e-01
-1.036525130271911621e+00
9.698293805122375488e-01
-6.388272643089294434e-01
-2.465842664241790771e-01
-2.039773613214492798e-01
8.260776400566101074e-01
-8.641681671142578125e-01
9.094272255897521973e-01
-4.688669145107269287e-01
-5.048828721046447754e-01
6.747897714376449585e-03
-5.196807980537414551e-01
7.746416926383972168e-01
-6.104801297187805176e-01
-9.371041655540466309e-01
2.007918804883956909e-01
5.393061041831970215e-01
6.069408655166625977e-01
-1.566193997859954834e-02
5.676988959312438965e-01
9.983837604522705078e-02
-2.854937314987182617e-01
7.200729250907897949e-01
4.697023034095764160e-01
-1.157065153121948242e+00
-1.586036920547485352e+00
2.839459776878356934e-01
4.910124838352203369e-01
-1.356772035360336304e-01
-2.407378405332565308e-01
-1.499231100082397461e+00
-2.355787158012390137e-01
1.434665679931640625e+00
-2.220210582017898560e-01
1.096729755401611328e+00
-2.379526644945144653e-01
-1.128570318222045898e+00
-3.820138573646545410e-01
1.241470217704772949e+00
-1.413798689842224121e+00
-3.735803365707397461e-01
-8.406174182891845703e-01
6.091587543487548828e-01
-1.617691636085510254e+00
4.056372940540313721e-01
-7.362125515937805176e-01
3.945994377136230469e-01
-6.034805774688720703e-01
-1.087929368019104004e+00
8.239667415618896484e-01
-2.642901539802551270e-01
-2.462279945611953735e-01
5.074544250965118408e-02
1.102647662162780762e+00
4.389181733131408691e-01
3.512983620166778564e-01
8.970576524734497070e-01
1.480465650558471680e+00
-1.596463918685913086e-01
-7.435093522071838379e-01
8.211915194988250732e-02
-5.277228355407714844e-01
-4.766022264957427979e-01
-4.526324570178985596e-02
-4.493791460990905762e-01
-1.475633382797241211e-01
-4.351235628128051758e-01
8.816533088684082031e-01
1.229877024888992310e-01
1.216412559151649475e-01
-6.211673021316528320e-01
-4.187204837799072266e-01
-3.086078464984893799e-01
-1.801062583923339844e+00
-3.970161974430084229e-01
3.204362466931343079e-02
6.613652110099792480e-01
9.611872583627700806e-02
-5.667011737823486328e-01
1.567350700497627258e-02
-2.207050561904907227e+00
3.454559445381164551e-01
1.801227182149887085e-01
-1.108961477875709534e-01
8.460623025894165039e-02
-8.086799383163452148e-01
6.176761984825134277e-01
7.873435616493225098e-01
7.198829650878906250e-01
2.170713096857070923e-01
1.253279089927673340e+00
-4.052901864051818848e-01
-5.651784539222717285e-01
-3.616380095481872559e-01
-8.042711019515991211e-02
1.817318797111511230e+00
1.049272060394287109e+00
-3.808582127094268799e-01
-4.509367942810058594e-01
3.947478234767913818e-01
1.021591305732727051e+00
-3.657972812652587891e-01
-1.395125985145568848e+00
5.880787968635559082e-01
4.975675418972969055e-02
7.640523910522460938e-01
-3.786591589450836182e-01
-1.481918931007385254e+00
4.439834058284759521e-01
4.893403053283691406e-01
1.356631040573120117e+00
1.094202756881713867e+00
-3.945082128047943115e-01
-1.519265174865722656e-01
8.755793571472167969e-01
2.210800051689147949e-01
2.372082322835922241e-01
-3.435414731502532959e-01
-5.693583488464355469e-01
1.763319075107574463e-01
8.168452382087707520e-01
1.300578862428665161e-01
1.378001123666763306e-01
-2.501313686370849609e-01
-6.945301592350006104e-02
-1.169995069503784180e+00
-1.195197701454162598e+00
-1.303898263722658157e-02
-3.823194503784179688e-01
-5.659561231732368469e-02
-2.463769912719726562e-01
-1.725512593984603882e-01
1.784229993820190430e+00
9.265437722206115723e-02
1.342942833900451660e+00
1.848801225423812866e-02
-1.110288739204406738e+00
-1.207077264785766602e+00
4.112117290496826172e-01
6.121399998664855957e-01
-1.590062618255615234e+00
-5.772178769111633301e-01
1.122317433357238770e+00
1.422408580780029297e+00
5.717633962631225586e-01
-3.878344893455505371e-01
1.543476462364196777e+00
3.925366401672363281e-01
6.752709150314331055e-01
-1.114821076393127441e+00
-1.000695586204528809e+00
4.530839920043945312e-01
-1.529102802276611328e+00
-7.106341123580932617e-01
-1.055981125682592392e-02
3.977782428264617920e-01
1.340813040733337402e+00
7.917917370796203613e-01
7.173987030982971191e-01
-1.003850251436233521e-01
-9.679263234138488770e-01
-4.881311953067779541e-01
-9.784603118896484375e-02
-6.380110979080200195e-01
3.373337388038635254e-01
5.116714835166931152e-01
4.342616498470306396e-01
1.363781243562698364e-01
2.370457351207733154e-01
-1.175395846366882324e-01
-9.033833742141723633e-01
1.948024332523345947e-01
2.722656726837158203e-01
6.855005621910095215e-01
8.388183116912841797e-01
-2.614131942391395569e-02
3.518140077590942383e+00
-6.356322765350341797e-01
-5.968877673149108887e-01
1.169126272201538086e+00
-4.112716913223266602e-01
5.301375985145568848e-01
-8.716570138931274414e-01
8.227245211601257324e-01
-2.172542959451675415e-01
-9.049546122550964355e-01
-7.632167339324951172e-01
2.288734465837478638e-01
7.468715310096740723e-02
-6.301825046539306641e-01
-2.438430637121200562e-01
3.631013631820678711e-01
-4.299379885196685791e-01
-6.432350277900695801e-01
-1.406762748956680298e-01
4.177914857864379883e-01
-7.341592311859130859e-01
-1.899100095033645630e-01
-7.708138972520828247e-02
-4.359957873821258545e-01
-7.203736901283264160e-02
2.494434833526611328e+00
-4.284960329532623291e-01
5.248235911130905151e-02
-2.938782274723052979e-01
-1.102931380271911621e+00
6.902954578399658203e-01
-2.885594606399536133e+00
-3.382924795150756836e-01
-8.764550685882568359e-01
1.171221971511840820e+00
1.055851653218269348e-01
-2.224445343017578125e-01
7.524473071098327637e-01
1.361602544784545898e+00
2.470230758190155029e-01
1.082710847258567810e-01
-2.609589993953704834e-01
-8.716561645269393921e-02
7.011290192604064941e-01
2.930995225906372070e-01
-1.109721660614013672e-01
-1.905366629362106323e-01
1.004684567451477051e+00
-8.056444525718688965e-01
-2.840934693813323975e-01
1.237041234970092773e+00
-2.558132112026214600e-01
-9.533843398094177246e-01
-8.422076702117919922e-01
5.521419048309326172e-01
-7.663134932518005371e-01
-9.600682854652404785e-01
2.937930822372436523e-01
3.200028538703918457e-01
-4.474850296974182129e-01
-3.416790366172790527e-01
9.547953605651855469e-01
1.685569286346435547e-01
-3.869325518608093262e-01
-3.156541660428047180e-02
-4.141641557216644287e-01
-3.583412170410156250e-01
-9.751548767089843750e-01
-5.201229825615882874e-02
-5.626495480537414551e-01
1.453205347061157227e+00
-1.582651853561401367e+00
-3.793605044484138489e-02
-2.842865884304046631e-01
9.800765514373779297e-01
-1.551284790039062500e+00
-7.759236693382263184e-01
-4.363191425800323486e-01
-2.472448945045471191e-01
-5.681559443473815918e-01
-2.791804075241088867e-02
-8.269689083099365234e-01
-3.609071969985961914e-01
-3.289706707000732422e-01
3.379119634628295898e-01
9.410015307366847992e-03
2.802318930625915527e-01
-3.268823027610778809e-01
7.665243148803710938e-01
5.440911278128623962e-02
-8.315178751945495605e-01
6.885663866996765137e-01
2.178163081407546997e-01
-2.212470956146717072e-02
-7.210597991943359375e-01
1.200531646609306335e-01
4.577024579048156738e-01
-1.018710017204284668e+00
1.044559597969055176e+00
-6.840153932571411133e-01
-9.358317404985427856e-02
2.127301692962646484e+00
5.045995116233825684e-01
3.800339996814727783e-01
-3.225216865539550781e-01
-1.821354031562805176e-01
-6.635756492614746094e-01
-3.051876425743103027e-01
4.959188401699066162e-01
-1.817920446395874023e+00
-2.983416318893432617e-01
8.263761997222900391e-01
1.556779980659484863e+00
4.804278016090393066e-01
1.245315909385681152e+00
9.543611407279968262e-01
-1.480166018009185791e-01
-4.793671146035194397e-02
3.371914476156234741e-02
-1.428478479385375977e+00
9.299159981310367584e-03
9.305380582809448242e-01
-1.176720857620239258e-01
1.217073440551757812e+00
7.984126806259155273e-01
-1.154703855514526367e+00
2.594354152679443359e-01
1.111070662736892700e-01
4.550498351454734802e-02
-9.506029635667800903e-02
-1.386927843093872070e+00
-1.777643710374832153e-01
9.636943936347961426e-01
-1.014574989676475525e-01
-2.333219945430755615e-01
-4.405496120452880859e-01
-2.550316751003265381e-01
2.160897664725780487e-02
-1.937746763229370117e+00
-8.125218749046325684e-01
-5.627762675285339355e-01
-5.903521776199340820e-01
-8.862628340721130371e-01
3.976713418960571289e-01
-2.823391556739807129e-01
5.123462677001953125e-01
-6.184338927268981934e-01
7.230949401855468750e-01
-7.201594710350036621e-01
-8.548968434333801270e-01
-5.721781849861145020e-01
1.153530478477478027e+00
-1.073330402374267578e+00
-3.626784086227416992e-01
2.916854806244373322e-02
-1.344926118850708008e+00
-5.630744099617004395e-01
2.841569185256958008e-01
9.505807161331176758e-01
3.689023852348327637e-02
-1.147819399833679199e+00
-1.526245951652526855e+00
-1.472437083721160889e-01
3.452999591827392578e-01
5.306618809700012207e-01
1.054768487811088562e-01
8.895491957664489746e-01
2.924068868160247803e-01
1.905875056982040405e-01
5.371634364128112793e-01
7.256995886564254761e-02
5.163457989692687988e-01
-3.898954391479492188e-01
-5.501868724822998047e-01
5.031348466873168945e-01
-3.960091471672058105e-01
-2.892453968524932861e-01
1.467180252075195312e+00
-2.483663260936737061e-01
-3.908909857273101807e-01
7.289602160453796387e-01
-5.468953773379325867e-02
-2.360519170761108398e-01
6.627211570739746094e-01
-6.209374666213989258e-01
9.429655969142913818e-02
3.104884922504425049e-01
-5.009661912918090820e-01
-4.395076632499694824e-01
-4.351605772972106934e-01
-9.886502623558044434e-01
1.431386232376098633e+00
1.232512593269348145e+00
-1.921579986810684204e-01
4.632908999919891357e-01
9.151942133903503418e-01
-4.391510188579559326e-01
-6.268178224563598633e-01
-7.198106646537780762e-01
-4.884830713272094727e-01
2.138062380254268646e-03
3.587162792682647705e-01
1.331056952476501465e+00
5.241287350654602051e-01
1.729528792202472687e-02
4.787316918373107910e-01
-1.381102442741394043e+00
-3.758915364742279053e-01
-8.794387429952621460e-02
3.758892416954040527e-01
3.164196908473968506e-01
1.356835484504699707e+00
4.992763102054595947e-01
5.769199132919311523e-01
-3.189378976821899414e-02
3.020211160182952881e-01
-8.010081052780151367e-01
1.225753650069236755e-01
-4.855155646800994873e-01
5.503904223442077637e-01
5.261068940162658691e-01
-1.158625632524490356e-01
-7.287951111793518066e-01
2.060411691665649414e+00
2.581260800361633301e-01
3.853774666786193848e-01
-8.038964122533798218e-02
-2.985756099224090576e-01
-1.005075275897979736e-01
-4.778559803962707520e-01
-5.390463471412658691e-01
-5.453095436096191406e-01
2.388083636760711670e-01
1.636373847723007202e-01
-1.247217774391174316e+00
1.512844800949096680e+00
-6.000313758850097656e-01
1.636895239353179932e-01
3.849709630012512207e-01
3.562952578067779541e-01
2.267313450574874878e-01
3.784582614898681641e-01
7.426996827125549316e-01
1.027165278792381287e-01
9.124490618705749512e-01
-3.776379823684692383e-01
5.905802249908447266e-01
1.574336178600788116e-02
-5.177916288375854492e-01
-1.017149567604064941e+00
3.829317986965179443e-01
-8.284702301025390625e-01
-6.872294098138809204e-02
-2.050611972808837891e-01
-1.095539808273315430e+00
-1.552382558584213257e-01
6.884328126907348633e-01
6.993766427040100098e-01
-8.851531744003295898e-01
5.756602287292480469e-01
9.004458785057067871e-01
-7.385686039924621582e-01
-5.275586843490600586e-01
5.241058468818664551e-01
3.883694484829902649e-02
4.115779399871826172e-01
-3.711494505405426025e-01
-3.628207147121429443e-01
7.107300758361816406e-01
-2.665830552577972412e-01
4.244424402713775635e-01
-3.265400528907775879e-01
-4.083724915981292725e-01
8.950310945510864258e-01
-1.260406851768493652e+00
5.335120558738708496e-01
2.093409001827239990e-02
-1.126648709177970886e-01
1.014229059219360352e+00
5.314161181449890137e-01
-3.414470851421356201e-01
2.282207161188125610e-01
-2.566129341721534729e-02
5.595099925994873047e-02
-9.126384258270263672e-01
-2.010491490364074707e-01
-6.505106091499328613e-01
5.172928571701049805e-01
6.103179454803466797e-01
1.154998183250427246e+00
8.447571992874145508e-01
1.884780526161193848e-01
4.376786947250366211e-01
-7.471967339515686035e-01
1.020706295967102051e-01
-4.356757402420043945e-01
5.415109395980834961e-01
2.621307075023651123e-01
-4.469295144081115723e-01
-7.021691799163818359e-01
1.200319051742553711e+00
-6.950137019157409668e-01
5.020134449005126953e-01
-3.596693575382232666e-01
5.524011850357055664e-01
2.767856121063232422e-01
-1.110823392868041992e+00
4.920923113822937012e-01
-5.556380152702331543e-01
3.668885231018066406e-01
-4.979341626167297363e-01
-2.868325822055339813e-02
-2.972406446933746338e-01
1.323490262031555176e+00
-1.327049583196640015e-01
6.068516373634338379e-01
-3.718556761741638184e-01
1.561404578387737274e-02
-7.153213024139404297e-01
-1.598380357027053833e-01
3.725057244300842285e-01
6.525694578886032104e-02
-1.005075573921203613e+00
-4.334781765937805176e-01
1.049417495727539062e+00
-1.039190888404846191e+00
-9.703760743141174316e-01
5.760753154754638672e-01
8.477805256843566895e-01
-1.692302107810974121e+00
8.302650600671768188e-02
3.227896615862846375e-02
-5.969004631042480469e-01
7.140908241271972656e-01
-2.658795416355133057e-01
7.186421751976013184e-01
5.447783470153808594e-01
-6.588834524154663086e-01
7.867227792739868164e-01
-8.170717954635620117e-01
-1.500963717699050903e-01
3.774743080139160156e-01
-2.547960877418518066e-01
-2.079769372940063477e-01
-3.977634310722351074e-01
2.217477113008499146e-01
-1.443495392799377441e+00
-5.059204101562500000e-01
8.674876093864440918e-01
-2.725600600242614746e-01
4.975868165493011475e-01
1.523746699094772339e-01
-2.606295943260192871e-01
7.509204745292663574e-02
1.501948237419128418e-01
-3.948360681533813477e-01
-1.426089704036712646e-01
9.309535026550292969e-01
-7.167253643274307251e-02
1.207277774810791016e+00
7.905359268188476562e-01
1.536568254232406616e-01
1.788680434226989746e+00
-1.205350384116172791e-01
9.868249893188476562e-01
-4.484852030873298645e-02
1.301014304161071777e+00
-4.301473796367645264e-01
4.808762371540069580e-01
-3.252645730972290039e-01
-8.140759170055389404e-02
-3.646075725555419922e-01
5.407669544219970703e-01
2.160617858171463013e-01
-1.147406771779060364e-01
1.104258775711059570e+00
6.795782446861267090e-01
-5.584455728530883789e-01
-1.581211566925048828e+00
2.217042893171310425e-01
3.644843995571136475e-01
-1.065482139587402344e+00
-3.285418450832366943e-01
2.567199170589447021e-01
-7.793890833854675293e-01
-1.571494899690151215e-02
-3.659671545028686523e-01
1.737846255302429199e+00
-4.306173026561737061e-01
2.119681358337402344e+00
7.385757565498352051e-01
-1.532098650932312012e+00
-2.446917742490768433e-01
-1.773392677307128906e+00
2.959871292114257812e-01
4.203127920627593994e-01
-6.212974786758422852e-01
1.454156517982482910e+00
1.971171140670776367e+00
1.183066487312316895e+00
1.319051235914230347e-01
-1.277215361595153809e+00
-4.546563327312469482e-01
4.910886287689208984e-01
-1.222087144851684570e+00
1.995988011360168457e+00
1.297507286071777344e+00
3.110692501068115234e-01
-7.999073863029479980e-01
2.823524475097656250e-01
7.476021051406860352e-01
-1.536405205726623535e+00
-4.591491520404815674e-01
-1.574054718017578125e+00
-6.843339651823043823e-03
-5.491995066404342651e-02
1.258869189769029617e-02
3.684562742710113525e-01
1.451998353004455566e-01
-1.121588125824928284e-01
-6.523737907409667969e+00
5.542700290679931641e-01
-7.637988328933715820e-01
2.134558856487274170e-01
1.248046517372131348e+00
6.742262840270996094e-01
-1.477204918861389160e+00
6.971591711044311523e-01
-2.032762765884399414e-01
-1.904299110174179077e-02
-1.220016032457351685e-01
9.618462324142456055e-01
3.856405615806579590e-01
-6.684785336256027222e-02
1.035948395729064941e-01
5.211355090141296387e-01
7.307415008544921875e-01
-7.146430015563964844e-02
1.544053554534912109e+00
-6.774978637695312500e-01
-3.020872831344604492e+00
8.824063539505004883e-01
6.601853370666503906e-01
8.251965045928955078e-01
-1.650014281272888184e+00
-3.806292116641998291e-01
1.718489527702331543e-01
4.613779892679303885e-04
1.273840785026550293e+00
-3.824795782566070557e-01
2.150755934417247772e-02
6.414194703102111816e-01
-7.715139985084533691e-01
9.218188524246215820e-01
3.497369587421417236e-01
6.778757572174072266e-01
5.563161894679069519e-02
-7.327538132667541504e-01
-3.529992699623107910e-01
-4.806075692176818848e-01
-8.428423404693603516e-01
-6.259151697158813477e-01
-7.180649042129516602e-01
-1.557961225509643555e+00
-6.844937801361083984e-01
-1.239483833312988281e+00
1.121778249740600586e+00
-7.511661052703857422e-01
1.198490485548973083e-01
-7.331075668334960938e-01
-3.013496659696102142e-02
1.022808194160461426e+00
-6.858128905296325684e-01
6.748648881912231445e-01
1.617419958114624023e+00
1.567283391952514648e+00
7.526164054870605469e-01
-5.384957194328308105e-01
-1.580071896314620972e-01
2.317086160182952881e-01
-8.890563249588012695e-02
-1.157363653182983398e+00
5.102254152297973633e-01
-3.655936717987060547e-01
1.291455507278442383e+00
7.431105524301528931e-02
-1.219733119010925293e+00
-6.013227105140686035e-01
-1.731657266616821289e+00
-5.005342364311218262e-01
-1.488602638244628906e+00
-7.097296118736267090e-01
2.670872807502746582e-01
-4.785749316215515137e-01
-2.219471037387847900e-01
1.359521508216857910e+00
-1.134893178939819336e+00
-4.003278613090515137e-01
-1.148363828659057617e+00
2.880199849605560303e-01
