-1.421531587839126587e-01
1.603324651718139648e+00
6.353306174278259277e-01
-1.404545545578002930e+00
5.327280759811401367e-01
-9.177441596984863281e-01
1.489035248756408691e+00
-4.893141984939575195e-01
-6.142190098762512207e-01
1.801258623600006104e-01
-1.201425909996032715e+00
6.692797876894474030e-03
-3.716468214988708496e-01
-1.003860592842102051e+00
-5.796542763710021973e-01
-2.111649990081787109e+00
-6.877370476722717285e-01
3.026719689369201660e-01
9.802977740764617920e-02
2.863000631332397461e-01
-1.164864301681518555e-01
2.081574872136116028e-02
1.818437427282333374e-01
9.248342514038085938e-01
-6.022211313247680664e-01
-6.978469491004943848e-01
-4.828574135899543762e-02
-1.095954179763793945e+00
-1.608539819717407227e+00
7.347243428230285645e-01
1.724297851324081421e-01
-3.155879080295562744e-01
8.007197380065917969e-01
5.251978039741516113e-01
3.858701586723327637e-01
-4.395569562911987305e-01
-4.554072618484497070e-01
-1.538551211357116699e+00
6.473766267299652100e-02
-7.698503881692886353e-02
3.365123271942138672e-01
-9.067425131797790527e-01
-5.271830558776855469e-01
1.265482306480407715e+00
3.498693108558654785e-01
1.307414937764406204e-02
-4.846056923270225525e-03
-1.016105651855468750e+00
-1.516922950744628906e+00
5.765293240547180176e-01
-4.650332331657409668e-01
2.499308586120605469e-01
8.832803368568420410e-01
-1.250726342201232910e+00
-9.981663227081298828e-01
-9.757398962974548340e-01
-1.169468283653259277e+00
-1.799962997436523438e+00
-1.080307483673095703e+00
3.118981420993804932e-01
-1.548244237899780273e+00
-1.541412234306335449e+00
2.152034759521484375e+00
9.540586471557617188e-01
2.171185493469238281e+00
-9.151476025581359863e-01
1.253728121519088745e-01
1.170710995793342590e-01
-8.049364387989044189e-02
-1.566423654556274414e+00
-5.187979936599731445e-01
-7.831518650054931641e-01
-1.990070939064025879e+00
-3.257779777050018311e-01
4.810058474540710449e-01
5.157054066658020020e-01
-4.408121109008789062e-01
-3.416846394538879395e-01
5.059249997138977051e-01
1.099469780921936035e+00
3.512673974037170410e-01
3.031421303749084473e-01
-1.135228037834167480e+00
-9.214831590652465820e-01
-8.519664406776428223e-01
7.934288382530212402e-01
-1.146540045738220215e+00
3.986032903194427490e-01
1.189820766448974609e+00
5.540747046470642090e-01
-1.155701205134391785e-01
-1.216015696525573730e+00
-9.875348210334777832e-01
2.411948591470718384e-01
-1.594717651605606079e-01
1.558965891599655151e-01
8.341707289218902588e-02
-6.968522071838378906e-01
1.149226188659667969e+00
1.715232849121093750e+00
-2.281340837478637695e+00
-2.605701386928558350e-01
8.840221762657165527e-01
4.304384887218475342e-01
-1.899487972259521484e-01
1.706095933914184570e-01
-7.643145918846130371e-01
-1.197163224220275879e+00
1.462036073207855225e-01
-7.423450946807861328e-01
1.454613357782363892e-01
5.068183541297912598e-01
-5.015974640846252441e-01
-1.217608928680419922e+00
-2.549003660678863525e-01
5.470510721206665039e-01
8.028785884380340576e-02
-1.636991024017333984e+00
-5.643858313560485840e-01
9.307235479354858398e-02
-1.387052655220031738e+00
-9.890359640121459961e-01
-1.061789631843566895e+00
1.293745040893554688e+00
2.056530475616455078e+00
-4.771833121776580811e-01
1.635027050971984863e+00
-2.691825926303863525e-01
-8.895856887102127075e-02
6.128873229026794434e-01
7.539001703262329102e-01
-8.262774944305419922e-01
-1.137893438339233398e+00
4.206711649894714355e-01
-8.008592724800109863e-01
5.152789354324340820e-01
-1.869032084941864014e-01
-1.065247535705566406e+00
-1.941226243972778320e+00
2.853096723556518555e-01
-4.353377223014831543e-01
-3.602004051208496094e-01
1.502168655395507812e+00
5.157584547996520996e-01
-9.111080765724182129e-01
9.758377671241760254e-01
-1.185712814331054688e-01
3.919173181056976318e-01
1.153993010520935059e+00
9.554359912872314453e-01
-1.239814043045043945e+00
1.001052141189575195e+00
1.333872199058532715e+00
-1.000896215438842773e+00
4.352207779884338379e-01
8.318946957588195801e-01
3.671929240226745605e-01
-1.018329620361328125e+00
4.892577230930328369e-01
1.160184442996978760e-01
1.219969615340232849e-01
-6.278994083404541016e-01
7.082299590110778809e-01
-2.977847158908843994e-01
1.466095540672540665e-02
2.505901157855987549e-01
-6.597405076026916504e-01
8.414648473262786865e-02
7.691071033477783203e-01
-1.406406879425048828e+00
-1.156427383422851562e+00
-2.809424400329589844e-01
-3.654236793518066406e-01
1.683784127235412598e+00
1.207904443144798279e-01
-3.312262296676635742e-01
-2.543011307716369629e-01
2.694698572158813477e-01
-7.187660932540893555e-01
6.403313279151916504e-01
-8.378337323665618896e-02
4.491195678710937500e-01
1.139215350151062012e+00
-6.554485112428665161e-02
-1.235203981399536133e+00
-7.751420140266418457e-01
-9.107076525688171387e-01
1.314622998237609863e+00
-8.278686404228210449e-01
4.470483958721160889e-02
-7.783541083335876465e-01
4.527672529220581055e-01
-3.479560613632202148e-01
5.232980847358703613e-01
-1.357504963874816895e+00
-8.192322850227355957e-01
2.576532661914825439e-01
9.898620843887329102e-01
-1.197501540184020996e+00
-1.515632748603820801e+00
7.320878505706787109e-01
-2.304176688194274902e-01
-6.508188843727111816e-01
-8.031069487333297729e-02
-6.680361032485961914e-01
9.740149974822998047e-02
4.621720314025878906e-01
-5.807855725288391113e-02
1.213478520512580872e-01
9.743793308734893799e-02
-8.923009037971496582e-01
8.836083859205245972e-02
1.960298180580139160e+00
1.611135721206665039e+00
5.613474845886230469e-01
1.096969366073608398e+00
1.069741249084472656e+00
-7.609470486640930176e-01
-8.876376152038574219e-01
-1.658027321100234985e-01
1.051723957061767578e+00
1.390227794647216797e+00
-5.046330690383911133e-01
5.015991162508726120e-03
-1.634556055068969727e-01
1.403710126876831055e+00
7.625555992126464844e-02
-1.256623387336730957e+00
2.211830765008926392e-01
-1.831655383110046387e+00
-1.257853865623474121e+00
-9.797727465629577637e-01
-6.913536787033081055e-01
5.365744233131408691e-01
2.682025730609893799e-01
1.419204115867614746e+00
-2.715050280094146729e-01
-2.916029989719390869e-01
8.957117795944213867e-01
-8.045625290833413601e-04
1.520195722579956055e+00
-1.280648946762084961e+00
-2.552886009216308594e-01
5.328899621963500977e-01
-6.262016296386718750e-01
-1.167342185974121094e+00
-6.237005591392517090e-01
-2.600007951259613037e-01
1.163679003715515137e+00
1.168413639068603516e+00
4.395457506179809570e-01
-2.788419127464294434e-01
1.782786697149276733e-01
6.017426848411560059e-01
-9.369732737541198730e-01
-2.684216499328613281e-01
-8.218619972467422485e-02
-6.217533349990844727e-01
-2.197699795942753553e-04
8.017868995666503906e-01
-8.844016194343566895e-01
-8.632943034172058105e-01
2.501049637794494629e-01
-1.177849411964416504e+00
-1.075160741806030273e+00
-6.740096807479858398e-01
1.470109820365905762e+00
5.098946094512939453e-01
2.841054201126098633e+00
-1.277765512466430664e+00
1.050243377685546875e+00
-4.939617216587066650e-02
-4.705163538455963135e-01
6.247892379760742188e-01
1.093093037605285645e+00
1.611280590295791626e-01
1.379693508148193359e+00
-1.189358115196228027e+00
8.230052590370178223e-01
-1.013720870018005371e+00
-1.203027963638305664e+00
5.263713654130697250e-03
-7.347109317779541016e-01
-6.346272826194763184e-01
7.315195798873901367e-01
-9.015228152275085449e-01
9.917168617248535156e-01
1.148627474904060364e-01
-5.426496267318725586e-01
-8.715081810951232910e-01
-6.268496513366699219e-01
-2.562381625175476074e-01
-6.515094041824340820e-01
2.111094474792480469e+00
-1.010084867477416992e+00
-8.422471880912780762e-01
-2.533843517303466797e-01
7.069155573844909668e-01
-2.522790431976318359e-01
-3.774731159210205078e-01
-1.021986365318298340e+00
-1.776914238929748535e+00
4.938268065452575684e-01
-1.473395466804504395e+00
5.656784176826477051e-01
-1.738507002592086792e-01
-2.450014650821685791e-01
-6.325094699859619141e-01
1.824886202812194824e-01
9.990928769111633301e-01
-1.544262051582336426e+00
-6.975823044776916504e-01
4.897693395614624023e-01
1.215964406728744507e-01
-7.907292842864990234e-01
-9.396805167198181152e-01
-4.642238318920135498e-01
5.005306601524353027e-01
2.172204732894897461e+00
-4.699862003326416016e-01
-2.783252000808715820e-01
-6.217705011367797852e-01
2.596044301986694336e+00
3.590646088123321533e-01
-1.067541599273681641e+00
-4.257748425006866455e-01
-1.116974279284477234e-01
-4.419578984379768372e-02
-5.618082284927368164e-01
1.595906615257263184e+00
-4.931557476520538330e-01
4.328829646110534668e-01
-9.660891890525817871e-01
6.863930225372314453e-01
-9.673314094543457031e-01
3.814886510372161865e-01
-6.251391172409057617e-01
-7.129065692424774170e-02
3.110927715897560120e-02
-6.306278705596923828e-01
3.259105086326599121e-01
-4.074910879135131836e-01
2.367044687271118164e-01
-1.520109057426452637e+00
-2.376909494400024414e+00
4.206869900226593018e-01
-1.763498306274414062e+00
6.424118876457214355e-01
-1.080025434494018555e+00
-1.946654170751571655e-02
-3.873152732849121094e-01
-9.404373764991760254e-01
-5.039136409759521484e-01
-1.752896666526794434e+00
-1.833313405513763428e-01
-7.524040061980485916e-03
7.112526893615722656e-01
-7.221285104751586914e-01
-1.880306452512741089e-01
4.252560064196586609e-02
-1.589505821466445923e-01
1.439033985137939453e+00
-1.192787766456604004e+00
-6.299991160631179810e-02
-1.435102969408035278e-01
-1.349764019250869751e-01
2.462404489517211914e+00
-2.065937817096710205e-01
6.886854171752929688e-01
1.481432914733886719e+00
2.842603325843811035e-01
2.301680147647857666e-01
-6.758568882942199707e-01
3.365387320518493652e-01
4.027968645095825195e-01
-5.711798071861267090e-01
9.565451741218566895e-01
5.733596682548522949e-01
-5.604823827743530273e-01
2.560347616672515869e-01
6.990740299224853516e-01
9.555222392082214355e-01
6.837294101715087891e-01
-3.397505581378936768e-01
-1.124861001968383789e+00
-1.040071129798889160e+00
1.234829947352409363e-01
-1.363674163818359375e+00
-3.145705759525299072e-01
2.683262228965759277e-01
7.319299578666687012e-01
1.349074721336364746e+00
6.485396623611450195e-01
-2.027354985475540161e-01
6.409559249877929688e-01
-1.302012681961059570e+00
-1.235535621643066406e+00
8.394769430160522461e-01
3.124547898769378662e-01
6.326552629470825195e-01
5.271555185317993164e-01
-8.578332066535949707e-01
-1.892044246196746826e-01
-9.449821710586547852e-01
3.219726085662841797e-01
1.373068094253540039e+00
-1.081451773643493652e+00
7.510297000408172607e-02
-1.941557079553604126e-01
-1.726619958877563477e+00
-2.600458562374114990e-01
-1.348496913909912109e+00
-8.185734152793884277e-01
-9.150740504264831543e-01
-1.227064728736877441e+00
6.040773987770080566e-01
-1.357431888580322266e+00
3.678078353404998779e-01
-1.260293126106262207e+00
8.411759734153747559e-01
2.153256088495254517e-01
-1.844822168350219727e+00
4.129280447959899902e-01
-5.983353033661842346e-02
-1.334279656410217285e+00
1.634289883077144623e-02
5.391287207603454590e-01
8.619682788848876953e-01
-7.793824076652526855e-01
-3.913886845111846924e-01
7.959702610969543457e-01
8.054150342941284180e-01
-3.398450836539268494e-02
-1.617126464843750000e+00
3.886603936553001404e-02
3.191942870616912842e-01
1.831648051738739014e-01
1.863788366317749023e+00
9.056451916694641113e-01
-1.139945149421691895e+00
-5.902665257453918457e-01
1.186083555221557617e+00
-2.175283432006835938e-01
-5.117898583412170410e-01
5.164284110069274902e-01
3.824484348297119141e-01
8.088505864143371582e-01
1.226466655731201172e+00
4.660716652870178223e-01
-2.220445632934570312e+00
3.023635745048522949e-01
-9.659086912870407104e-02
6.379283666610717773e-01
1.928803026676177979e-01
1.006935119628906250e+00
1.772449761629104614e-01
3.491492941975593567e-02
7.382977604866027832e-01
-1.273823976516723633e+00
1.754854321479797363e-01
1.787223696708679199e+00
1.367649316787719727e+00
-1.122503161430358887e+00
-8.129087686538696289e-01
-1.176557183265686035e+00
-1.932540178298950195e+00
1.185709387063980103e-01
-4.303533732891082764e-01
-9.946036934852600098e-01
5.162615776062011719e-01
2.770612761378288269e-02
7.904158234596252441e-01
-4.677226543426513672e-01
5.714859366416931152e-01
-2.607361078262329102e-01
-8.855352550745010376e-02
-2.622083723545074463e-01
4.143702685832977295e-01
1.077827930450439453e+00
2.345356494188308716e-01
-1.880957484245300293e-01
9.076437950134277344e-01
3.650241494178771973e-01
3.598399758338928223e-01
-5.842976570129394531e-01
-1.535853296518325806e-01
-1.250948548316955566e+00
-2.704750932753086090e-02
7.729816250503063202e-03
1.137641429901123047e+00
3.238193392753601074e-01
1.189966201782226562e+00
9.375488162040710449e-01
-8.712131530046463013e-02
-1.559151411056518555e+00
-7.722223401069641113e-01
6.352439522743225098e-01
-1.181570887565612793e+00
2.022701501846313477e+00
-1.193912234157323837e-02
-6.953001618385314941e-01
5.649116262793540955e-02
-4.444257318973541260e-01
1.681724667549133301e+00
-5.101781487464904785e-01
-2.864973843097686768e-01
-2.001393586397171021e-01
-7.508970499038696289e-01
-1.259070277214050293e+00
2.324396818876266479e-01
-7.821257710456848145e-01
-3.186621665954589844e-01
2.963310480117797852e-01
-5.981765389442443848e-01
7.558765411376953125e-01
-3.991700410842895508e-01
-9.258784055709838867e-01
-1.696555763483047485e-01
8.612076044082641602e-01
2.764318883419036865e-01
-4.834928363561630249e-02
-2.014788389205932617e+00
-2.143377810716629028e-01
9.132932126522064209e-02
-1.199885532259941101e-01
2.548497319221496582e-01
9.003937244415283203e-02
2.858006358146667480e-01
3.987098634243011475e-01
-1.302280068397521973e+00
-2.649407684803009033e-01
9.011006355285644531e-02
2.125707268714904785e-01
-6.411291360855102539e-01
4.165024459362030029e-01
7.643539458513259888e-02
5.984061956405639648e-01
6.068441271781921387e-01
2.149266958236694336e+00
3.641662299633026123e-01
1.517283320426940918e-01
1.323226392269134521e-01
-1.692591756582260132e-01
-1.514783352613449097e-01
6.430918574333190918e-01
-4.353847727179527283e-02
1.688057541847229004e+00
-7.120753526687622070e-01
3.082120716571807861e-01
1.952512860298156738e-01
-5.586781501770019531e-01
-2.148833423852920532e-01
-8.064529299736022949e-01
3.264588415622711182e-01
9.386991262435913086e-01
6.153614521026611328e-01
3.015500009059906006e-01
1.092519283294677734e+00
-3.187825083732604980e-01
-1.346595764160156250e+00
4.345397055149078369e-01
7.173782587051391602e-02
-1.358794808387756348e+00
1.249527215957641602e+00
-1.231453418731689453e+00
-7.764226198196411133e-01
-4.458267092704772949e-01
1.064935140311717987e-02
-3.947141468524932861e-01
7.133103907108306885e-03
8.009020090103149414e-01
9.278160333633422852e-01
-4.567129909992218018e-01
1.290335178375244141e+00
-6.788172721862792969e-01
3.366820514202117920e-01
-1.129151701927185059e+00
-5.051286220550537109e-01
1.613288044929504395e+00
3.499223887920379639e-01
-7.026661187410354614e-03
7.199273705482482910e-01
5.818416923284530640e-02
-9.155644774436950684e-01
-1.042934805154800415e-01
-1.129983179271221161e-02
4.442936182022094727e-01
1.868529319763183594e-01
1.269815802574157715e+00
6.385281085968017578e-01
1.984788104891777039e-02
5.523211359977722168e-01
2.024908065795898438e-01
-4.363301396369934082e-01
8.515039682388305664e-01
8.668332695960998535e-01
2.401501089334487915e-01
-3.690120279788970947e-01
-3.504719138145446777e-01
-5.301841497421264648e-01
1.248514205217361450e-01
3.670195937156677246e-01
1.480809092521667480e+00
4.691481962800025940e-02
1.724855542182922363e+00
-4.126418232917785645e-01
-1.072210967540740967e-01
-1.696811199188232422e+00
-1.301921367645263672e+00
8.705295324325561523e-01
-3.710961341857910156e-01
-4.815788865089416504e-01
1.892539024353027344e+00
1.409598350524902344e+00
-3.017919361591339111e-01
-1.001178860664367676e+00
-4.294082224369049072e-01
-1.783654808998107910e+00
-9.597069025039672852e-01
1.520888209342956543e-01
5.340470075607299805e-01
-2.156109333038330078e+00
3.696568608283996582e-01
2.839117348194122314e-01
-1.578425765037536621e+00
-9.037938714027404785e-02
-8.533505350351333618e-02
-1.014058470726013184e+00
2.851874828338623047e-01
5.692168474197387695e-01
6.010846495628356934e-01
6.049728989601135254e-01
7.355166673660278320e-01
4.467538595199584961e-01
-4.340946376323699951e-01
-1.058228611946105957e+00
2.392239332199096680e+00
-1.416854262351989746e+00
1.177806138992309570e+00
-7.796636223793029785e-01
-2.453462034463882446e-01
1.717628002166748047e+00
-1.087665081024169922e+00
4.277209639549255371e-01
1.060947656631469727e+00
3.284353256225585938e+00
-1.803548336029052734e+00
-3.010872602462768555e-01
5.040854811668395996e-01
3.271027505397796631e-01
5.249861478805541992e-01
2.032135725021362305e+00
-2.000985622406005859e+00
8.806187510490417480e-01
-2.116663157939910889e-01
3.182447850704193115e-01
-6.846053004264831543e-01
7.022085785865783691e-01
-5.236518979072570801e-01
-1.357961058616638184e+00
4.079891741275787354e-01
3.763181269168853760e-01
9.531992673873901367e-01
1.675551772117614746e+00
3.076857030391693115e-01
2.111025333404541016e+00
6.778589487075805664e-01
6.932883262634277344e-01
6.986261904239654541e-02
-1.383090615272521973e+00
-7.375978231430053711e-01
1.171206474304199219e+00
-1.629189729690551758e+00
2.688416719436645508e+00
5.687766671180725098e-01
-7.741445899009704590e-01
3.545042872428894043e-02
3.204949200153350830e-01
3.128935694694519043e-01
-2.319705486297607422e+00
-3.578243032097816467e-02
-1.511196970939636230e+00
1.224314928054809570e+00
1.606100797653198242e+00
-9.468478709459304810e-02
8.536779880523681641e-02
6.086945533752441406e-01
-1.832527071237564087e-01
-5.766502380371093750e+00
6.642048954963684082e-01
-1.217429757118225098e+00
-1.346872210502624512e+00
1.383835792541503906e+00
9.940838813781738281e-02
-1.153088569641113281e+00
7.951439023017883301e-01
1.085943937301635742e+00
-9.789691567420959473e-01
4.836215078830718994e-01
2.149168252944946289e+00
-5.182512998580932617e-01
7.994131445884704590e-01
-1.372469663619995117e+00
1.274103391915559769e-02
5.831025838851928711e-01
5.284786820411682129e-01
3.463348388671875000e+00
-1.184345245361328125e+00
-3.697773456573486328e+00
1.690671443939208984e+00
6.379883736371994019e-02
-5.831141769886016846e-02
-6.788534522056579590e-01
1.690346933901309967e-02
4.551666378974914551e-01
-5.969119668006896973e-01
1.129721879959106445e+00
-6.187599301338195801e-01
-3.606705665588378906e-01
1.420772671699523926e+00
-8.261572718620300293e-01
2.807866632938385010e-01
6.777366995811462402e-01
1.502102971076965332e+00
-1.624161452054977417e-01
-1.219772815704345703e+00
-8.100944161415100098e-01
2.150162458419799805e-01
1.261171460151672363e+00
-4.729717075824737549e-01
3.578823208808898926e-01
-2.440834283828735352e+00
-1.573476195335388184e+00
-5.181539058685302734e-01
1.388702988624572754e+00
9.782234430313110352e-01
-1.390849649906158447e-01
2.022232532501220703e+00
1.601875901222229004e+00
-5.867620110511779785e-01
-1.050779819488525391e+00
-1.253926873207092285e+00
1.895840048789978027e+00
1.184133172035217285e+00
1.137071847915649414e-01
3.185978829860687256e-01
4.680448174476623535e-01
1.515207290649414062e-01
3.886685669422149658e-01
-3.435667157173156738e-01
2.745628356933593750e-01
1.377112865447998047e-01
-2.466960065066814423e-02
-1.398686528205871582e+00
-1.959713697433471680e+00
1.009708046913146973e+00
4.901945590972900391e-01
-1.191050186753273010e-02
9.993845224380493164e-01
3.840664327144622803e-01
1.415112912654876709e-01
1.486562490463256836e-01
-6.711924076080322266e-01
-2.709974050521850586e-01
-1.080305576324462891e+00
-7.896547317504882812e-01
6.619821786880493164e-01
1.356496095657348633e+00
