2.737745344638824463e-01
1.189673066139221191e+00
3.224879875779151917e-02
-5.923128724098205566e-01
-7.435175180435180664e-01
-3.430987596511840820e-01
-2.267362326383590698e-01
-1.722939163446426392e-01
-8.506217598915100098e-01
-5.159867554903030396e-02
1.586944937705993652e+00
-9.673882722854614258e-01
-1.323489397764205933e-01
-3.300433456897735596e-01
2.974121645092964172e-02
-1.129634261131286621e+00
-1.142632126808166504e+00
4.284012317657470703e-01
-5.846255421638488770e-01
4.287953302264213562e-02
1.081861376762390137e+00
9.395070075988769531e-01
4.603409469127655029e-01
1.052506446838378906e+00
1.623744130134582520e+00
-8.730605244636535645e-01
6.107033491134643555e-01
1.492096334695816040e-01
-3.613183796405792236e-01
1.654922485351562500e+00
-1.290613412857055664e+00
-4.547851383686065674e-01
-1.116539716720581055e+00
9.011048674583435059e-01
-8.281320333480834961e-01
-1.257959008216857910e+00
5.721305012702941895e-01
-9.555884003639221191e-01
9.344017133116722107e-03
-3.611361980438232422e-01
-9.991530179977416992e-01
-1.367448210716247559e+00
8.474366664886474609e-01
2.361611872911453247e-01
-2.914735674858093262e-02
-2.712303102016448975e-01
3.001872301101684570e-01
-3.514148890972137451e-01
2.234318405389785767e-01
1.559114158153533936e-01
-9.031931161880493164e-01
9.001187682151794434e-01
-2.179329842329025269e-01
4.011676907539367676e-01
2.796167731285095215e-01
-1.556724548339843750e+00
3.758406341075897217e-01
4.235479533672332764e-01
-2.831290364265441895e-01
-4.397162497043609619e-01
4.536876082420349121e-01
3.838930428028106689e-01
1.301780462265014648e+00
2.088567018508911133e-01
-7.991412878036499023e-01
-8.601251244544982910e-01
5.611088275909423828e-01
5.662270784378051758e-01
6.905411481857299805e-01
6.946567893028259277e-01
-6.231901049613952637e-01
-2.278322428464889526e-01
-7.064173817634582520e-01
3.566242456436157227e-01
1.351916193962097168e-01
1.088413238525390625e+00
-4.736110866069793701e-01
-1.287121623754501343e-01
9.934967160224914551e-01
4.497700929641723633e-01
-7.664844989776611328e-01
4.100830256938934326e-01
-1.590394496917724609e+00
-5.538049936294555664e-01
-1.350391030311584473e+00
5.973038077354431152e-02
-6.308831274509429932e-02
-7.657383382320404053e-02
-1.586057394742965698e-01
6.026448681950569153e-02
-7.691486477851867676e-01
-3.115502884611487389e-03
-1.658856034278869629e+00
9.324936866760253906e-01
-1.519374728202819824e+00
9.588059782981872559e-01
-6.159628033638000488e-01
3.839647769927978516e-01
-1.227007269859313965e+00
3.952623009681701660e-01
-2.862879633903503418e-01
5.706785619258880615e-02
4.402129650115966797e-01
-2.713087797164916992e-01
4.295924603939056396e-01
-1.536182045936584473e+00
-9.015102982521057129e-01
1.182250261306762695e+00
5.846348404884338379e-01
4.162222146987915039e-02
9.342585504055023193e-02
-2.828719913959503174e-01
-3.171500861644744873e-01
-2.883830964565277100e-01
-4.194960892200469971e-01
1.297858804464340210e-01
4.343841224908828735e-03
1.806235057301819324e-03
-4.287780523300170898e-01
4.620075523853302002e-01
5.062532424926757812e-01
-1.608380913734436035e+00
-1.545973658561706543e+00
-3.360190689563751221e-01
1.226688146591186523e+00
1.110144495964050293e+00
1.521095514297485352e+00
6.076784729957580566e-01
-1.858676552772521973e+00
-1.812572032213211060e-02
4.024331867694854736e-01
-1.552947759628295898e+00
7.089924216270446777e-01
2.185135781764984131e-01
1.873947232961654663e-01
-7.288816571235656738e-01
9.092211127281188965e-01
-1.149113848805427551e-01
-3.320518732070922852e-01
4.546453356742858887e-01
-4.932482540607452393e-01
2.167608976364135742e+00
1.056171804666519165e-01
-7.252715826034545898e-01
-8.686593174934387207e-01
6.774720549583435059e-01
3.775480389595031738e-01
-5.795785188674926758e-01
-1.052180647850036621e+00
-5.563309192657470703e-01
-3.226170539855957031e-01
7.837773114442825317e-02
4.457898736000061035e-01
-6.455454230308532715e-01
3.095656037330627441e-01
1.464255094528198242e+00
-1.167021632194519043e+00
9.338868260383605957e-01
-8.721469044685363770e-01
1.125181168317794800e-01
1.003895282745361328e+00
-4.248086214065551758e-01
-5.952738225460052490e-02
-5.992714166641235352e-01
-1.174112558364868164e+00
3.093660175800323486e-01
-8.687508106231689453e-01
5.879402905702590942e-02
8.661273121833801270e-02
5.902100801467895508e-01
-1.088205695152282715e+00
-1.720419168472290039e+00
-1.148812770843505859e+00
2.349852621555328369e-01
1.497360110282897949e+00
-9.198458492755889893e-02
6.814084649085998535e-01
-3.955694437026977539e-01
-4.256212115287780762e-01
1.207700252532958984e+00
-9.477039575576782227e-01
-2.336791455745697021e-01
-5.846596956253051758e-01
-1.019745707511901855e+00
4.693067967891693115e-01
-1.011350154876708984e+00
-5.991162061691284180e-01
1.241766571998596191e+00
9.818913936614990234e-01
-4.603001475334167480e-01
-1.667051613330841064e-01
-2.057925611734390259e-01
-1.066245511174201965e-01
5.747083425521850586e-01
7.094135284423828125e-01
1.953655332326889038e-01
1.079009622335433960e-01
1.112474679946899414e+00
7.977449148893356323e-02
-1.090065479278564453e+00
-3.205032944679260254e-01
1.427564740180969238e+00
9.526794552803039551e-01
-4.514095485210418701e-01
7.593636512756347656e-01
-5.920803546905517578e-01
-6.506372243165969849e-02
-3.147369921207427979e-01
6.916443258523941040e-02
-8.517946004867553711e-01
5.665442943572998047e-01
-2.659853100776672363e-01
1.069721102714538574e+00
-5.476258993148803711e-01
-2.026460319757461548e-01
1.491643548011779785e+00
-2.840685129165649414e+00
-5.759245753288269043e-01
-5.439853668212890625e-01
-1.007008910179138184e+00
-2.440191805362701416e-03
-1.190169379115104675e-01
6.668073534965515137e-01
-5.779796242713928223e-01
1.564164280891418457e+00
-6.299257874488830566e-01
5.785808712244033813e-02
9.788578152656555176e-01
-7.720493674278259277e-01
-7.120285034179687500e-01
9.369894862174987793e-01
-1.091048002243041992e+00
-1.422502398490905762e+00
-2.998095452785491943e-01
9.677750468254089355e-01
6.685646772384643555e-01
5.395860671997070312e-01
-6.811819672584533691e-01
-3.041353523731231689e-01
-2.815003506839275360e-02
4.713588356971740723e-01
-4.614936709403991699e-01
-1.287088513374328613e+00
-1.474182456731796265e-01
-1.116647481918334961e+00
-6.951094865798950195e-01
1.866510063409805298e-01
1.630638599395751953e+00
3.601808547973632812e-01
-2.231162488460540771e-01
3.507674634456634521e-01
-4.292220473289489746e-01
-1.185026288032531738e+00
-1.861962825059890747e-01
-7.721533626317977905e-02
3.524447381496429443e-01
-2.131103575229644775e-01
-4.001493453979492188e-01
-8.589073419570922852e-01
-2.275683879852294922e-01
1.257586121559143066e+00
-6.069303154945373535e-01
-2.835834324359893799e-01
-9.953432679176330566e-01
-1.214634537696838379e+00
9.928836226463317871e-01
4.079150855541229248e-01
3.216197481378912926e-03
2.369775772094726562e+00
-1.288999021053314209e-01
6.447638273239135742e-01
5.689072608947753906e-02
-2.240305840969085693e-01
5.608592629432678223e-01
-4.867466390132904053e-01
-4.464043974876403809e-01
7.087896019220352173e-02
-1.688275486230850220e-01
4.833871126174926758e-01
-1.109311878681182861e-01
-3.397577106952667236e-01
1.903925649821758270e-02
5.503318309783935547e-01
4.917833209037780762e-01
7.500897645950317383e-01
-3.159851133823394775e-01
6.357223540544509888e-02
-9.068555235862731934e-01
-2.685920894145965576e-01
-1.013856291770935059e+00
-6.670706272125244141e-01
9.952951967716217041e-02
-1.139847338199615479e-01
-7.903908491134643555e-01
4.161555320024490356e-02
2.867479920387268066e-01
5.380232930183410645e-01
2.555726766586303711e-01
2.507025599479675293e-01
-6.422240734100341797e-01
1.771506518125534058e-01
-1.336100697517395020e+00
1.322111129760742188e+00
9.940466284751892090e-01
7.306460738182067871e-01
7.189727425575256348e-01
-1.026440411806106567e-01
-4.797171056270599365e-01
1.194707274436950684e+00
9.297165870666503906e-01
1.031121537089347839e-01
-1.372517496347427368e-01
1.708361357450485229e-01
1.011475086212158203e+00
-7.226221561431884766e-01
4.651165306568145752e-01
9.024782776832580566e-01
1.085022330284118652e+00
7.369346022605895996e-01
1.103280335664749146e-01
-1.729867696762084961e+00
-4.677672684192657471e-01
9.706086516380310059e-01
-8.704491257667541504e-01
1.435942202806472778e-01
7.000601291656494141e-01
-8.206146955490112305e-02
-2.442353516817092896e-01
-1.815923929214477539e+00
1.328416824340820312e+00
-4.418773651123046875e-01
-9.935768246650695801e-01
1.132193088531494141e+00
4.185957610607147217e-01
3.478296399116516113e-01
7.386263459920883179e-02
-2.865465879440307617e-01
-1.180387940257787704e-02
6.518929600715637207e-01
4.764564931392669678e-01
4.955409467220306396e-01
-1.041601777076721191e+00
7.222245931625366211e-01
-4.434642493724822998e-01
-9.668468832969665527e-01
5.551560968160629272e-02
-6.475663185119628906e-01
3.514558672904968262e-01
-2.119524776935577393e-02
-7.013494521379470825e-02
-8.805792033672332764e-02
-5.822811722755432129e-01
-1.301685333251953125e+00
-6.139671802520751953e-01
-8.324674963951110840e-01
2.400345206260681152e-01
-8.284702897071838379e-01
-1.853210330009460449e+00
-9.369067102670669556e-02
-2.266869992017745972e-01
2.011341750621795654e-01
-9.459115266799926758e-01
-3.523462116718292236e-01
-2.572084963321685791e-01
1.005868434906005859e+00
-7.714420557022094727e-01
9.463003277778625488e-01
1.073526814579963684e-01
3.844114243984222412e-01
-2.892074882984161377e-01
8.271325230598449707e-01
9.632405042648315430e-01
2.046241313219070435e-01
9.555073380470275879e-01
-4.107880592346191406e-01
2.834179103374481201e-01
2.068315148353576660e-01
5.392601490020751953e-01
-9.648603796958923340e-01
6.537905931472778320e-01
-2.040765713900327682e-03
8.640471100807189941e-01
5.628626942634582520e-01
-9.064250588417053223e-01
-9.157271981239318848e-01
-5.848288536071777344e-01
1.064485073089599609e+00
2.790363729000091553e-01
8.819920420646667480e-01
3.036766052246093750e-01
1.543790578842163086e+00
2.396366596221923828e-01
1.336565971374511719e+00
1.613319516181945801e-01
2.997998595237731934e-01
-1.637435406446456909e-01
-7.483802437782287598e-01
2.663548104465007782e-02
-3.388831913471221924e-01
-9.971532970666885376e-02
7.149899005889892578e-02
-1.050180554389953613e+00
9.077992439270019531e-01
-7.294442057609558105e-01
-2.879976760596036911e-03
5.197149515151977539e-01
-7.985262870788574219e-01
1.649976335465908051e-02
-4.944200217723846436e-01
-2.889452576637268066e-01
-1.161526292562484741e-01
3.425267338752746582e-01
-2.094398289918899536e-01
2.574673295021057129e-01
1.426764845848083496e+00
9.884891510009765625e-01
2.248799949884414673e-01
-1.904770582914352417e-01
-3.381756246089935303e-01
1.496006131172180176e+00
-7.250660061836242676e-01
-1.103686094284057617e+00
2.679776549339294434e-01
-6.204522252082824707e-01
-1.061215758323669434e+00
8.254855275154113770e-01
3.310937434434890747e-02
-9.544942528009414673e-02
5.149677395820617676e-01
-1.132142663002014160e+00
-7.620052248239517212e-02
1.075303032994270325e-01
-4.085299968719482422e-01
-9.653000235557556152e-01
2.405896037817001343e-01
-9.353750348091125488e-01
-2.078866511583328247e-01
5.003071203827857971e-02
3.483901917934417725e-01
-3.908673226833343506e-01
-1.367568492889404297e+00
7.341222763061523438e-01
-7.077671885490417480e-01
-6.513144969940185547e-01
1.156164169311523438e+00
7.492113858461380005e-02
-1.728716641664505005e-01
5.423515439033508301e-01
2.755101621150970459e-01
-9.941653013229370117e-01
-2.062499970197677612e-01
1.317632645368576050e-01
-2.339469082653522491e-02
-2.830859422683715820e-01
-3.263853788375854492e-01
-5.835673809051513672e-01
-3.363853096961975098e-01
4.847750663757324219e-01
5.154255032539367676e-01
-2.711982131004333496e-01
-1.618737876415252686e-01
1.292562931776046753e-01
2.248964644968509674e-02
3.268852233886718750e-01
5.268472060561180115e-02
1.288833300350233912e-04
6.505238413810729980e-01
9.021263122558593750e-01
-4.737169742584228516e-01
3.303653597831726074e-01
-6.781125664710998535e-01
4.430792629718780518e-01
-2.295122891664505005e-01
-4.325799345970153809e-01
-4.663520753383636475e-01
-8.426779508590698242e-02
8.356894254684448242e-01
3.246345520019531250e-01
-3.527229130268096924e-01
1.117289781570434570e+00
1.432197093963623047e-01
5.989615917205810547e-01
-3.618752658367156982e-01
-2.359383702278137207e-01
-2.220161706209182739e-01
-1.426013559103012085e-01
1.128737907856702805e-02
-7.434768676757812500e-01
-5.041124820709228516e-01
4.888454079627990723e-01
-2.788076996803283691e-01
1.215560913085937500e+00
-5.185084939002990723e-01
5.821161270141601562e-01
-7.539265751838684082e-01
-5.406095981597900391e-01
-1.085705876350402832e+00
-1.387189030647277832e+00
4.062823653221130371e-01
5.742269158363342285e-01
-3.332010209560394287e-01
-5.131005048751831055e-01
-1.360141783952713013e-01
1.266761422157287598e+00
-8.504954576492309570e-01
1.223339736461639404e-01
-1.149245142936706543e+00
-4.480747282505035400e-01
2.251904159784317017e-01
-6.827783584594726562e-02
2.056847065687179565e-01
-4.862037599086761475e-01
-2.266253978013992310e-01
1.091192722320556641e+00
-2.295260280370712280e-01
3.969257473945617676e-01
4.122012555599212646e-01
6.779109835624694824e-01
-2.130530029535293579e-01
1.489874348044395447e-02
1.660522967576980591e-01
5.457192063331604004e-01
-1.017692208290100098e+00
-5.201095342636108398e-01
4.837398529052734375e-01
-1.758843660354614258e-01
-1.926214247941970825e-01
4.167009592056274414e-01
5.389648675918579102e-01
-1.774037837982177734e+00
-3.747134208679199219e-01
1.281786799430847168e+00
8.881701156497001648e-03
-1.085109472274780273e+00
2.695863544940948486e-01
-5.564119219779968262e-01
-3.208320736885070801e-01
3.102654777467250824e-02
-1.029846668243408203e+00
8.310291916131973267e-03
2.180973291397094727e-01
8.918543457984924316e-01
-3.763727843761444092e-02
-1.837411075830459595e-01
1.707166552543640137e+00
7.494199275970458984e-01
1.391177058219909668e+00
1.609496951103210449e+00
-4.749956130981445312e-01
4.178058803081512451e-01
-1.601401716470718384e-01
1.543959528207778931e-01
-1.297529578208923340e+00
-1.112190008163452148e+00
-1.152896881103515625e+00
4.741132259368896484e-01
-2.304773330688476562e-01
5.233178734779357910e-01
1.781500875949859619e-01
-2.898645102977752686e-01
-1.702337712049484253e-01
6.636124253273010254e-01
-7.131115794181823730e-01
2.907927706837654114e-02
1.819819062948226929e-01
3.623367249965667725e-01
2.726390399038791656e-02
1.563862323760986328e+00
2.048461198806762695e+00
-8.738371133804321289e-01
5.887587070465087891e-01
1.228213906288146973e+00
-5.868148803710937500e-01
-6.615534424781799316e-01
-7.754170894622802734e-01
-4.388230144977569580e-01
9.281459450721740723e-01
-6.499592214822769165e-02
2.599053680896759033e-01
-3.017426133155822754e-01
-2.097108125686645508e+00
1.089921832084655762e+00
7.589210271835327148e-01
-1.683013588190078735e-01
-1.162173151969909668e-01
3.227017223834991455e-01
-1.746775031089782715e+00
-8.808273673057556152e-01
-4.379643797874450684e-01
-8.982038497924804688e-01
2.667751014232635498e-01
2.139223217964172363e-01
7.775546908378601074e-01
9.107043147087097168e-01
1.222046375274658203e+00
1.113713234663009644e-01
6.238794922828674316e-01
-1.297573596239089966e-01
3.698168396949768066e-01
-1.589895039796829224e-01
1.158793866634368896e-01
-6.668346524238586426e-01
6.216105222702026367e-01
3.942497372627258301e-01
7.831355333328247070e-01
-1.356166481971740723e+00
-2.747870981693267822e-01
-1.239797949790954590e+00
7.642280310392379761e-02
-1.673817634582519531e-01
8.957641571760177612e-02
6.251868605613708496e-01
3.417882621288299561e-01
4.157206118106842041e-01
-5.920829176902770996e-01
-7.377387881278991699e-01
-9.026623517274856567e-02
1.791262812912464142e-02
3.417786061763763428e-01
2.039131075143814087e-01
-3.005686402320861816e-01
-2.612320780754089355e-01
-7.758028507232666016e-01
2.841429412364959717e-01
2.162383198738098145e-01
8.290179371833801270e-01
3.985475003719329834e-01
-2.946998178958892822e-01
1.421226739883422852e+00
-4.274936318397521973e-01
1.387019157409667969e+00
-1.993431150913238525e-01
7.071341276168823242e-01
-2.793160378932952881e-01
-5.415792465209960938e-01
2.376863360404968262e-01
5.758563876152038574e-01
1.069735139608383179e-01
7.116616368293762207e-01
4.365937709808349609e-01
6.538166403770446777e-01
7.256297469139099121e-01
-1.006146907806396484e+00
4.876416027545928955e-01
-6.002875566482543945e-01
2.549288749694824219e+00
-1.397101432085037231e-01
1.137579679489135742e+00
9.094005823135375977e-01
1.151576172560453415e-02
-6.653826832771301270e-01
-3.444299399852752686e-01
-8.269256353378295898e-01
6.005969047546386719e-01
4.505344331264495850e-01
3.030751645565032959e-01
1.898626536130905151e-01
-2.977637648582458496e-01
1.786237508058547974e-01
8.072184324264526367e-01
-1.326002031564712524e-01
-4.809209108352661133e-01
-5.365239381790161133e-01
-4.179892838001251221e-01
3.007426261901855469e-01
1.626905202865600586e-01
9.836386442184448242e-01
2.025984048843383789e+00
-3.638148009777069092e-01
-6.708094477653503418e-02
-7.848943471908569336e-01
-2.729333341121673584e-01
6.460750102996826172e-01
1.553909659385681152e+00
3.726098537445068359e-01
-1.904518604278564453e-01
-2.470771372318267822e-01
-8.140592575073242188e-01
1.449775218963623047e+00
-1.089963555335998535e+00
3.968251645565032959e-01
-2.905145473778247833e-02
5.001865327358245850e-02
4.845447838306427002e-01
-9.793809652328491211e-01
7.086635231971740723e-01
-8.776068091392517090e-01
-2.186615020036697388e-01
-8.378732800483703613e-01
-1.765461266040802002e-01
5.616169422864913940e-02
1.200917720794677734e+00
8.795776963233947754e-01
8.627895116806030273e-01
6.203208863735198975e-02
-4.572289884090423584e-01
-6.154409050941467285e-01
-2.257361412048339844e-01
-3.718053400516510010e-01
-3.084411323070526123e-01
-1.013005971908569336e+00
-1.341039061546325684e+00
-2.866215705871582031e-01
9.486521035432815552e-02
8.907833695411682129e-01
-1.286471784114837646e-01
1.748733639717102051e+00
4.073437303304672241e-02
-2.509735107421875000e+00
9.051179885864257812e-01
6.163042504340410233e-03
-1.039937615394592285e+00
-9.027994871139526367e-01
-4.384643137454986572e-01
-1.586745977401733398e-01
8.054866790771484375e-01
-6.763334274291992188e-01
-9.324579238891601562e-01
3.246267139911651611e-01
1.458193212747573853e-01
-9.876413941383361816e-01
-6.461180448532104492e-01
-5.157008394598960876e-02
9.166018664836883545e-02
4.273303747177124023e-01
-1.250713229179382324e+00
-5.788052082061767578e-01
-6.580981016159057617e-01
7.457007765769958496e-01
-8.073987960815429688e-01
-3.441463708877563477e-01
-1.500963687896728516e+00
-1.518254727125167847e-01
-1.994578391313552856e-01
8.334121108055114746e-01
1.232864737510681152e+00
-7.262289524078369141e-01
1.168555259704589844e+00
1.841592550277709961e+00
-1.582943499088287354e-01
-4.764225482940673828e-01
-1.105804324150085449e+00
6.610919237136840820e-01
1.825464725494384766e+00
1.067427635192871094e+00
-6.687666177749633789e-01
5.709159970283508301e-01
-3.791845142841339111e-01
9.277099370956420898e-01
-4.208448901772499084e-02
5.237400531768798828e-01
-4.291616976261138916e-01
2.227097451686859131e-01
7.243661880493164062e-01
2.084697633981704712e-01
5.501285791397094727e-01
-2.845061063766479492e+00
-1.156002879142761230e+00
-1.645195960998535156e+00
2.171183377504348755e-01
1.636154800653457642e-01
3.229809924960136414e-02
-7.419890165328979492e-01
4.663840830326080322e-01
-4.073489308357238770e-01
-8.983408212661743164e-01
-1.861986964941024780e-01
5.180879831314086914e-01
