1.703534722328186035e+00
8.862480521202087402e-01
8.458936810493469238e-01
-1.128182530403137207e+00
-1.931517362594604492e+00
8.840260505676269531e-01
-7.218309044837951660e-01
-4.892310202121734619e-01
5.615223050117492676e-01
-1.337066054344177246e+00
5.202460885047912598e-01
-1.628739237785339355e-01
-9.387710690498352051e-02
-2.357195377349853516e+00
-7.738370895385742188e-01
-1.654042720794677734e+00
-1.770581126213073730e+00
8.516082763671875000e-01
-1.130855321884155273e+00
-1.003653779625892639e-01
2.108397245407104492e+00
9.408123493194580078e-01
1.067493557929992676e+00
9.022131562232971191e-02
2.385614514350891113e-01
-1.952612876892089844e+00
4.270052313804626465e-01
2.608020603656768799e-01
-2.949879884719848633e+00
-2.602903246879577637e-01
-7.494574785232543945e-01
2.941868305206298828e-01
2.419770658016204834e-01
9.853564500808715820e-01
2.838112115859985352e-01
-7.740173935890197754e-01
-2.607596516609191895e-01
-1.553777694702148438e+00
-3.740136697888374329e-02
-5.379402637481689453e-01
-8.493211865425109863e-01
2.565247416496276855e-01
-3.655385971069335938e-02
-2.821407914161682129e-01
-1.362406730651855469e+00
3.193013370037078857e-01
-3.720164671540260315e-02
7.873798608779907227e-01
-7.249641418457031250e-01
7.953256368637084961e-01
-6.581482887268066406e-01
5.399571657180786133e-01
6.305237859487533569e-02
4.652183055877685547e-01
-1.050660729408264160e+00
-1.841488003730773926e+00
-5.207999348640441895e-01
8.563462495803833008e-01
2.349372357130050659e-01
-1.005499839782714844e+00
5.852676033973693848e-01
-9.254274889826774597e-03
1.179149627685546875e+00
3.371613472700119019e-02
7.408269047737121582e-01
-4.369292557239532471e-01
-2.996916174888610840e-01
1.734336614608764648e+00
2.639261484146118164e-01
2.100517034530639648e+00
-5.413707494735717773e-01
1.690252780914306641e+00
-9.415206909179687500e-01
6.076704710721969604e-02
9.808245897293090820e-01
7.241539955139160156e-01
1.044229984283447266e+00
-8.916892409324645996e-01
1.049393892288208008e+00
-5.325587987899780273e-01
-8.090963363647460938e-01
-7.925487160682678223e-01
1.643023937940597534e-01
-1.770360112190246582e+00
-1.357814431190490723e+00
4.631107449531555176e-01
-1.244093656539916992e+00
-1.129097580909729004e+00
-4.311729371547698975e-01
2.385311126708984375e-01
-1.052299737930297852e+00
-1.574933528900146484e+00
-8.994216322898864746e-01
1.191829800605773926e+00
9.853593707084655762e-01
1.016057014465332031e+00
7.635902166366577148e-01
7.212819457054138184e-01
-8.443145155906677246e-01
2.666360855102539062e+00
-1.638627290725708008e+00
-2.406250000000000000e+00
-1.032007575035095215e+00
-8.109486699104309082e-01
1.575487732887268066e+00
-7.380503416061401367e-01
-5.586025118827819824e-01
1.449527263641357422e+00
-5.606558322906494141e-01
3.700109422206878662e-01
-1.910710811614990234e+00
2.057386338710784912e-01
-2.316676378250122070e+00
-5.237268209457397461e-01
-8.675966262817382812e-01
3.810503184795379639e-01
-9.659199044108390808e-03
-1.104824185371398926e+00
3.727848231792449951e-01
3.891031444072723389e-01
-6.656051874160766602e-01
-7.753509879112243652e-01
-2.295560598373413086e+00
-2.022535353899002075e-01
1.751581430435180664e+00
3.464883267879486084e-01
1.824861526489257812e+00
-4.866739809513092041e-01
-1.524262547492980957e+00
-6.971942186355590820e-01
-9.266787022352218628e-02
-1.841513276100158691e+00
-8.656171560287475586e-01
-3.842467069625854492e-01
-1.698892354965209961e+00
-5.266003012657165527e-01
1.199781373143196106e-01
3.049195110797882080e-01
-2.445682764053344727e+00
1.240666270256042480e+00
-2.643350362777709961e-01
-5.527493357658386230e-01
6.526420712471008301e-01
-3.026410639286041260e-01
1.133271694183349609e+00
-5.455161333084106445e-01
-9.161071181297302246e-01
-3.904471099376678467e-01
-1.717401504516601562e+00
-9.743660092353820801e-01
4.722102582454681396e-01
-1.819475181400775909e-02
-8.672681450843811035e-01
-8.455534577369689941e-01
1.353077292442321777e+00
3.286300599575042725e-01
-1.239052772521972656e+00
6.173115968704223633e-01
1.164006516337394714e-01
1.621008872985839844e+00
3.260029852390289307e-02
-7.336759567260742188e-01
1.287806630134582520e+00
-1.508156303316354752e-02
-5.303214192390441895e-01
-7.425056695938110352e-01
9.559360146522521973e-01
5.258052945137023926e-01
-8.744885027408599854e-02
8.822306394577026367e-01
-1.302798271179199219e+00
-1.991980791091918945e+00
-9.774900078773498535e-01
2.207573413848876953e+00
-7.409103512763977051e-01
1.105719447135925293e+00
4.667920470237731934e-01
3.075086474418640137e-01
-8.502655625343322754e-01
2.445484161376953125e+00
-8.511033654212951660e-01
-2.692221105098724365e-01
-3.647929728031158447e-01
1.281904876232147217e-01
3.779298067092895508e-02
-1.217593550682067871e+00
1.650405675172805786e-01
5.460414290428161621e-02
-8.499634861946105957e-01
6.531385183334350586e-01
-1.180069208145141602e+00
-8.281094431877136230e-01
-1.232354879379272461e+00
-1.168182253837585449e+00
-1.058121442794799805e+00
1.087466001510620117e+00
1.682176113128662109e+00
-2.285992354154586792e-02
1.205906510353088379e+00
2.128657400608062744e-01
2.158272564411163330e-01
1.488163948059082031e+00
6.401509642601013184e-01
8.241543173789978027e-02
-5.417824983596801758e-01
-7.560894489288330078e-01
6.840004920959472656e-01
1.043295860290527344e+00
5.701984167098999023e-01
-1.468410134315490723e+00
3.150329589843750000e-01
-2.722726276260800660e-05
4.663145840167999268e-01
-1.805434107780456543e+00
-8.903608918190002441e-01
2.464856147766113281e+00
-6.921872615814208984e+00
-1.866077482700347900e-01
-7.529683113098144531e-01
2.618790864944458008e-01
9.796586632728576660e-01
-1.923754453659057617e+00
-6.547813415527343750e-01
1.753880381584167480e+00
1.732280850410461426e+00
-9.451228380203247070e-02
-2.038133740425109863e-01
-4.047926664352416992e-01
-2.510594725608825684e-01
-9.785776138305664062e-01
1.379899621009826660e+00
1.125588938593864441e-01
-3.825464546680450439e-01
-1.426664590835571289e-01
1.292272925376892090e+00
9.107185602188110352e-01
7.292485833168029785e-01
1.651405245065689087e-01
-8.913111686706542969e-01
-1.360247850418090820e+00
1.977210998535156250e+00
-1.130061864852905273e+00
-1.564154863357543945e+00
-2.506744265556335449e-01
-1.396258115768432617e+00
2.196651510894298553e-02
1.814871072769165039e+00
2.301679134368896484e+00
1.551302194595336914e+00
-8.972365260124206543e-01
3.689886629581451416e-01
3.664584159851074219e-01
-2.955074608325958252e-01
-5.917131304740905762e-01
6.684646606445312500e-01
5.461464524269104004e-01
-1.433164119720458984e+00
-1.177742600440979004e+00
9.894723296165466309e-01
8.205316662788391113e-01
-4.570606946945190430e-01
-4.866122603416442871e-01
-2.507768869400024414e-01
-2.437962889671325684e-01
3.909853100776672363e-01
8.161510229110717773e-01
1.888530403375625610e-01
9.469255805015563965e-01
3.924266099929809570e+00
8.889702558517456055e-01
9.864035844802856445e-01
-1.482100248336791992e+00
8.880415558815002441e-02
-2.703481614589691162e-01
5.044948458671569824e-01
-1.449946045875549316e+00
8.266937732696533203e-01
1.164379566907882690e-01
-3.578908741474151611e-01
-1.076244831085205078e+00
-8.130995631217956543e-01
7.260585427284240723e-01
3.240805566310882568e-01
3.448071181774139404e-01
1.280035138130187988e+00
-9.195643067359924316e-01
-1.838665157556533813e-01
-1.626428842544555664e+00
6.544042229652404785e-01
-7.151196002960205078e-01
-9.179453253746032715e-01
-2.588582038879394531e-01
-8.821583986282348633e-01
7.506566047668457031e-01
6.632921695709228516e-01
-1.316682994365692139e-01
1.066727399826049805e+00
5.415430665016174316e-01
1.341969370841979980e+00
-8.337705731391906738e-01
-3.939952552318572998e-01
-1.653225123882293701e-01
6.054694056510925293e-01
2.397684335708618164e+00
-1.226242661476135254e+00
3.301672935485839844e-01
-9.956008195877075195e-02
-1.179438829421997070e+00
1.195088386535644531e+00
-8.868221044540405273e-01
5.765270590782165527e-01
6.776429414749145508e-01
-2.248549461364746094e+00
2.162443548440933228e-01
-8.890579938888549805e-01
-4.110039398074150085e-02
2.367036417126655579e-02
1.053346514701843262e+00
1.486113548278808594e+00
5.694908648729324341e-02
-6.416925787925720215e-02
-8.857867121696472168e-01
-7.276921868324279785e-01
1.267330527305603027e+00
8.507352471351623535e-01
-9.708431959152221680e-01
-6.286588311195373535e-01
1.264545600861310959e-03
9.692991524934768677e-02
3.677405789494514465e-02
-2.004671335220336914e+00
-1.001593172550201416e-01
1.518647313117980957e+00
-1.466744184494018555e+00
-1.297196269035339355e+00
8.986841142177581787e-02
1.158077865839004517e-01
1.321840286254882812e-01
-2.783591151237487793e-01
-1.729420781135559082e+00
-7.440493702888488770e-01
-1.732925772666931152e+00
3.332393467426300049e-01
-1.491162061691284180e+00
-9.321661591529846191e-01
-1.969259083271026611e-01
-2.134265899658203125e-01
-3.591818511486053467e-01
-5.466329455375671387e-01
1.475822627544403076e-01
-1.184579610824584961e+00
-9.770428538322448730e-01
-1.026356935501098633e+00
2.795712053775787354e-01
-8.242368698120117188e-01
-2.649973630905151367e-01
5.934241414070129395e-01
-6.597615480422973633e-01
-1.147264122962951660e+00
3.430916666984558105e-01
-1.963431239128112793e-01
-1.187104940414428711e+00
1.054548025131225586e+00
-5.022706091403961182e-02
1.252172350883483887e+00
3.376535475254058838e-01
1.347620844841003418e+00
1.514638662338256836e+00
-9.112469851970672607e-03
1.089614868164062500e+00
1.091090202331542969e+00
8.631951212882995605e-01
-1.194119334220886230e+00
1.753626346588134766e+00
-1.154157996177673340e+00
-1.393753737211227417e-01
3.162483930587768555e+00
1.145441412925720215e+00
-9.088747203350067139e-02
1.768397212028503418e+00
-5.042666792869567871e-01
2.169299274682998657e-01
3.790262341499328613e-01
-5.166714191436767578e-01
-9.396595954895019531e-01
9.863274097442626953e-01
-2.151086777448654175e-01
-7.637221813201904297e-01
2.260716438293457031e+00
1.693854808807373047e+00
5.653019547462463379e-01
1.922360539436340332e+00
1.485835433006286621e+00
-6.799811124801635742e-01
9.838052392005920410e-01
1.272508949041366577e-01
-3.827049136161804199e-01
1.096550583839416504e+00
-1.210363507270812988e+00
7.928341031074523926e-01
5.209797024726867676e-01
-6.001872420310974121e-01
-1.052662014961242676e+00
-1.317992210388183594e+00
-3.617237806320190430e-01
1.563472270965576172e+00
1.218566298484802246e+00
3.881766796112060547e-01
-4.517379030585289001e-02
-1.037028908729553223e+00
-1.564509153366088867e+00
1.980732083320617676e+00
-7.668125629425048828e-01
-4.787075221538543701e-01
1.109223127365112305e+00
5.060333609580993652e-01
6.809831261634826660e-01
1.349191218614578247e-01
-1.064164340496063232e-01
1.579302668571472168e+00
-2.336926698684692383e+00
6.469712853431701660e-01
1.334188342094421387e+00
-5.300433933734893799e-02
9.484234452247619629e-01
9.647993445396423340e-01
2.610534906387329102e+00
4.752068817615509033e-01
-2.289050258696079254e-02
-4.558472633361816406e-01
-9.829689860343933105e-01
-6.398363709449768066e-01
-9.386719018220901489e-02
3.008501529693603516e-01
-1.614765644073486328e+00
1.375805377960205078e+00
1.818468868732452393e-01
6.641030311584472656e-01
-6.824828982353210449e-01
4.161679446697235107e-01
-3.419756889343261719e-01
2.051241636276245117e+00
1.368894428014755249e-01
4.702541828155517578e-01
8.472665548324584961e-01
-1.444069385528564453e+00
-2.687457799911499023e-01
-1.258282922208309174e-02
2.237467467784881592e-01
7.848955392837524414e-01
-2.277278304100036621e-01
-1.664324760437011719e+00
9.882463216781616211e-01
-1.422085314989089966e-01
7.413001656532287598e-01
-1.177261352539062500e+00
2.710684776306152344e+00
1.184252262115478516e+00
-8.236851692199707031e-01
-8.253961205482482910e-01
-8.896089196205139160e-01
9.698930978775024414e-01
7.300361990928649902e-01
7.016329765319824219e-01
-1.980747580528259277e+00
-7.852952480316162109e-01
-1.093401908874511719e+00
2.002621650695800781e+00
-1.421655416488647461e+00
-4.494350776076316833e-02
1.235544323921203613e+00
6.604567766189575195e-01
-7.780100703239440918e-01
1.243623614311218262e+00
-9.999979734420776367e-01
3.126047849655151367e-01
5.099102258682250977e-01
5.461124777793884277e-01
-1.118446946144104004e+00
1.230377316474914551e+00
-4.167528152465820312e-01
-1.748072654008865356e-01
1.262436389923095703e+00
-1.031052470207214355e+00
-1.231093052774667740e-02
-8.211345672607421875e-01
-1.339084863662719727e+00
-3.419032394886016846e-01
-3.384849056601524353e-02
3.736815154552459717e-01
-1.141189575195312500e+00
1.578634023666381836e+00
-1.910965740680694580e-01
8.077328801155090332e-01
-1.237877964973449707e+00
-1.809294939041137695e+00
-1.829692602157592773e+00
-1.366224527359008789e+00
-1.113451197743415833e-01
3.147665560245513916e-01
-1.993364214897155762e+00
1.328808903694152832e+00
4.156908392906188965e-01
8.323830962181091309e-01
-1.148857921361923218e-01
-1.701169759035110474e-01
6.324524283409118652e-01
2.224621921777725220e-01
-8.018183112144470215e-01
2.446915209293365479e-01
1.275490522384643555e+00
-1.206051036715507507e-01
-2.942430600523948669e-02
6.804806590080261230e-01
-1.426133364439010620e-01
1.084976345300674438e-01
2.105317413806915283e-01
6.886849403381347656e-01
1.581385970115661621e+00
1.790033131837844849e-01
3.903766870498657227e-01
-7.311273813247680664e-01
-2.095531940460205078e+00
-1.716421008110046387e+00
-6.958351135253906250e-01
1.247809007763862610e-01
3.158219158649444580e-01
9.114965200424194336e-01
-8.235815167427062988e-01
-1.248697519302368164e+00
1.169855117797851562e+00
3.092400074005126953e+00
8.554399758577346802e-02
-9.312345385551452637e-01
1.002144336700439453e+00
-2.096400260925292969e+00
7.366786599159240723e-01
-9.016297757625579834e-02
7.458801269531250000e-01
7.893352769315242767e-03
7.381298542022705078e-01
6.071998476982116699e-01
7.352074384689331055e-01
-8.295688629150390625e-01
-3.412775099277496338e-01
1.736624091863632202e-01
-8.424282073974609375e-02
1.313370585441589355e+00
-5.215367078781127930e-01
-1.618447750806808472e-01
1.365125551819801331e-02
3.701621294021606445e-01
-8.260116577148437500e-01
5.422266125679016113e-01
7.572106122970581055e-01
-7.506107091903686523e-01
1.511602163314819336e+00
-3.517039120197296143e-01
1.954953670501708984e-01
8.624154925346374512e-01
4.590473473072052002e-01
-6.113885641098022461e-01
-1.315568447113037109e+00
-1.611393213272094727e+00
-1.430396456271409988e-02
6.085800006985664368e-02
-1.253734588623046875e+00
-1.704021356999874115e-02
6.385421752929687500e-01
-1.310003399848937988e-01
-1.371756434440612793e+00
9.468424320220947266e-01
8.303063511848449707e-01
-1.487328529357910156e+00
3.771518766880035400e-01
-5.761883854866027832e-01
-1.172791957855224609e+00
-7.453069835901260376e-02
9.197195172309875488e-01
1.234619379043579102e+00
-1.110176920890808105e+00
1.436218380928039551e+00
-1.049316525459289551e+00
2.912192419171333313e-02
-4.091546237468719482e-01
-1.301279664039611816e+00
-6.885303258895874023e-01
5.063211079686880112e-03
-2.066139578819274902e-01
-1.220058500766754150e-01
-1.049532741308212280e-01
7.956209778785705566e-01
1.155744433403015137e+00
2.339385151863098145e-01
-3.586983978748321533e-01
1.257362484931945801e+00
1.731929898262023926e+00
1.165046453475952148e+00
-6.980752944946289062e-02
8.537776470184326172e-01
5.445563793182373047e-01
1.790032684803009033e-01
-1.439593553543090820e+00
-5.478667840361595154e-02
1.109133213758468628e-01
-1.465448737144470215e+00
-1.711433053016662598e+00
-1.737167716026306152e+00
-1.306277036666870117e+00
3.164798319339752197e-01
-1.017717838287353516e+00
7.820208668708801270e-01
7.535489201545715332e-01
5.950547456741333008e-01
-1.216694474220275879e+00
-1.435536861419677734e+00
-4.913432598114013672e-01
-4.251136779785156250e-01
3.591941297054290771e-02
-6.925641894340515137e-01
-1.409688711166381836e+00
-2.605361938476562500e+00
1.394388377666473389e-01
-1.641903281211853027e+00
-3.191260099411010742e-01
2.659673392772674561e-01
-1.165017366409301758e+00
1.223441123962402344e+00
2.913632690906524658e-01
-6.564791202545166016e-01
-5.022276192903518677e-02
4.717325791716575623e-03
-9.514734148979187012e-01
1.184266328811645508e+00
-1.506243586540222168e+00
-8.330783843994140625e-01
1.120772957801818848e+00
-2.494459897279739380e-01
-2.389955222606658936e-01
1.192079305648803711e+00
1.305552244186401367e+00
-7.123312354087829590e-01
-2.147354125976562500e+00
2.179864883422851562e+00
-2.573766112327575684e-01
2.234501838684082031e+00
-1.433669805526733398e+00
9.808067232370376587e-02
5.061249136924743652e-01
-1.524814844131469727e+00
1.024527192115783691e+00
1.023663997650146484e+00
2.178536176681518555e+00
1.037189736962318420e-01
5.283033475279808044e-02
-3.103307187557220459e-01
-1.006190106272697449e-01
-9.852305054664611816e-02
1.280934691429138184e+00
-3.652909100055694580e-01
-1.400998950004577637e+00
9.860510826110839844e-01
9.419787526130676270e-01
9.894760847091674805e-01
-2.676880657672882080e-01
1.132282376289367676e+00
-9.347099065780639648e-02
-9.438804388046264648e-01
7.295019626617431641e-01
-8.189297318458557129e-01
-9.731600880622863770e-01
-6.379671692848205566e-01
-1.083366498351097107e-01
1.829136610031127930e+00
2.563506960868835449e-01
1.175356626510620117e+00
-3.992303460836410522e-02
-1.092844128608703613e+00
-1.423729807138442993e-01
3.435743749141693115e-01
-4.102011770009994507e-02
-1.052394151687622070e+00
1.480815261602401733e-01
1.192422434687614441e-01
9.064857363700866699e-01
1.574575901031494141e+00
5.201109647750854492e-01
3.896739780902862549e-01
-5.110991954803466797e+00
6.974735856056213379e-01
-5.317454338073730469e-01
-9.746045470237731934e-01
1.429861664772033691e+00
6.655216813087463379e-01
-1.344819068908691406e+00
3.837157785892486572e-01
1.117026925086975098e+00
4.382815361022949219e-01
-7.108326554298400879e-01
2.869509458541870117e-01
-1.743169724941253662e-01
-1.089751601219177246e+00
1.416262626647949219e+00
2.165232658386230469e+00
-1.695246249437332153e-02
-4.019376039505004883e-01
3.820064783096313477e+00
-1.756742000579833984e+00
-6.021251678466796875e+00
1.389089226722717285e+00
5.893298387527465820e-01
-9.258321523666381836e-01
1.085806012153625488e+00
-1.142684742808341980e-01
-9.640527367591857910e-01
5.612609386444091797e-01
-2.067521810531616211e-01
-1.687396049499511719e+00
1.184585809707641602e+00
4.922101497650146484e-01
1.195874452590942383e+00
-1.507606029510498047e+00
7.196600437164306641e-01
4.426515847444534302e-02
-5.332219004631042480e-01
-1.588958859443664551e+00
-3.789119422435760498e-01
-1.065028786659240723e+00
1.145203351974487305e+00
-1.791092753410339355e-01
-1.131376504898071289e+00
1.919373720884323120e-01
5.500898957252502441e-01
6.485846638679504395e-01
2.691088438034057617e+00
1.123326897621154785e+00
-9.524111151695251465e-01
-3.750660717487335205e-01
-5.119312405586242676e-01
-7.418403625488281250e-01
6.367708444595336914e-01
1.300552021712064743e-02
1.248024404048919678e-01
1.075266480445861816e+00
-4.798428714275360107e-02
-4.249700307846069336e-01
-6.921470165252685547e-01
-3.300041705369949341e-02
1.079786300659179688e+00
2.317500591278076172e+00
1.252412319183349609e+00
2.272738702595233917e-02
8.991231322288513184e-01
-9.988658428192138672e-01
9.223857522010803223e-01
2.073011159896850586e+00
1.068942323327064514e-01
-2.379740327596664429e-01
-1.628566384315490723e+00
1.039418458938598633e+00
-2.001847624778747559e-01
1.307004392147064209e-01
3.684377968311309814e-01
-1.194091081619262695e+00
1.006098985671997070e+00
8.590356707572937012e-01
3.081751763820648193e-01
7.373078465461730957e-01
