-9.797548651695251465e-01
-5.414213985204696655e-02
9.206309169530868530e-02
-1.449593901634216309e+00
5.104123353958129883e-01
-2.560467422008514404e-01
4.234836436808109283e-03
2.116595506668090820e-01
1.065296400338411331e-02
2.862053155899047852e+00
2.000044345855712891e+00
-6.337162852287292480e-01
5.774494409561157227e-01
-1.501876473426818848e+00
1.353464126586914062e+00
-1.505515575408935547e+00
-3.389177024364471436e-01
4.008800089359283447e-01
-2.768284976482391357e-01
1.027865931391716003e-01
1.089349389076232910e+00
5.780791640281677246e-01
1.868387311697006226e-01
-1.636218190193176270e+00
-1.650741994380950928e-01
2.465096861124038696e-01
1.280055522918701172e+00
-1.516434192657470703e+00
-1.866623282432556152e+00
-9.094025939702987671e-02
1.017916440963745117e+00
1.279866576194763184e+00
5.870532393455505371e-01
4.992299973964691162e-01
7.867903113365173340e-01
1.472545027732849121e+00
3.819815516471862793e-01
-1.992843031883239746e+00
-4.199623689055442810e-02
2.065831422805786133e+00
-9.975163340568542480e-01
-1.496048122644424438e-01
-9.476202726364135742e-01
8.439215421676635742e-01
6.737488508224487305e-02
1.526980042457580566e+00
4.167585372924804688e-01
-3.053368926048278809e-01
-9.383454322814941406e-01
-1.314381599426269531e+00
-7.755250334739685059e-01
-6.747800707817077637e-01
3.291445970535278320e-01
-2.111795902252197266e+00
-3.835435807704925537e-01
2.449613362550735474e-01
2.314988136291503906e+00
-3.992200493812561035e-01
-6.884295940399169922e-01
-3.649573922157287598e-01
3.740268200635910034e-02
-1.286917448043823242e+00
1.190921664237976074e-02
-1.549332737922668457e-01
-7.660000324249267578e-01
-2.941599488258361816e-01
-7.408277988433837891e-01
4.753035008907318115e-01
-8.227174878120422363e-01
-1.920134902000427246e+00
-1.661363840103149414e+00
-1.359365820884704590e+00
-5.960617065429687500e-01
-1.749477088451385498e-01
-5.878519639372825623e-02
1.123157858848571777e+00
-8.413028717041015625e-01
3.066531121730804443e-01
1.083531975746154785e+00
-9.156937897205352783e-02
7.965229451656341553e-04
2.034584283828735352e+00
-8.128730058670043945e-01
-7.193524241447448730e-01
5.002601146697998047e-01
4.901686012744903564e-01
-1.712127208709716797e+00
-4.591174125671386719e-01
-6.414960026741027832e-01
3.426582515239715576e-01
-1.344549655914306641e+00
1.108230948448181152e+00
-3.098662011325359344e-02
4.018258750438690186e-01
-1.337660670280456543e+00
-1.318187713623046875e+00
1.264268875122070312e+00
-1.159527897834777832e+00
2.938204705715179443e-01
2.447772026062011719e+00
-1.488657742738723755e-01
-5.697897672653198242e-01
-4.752914309501647949e-01
-6.920675933361053467e-02
-2.650171145796775818e-02
-4.518840610980987549e-01
-3.814196288585662842e-01
4.930614680051803589e-02
-2.326820343732833862e-01
-3.826140165328979492e-01
1.750401496887207031e+00
1.044467449188232422e+00
-2.313608407974243164e+00
4.084617495536804199e-01
8.181335330009460449e-01
2.234610915184020996e-01
-6.017300486564636230e-01
1.941699087619781494e-01
4.326905608177185059e-01
3.713703155517578125e-01
-4.572875797748565674e-01
8.465818166732788086e-01
-2.344875812530517578e+00
-7.423801422119140625e-01
1.398969292640686035e+00
2.427173852920532227e-01
5.896210670471191406e-01
1.233840808272361755e-01
1.497398018836975098e+00
3.956591784954071045e-01
-3.339055478572845459e-01
-1.601124167442321777e+00
5.622745752334594727e-01
-6.869753599166870117e-01
-1.093411803245544434e+00
3.708788752555847168e-01
1.343678474426269531e+00
-1.343125462532043457e+00
-1.593468546867370605e+00
1.037548303604125977e+00
-2.986949205398559570e+00
-4.080897271633148193e-01
1.038660168647766113e+00
-1.265926003456115723e+00
1.202446937561035156e+00
6.268909573554992676e-01
2.390085697174072266e+00
1.774462580680847168e+00
-3.074930980801582336e-02
-2.946249246597290039e-01
-5.006719231605529785e-01
1.496642470359802246e+00
1.162610292434692383e+00
-1.007984876632690430e+00
1.565899014472961426e+00
-9.550085067749023438e-01
3.678746223449707031e-01
1.016544923186302185e-01
-7.622798681259155273e-01
-2.946256697177886963e-01
2.889113686978816986e-02
-7.460733056068420410e-01
7.160853147506713867e-01
7.719892859458923340e-01
-2.543463408946990967e-01
-2.734587669372558594e+00
-1.543549776077270508e+00
3.629575371742248535e-01
8.112515211105346680e-01
7.398685812950134277e-01
7.301939278841018677e-02
-7.454747557640075684e-01
-9.417818784713745117e-01
1.124230265617370605e+00
5.977876186370849609e-01
-1.232783436775207520e+00
-1.102592349052429199e+00
-4.894900321960449219e-01
-5.487669706344604492e-01
1.481005549430847168e+00
2.878803014755249023e-01
-7.899902015924453735e-02
7.312807440757751465e-01
1.789760589599609375e+00
1.083893537521362305e+00
-1.373394131660461426e+00
-2.001686811447143555e+00
8.757327795028686523e-01
1.687677145004272461e+00
-1.892259158194065094e-02
-3.474363982677459717e-01
6.915714740753173828e-01
1.029257059097290039e+00
5.384526252746582031e-01
-9.371821284294128418e-01
-1.041234254837036133e+00
-3.482034504413604736e-01
3.722527027130126953e-01
1.183514952659606934e+00
-2.572463750839233398e+00
8.034886121749877930e-01
-9.394049644470214844e-02
2.536993026733398438e+00
-6.832604408264160156e-01
-5.545452833175659180e-01
-3.800709843635559082e-01
7.476852089166641235e-02
7.302234172821044922e-01
-3.097121417522430420e-01
1.035377979278564453e+00
-7.815459966659545898e-01
-1.846391111612319946e-01
1.471071600914001465e+00
8.743166327476501465e-01
1.566922366619110107e-01
1.317705154418945312e+00
-5.285466670989990234e+00
-7.512292265892028809e-02
-2.248482465744018555e+00
1.723533034324645996e+00
3.845339417457580566e-01
7.865972518920898438e-01
-7.324522733688354492e-01
-1.502160668373107910e+00
2.068647384643554688e+00
3.860181272029876709e-01
-8.772830665111541748e-02
1.411877870559692383e+00
-7.819842100143432617e-01
-4.244580864906311035e-03
3.505342602729797363e-01
2.151032239198684692e-01
-2.243292331695556641e+00
-8.902897834777832031e-01
1.265524625778198242e+00
7.850816249847412109e-01
8.668287396430969238e-01
5.884013772010803223e-01
6.551164388656616211e-01
7.681913375854492188e-01
-2.214403152465820312e-01
-1.624578386545181274e-01
-8.817105889320373535e-01
-2.865737974643707275e-01
-1.375424861907958984e+00
-1.348558664321899414e+00
9.551035761833190918e-01
4.579074680805206299e-01
1.329547405242919922e+00
-5.772715806961059570e-01
-6.553238630294799805e-01
-1.057069659233093262e+00
3.827393651008605957e-01
2.334253340959548950e-01
-6.986990571022033691e-01
5.399091839790344238e-01
-6.720738410949707031e-01
1.099199414253234863e+00
8.682448267936706543e-01
-1.270394921302795410e-01
6.037790775299072266e-01
1.168396472930908203e+00
-1.409799695014953613e+00
1.268526613712310791e-01
-3.506908193230628967e-02
-7.801064103841781616e-02
2.716279745101928711e+00
4.615752995014190674e-01
6.941668510437011719e+00
-1.501605957746505737e-01
-1.140019446611404419e-01
1.282514452934265137e+00
1.234425425529479980e+00
-8.283222094178199768e-03
-1.552099227905273438e+00
9.781525731086730957e-01
-4.209183454513549805e-01
-6.237840056419372559e-01
-8.299115300178527832e-01
-1.176479831337928772e-01
-2.110658288002014160e-01
-3.987795412540435791e-01
4.112334549427032471e-01
-1.669631451368331909e-01
-1.696322411298751831e-01
-9.524621367454528809e-01
1.500104784965515137e+00
5.525348186492919922e-01
8.300153613090515137e-01
2.885873317718505859e-01
-7.951332926750183105e-01
-1.253611803054809570e+00
7.936061024665832520e-01
2.062198519706726074e-01
1.201615810394287109e+00
9.592651724815368652e-01
5.541555285453796387e-01
-6.751248240470886230e-01
-9.137165546417236328e-01
-9.460272192955017090e-01
4.995611906051635742e-01
-7.636634111404418945e-01
1.214474320411682129e+00
-1.470757573843002319e-01
4.259391725063323975e-01
4.149630069732666016e-01
-2.859781309962272644e-02
-7.810634374618530273e-01
1.303558945655822754e+00
-3.652075827121734619e-01
6.384094804525375366e-02
-1.000354528427124023e+00
5.275170803070068359e-01
1.021179080009460449e+00
2.439320683479309082e-01
-4.537568092346191406e-01
9.611508846282958984e-01
-1.613279223442077637e+00
-1.126603782176971436e-02
9.935458302497863770e-01
2.985474765300750732e-01
1.406236737966537476e-02
-8.804339170455932617e-02
-8.698646426200866699e-01
-1.332228660583496094e+00
-1.291421771049499512e+00
-2.065684080123901367e+00
-1.125678777694702148e+00
-1.343291759490966797e+00
1.932252407073974609e+00
-1.679800629615783691e+00
5.298601388931274414e-01
4.164645671844482422e-01
-5.046212077140808105e-01
7.995036244392395020e-01
7.529042363166809082e-01
-1.444789767265319824e-01
-6.432107686996459961e-01
-8.792054653167724609e-01
-3.884432315826416016e-01
-7.459113597869873047e-01
-7.574427723884582520e-01
6.830138564109802246e-01
-1.454142332077026367e-01
-1.535760164260864258e-01
8.756383061408996582e-01
4.798316955566406250e-01
-2.027514576911926270e-01
-2.698443233966827393e-01
-2.713501751422882080e-01
-1.283763647079467773e-01
8.524773120880126953e-01
-8.632598519325256348e-01
-9.961557388305664062e-01
1.025132060050964355e+00
-7.224514484405517578e-01
1.098988771438598633e+00
-1.000242948532104492e+00
1.015626788139343262e+00
-2.132086515426635742e+00
3.857001066207885742e-01
3.535367250442504883e-01
-1.192794442176818848e+00
1.217981338500976562e+00
9.951246380805969238e-01
-2.841465711593627930e+00
5.102986097335815430e-01
-2.646363377571105957e-01
-1.207993388175964355e+00
-2.586741447448730469e-01
6.896553039550781250e-01
2.345531225204467773e+00
2.979412488639354706e-02
8.294915556907653809e-01
-3.369046002626419067e-02
-4.798952341079711914e-01
-2.253243923187255859e+00
2.890179753303527832e-01
-2.355909049510955811e-01
5.072582364082336426e-01
1.321089863777160645e+00
2.150136470794677734e+00
3.772974312305450439e-01
-3.719883859157562256e-01
-7.625130414962768555e-01
-1.034295201301574707e+00
-1.250523805618286133e+00
-1.499325394630432129e+00
1.002232193946838379e+00
7.782607078552246094e-01
1.508733034133911133e+00
7.965673208236694336e-01
1.825168967247009277e+00
-6.798768043518066406e-01
5.056099295616149902e-01
-1.519164085388183594e+00
-1.469254851341247559e+00
-8.343486189842224121e-01
-7.830200791358947754e-01
7.100754380226135254e-01
-4.233608245849609375e-01
4.166605770587921143e-01
6.169752404093742371e-02
-1.592295289039611816e+00
-1.558343768119812012e+00
1.436217784881591797e+00
-2.397437810897827148e+00
6.827933788299560547e-01
5.148784518241882324e-01
2.283589094877243042e-01
-1.059968829154968262e+00
3.603266924619674683e-02
-1.583497405052185059e+00
-1.242108345031738281e-01
-1.227737784385681152e+00
5.414470434188842773e-01
-1.336702108383178711e+00
-9.698955342173576355e-03
-1.381670117378234863e+00
1.831647872924804688e+00
-1.439437031745910645e+00
-1.788485050201416016e+00
1.545914858579635620e-01
-1.189747571945190430e+00
-4.819544255733489990e-01
8.392800092697143555e-01
-1.551375746726989746e+00
9.338639974594116211e-01
-8.721177577972412109e-01
-1.155873179435729980e+00
4.637826979160308838e-01
1.628782898187637329e-01
1.627197861671447754e+00
-2.331360578536987305e+00
1.997242122888565063e-01
-3.334509432315826416e-01
-1.301922798156738281e+00
-1.182037219405174255e-01
-6.160387024283409119e-02
5.081934332847595215e-01
-9.052929282188415527e-01
4.361530840396881104e-01
-2.743370831012725830e-01
3.507069945335388184e-01
1.037621617317199707e+00
3.151717782020568848e-01
7.320455312728881836e-01
6.216741725802421570e-02
1.074198246002197266e+00
-1.902939915657043457e+00
-1.376120805740356445e+00
-1.419119596481323242e+00
-6.872368454933166504e-01
2.055876702070236206e-01
-1.354984790086746216e-01
-5.119413882493972778e-02
-3.851473927497863770e-01
1.705794334411621094e+00
-1.532490134239196777e+00
4.990689754486083984e-01
1.919286012649536133e+00
1.738692760467529297e+00
2.513669133186340332e-01
1.684867888689041138e-01
-1.107968091964721680e+00
-3.169217705726623535e-01
-7.941995263099670410e-01
1.367208063602447510e-01
7.977154850959777832e-01
-5.305151939392089844e-01
1.819673299789428711e+00
-1.645797491073608398e+00
-1.385631918907165527e+00
1.216125607490539551e+00
-6.112142801284790039e-01
3.635722398757934570e-01
-5.039243102073669434e-01
1.626397132873535156e+00
-6.359639167785644531e-01
3.237115740776062012e-01
-7.215619087219238281e-01
1.351117372512817383e+00
-1.748594045639038086e+00
-1.418663144111633301e+00
1.384584426879882812e+00
2.016497105360031128e-01
1.816089004278182983e-01
-5.057386159896850586e-01
5.049971342086791992e-01
-2.617894411087036133e-01
7.378411889076232910e-01
2.561851739883422852e-01
-8.350342512130737305e-01
2.148115932941436768e-01
1.354839950799942017e-01
1.542184233665466309e+00
1.297182917594909668e+00
-1.248162984848022461e+00
-1.676278114318847656e-01
-1.094999074935913086e+00
9.392661452293395996e-01
-7.827090620994567871e-01
-6.489544510841369629e-01
1.684424757957458496e+00
-9.054446220397949219e-01
-9.059479087591171265e-02
-9.992647171020507812e-01
-1.090593822300434113e-02
-5.736457705497741699e-01
-2.320877090096473694e-02
-1.966339945793151855e-01
-1.612658023834228516e+00
1.789367645978927612e-01
-1.007132887840270996e+00
-9.386312216520309448e-02
6.133888363838195801e-01
-8.614755272865295410e-01
-3.418642282485961914e-01
7.662879824638366699e-01
5.669777989387512207e-01
1.297989726066589355e+00
1.212386369705200195e+00
1.570716053247451782e-01
-6.464672684669494629e-01
-9.850190281867980957e-01
-1.367578506469726562e+00
-9.279091954231262207e-01
7.515984773635864258e-01
2.257737874984741211e+00
-2.300388097763061523e+00
5.137014016509056091e-02
-1.777086853981018066e+00
5.904644727706909180e-01
-3.622400015592575073e-02
-4.339887201786041260e-01
9.687641263008117676e-02
6.073698997497558594e-01
-4.203144907951354980e-01
7.048280835151672363e-01
-1.397306799888610840e+00
2.372264117002487183e-02
6.458168625831604004e-01
-6.947411298751831055e-01
-4.508096873760223389e-01
1.514497041702270508e+00
-6.334851682186126709e-02
-1.326908707618713379e+00
5.191774368286132812e-01
-1.528215646743774414e+00
-9.934478253126144409e-02
9.512685537338256836e-01
1.329873204231262207e+00
-1.671461701393127441e+00
-3.531728684902191162e-01
1.214211344718933105e+00
2.374044418334960938e+00
9.422857165336608887e-01
6.890606284141540527e-01
2.200978100299835205e-01
-4.379874169826507568e-01
-7.313035726547241211e-01
4.940899908542633057e-01
-1.017591714859008789e+00
4.649319946765899658e-01
-1.124326705932617188e+00
-1.165919899940490723e+00
1.626261711120605469e+00
-4.558827579021453857e-01
2.957227528095245361e-01
-9.355416297912597656e-01
-1.311837434768676758e-01
-1.459019422531127930e+00
7.382844686508178711e-01
-1.407997965812683105e+00
-9.734147787094116211e-01
3.395424410700798035e-02
-1.434710472822189331e-01
-9.283553957939147949e-01
8.831987977027893066e-01
-5.858238339424133301e-01
-3.343760268762707710e-03
5.499537587165832520e-01
-6.224252581596374512e-01
2.927934229373931885e-01
8.186797797679901123e-02
1.050083339214324951e-01
-1.214866265654563904e-01
-2.617029845714569092e-01
8.537359833717346191e-01
-4.806903302669525146e-01
-9.471817016601562500e-01
4.072843492031097412e-01
6.244241595268249512e-01
-5.694500207901000977e-01
2.044246912002563477e+00
-6.296613812446594238e-01
1.799824833869934082e+00
4.827666580677032471e-01
-4.255479872226715088e-01
1.584967732429504395e+00
1.937461972236633301e+00
-5.726100206375122070e-01
-5.206286907196044922e-01
6.555004119873046875e-01
2.042728811502456665e-01
2.835721075534820557e-01
-8.371862173080444336e-01
-4.418251290917396545e-02
1.099811121821403503e-01
9.626130461692810059e-01
9.736790657043457031e-01
3.619083762168884277e-01
1.685901999473571777e+00
1.747856259346008301e+00
-2.122810602188110352e+00
-1.224076867103576660e+00
-3.642600178718566895e-01
-1.237036228179931641e+00
-6.623365730047225952e-02
6.102429032325744629e-01
4.362947642803192139e-01
-8.039122819900512695e-01
1.306547164916992188e+00
1.096684485673904419e-02
5.136086940765380859e-01
7.061046361923217773e-01
2.360212802886962891e+00
1.410012722015380859e+00
-7.376372218132019043e-01
1.573152095079421997e-01
-5.200028792023658752e-02
-1.454625129699707031e+00
9.957637786865234375e-01
9.899716973304748535e-01
2.264376401901245117e+00
8.616867065429687500e-01
1.899937272071838379e+00
2.065721750259399414e-01
-4.858610928058624268e-01
5.433931946754455566e-01
7.851597038097679615e-04
-3.871707320213317871e-01
-2.730988562107086182e-01
2.659128308296203613e-01
-1.424083471298217773e+00
1.196285605430603027e+00
3.477372825145721436e-01
-6.414594650268554688e-01
7.524000406265258789e-01
-7.415107488632202148e-01
1.793095231056213379e+00
-2.527318596839904785e-01
-1.830807328224182129e+00
1.005661860108375549e-01
-1.161728024482727051e+00
9.654536247253417969e-01
-1.381074190139770508e+00
2.641227841377258301e-01
1.221089601516723633e+00
3.237572014331817627e-01
-2.088362693786621094e+00
1.918208599090576172e-01
1.606109589338302612e-01
1.673879027366638184e+00
-7.275822758674621582e-01
5.173122286796569824e-01
-1.916693001985549927e-01
2.965789318084716797e+00
1.706273481249809265e-02
-9.771600365638732910e-01
-5.694146752357482910e-01
1.380321979522705078e+00
-1.195194125175476074e+00
4.055386543273925781e+00
-4.202968776226043701e-01
1.272467523813247681e-01
-1.037979483604431152e+00
1.334328353404998779e-01
4.669922292232513428e-01
-1.094368815422058105e+00
-5.362267494201660156e-01
-1.324475526809692383e+00
9.818766713142395020e-01
7.437429428100585938e-01
7.663522958755493164e-01
1.163565397262573242e+00
-1.032335281372070312e+00
-1.322194576263427734e+00
-5.295696258544921875e+00
-3.018678426742553711e-01
9.081079624593257904e-03
-7.331668734550476074e-01
1.956487536430358887e+00
-1.977494239807128906e+00
-3.139393031597137451e-01
1.515097141265869141e+00
-1.713638901710510254e+00
-1.300296783447265625e+00
2.433398962020874023e-01
2.152568817138671875e+00
-8.005244135856628418e-01
7.443161010742187500e-01
-7.972221076488494873e-02
-7.990921139717102051e-01
5.201898217201232910e-01
1.226782724261283875e-01
5.267505645751953125e+00
1.943077206611633301e+00
-2.591744661331176758e+00
1.439086198806762695e+00
4.486798048019409180e-01
2.380249351263046265e-01
-6.779873967170715332e-01
9.707913398742675781e-01
6.036171317100524902e-02
1.462765693664550781e+00
1.510138988494873047e+00
-2.036699354648590088e-01
-2.929043471813201904e-01
-1.949369430541992188e+00
-6.217965483665466309e-01
2.738343000411987305e+00
5.621883273124694824e-01
1.538592457771301270e+00
2.062290430068969727e+00
3.527055382728576660e-01
-1.193819880485534668e+00
-4.460712075233459473e-01
4.781635105609893799e-02
-1.861443966627120972e-01
2.217412441968917847e-01
-2.283372163772583008e+00
-3.306885063648223877e-01
-1.788755655288696289e+00
1.746195316314697266e+00
9.676533937454223633e-01
6.292352676391601562e-01
-9.818965196609497070e-01
-4.700012505054473877e-01
-1.957400441169738770e-01
-6.908841729164123535e-01
-2.342483997344970703e+00
-3.781984150409698486e-01
1.719438076019287109e+00
-1.060863614082336426e+00
-2.393540620803833008e+00
-7.967520356178283691e-01
-1.023291349411010742e+00
8.459303528070449829e-02
-5.868217349052429199e-01
1.195204615592956543e+00
7.796185016632080078e-01
-5.884981155395507812e-01
6.509380340576171875e-01
-2.196318626403808594e+00
7.204484939575195312e-01
-2.329274177551269531e+00
-1.998610734939575195e+00
-5.123301148414611816e-01
1.111745953559875488e+00
3.821681812405586243e-02
-1.157189488410949707e+00
-5.967270731925964355e-01
1.067887306213378906e+00
-7.183373570442199707e-01
-2.749215662479400635e-01
-1.814520239830017090e+00
1.367412209510803223e+00
