-3.183041512966156006e-01
4.757274389266967773e-01
-1.270188689231872559e+00
-8.935220241546630859e-01
-6.963367462158203125e-01
-3.916791379451751709e-01
4.881960153579711914e-02
-1.648258715867996216e-01
-2.343910932540893555e+00
3.739332854747772217e-01
5.101916790008544922e-01
-1.575150966644287109e+00
5.034118294715881348e-01
-1.042858362197875977e-01
-5.944089889526367188e-01
-2.007877111434936523e+00
-3.117171227931976318e-01
-9.328333735466003418e-01
-1.274407505989074707e+00
6.812940239906311035e-01
1.402666211128234863e+00
3.580650985240936279e-01
7.170253992080688477e-01
-6.738643050193786621e-01
1.707646012306213379e+00
-1.491146534681320190e-01
4.501155391335487366e-02
3.797557055950164795e-01
-6.045351028442382812e-01
-4.325017929077148438e-01
-1.049233078956604004e+00
-1.221996638923883438e-02
9.344522953033447266e-01
-5.796117186546325684e-01
1.766137629747390747e-01
8.002307415008544922e-01
-9.325426816940307617e-01
-1.104376435279846191e+00
-5.222145933657884598e-03
9.093058109283447266e-01
-2.979138791561126709e-01
-1.336484789848327637e+00
-5.835301280021667480e-01
6.147772669792175293e-01
1.083986639976501465e+00
1.307800263166427612e-01
-9.246931672096252441e-01
-8.566238284111022949e-01
9.130265712738037109e-01
1.742594718933105469e+00
-3.340883851051330566e-01
-4.687796235084533691e-01
2.551459148526191711e-02
1.406817793846130371e+00
1.048375606536865234e+00
-6.960358619689941406e-01
3.098826408386230469e-01
4.634551405906677246e-01
9.844467639923095703e-01
4.214451611042022705e-01
1.182325839996337891e+00
1.174144268035888672e+00
1.368876934051513672e+00
2.469385787844657898e-02
-1.753445416688919067e-01
7.907205075025558472e-02
1.934428960084915161e-01
2.132884740829467773e+00
1.018098354339599609e+00
-1.257594466209411621e+00
4.546203315258026123e-01
-7.330945134162902832e-01
-3.490475714206695557e-01
-6.497770547866821289e-01
5.412583351135253906e-01
2.379254341125488281e+00
3.391234278678894043e-01
1.051218882203102112e-01
9.797953963279724121e-01
5.416282415390014648e-01
8.895080089569091797e-01
2.025371551513671875e+00
-9.156070947647094727e-01
-2.075584605336189270e-02
-3.017000481486320496e-02
-8.544875979423522949e-01
-6.124421358108520508e-01
2.341385930776596069e-01
-5.193492174148559570e-01
8.182839751243591309e-01
-3.813028708100318909e-02
-4.453269243240356445e-01
-1.338028550148010254e+00
1.060204744338989258e+00
-4.120203554630279541e-01
4.071066379547119141e-01
8.731901645660400391e-01
2.027371972799301147e-01
1.651940941810607910e+00
2.100395917892456055e+00
-1.606691926717758179e-01
-4.987173676490783691e-01
1.372545361518859863e-01
-9.991995096206665039e-01
-6.960120797157287598e-01
-1.300839632749557495e-01
-9.586390852928161621e-01
5.098451375961303711e-01
3.818792104721069336e-01
-1.762629300355911255e-01
8.122084140777587891e-01
-3.904852867126464844e-01
-4.772291705012321472e-02
-8.382943458855152130e-03
-7.734204530715942383e-01
-5.567401647567749023e-01
-6.020718812942504883e-01
1.211457699537277222e-01
-1.095538258552551270e+00
1.184270620346069336e+00
5.475476384162902832e-01
1.756851673126220703e+00
-2.476675987243652344e+00
-3.869695365428924561e-01
4.101007580757141113e-01
2.239233255386352539e-01
6.146749854087829590e-01
-3.425229787826538086e-01
-6.314313411712646484e-02
1.436466872692108154e-01
-2.649186551570892334e-01
-1.704750537872314453e+00
-5.332445502281188965e-01
-5.221212506294250488e-01
-1.815678954124450684e+00
3.158622086048126221e-01
1.092574357986450195e+00
-4.425022602081298828e-01
-5.581611394882202148e-01
6.134854629635810852e-02
2.397064566612243652e-01
5.198515057563781738e-01
7.487369775772094727e-01
-6.388158798217773438e-01
-6.691933274269104004e-01
1.415339350700378418e+00
-8.806651830673217773e-02
3.186745047569274902e-01
-1.628379225730895996e-01
-1.319661021232604980e+00
4.002954363822937012e-01
1.401359319686889648e+00
2.191970646381378174e-01
4.925533384084701538e-02
3.292216658592224121e-01
-6.997933983802795410e-01
-4.102738574147224426e-02
3.484667241573333740e-01
-1.436805129051208496e+00
3.686065375804901123e-01
4.061248600482940674e-01
2.274353951215744019e-01
-6.833608746528625488e-01
-1.737777829170227051e+00
-2.473224848508834839e-01
-1.297757923603057861e-01
-1.100832819938659668e+00
-9.163143038749694824e-01
-1.778531223535537720e-01
1.057219982147216797e+00
-4.227296710014343262e-01
-4.624935090541839600e-01
-1.600467085838317871e+00
8.662133216857910156e-01
-1.810997873544692993e-01
7.380071282386779785e-01
5.140158534049987793e-01
4.238554090261459351e-02
-5.945094227790832520e-01
1.480603098869323730e+00
4.384984076023101807e-02
-9.669213294982910156e-01
-9.292108416557312012e-01
4.699366986751556396e-01
1.543865799903869629e+00
-1.628726243972778320e+00
1.848759353160858154e-01
3.010899424552917480e-01
1.228737235069274902e+00
3.081235885620117188e-01
6.604634523391723633e-01
1.229149580001831055e+00
1.271145224571228027e+00
-7.641869038343429565e-02
-8.371992707252502441e-01
1.807981729507446289e-01
-1.282850742340087891e+00
2.057531848549842834e-02
7.121956348419189453e-02
3.062018156051635742e-01
6.941009163856506348e-01
4.026767909526824951e-01
2.251840591430664062e+00
-6.645877957344055176e-01
3.549826443195343018e-01
-1.214062333106994629e+00
-4.905816018581390381e-01
2.435017377138137817e-01
7.988960146903991699e-01
-1.888433843851089478e-01
9.071194380521774292e-02
-6.364320218563079834e-02
1.259620547294616699e+00
-8.870702385902404785e-01
-3.017379343509674072e-01
6.587057709693908691e-01
-4.732143878936767578e+00
-1.018347978591918945e+00
-1.703122019767761230e+00
9.774599075317382812e-01
-9.194038510322570801e-01
1.171850442886352539e+00
8.974716067314147949e-01
4.431205391883850098e-01
1.122023701667785645e+00
1.737532615661621094e-01
2.665311098098754883e-01
4.292554408311843872e-02
-7.792968153953552246e-01
6.580793857574462891e-01
-5.151584148406982422e-01
-8.539753556251525879e-01
-7.040256261825561523e-01
1.777493238449096680e+00
3.973317146301269531e-01
7.929409742355346680e-01
7.762059569358825684e-01
2.564139068126678467e-01
-8.552209138870239258e-01
-1.418802738189697266e+00
-2.736298143863677979e-01
1.131060242652893066e+00
-6.247927546501159668e-01
-4.231383278965950012e-02
-1.091873168945312500e+00
-1.588044315576553345e-01
-5.724754929542541504e-02
4.902245998382568359e-01
1.708296179771423340e+00
-2.268772870302200317e-01
-1.831929981708526611e-01
-5.381201505661010742e-01
-1.200465798377990723e+00
-2.359158992767333984e+00
-1.764335930347442627e-01
-2.347111999988555908e-01
-3.737924620509147644e-02
-5.377905368804931641e-01
5.698583722114562988e-01
8.044363260269165039e-01
5.681978464126586914e-01
5.013619065284729004e-01
6.603516340255737305e-01
-8.688398450613021851e-02
-1.140078425407409668e+00
7.933702319860458374e-02
1.251225709915161133e+00
2.998231351375579834e-01
2.980211019515991211e+00
1.252808570861816406e+00
9.082599878311157227e-01
2.580558359622955322e-01
1.021801352500915527e+00
4.686270356178283691e-01
-6.054071784019470215e-01
4.320996701717376709e-01
4.049541950225830078e-01
-9.808001518249511719e-01
3.012890517711639404e-01
-4.741850495338439941e-01
2.210595011711120605e-01
2.072960436344146729e-01
2.368800938129425049e-01
5.837476849555969238e-01
-5.910539627075195312e-01
4.331944584846496582e-01
-1.089664176106452942e-01
-2.615311555564403534e-02
1.300733685493469238e+00
-4.894737303256988525e-01
-1.098249554634094238e+00
2.357872575521469116e-01
-4.359784722328186035e-01
-8.177595734596252441e-01
1.149811625480651855e+00
-4.774175584316253662e-01
-4.512116312980651855e-01
-6.532567739486694336e-01
-2.309759110212326050e-01
-5.925391912460327148e-01
-3.677103221416473389e-01
-7.307516932487487793e-01
1.087633371353149414e+00
9.855580329895019531e-02
5.923070311546325684e-01
1.778937280178070068e-01
6.265597343444824219e-01
-6.606972217559814453e-01
1.118485212326049805e+00
-7.969909906387329102e-01
-6.800603270530700684e-01
-5.747653841972351074e-01
-1.418290939182043076e-02
1.123310253024101257e-01
-6.158764287829399109e-02
-5.296495556831359863e-01
1.142275333404541016e+00
8.936369419097900391e-01
6.427509784698486328e-01
3.565849065780639648e-01
-6.542353332042694092e-02
-6.768429875373840332e-01
1.038267850875854492e+00
-1.539496332406997681e-01
-4.135609567165374756e-01
-1.059491410851478577e-01
-3.862426877021789551e-01
-1.621901154518127441e+00
-1.218661904335021973e+00
1.978314995765686035e+00
-4.776465892791748047e-01
6.142856553196907043e-03
2.277758717536926270e-01
-7.585762739181518555e-01
-2.097996473312377930e-01
-1.062640309333801270e+00
-3.889376819133758545e-01
-1.409398168325424194e-01
8.321240544319152832e-01
-1.347205042839050293e+00
-2.347965538501739502e-01
2.040766775608062744e-01
7.223389148712158203e-01
-1.561351716518402100e-01
5.553535372018814087e-02
9.591972827911376953e-01
-6.569822430610656738e-01
5.760754346847534180e-01
-1.743095040321350098e+00
-2.651830017566680908e-01
-7.229611277580261230e-01
-5.567884445190429688e-01
-3.735226690769195557e-01
-7.272706627845764160e-01
4.706638865172863007e-03
-1.415907144546508789e+00
-3.887900412082672119e-01
-2.065569877624511719e+00
-5.879744291305541992e-01
4.467235803604125977e-01
2.983001768589019775e-01
3.971279263496398926e-01
-9.236285835504531860e-02
-5.406062602996826172e-01
-1.169169306755065918e+00
-8.242487311363220215e-01
1.196323856711387634e-01
3.340631425380706787e-01
3.199047148227691650e-01
1.536507010459899902e-01
1.443462967872619629e+00
9.672722220420837402e-01
-9.771212339401245117e-01
1.071902632713317871e+00
-1.109164506196975708e-01
-9.894073009490966797e-01
2.033651107922196388e-03
2.954042851924896240e-01
1.076542139053344727e-01
9.173649363219738007e-03
6.568319797515869141e-01
4.025771617889404297e-01
-2.917039394378662109e-01
-5.068745091557502747e-02
-2.754130661487579346e-01
-1.191268935799598694e-01
-2.987726330757141113e-01
-1.853174448013305664e+00
1.166371226310729980e+00
3.696355819702148438e-01
2.490956783294677734e+00
7.378992438316345215e-01
6.221163868904113770e-01
-7.402023673057556152e-01
2.093202173709869385e-01
1.791062206029891968e-01
-9.757717251777648926e-01
-1.328073143959045410e-01
-6.977965235710144043e-01
5.770508646965026855e-01
2.220858782529830933e-01
-4.522958099842071533e-01
-7.939501665532588959e-03
-5.032332539558410645e-01
-1.109092593193054199e+00
8.398898839950561523e-01
-7.770637273788452148e-01
3.864825367927551270e-01
-6.314437985420227051e-01
-1.736720651388168335e-01
8.297842144966125488e-01
-2.635025419294834137e-03
3.127061128616333008e-01
2.052693441510200500e-02
-5.613320469856262207e-01
1.064747929573059082e+00
8.858094215393066406e-01
4.796587228775024414e-01
-1.114273071289062500e+00
1.232718229293823242e+00
-1.545477747917175293e+00
-1.702172398567199707e+00
6.527479887008666992e-01
5.615270733833312988e-01
-1.881291344761848450e-02
7.658673524856567383e-01
-7.130089402198791504e-01
-9.813401103019714355e-01
-1.725750327110290527e+00
-3.082336485385894775e-01
-6.180601716041564941e-01
9.396406412124633789e-01
1.404997229576110840e+00
-3.807202726602554321e-02
-2.082888484001159668e-01
9.000514745712280273e-01
5.153073370456695557e-02
-1.077597513794898987e-01
-9.858310222625732422e-01
1.606591939926147461e-01
2.956531941890716553e-01
-4.504361152648925781e-01
-4.098691642284393311e-01
4.085047841072082520e-01
2.741916477680206299e-01
-4.451611340045928955e-01
-9.387443214654922485e-02
-2.952739000320434570e-01
-8.111076056957244873e-02
-1.342061638832092285e+00
-1.060810923576354980e+00
-4.141207933425903320e-01
-6.318027973175048828e-01
-1.454758644104003906e-01
-6.378889679908752441e-01
-3.345362246036529541e-01
7.274286746978759766e-01
6.174651980400085449e-01
-1.392391771078109741e-01
-7.922310233116149902e-01
4.869421720504760742e-01
9.885768294334411621e-01
-3.459469079971313477e-01
2.671539485454559326e-01
-1.918217241764068604e-01
-1.219687104225158691e+00
5.844923481345176697e-02
5.692027807235717773e-01
2.095165699720382690e-01
-5.923208594322204590e-01
-9.959825277328491211e-01
-5.085821151733398438e-01
-8.555832505226135254e-01
-4.339961111545562744e-01
3.365099728107452393e-01
-3.911740183830261230e-01
-8.473787456750869751e-03
4.815769940614700317e-02
-1.231723904609680176e+00
5.793320536613464355e-01
7.852367311716079712e-02
5.733915567398071289e-01
-1.366956353187561035e+00
2.786057293415069580e-01
7.844225764274597168e-01
4.843779280781745911e-02
1.077836036682128906e+00
-4.756240844726562500e-01
1.274003237485885620e-01
-4.685129225254058838e-02
-3.017278611660003662e-01
1.582152009010314941e+00
1.459286510944366455e-01
9.837408661842346191e-01
-2.944587469100952148e-01
1.356000185012817383e+00
-5.447028875350952148e-01
-2.176997184753417969e+00
-1.538397371768951416e-01
-1.962095946073532104e-01
3.264375329017639160e-01
-1.710567176342010498e-01
-1.317649126052856445e+00
5.932418107986450195e-01
-9.200720787048339844e-01
2.466205656528472900e-01
-1.025251746177673340e+00
1.563832283020019531e+00
9.323506355285644531e-01
2.776512205600738525e-01
-3.076145648956298828e-01
-2.013200521469116211e-01
4.308271110057830811e-01
2.742813527584075928e-01
1.387167870998382568e-01
9.289329051971435547e-01
-9.911803007125854492e-01
1.024602770805358887e+00
5.703720450401306152e-01
-8.374010920524597168e-01
-7.507667690515518188e-02
4.859230518341064453e-01
-1.783496737480163574e+00
-1.309741139411926270e+00
-2.059428095817565918e-01
7.050353884696960449e-01
-3.057428300380706787e-01
6.284631490707397461e-01
1.002130746841430664e+00
-1.012190937995910645e+00
6.677417755126953125e-01
-9.370809197425842285e-01
5.216950774192810059e-01
-7.163838744163513184e-01
-1.284124732017517090e+00
7.587982714176177979e-02
-1.264426946640014648e+00
-2.561960220336914062e-01
-1.560266733169555664e+00
-4.180799722671508789e-01
-3.229475915431976318e-01
1.215648412704467773e+00
-1.050896763801574707e+00
-7.781323194503784180e-01
9.767568856477737427e-02
-4.734715819358825684e-01
3.884492442011833191e-02
1.325171113014221191e+00
-6.914506107568740845e-02
1.723995357751846313e-01
3.081577420234680176e-01
-3.323899805545806885e-01
5.503840446472167969e-01
-2.111455440521240234e+00
3.753034472465515137e-01
1.521062493324279785e+00
-1.185782313346862793e+00
3.468989729881286621e-01
-3.600842952728271484e-01
3.734008595347404480e-02
-9.453936815261840820e-01
2.408618927001953125e-01
-8.905867338180541992e-01
-4.218623340129852295e-01
-7.989139854907989502e-02
-1.218496933579444885e-01
7.430228590965270996e-01
5.598485469818115234e-01
1.978832244873046875e+00
-1.441271603107452393e-01
9.143505096435546875e-01
-7.917019128799438477e-01
-4.027022421360015869e-01
-1.213794112205505371e+00
-5.894131660461425781e-01
8.010078966617584229e-02
-1.367984056472778320e+00
-2.244704663753509521e-01
-5.058236718177795410e-01
-1.103153824806213379e+00
-2.706562578678131104e-01
5.081427097320556641e-01
4.580035805702209473e-01
1.961193680763244629e+00
-5.788902044296264648e-01
-6.087502092123031616e-02
-1.043064236640930176e+00
-1.270096778869628906e+00
-8.989068865776062012e-01
-7.616545557975769043e-01
-5.965029001235961914e-01
-2.234283387660980225e-01
4.583503007888793945e-01
2.519099414348602295e-01
1.157653689384460449e+00
-7.453807592391967773e-01
2.827152013778686523e-01
-1.685712486505508423e-01
-5.672075748443603516e-01
1.433879733085632324e+00
1.249776873737573624e-02
-1.208162903785705566e+00
7.475529313087463379e-01
-1.451910585165023804e-01
5.572063326835632324e-01
-1.260336995124816895e+00
-1.469474315643310547e+00
-1.163815975189208984e+00
-5.956844892352819443e-03
4.793469011783599854e-01
-5.575056076049804688e-01
-1.904686987400054932e-01
-4.771614670753479004e-01
3.835895955562591553e-01
-5.608555674552917480e-01
-8.057923913002014160e-01
6.695085167884826660e-01
-1.036278367042541504e+00
-6.142175793647766113e-01
-3.205427527427673340e-01
-7.141773104667663574e-01
3.309282064437866211e-01
-6.276222467422485352e-01
7.276449203491210938e-01
-1.142324924468994141e+00
9.341649413108825684e-01
1.204861283302307129e+00
-6.511297821998596191e-02
-4.181418120861053467e-01
-3.907956779003143311e-01
1.750204324722290039e+00
1.761183142662048340e-01
1.111451257020235062e-02
6.684167981147766113e-01
1.346699237823486328e+00
-2.998019456863403320e-01
1.059031784534454346e-01
6.579985022544860840e-01
-1.040339231491088867e+00
1.625670585781335831e-03
-5.937471985816955566e-01
4.367189854383468628e-02
-7.733242511749267578e-01
7.946230769157409668e-01
4.352183938026428223e-01
1.103132128715515137e+00
-4.337852001190185547e-01
-2.847671210765838623e-01
7.530740499496459961e-01
-2.482589036226272583e-01
6.063404679298400879e-02
4.453715682029724121e-01
-5.857856273651123047e-01
1.932996660470962524e-01
7.006825804710388184e-01
2.172668874263763428e-01
2.807300388813018799e-01
-1.547770142555236816e+00
9.393210411071777344e-01
1.488561034202575684e-01
-7.869796752929687500e-01
2.652980983257293701e-01
1.953692585229873657e-01
-2.611584663391113281e-01
-7.937210202217102051e-01
2.193737179040908813e-01
3.617632091045379639e-01
1.355923175811767578e+00
-8.460452556610107422e-01
-4.220893085002899170e-01
-1.348303794860839844e+00
-7.381763458251953125e-01
-1.378178238868713379e+00
1.063547968864440918e+00
1.391783595085144043e+00
-9.163305163383483887e-02
-8.394722342491149902e-01
-6.126335263252258301e-01
1.062813475728034973e-01
-5.037685632705688477e-01
1.599648892879486084e-01
-1.275206543505191803e-02
2.066227644681930542e-01
1.006847143173217773e+00
4.007006287574768066e-01
1.195254087448120117e+00
-2.982721850275993347e-02
3.875339627265930176e-01
-2.593667805194854736e-01
4.566680192947387695e-01
-1.597195386886596680e+00
1.599789224565029144e-02
-7.513079643249511719e-01
-7.633880972862243652e-01
6.015711426734924316e-01
3.673687577247619629e-01
-9.802739620208740234e-01
-1.302323937416076660e+00
-5.567644834518432617e-01
6.621708273887634277e-01
1.207192420959472656e+00
5.298457145690917969e-01
7.999629974365234375e-01
1.289172023534774780e-01
1.052009016275405884e-01
2.248201519250869751e-01
7.083168625831604004e-01
3.698263168334960938e-01
-1.376137733459472656e+00
3.813208341598510742e-01
-8.815635442733764648e-01
-1.342930179089307785e-02
-2.592329680919647217e-01
-5.521463751792907715e-01
-2.023525476455688477e+00
1.289661377668380737e-01
1.292749404907226562e+00
-9.914508461952209473e-01
-8.077555894851684570e-02
-5.740771293640136719e-01
-9.336274862289428711e-01
3.067520856857299805e+00
-5.988798141479492188e-01
1.233786344528198242e+00
5.270923972129821777e-01
5.331925749778747559e-01
-1.237396955490112305e+00
-7.850906848907470703e-01
1.422511041164398193e-01
-3.085986077785491943e-01
2.933635115623474121e-01
-1.220939755439758301e+00
8.581032156944274902e-01
1.563986301422119141e+00
4.676086828112602234e-03
1.490587949752807617e+00
7.910215854644775391e-01
7.592753767967224121e-01
2.381847426295280457e-02
-6.785863637924194336e-01
4.477263391017913818e-01
-2.123522043228149414e+00
5.581905320286750793e-02
1.516470432281494141e+00
-9.103971123695373535e-01
-8.926061391830444336e-01
-1.389201581478118896e-01
-3.371588885784149170e-01
1.921176910400390625e+00
7.697983384132385254e-01
3.939452767372131348e-01
-1.940493434667587280e-01
-9.116380810737609863e-01
3.038648068904876709e-01
-6.091426014900207520e-01
1.050637245178222656e+00
-8.944121599197387695e-01
-3.136212527751922607e-01
-2.418812513351440430e-01
-5.843685865402221680e-01
5.329146981239318848e-01
8.754537999629974365e-02
-9.502525925636291504e-01
8.477323651313781738e-01
5.610260367393493652e-01
-3.683125674724578857e-01
9.354019165039062500e-01
-6.041867136955261230e-01
