7.482259869575500488e-01
1.912366747856140137e-01
-6.650410294532775879e-01
-2.289313793182373047e+00
1.726771891117095947e-01
-1.781001687049865723e+00
-4.528023898601531982e-01
-1.854323744773864746e+00
-1.108680605888366699e+00
-9.264746904373168945e-01
2.523903250694274902e-01
-5.840542316436767578e-01
-1.416464805603027344e+00
-5.743873715400695801e-01
-1.824931383132934570e+00
-1.054817199707031250e+00
-2.819024622440338135e-01
-2.357597798109054565e-01
-7.071322202682495117e-01
-9.089934825897216797e-01
5.172073841094970703e-01
-5.826642513275146484e-01
-4.058881998062133789e-01
8.126953840255737305e-01
1.649178266525268555e-01
-1.550022244453430176e+00
4.374348521232604980e-01
-1.091820120811462402e+00
-7.667968273162841797e-01
1.742797970771789551e+00
-1.614564895629882812e+00
-1.759670525789260864e-01
2.033872127532958984e+00
-3.884959518909454346e-01
1.800480633974075317e-01
6.584446132183074951e-02
2.276327908039093018e-01
-1.610360860824584961e+00
4.858145024627447128e-03
-8.315451741218566895e-01
-1.971037745475769043e+00
-1.048289775848388672e+00
1.289820551872253418e+00
5.621424913406372070e-01
2.068073898553848267e-01
4.591859281063079834e-01
-7.338346540927886963e-02
-1.795635968446731567e-01
1.407063454389572144e-01
5.595452189445495605e-01
4.218061268329620361e-01
-1.627249270677566528e-01
8.521571755409240723e-02
-8.005463480949401855e-01
-1.579188108444213867e+00
-6.420775651931762695e-01
-1.409567832946777344e+00
7.619563341140747070e-01
8.415117859840393066e-01
1.340935468673706055e+00
1.975963950157165527e+00
9.466969966888427734e-01
-8.391833901405334473e-01
-1.159739792346954346e-01
1.016815528273582458e-01
-1.130912423133850098e+00
7.101253271102905273e-01
5.321868658065795898e-01
-2.490203380584716797e-01
4.751030206680297852e-01
8.805611729621887207e-01
-5.874871015548706055e-01
3.432661294937133789e-01
-5.299919843673706055e-02
5.670978426933288574e-01
1.444316655397415161e-02
5.285393074154853821e-02
-6.396960616111755371e-01
-3.101837337017059326e-01
-2.935794889926910400e-01
1.325880885124206543e+00
6.652446389198303223e-01
-2.585292816162109375e+00
2.838528156280517578e-01
1.122446894645690918e+00
2.000970840454101562e+00
-1.314905762672424316e+00
4.690041840076446533e-01
-1.311422824859619141e+00
1.201978232711553574e-02
2.992533147335052490e-02
-1.983130693435668945e+00
-1.202715158462524414e+00
1.353787779808044434e+00
-1.161558270454406738e+00
4.854106009006500244e-01
3.837592899799346924e-01
1.108153939247131348e+00
3.925312161445617676e-01
-7.876785099506378174e-02
-1.008404254913330078e+00
-1.898530960083007812e+00
-4.121731221675872803e-01
-3.109377026557922363e-01
-6.504490375518798828e-01
-1.253537416458129883e+00
-6.804973483085632324e-01
9.791941046714782715e-01
-1.070778593420982361e-01
-5.858734846115112305e-01
-1.092239469289779663e-01
-6.867360472679138184e-01
-6.943865418434143066e-01
-1.802359819412231445e-01
7.045741081237792969e-01
-8.276837468147277832e-01
3.150806725025177002e-01
-8.469608426094055176e-01
-4.157065749168395996e-01
1.165933370590209961e+00
-5.149064660072326660e-01
1.220207571983337402e+00
-2.711775541305541992e+00
1.307485461235046387e+00
-1.142443194985389709e-01
4.077410101890563965e-01
1.385483026504516602e+00
1.070465087890625000e+00
-5.766134858131408691e-01
-1.345232367515563965e+00
-3.421371877193450928e-01
-1.003811240196228027e+00
-4.773332178592681885e-01
8.974622488021850586e-01
-1.921097159385681152e+00
4.475604593753814697e-01
3.763483762741088867e-01
-2.635202705860137939e-01
1.193000078201293945e+00
-3.819738924503326416e-01
3.947193268686532974e-03
-1.349416255950927734e+00
1.037780642509460449e-01
7.580672502517700195e-01
5.767004191875457764e-02
1.502992630004882812e+00
-7.279408574104309082e-01
-1.757564395666122437e-01
8.302078247070312500e-01
-2.911008000373840332e-01
3.361494243144989014e-01
6.156096234917640686e-02
-8.020200729370117188e-01
1.464506834745407104e-01
6.217726469039916992e-01
-1.422052234411239624e-01
5.552924424409866333e-02
-1.285763263702392578e+00
5.038886070251464844e-01
3.232962191104888916e-01
4.752801954746246338e-01
-5.421890020370483398e-01
-9.266694784164428711e-01
3.054693341255187988e-01
-3.574216738343238831e-02
1.354444861412048340e+00
-7.011895179748535156e-01
-8.166767358779907227e-01
-2.462265938520431519e-01
-8.164277672767639160e-01
-2.119764089584350586e+00
4.954251348972320557e-01
-1.530903935432434082e+00
2.966923713684082031e-01
-4.801504015922546387e-01
-1.210409760475158691e+00
1.179690137505531311e-01
3.770616948604583740e-01
-5.322123169898986816e-01
1.511168032884597778e-01
1.915806084871292114e-01
-6.097937822341918945e-01
-1.337689399719238281e+00
-1.306439161300659180e+00
-3.318801522254943848e-02
6.674102544784545898e-01
-4.308800101280212402e-01
1.560384273529052734e+00
4.652541503310203552e-02
1.994708478450775146e-01
1.383785724639892578e+00
-2.709767222404479980e-01
2.575797140598297119e-01
-7.116806507110595703e-01
4.692987203598022461e-01
-1.411304116249084473e+00
8.267530798912048340e-01
6.505986303091049194e-02
-1.098710671067237854e-01
-2.596815228462219238e-01
9.570007324218750000e-01
-2.987361699342727661e-02
-4.103422760963439941e-01
-6.789280772209167480e-01
1.202650219202041626e-01
-7.623353004455566406e-01
-9.382195770740509033e-02
-2.785948216915130615e-01
1.427188992500305176e+00
1.631423458456993103e-02
-4.168974161148071289e-01
-5.739786624908447266e-01
1.697398543357849121e+00
1.828045696020126343e-01
-2.953204214572906494e-01
1.135599374771118164e+00
-2.630532741546630859e+00
7.273576259613037109e-01
8.613044023513793945e-01
1.629900187253952026e-02
4.687697887420654297e-01
7.219411730766296387e-01
5.706611275672912598e-01
1.008779406547546387e+00
-5.863521695137023926e-01
5.450575947761535645e-01
6.309370994567871094e-01
7.827963829040527344e-01
4.238991439342498779e-01
-3.399014174938201904e-01
-5.185031294822692871e-01
-4.604050815105438232e-01
-7.899971604347229004e-01
-2.851953506469726562e-01
5.513855218887329102e-01
1.432793438434600830e-01
1.206976532936096191e+00
2.092118263244628906e-01
-5.881940126419067383e-01
1.347305774688720703e+00
-1.345740079879760742e+00
1.041969537734985352e+00
1.691597104072570801e+00
-7.504143118858337402e-01
-8.502522110939025879e-01
-6.495356559753417969e-01
1.449388861656188965e+00
-5.703492760658264160e-01
2.293203353881835938e+00
6.821340918540954590e-01
1.498660326004028320e+00
-2.033082008361816406e+00
-1.763657689094543457e+00
-1.467343926429748535e+00
9.580146074295043945e-01
1.645056962966918945e+00
1.229573115706443787e-01
-1.110636830329895020e+00
-2.805037796497344971e-01
1.993645578622817993e-01
-8.093579411506652832e-01
2.982974648475646973e-01
3.060891926288604736e-01
2.163735479116439819e-01
-1.122702717781066895e+00
-4.033036530017852783e-01
-1.502360939979553223e+00
1.691922664642333984e+00
1.610125601291656494e-01
7.747756242752075195e-01
6.179249286651611328e-01
-4.141622185707092285e-01
-6.704342961311340332e-01
-3.282262384891510010e-01
-9.631990790367126465e-01
-7.526118755340576172e-01
5.910708308219909668e-01
5.203278064727783203e-01
1.481591910123825073e-01
1.107704997062683105e+00
-2.066571861505508423e-01
-9.815770983695983887e-01
-2.603968977928161621e-01
-2.902083992958068848e-01
1.369962215423583984e+00
2.539913654327392578e-01
1.466979622840881348e+00
-5.522204041481018066e-01
1.405865192413330078e+00
-1.350118637084960938e+00
-1.017878770828247070e+00
-5.614247918128967285e-01
1.445620298385620117e+00
1.029524683952331543e+00
-1.076051369309425354e-01
-1.545358180999755859e+00
-8.046053647994995117e-01
-9.378420114517211914e-01
-1.882916688919067383e-02
6.160262227058410645e-01
-8.169139176607131958e-02
-5.028448104858398438e-01
-1.395350396633148193e-01
1.014581084251403809e+00
2.808828651905059814e-01
-2.366710454225540161e-02
-6.977629065513610840e-01
-8.381341695785522461e-01
-2.544065937399864197e-03
2.249736040830612183e-01
-2.183125257492065430e+00
-1.170337572693824768e-01
3.732317592948675156e-03
2.761353552341461182e-02
-4.198501408100128174e-01
4.820044636726379395e-01
4.611864313483238220e-02
2.459680318832397461e+00
-1.129501223564147949e+00
-4.530649781227111816e-01
-1.399133324623107910e+00
-3.910463452339172363e-01
7.067584991455078125e-01
-2.725768804550170898e+00
-5.311360359191894531e-01
-8.100717067718505859e-01
-6.622061729431152344e-01
2.423041462898254395e-01
-7.374057173728942871e-01
-8.048330545425415039e-01
7.399135231971740723e-01
-8.929503560066223145e-01
1.350135087966918945e+00
-1.330206990242004395e-01
1.611787319183349609e+00
6.489416211843490601e-02
1.227515935897827148e-01
1.113602519035339355e-01
9.162786602973937988e-01
4.086790084838867188e-01
7.673355937004089355e-01
3.244137391448020935e-02
-6.763838529586791992e-01
-1.041596531867980957e+00
-5.331164002418518066e-01
1.042838096618652344e+00
-3.661364912986755371e-01
-2.236585877835750580e-02
3.303237557411193848e-01
-2.509140372276306152e-01
1.139614701271057129e+00
-3.177332580089569092e-01
3.531246185302734375e-01
-1.697863578796386719e+00
2.094779908657073975e-01
-4.704527929425239563e-02
-9.916365146636962891e-01
-1.447409152984619141e+00
-1.233712196350097656e+00
5.476093888282775879e-01
-9.937731921672821045e-02
6.249672174453735352e-01
3.718016743659973145e-01
6.094030737876892090e-01
-1.343493103981018066e+00
8.579248785972595215e-01
5.323978066444396973e-01
2.652450203895568848e-01
8.092996478080749512e-01
6.351333856582641602e-01
1.296279430389404297e+00
4.366982877254486084e-01
-1.428453326225280762e+00
1.412352085113525391e+00
-4.311215877532958984e-02
-6.028034165501594543e-02
5.040361881256103516e-01
-4.538632929325103760e-02
-2.688455283641815186e-01
1.361207515001296997e-01
1.134088516235351562e+00
2.969052195549011230e-01
-1.475600361824035645e+00
-5.576809048652648926e-01
-2.482054382562637329e-01
3.053734898567199707e-01
-4.102537930011749268e-01
7.959904670715332031e-01
-5.606968402862548828e-01
8.740646243095397949e-01
1.295226097106933594e+00
4.486072808504104614e-02
-1.531535834074020386e-01
-1.714139878749847412e-01
-1.347394585609436035e-01
8.641344308853149414e-01
1.899915337562561035e-01
-6.424192786216735840e-01
1.896148085594177246e+00
2.246259152889251709e-01
9.852806329727172852e-01
-3.883168697357177734e-01
-4.275678396224975586e-01
7.182743549346923828e-01
3.624967634677886963e-01
8.068280220031738281e-01
-3.825383186340332031e-01
1.200470089912414551e+00
-3.728061914443969727e-01
-7.775105834007263184e-01
7.838577032089233398e-01
-4.195905625820159912e-01
5.212863683700561523e-01
7.178940773010253906e-01
7.443194985389709473e-01
1.062500953674316406e+00
-9.403821080923080444e-02
3.403360545635223389e-01
-8.710257411003112793e-01
7.820382118225097656e-01
7.367874979972839355e-01
-1.282613396644592285e+00
5.939511060714721680e-01
5.440970063209533691e-01
-1.380651235580444336e+00
1.500848829746246338e-01
1.764919757843017578e+00
-2.834720015525817871e-01
-1.035380005836486816e+00
1.461843103170394897e-01
1.106646537780761719e+00
1.354852080345153809e+00
8.223201632499694824e-01
9.641314744949340820e-01
2.280677706003189087e-01
-1.252847909927368164e+00
6.206929683685302734e-01
5.072566866874694824e-01
-5.516002178192138672e-01
1.031186223030090332e+00
1.456774175167083740e-01
3.977644443511962891e-01
5.940029025077819824e-01
1.014582514762878418e+00
9.834000468254089355e-01
-1.962239146232604980e-01
1.569282770156860352e+00
-4.318378865718841553e-01
-5.794337391853332520e-02
-1.873206615447998047e+00
-1.104729056358337402e+00
-3.126383125782012939e-01
-5.283328890800476074e-02
-1.528273075819015503e-01
5.317888855934143066e-01
-3.301022052764892578e-01
2.727470397949218750e-01
9.153211116790771484e-01
-5.901299118995666504e-01
-8.458384126424789429e-02
8.563692569732666016e-01
1.778988003730773926e+00
-2.253759205341339111e-01
7.464866638183593750e-01
5.841649770736694336e-01
-1.118155717849731445e+00
-1.258864551782608032e-01
7.634279131889343262e-01
-4.556199014186859131e-01
-1.023803234100341797e+00
-5.255787372589111328e-01
-1.319127798080444336e+00
-9.236271381378173828e-01
-1.006080508232116699e+00
1.336830615997314453e+00
1.125044822692871094e+00
6.439299583435058594e-01
-2.125945836305618286e-01
-1.347621560096740723e+00
-1.687975645065307617e+00
7.461240887641906738e-01
5.769370496273040771e-02
5.574479103088378906e-01
-6.032446026802062988e-01
8.277630805969238281e-02
4.570287764072418213e-01
3.447835743427276611e-01
-9.856347441673278809e-01
5.694453120231628418e-01
-2.832840979099273682e-01
-4.684090316295623779e-01
7.856662273406982422e-01
1.706233471632003784e-01
4.961993992328643799e-01
-3.244195878505706787e-02
1.070897579193115234e+00
-1.319868445396423340e+00
-3.052543640136718750e+00
-4.097700119018554688e-01
1.058098599314689636e-01
-2.786690890789031982e-01
3.625650405883789062e-01
-7.795457839965820312e-01
1.096058607101440430e+00
-8.727353215217590332e-01
4.573827981948852539e-01
-3.134653568267822266e-01
-5.639920830726623535e-01
6.688157916069030762e-01
4.557951688766479492e-01
5.351361036300659180e-01
-4.037744104862213135e-01
1.854524135589599609e+00
7.987905144691467285e-01
1.478675484657287598e+00
1.354662537574768066e+00
-6.499423980712890625e-01
-1.022990420460700989e-01
3.635534644126892090e-01
-4.877124130725860596e-01
4.916149079799652100e-01
-1.118285298347473145e+00
-4.595073461532592773e-01
3.911357820034027100e-01
4.574611485004425049e-01
-1.847442388534545898e-01
-1.032497644424438477e+00
-6.000109910964965820e-01
1.182354450225830078e+00
9.420062601566314697e-02
-1.338096261024475098e-01
9.254769086837768555e-01
-5.024600625038146973e-01
-6.050291657447814941e-01
1.145198822021484375e+00
-1.836789131164550781e+00
2.002321556210517883e-02
6.057746410369873047e-01
-2.631773948669433594e+00
-4.338780045509338379e-01
1.159788131713867188e+00
1.375972986221313477e+00
5.734589695930480957e-01
2.847831249237060547e-01
5.073886513710021973e-01
-1.660975664854049683e-01
9.359589219093322754e-01
3.659950494766235352e-01
-1.030687332153320312e+00
1.255730390548706055e-01
3.302747905254364014e-01
3.151347637176513672e-01
8.457702994346618652e-01
-6.596605181694030762e-01
2.214857816696166992e+00
5.356823801994323730e-01
-5.461270213127136230e-01
-7.714434862136840820e-01
-5.730751752853393555e-01
5.064553618431091309e-01
1.229280829429626465e+00
8.571615219116210938e-01
1.407619118690490723e+00
-5.099500417709350586e-01
-9.513008594512939453e-02
7.242389321327209473e-01
-6.189708113670349121e-01
2.076555013656616211e+00
5.080828070640563965e-01
-9.889773726463317871e-01
1.264799386262893677e-01
-6.978322267532348633e-01
-3.331678807735443115e-01
1.406900525093078613e+00
-2.032740712165832520e-01
5.345619916915893555e-01
-9.190296754240989685e-03
1.029812812805175781e+00
-7.594614624977111816e-01
-1.589042246341705322e-01
-4.844433069229125977e-01
1.288647502660751343e-01
-1.018897652626037598e+00
-3.258504271507263184e-01
-5.457410216331481934e-01
-7.997031807899475098e-01
1.394710838794708252e-01
-2.024999856948852539e+00
-1.998344995081424713e-02
-7.331324368715286255e-02
-1.405403167009353638e-01
5.376843214035034180e-01
-4.070287644863128662e-01
4.100346565246582031e-01
-1.009805321693420410e+00
3.847090899944305420e-01
1.039226412773132324e+00
-3.674606978893280029e-01
-2.326370030641555786e-01
1.499387145042419434e+00
-1.361472457647323608e-01
7.258685827255249023e-01
-2.184356153011322021e-01
-7.416542768478393555e-01
-1.952546477317810059e+00
-7.765036821365356445e-01
-7.355753779411315918e-01
-1.011184096336364746e+00
2.849249243736267090e-01
-8.345149755477905273e-01
-5.514144897460937500e-01
1.681810915470123291e-01
-8.620462417602539062e-01
1.584518104791641235e-01
1.320784211158752441e+00
3.296321332454681396e-01
-9.212708473205566406e-01
8.703287839889526367e-01
-2.290893718600273132e-02
3.669451475143432617e-01
-8.548733592033386230e-01
1.280899494886398315e-01
-1.196338772773742676e+00
-9.117575883865356445e-01
4.630081653594970703e-01
4.093681871891021729e-01
1.157896995544433594e+00
-8.779892325401306152e-01
-1.858590096235275269e-01
-2.368675768375396729e-01
-6.073907613754272461e-01
-6.527361273765563965e-01
8.805588632822036743e-02
-2.535656094551086426e-01
6.398152709007263184e-01
-1.178083062171936035e+00
2.603905200958251953e-01
8.560016155242919922e-01
7.550565898418426514e-02
-1.129480600357055664e+00
1.059831231832504272e-01
-7.198294401168823242e-01
-1.354102641344070435e-01
-9.291656315326690674e-02
2.916538417339324951e-01
1.021862268447875977e+00
2.199310250580310822e-02
9.554933756589889526e-02
-8.902984261512756348e-01
-1.041144490242004395e+00
-9.698460698127746582e-01
8.002871870994567871e-01
-4.347091615200042725e-01
-4.439457505941390991e-02
7.708739042282104492e-01
-9.226427674293518066e-01
1.424171309918165207e-02
-2.425473928451538086e+00
1.185259819030761719e+00
6.322361826896667480e-01
-6.687719821929931641e-01
-1.332230567932128906e-01
1.124447107315063477e+00
-1.445532917976379395e+00
-3.085228204727172852e-01
-7.412246614694595337e-02
-7.686151266098022461e-01
9.901349544525146484e-01
-2.942390441894531250e-01
-4.029213786125183105e-01
1.118665099143981934e+00
2.437671720981597900e-01
4.315805733203887939e-01
7.553359270095825195e-01
-4.507236480712890625e-01
8.656943589448928833e-02
-2.455663122236728668e-02
-5.081457495689392090e-01
-1.140137910842895508e+00
-1.044291496276855469e+00
-5.064874291419982910e-01
-1.572342514991760254e+00
3.455580770969390869e-01
9.469283223152160645e-01
-2.859947085380554199e-01
1.590337038040161133e+00
-8.753892779350280762e-01
-2.987467497587203979e-02
-2.920825719833374023e+00
-4.679936766624450684e-01
-2.388733386993408203e+00
7.626434564590454102e-01
-3.557718992233276367e-01
1.865846812725067139e-01
-8.008307218551635742e-02
-9.899988770484924316e-01
-1.510789155960083008e+00
6.273445207625627518e-03
9.518142342567443848e-01
1.644548535346984863e+00
3.540707826614379883e-01
-1.678948163986206055e+00
-3.898831903934478760e-01
1.130679100751876831e-01
-9.354645013809204102e-01
5.104973912239074707e-02
8.994778990745544434e-01
-8.098706603050231934e-01
-4.286779880523681641e+00
1.155793786048889160e+00
-1.064963102340698242e+00
-6.956761479377746582e-01
-7.367914170026779175e-02
-3.542682826519012451e-01
-1.330339908599853516e+00
2.346434742212295532e-01
3.666252270340919495e-02
-1.850806549191474915e-02
1.924876570701599121e+00
-3.001866638660430908e-01
-2.269016981124877930e+00
9.323113560676574707e-01
1.937159150838851929e-01
1.342050433158874512e+00
1.133725762367248535e+00
-1.823098659515380859e-01
-4.405056536197662354e-01
1.204425394535064697e-01
7.377685904502868652e-01
-7.829052954912185669e-02
6.371872425079345703e-01
3.661725819110870361e-01
-7.102730870246887207e-01
-5.578020811080932617e-01
-4.890689626336097717e-02
-3.221295773983001709e-01
3.160788118839263916e-01
6.956582069396972656e-01
-5.061355829238891602e-01
-5.623525977134704590e-01
3.191879391670227051e-02
-1.246899008750915527e+00
-2.083827555179595947e-01
7.992076873779296875e-01
6.414038538932800293e-01
2.711472474038600922e-02
1.080477759242057800e-01
-2.221249192953109741e-01
-3.645858466625213623e-01
1.788417816162109375e+00
1.207401633262634277e+00
-1.109860420227050781e+00
4.112394154071807861e-01
-1.538074463605880737e-01
-2.485000938177108765e-01
-1.308437466621398926e+00
4.750021696090698242e-01
8.079622983932495117e-01
9.666122496128082275e-02
1.487910747528076172e+00
-1.088860556483268738e-01
8.696908503770828247e-02
7.774204611778259277e-01
7.322114109992980957e-01
2.516532838344573975e-01
-4.929923415184020996e-01
5.891546607017517090e-01
-4.870101511478424072e-01
