1.326834440231323242e+00
-4.874508976936340332e-01
-1.170758724212646484e+00
-5.476012825965881348e-02
-5.091267228126525879e-01
-9.758807420730590820e-01
1.063925027847290039e-01
-5.940342321991920471e-02
-2.347744628787040710e-02
-4.495466947555541992e-01
4.260174930095672607e-01
-8.446534872055053711e-01
7.403310537338256836e-01
-3.571148514747619629e-01
8.949483931064605713e-02
-2.687300145626068115e-01
2.267640680074691772e-01
-2.339971810579299927e-01
1.160753607749938965e+00
2.879136502742767334e-01
-3.854680657386779785e-01
-1.149692535400390625e+00
7.963802814483642578e-01
-6.127321124076843262e-01
4.528641104698181152e-01
-3.670833110809326172e-01
-5.841777324676513672e-01
-6.587833166122436523e-01
-9.061380987986922264e-04
-6.432662606239318848e-01
-1.378687858581542969e+00
-7.349180579185485840e-01
-3.670779168605804443e-01
2.323325537145137787e-02
-1.472464799880981445e+00
4.047181010246276855e-01
-8.688473701477050781e-02
-1.797030210494995117e+00
5.900111421942710876e-02
9.059388637542724609e-01
-1.704832553863525391e+00
-7.430503964424133301e-01
-3.578671216964721680e-01
1.038478612899780273e+00
5.887867808341979980e-01
8.399656414985656738e-01
8.923559188842773438e-01
2.028570622205734253e-01
-5.387212038040161133e-01
2.423391193151473999e-01
-7.083512544631958008e-01
-1.141957044601440430e+00
-1.256686091423034668e+00
6.632735133171081543e-01
-5.334284901618957520e-01
-4.163395166397094727e-01
-7.678736448287963867e-01
-5.356802344322204590e-01
8.568150401115417480e-01
7.705861330032348633e-01
8.292307853698730469e-01
-1.602347195148468018e-01
2.777993977069854736e-01
-6.343725919723510742e-01
-2.230037152767181396e-01
-4.215674474835395813e-02
5.808860063552856445e-01
-4.283232390880584717e-01
4.368954300880432129e-01
2.672813534736633301e-01
-9.349559247493743896e-02
1.200981497764587402e+00
-7.219252586364746094e-01
-4.987532794475555420e-01
-5.956240892410278320e-01
-3.482338488101959229e-01
1.003575563430786133e+00
-5.296892523765563965e-01
-5.675965547561645508e-01
1.090463280677795410e+00
4.906225204467773438e-01
7.235807776451110840e-01
-1.881141424179077148e+00
1.083052277565002441e+00
-7.026005387306213379e-01
2.172643095254898071e-01
-4.495179653167724609e-01
-1.281444787979125977e+00
-1.154509186744689941e+00
-1.531734913587570190e-01
-8.991587758064270020e-01
-8.476510643959045410e-01
-5.633434057235717773e-01
1.022748231887817383e+00
-2.937595844268798828e-01
2.249855250120162964e-01
1.344040222465991974e-02
-1.118307590484619141e+00
2.246400117874145508e-01
6.457953453063964844e-01
1.319646239280700684e-01
-8.154700398445129395e-01
-1.174416393041610718e-01
-1.166901826858520508e+00
-2.174197196960449219e+00
-3.048615530133247375e-02
-6.774157285690307617e-01
1.802893877029418945e-01
6.722995638847351074e-01
-4.850153028964996338e-01
6.308616399765014648e-01
5.518153905868530273e-01
-1.162739515304565430e+00
-4.815753102302551270e-01
-3.858532011508941650e-01
-2.449540644884109497e-01
-1.358225010335445404e-02
-4.279299452900886536e-02
6.433529257774353027e-01
7.518542408943176270e-01
6.328074932098388672e-01
1.052814126014709473e+00
-1.069752573966979980e+00
7.644622921943664551e-01
2.208690345287322998e-01
-7.211972475051879883e-01
5.906802415847778320e-01
1.440321207046508789e+00
-1.431043982505798340e+00
-1.417962431907653809e+00
2.187058329582214355e-01
-1.009653687477111816e+00
-1.946224868297576904e-01
-5.972144007682800293e-01
-1.923305988311767578e-01
-2.138968855142593384e-01
-3.873730003833770752e-01
-5.105186104774475098e-01
-6.424635648727416992e-01
3.609052300453186035e-01
9.783585667610168457e-01
1.069095253944396973e+00
8.727934956550598145e-01
2.779855728149414062e-01
-5.765971541404724121e-01
2.127810567617416382e-01
-8.213721513748168945e-01
-4.502816498279571533e-01
5.687689185142517090e-01
-2.983148097991943359e-01
7.579431533813476562e-01
-4.497589170932769775e-01
6.857139468193054199e-01
-1.359152048826217651e-01
5.105579644441604614e-02
7.409501820802688599e-02
-1.560151763260364532e-02
-3.600662574172019958e-02
-2.687706947326660156e-01
1.057789564132690430e+00
4.028977751731872559e-01
4.411484599113464355e-01
9.052057266235351562e-01
3.727823197841644287e-01
1.608545482158660889e-01
-2.788094580173492432e-01
-1.798685640096664429e-01
3.520984947681427002e-01
-3.699727356433868408e-01
5.163295269012451172e-01
-1.812137842178344727e+00
-1.152210384607315063e-01
-2.128828287124633789e+00
2.188210010528564453e+00
-1.085560202598571777e+00
-1.457701027393341064e-01
3.395936191082000732e-01
9.949731826782226562e-01
-4.127520620822906494e-01
1.765630960464477539e+00
-2.958412170410156250e-01
-5.703638792037963867e-01
-8.527971506118774414e-01
4.255704581737518311e-01
1.511563897132873535e+00
2.587499618530273438e-01
-5.243844985961914062e-01
7.545334845781326294e-02
7.430658340454101562e-01
5.224082469940185547e-01
-6.592772006988525391e-01
-1.069971323013305664e+00
1.117788776755332947e-01
7.199137210845947266e-01
-1.217099666595458984e+00
-3.969917893409729004e-01
-4.081533849239349365e-01
-1.689630746841430664e-02
8.313068151473999023e-01
8.651350140571594238e-01
5.711512565612792969e-01
5.772472023963928223e-01
6.061362028121948242e-01
-7.550140023231506348e-01
1.059772372245788574e+00
-9.109972715377807617e-01
6.027561426162719727e-02
-6.507753133773803711e-01
6.797328591346740723e-01
-3.983462750911712646e-01
5.344141721725463867e-01
-4.842757284641265869e-01
1.768117070198059082e+00
3.220354318618774414e-01
-2.149757891893386841e-01
1.626005768775939941e-01
-6.466355919837951660e-01
-4.207208007574081421e-02
1.369433254003524780e-01
-4.702765941619873047e-01
-9.061941504478454590e-01
3.153629228472709656e-02
1.116293311119079590e+00
1.824526190757751465e+00
-1.178593635559082031e+00
-4.161086082458496094e-01
7.319169044494628906e-01
-2.466271445155143738e-02
-4.286465942859649658e-01
-5.857434868812561035e-01
-8.604795336723327637e-01
-3.143759369850158691e-01
-3.987349867820739746e-01
1.194019198417663574e+00
2.806116342544555664e-01
8.611106872558593750e-01
-7.874388992786407471e-02
-1.602517664432525635e-01
-9.056626558303833008e-01
5.503897070884704590e-01
4.628890752792358398e-01
2.392897009849548340e-01
-1.929355114698410034e-01
1.154977440834045410e+00
-1.583897948265075684e+00
-3.404389321804046631e-01
4.233064502477645874e-02
3.406977653503417969e-01
6.206366419792175293e-01
-2.814337015151977539e-01
2.302455157041549683e-01
-6.877363324165344238e-01
-1.685999035835266113e-01
-6.538966894149780273e-01
1.637701749801635742e+00
9.460178017616271973e-01
-8.134189248085021973e-01
6.217412352561950684e-01
-4.134472906589508057e-01
9.556190967559814453e-01
-8.080185949802398682e-02
-2.815489890053868294e-03
1.506824612617492676e+00
-1.158211469650268555e+00
-2.022275686264038086e+00
2.255667299032211304e-01
6.106768250465393066e-01
-6.488951295614242554e-02
2.764607429504394531e+00
1.056124925613403320e+00
-1.191367745399475098e+00
1.015895485877990723e+00
7.879382967948913574e-01
1.101760864257812500e+00
-4.691171050071716309e-01
1.430254340171813965e+00
8.562892675399780273e-01
-3.973428010940551758e-01
1.048467993736267090e+00
-7.020379900932312012e-01
-2.126738876104354858e-01
-6.426236033439636230e-01
1.743844151496887207e+00
2.902942001819610596e-01
6.245504617691040039e-01
-1.844051629304885864e-01
-1.790486127138137817e-01
8.181212544441223145e-01
-3.519531488418579102e-01
-1.288410127162933350e-01
-9.246269464492797852e-01
1.586666703224182129e-01
6.548385620117187500e-01
-1.765690088272094727e+00
8.646851778030395508e-01
-7.697082757949829102e-01
3.003675639629364014e-01
-4.087391197681427002e-01
-6.844473630189895630e-02
-3.577003628015518188e-02
-1.256476938724517822e-01
-6.044847369194030762e-01
6.214396357536315918e-01
-2.431614995002746582e-01
7.021979093551635742e-01
2.647857666015625000e-01
6.610960513353347778e-02
-6.158585548400878906e-01
-3.259970573708415031e-03
6.153758764266967773e-01
-2.130899429321289062e+00
-1.016225576400756836e+00
-1.044140219688415527e+00
1.965118199586868286e-01
-2.459869086742401123e-01
4.522782862186431885e-01
1.318709969520568848e+00
6.181610226631164551e-01
3.623606264591217041e-01
2.557741701602935791e-01
-5.312963128089904785e-01
3.725502789020538330e-01
1.036694049835205078e+00
-4.400047659873962402e-01
-2.757817804813385010e-01
-1.736102998256683350e-01
-4.444268047809600830e-01
-6.268727183341979980e-01
-1.191078200936317444e-01
-1.418790072202682495e-01
5.709367990493774414e-01
7.018818259239196777e-01
5.820458531379699707e-01
-8.810197561979293823e-02
3.443026840686798096e-01
-4.128255695104598999e-02
-1.407507807016372681e-01
-4.343053102493286133e-01
1.052792429924011230e+00
-8.516893386840820312e-01
-3.931404650211334229e-02
1.044218912720680237e-01
6.463621258735656738e-01
-1.352854818105697632e-01
-8.307655453681945801e-01
9.111260771751403809e-01
-1.372251629829406738e+00
1.846354305744171143e-01
-1.588126063346862793e+00
-1.069030165672302246e+00
-6.831173300743103027e-01
2.746534049510955811e-01
1.091319680213928223e+00
-1.241264343261718750e+00
2.648162543773651123e-01
-7.037849426269531250e-01
-1.521126985549926758e+00
-6.867160797119140625e-01
-2.794410288333892822e-01
1.066490650177001953e+00
-8.466658741235733032e-02
-9.864203929901123047e-01
1.283135116100311279e-01
-1.074130535125732422e-01
-2.350326299667358398e+00
1.072398304939270020e+00
1.253746986389160156e+00
8.447225093841552734e-01
3.194719851016998291e-01
9.339717626571655273e-01
1.743261575698852539e+00
8.107983469963073730e-01
-1.641983509063720703e+00
2.221561670303344727e+00
4.036851227283477783e-01
6.150008440017700195e-01
3.229278028011322021e-01
-6.394343823194503784e-02
-1.988124608993530273e+00
-2.988410294055938721e-01
1.108525872230529785e+00
1.002950072288513184e+00
2.257505059242248535e-01
-7.528540492057800293e-01
-1.341058164834976196e-01
6.581245660781860352e-01
-3.582394719123840332e-01
-6.015361547470092773e-01
1.418501734733581543e+00
8.213647007942199707e-01
1.555048227310180664e+00
7.657741904258728027e-01
7.758172750473022461e-01
-4.586409926414489746e-01
1.156266331672668457e+00
5.654346346855163574e-01
-1.484550714492797852e+00
-4.806421995162963867e-01
-9.531466364860534668e-01
3.462471365928649902e-01
-6.059144139289855957e-01
-4.568621814250946045e-01
1.001675128936767578e-01
-1.794107675552368164e+00
-6.760202050209045410e-01
-9.710841625928878784e-02
-9.988676309585571289e-01
1.397834897041320801e+00
-3.281989097595214844e-01
-5.059228539466857910e-01
-2.906775474548339844e-01
7.178152352571487427e-02
-1.119487047195434570e+00
3.212563991546630859e-01
-3.173140585422515869e-01
1.181716442108154297e+00
-4.449186101555824280e-02
-5.005158782005310059e-01
-1.069635033607482910e+00
1.499400138854980469e+00
-1.759230047464370728e-01
-6.399289965629577637e-01
1.041345715522766113e+00
1.054226994514465332e+00
-9.815440177917480469e-01
2.859057784080505371e-01
-1.300100207328796387e+00
4.494251683354377747e-02
-6.963964700698852539e-01
1.715556085109710693e-01
-3.881861865520477295e-01
1.073730468750000000e+00
1.072518348693847656e+00
-6.159262061119079590e-01
-7.587988972663879395e-01
3.420775234699249268e-01
6.213721632957458496e-01
-4.280457198619842529e-01
-7.203366160392761230e-01
6.301558017730712891e-01
9.777687191963195801e-01
1.866452336311340332e+00
-1.937405318021774292e-01
3.361246585845947266e-01
-5.284931063652038574e-01
-7.319263815879821777e-01
-6.543973833322525024e-02
-3.924430310726165771e-01
2.004286348819732666e-01
-5.299283266067504883e-01
-7.446185946464538574e-01
-3.533672392368316650e-01
3.293066918849945068e-01
-1.615757703781127930e+00
-1.639882087707519531e+00
4.592971876263618469e-02
8.800004124641418457e-01
1.349577188491821289e+00
3.543663024902343750e-01
-1.674772858619689941e+00
8.534858822822570801e-01
1.123197436332702637e+00
-4.811602532863616943e-01
1.292081475257873535e-01
-2.553266584873199463e-01
-8.020629286766052246e-01
-9.437558054924011230e-01
1.639736175537109375e+00
-1.216126203536987305e+00
-3.215409442782402039e-02
-1.824768036603927612e-01
1.671509593725204468e-01
-1.268099665641784668e+00
7.354117035865783691e-01
2.441005706787109375e-01
7.472720146179199219e-01
2.020667046308517456e-01
-4.383637383580207825e-02
-7.823597192764282227e-01
-1.406425088644027710e-01
8.791042566299438477e-01
-2.441109120845794678e-01
-1.840383112430572510e-01
-1.355580687522888184e+00
3.332424163818359375e-01
-3.076967895030975342e-01
5.580822229385375977e-01
7.621195316314697266e-01
5.436387062072753906e-01
1.126643717288970947e-01
1.225761175155639648e+00
1.184271812438964844e+00
3.538246452808380127e-01
1.473972082138061523e+00
4.829251393675804138e-02
3.386802971363067627e-02
-8.107318878173828125e-01
-2.557808160781860352e+00
5.170601606369018555e-01
6.636659502983093262e-01
8.738379925489425659e-02
5.231148004531860352e-02
-8.542780876159667969e-01
4.121335223317146301e-02
-5.417265295982360840e-01
3.294043242931365967e-01
-4.039638936519622803e-01
-6.949269771575927734e-01
-5.632107853889465332e-01
7.912454009056091309e-01
2.035604976117610931e-02
5.526337027549743652e-02
5.767905116081237793e-01
-8.417860865592956543e-01
1.396530032157897949e+00
1.194653868675231934e+00
-3.320448696613311768e-01
-1.218341231346130371e+00
1.829731836915016174e-02
1.426028311252593994e-01
-4.607738852500915527e-01
-1.784743189811706543e+00
-4.672808349132537842e-01
1.271464079618453979e-01
3.743523955345153809e-01
6.073973178863525391e-01
-1.381626725196838379e+00
3.102294206619262695e-01
9.720401763916015625e-01
-8.355798572301864624e-02
-1.758021473884582520e+00
1.397389888763427734e+00
1.088443756103515625e+00
5.475573614239692688e-02
-4.266477227210998535e-01
-1.376285791397094727e+00
-5.809291005134582520e-01
-1.008372664451599121e+00
-1.411294341087341309e+00
-1.804994940757751465e-01
-1.448602974414825439e-01
5.246118307113647461e-01
-9.825018793344497681e-02
3.587656021118164062e-01
-7.507768869400024414e-01
6.733294576406478882e-02
1.705561637878417969e+00
6.233810782432556152e-01
-3.747782409191131592e-01
6.119230389595031738e-01
-2.632557153701782227e-01
-3.455191850662231445e-01
-3.013896988704800606e-03
-1.022356748580932617e+00
6.613200306892395020e-01
9.437183737754821777e-01
-1.723324656486511230e+00
7.999831438064575195e-01
-6.758317351341247559e-01
5.075847506523132324e-01
7.620035409927368164e-01
1.005336999893188477e+00
-3.218809664249420166e-01
-5.628749262541532516e-03
-8.792006969451904297e-01
-3.822934627532958984e-01
5.662772655487060547e-01
6.830003857612609863e-01
4.415428638458251953e-01
-4.182832539081573486e-01
1.730140924453735352e+00
4.433135986328125000e-01
-7.247377634048461914e-01
-6.894967555999755859e-01
5.862104296684265137e-01
-2.319308966398239136e-01
-4.185400605201721191e-01
8.902925997972488403e-02
1.637936830520629883e+00
-2.526084184646606445e-01
-3.885394036769866943e-01
4.045387506484985352e-01
-4.112969636917114258e-01
8.936274051666259766e-01
5.494931936264038086e-01
-2.989234328269958496e-01
-7.434965372085571289e-01
-1.688698530197143555e+00
-1.607728242874145508e+00
7.858549244701862335e-03
3.936200439929962158e-01
-1.172738075256347656e-01
-5.112348198890686035e-01
2.303164899349212646e-01
7.894015908241271973e-01
-1.589032411575317383e-01
4.611138999462127686e-01
1.185765266418457031e-01
-2.527333498001098633e-01
1.067603155970573425e-01
-1.538349837064743042e-01
-4.612394869327545166e-01
3.136698901653289795e-01
1.729973256587982178e-01
2.980739772319793701e-01
-1.904300928115844727e+00
-1.259242445230484009e-01
-2.084934234619140625e+00
-4.911786317825317383e-02
3.344388008117675781e-01
6.299257874488830566e-01
2.131089568138122559e-02
2.198556661605834961e-01
-2.279424518346786499e-01
-1.163826107978820801e+00
-3.833052515983581543e-01
-1.381516903638839722e-01
-1.405978441238403320e+00
8.989775776863098145e-01
7.139946520328521729e-02
-8.812703490257263184e-01
6.442749500274658203e-01
-1.348088979721069336e+00
6.325914859771728516e-01
-5.224959254264831543e-01
1.055129885673522949e+00
6.879099011421203613e-01
5.183137208223342896e-02
-4.549830555915832520e-01
-1.728352904319763184e+00
2.756703197956085205e-01
7.989280819892883301e-01
5.563375353813171387e-01
1.437415122985839844e+00
3.856803476810455322e-01
-5.921687483787536621e-01
-4.988057911396026611e-01
-8.998969942331314087e-02
-5.226100087165832520e-01
1.119592785835266113e-01
-1.025119870901107788e-01
-2.257941961288452148e-01
-1.451562404632568359e+00
2.348530054092407227e+00
-6.567100882530212402e-01
2.959644079208374023e+00
-4.245932996273040771e-01
2.615190669894218445e-02
-8.612880855798721313e-02
-1.136318087577819824e+00
-1.330246686935424805e+00
-9.308938980102539062e-01
-3.331493586301803589e-02
-1.137822389602661133e+00
5.560259521007537842e-02
-1.414900302886962891e+00
6.720654666423797607e-02
-1.949884772300720215e+00
9.064221978187561035e-01
-1.070674210786819458e-01
-1.664821952581405640e-01
2.569965273141860962e-02
6.319275498390197754e-01
-1.182955026626586914e+00
1.428639769554138184e+00
1.738209426403045654e-01
-2.783319056034088135e-01
5.756147503852844238e-01
3.280141055583953857e-01
-8.652681708335876465e-01
1.449961811304092407e-01
7.974028587341308594e-01
1.314084529876708984e-01
-7.004465907812118530e-02
9.842551946640014648e-01
-1.045974850654602051e+00
3.561929464340209961e-01
-4.405016899108886719e-01
1.725958436727523804e-01
6.547490954399108887e-01
-9.147490561008453369e-02
-3.665377199649810791e-01
5.296913981437683105e-01
3.815580308437347412e-01
-1.239251255989074707e+00
1.891874223947525024e-01
-9.589387178421020508e-01
-3.469552397727966309e-01
6.650570034980773926e-02
5.673993825912475586e-01
-2.101683616638183594e+00
-5.751819014549255371e-01
2.820807099342346191e-01
-7.300218939781188965e-01
7.000173926353454590e-01
5.403492450714111328e-01
4.415467083454132080e-01
7.438459247350692749e-02
-2.250895351171493530e-01
1.420260310173034668e+00
1.736775338649749756e-01
-2.706757485866546631e-01
-7.225595712661743164e-01
-3.605591952800750732e-01
2.958700656890869141e-01
3.970574140548706055e-01
3.008815526962280273e+00
3.887063264846801758e-01
-1.161623120307922363e+00
5.957154631614685059e-01
-3.782298266887664795e-01
3.151473402976989746e-02
4.171329364180564880e-02
-1.062423735857009888e-01
-1.479702234268188477e+00
8.154436349868774414e-01
1.841837912797927856e-01
-1.397266149520874023e+00
9.056309461593627930e-01
-1.265084266662597656e+00
-8.303792476654052734e-01
-3.313334286212921143e-01
-9.149096012115478516e-01
1.099775314331054688e+00
3.041989803314208984e-01
-8.490073084831237793e-01
-1.238415539264678955e-01
1.351539850234985352e+00
3.620465397834777832e-01
-8.236256837844848633e-01
6.839377880096435547e-01
-2.057090997695922852e+00
-4.073134660720825195e-01
-6.812319159507751465e-01
1.300359725952148438e+00
2.220811367034912109e+00
8.488024026155471802e-02
1.928569227457046509e-01
4.868415594100952148e-01
6.108178496360778809e-01
3.863604366779327393e-01
-6.989673376083374023e-01
-7.736594974994659424e-02
1.470900774002075195e+00
2.202202379703521729e-01
-6.841395497322082520e-01
5.740114673972129822e-02
-6.067215204238891602e-01
1.284944057464599609e+00
-4.227749072015285492e-03
1.648711681365966797e+00
-1.137704491615295410e+00
-5.126979351043701172e-01
-1.124236211180686951e-01
-7.446503639221191406e-01
4.099346399307250977e-01
-2.143645048141479492e+00
3.592664897441864014e-01
1.067520499229431152e+00
7.750681042671203613e-01
-6.704298257827758789e-01
7.599363327026367188e-01
-3.421270251274108887e-01
6.317770481109619141e-01
4.851853847503662109e-01
-1.632250249385833740e-01
6.313626468181610107e-02
3.935906291007995605e-01
