1.704852104187011719e+00
5.266910046339035034e-02
-3.372322767972946167e-02
-3.575151860713958740e-01
-3.820879459381103516e-01
-6.031441092491149902e-01
7.382989525794982910e-01
1.852816045284271240e-01
-7.206609249114990234e-01
-3.759321868419647217e-01
6.074195504188537598e-01
-5.861119627952575684e-01
8.266223669052124023e-01
-1.225564181804656982e-01
-1.160902261734008789e+00
3.568651080131530762e-01
-7.992878556251525879e-02
-5.699340701103210449e-01
1.951284885406494141e+00
-6.483064293861389160e-01
2.732187509536743164e-01
-1.381714940071105957e+00
7.102740406990051270e-01
-5.819126367568969727e-01
8.182036280632019043e-01
-5.174849033355712891e-01
-5.552427768707275391e-01
-3.970171213150024414e-01
-1.039675116539001465e+00
5.819271802902221680e-01
-5.482482314109802246e-01
7.718160003423690796e-02
-8.520172238349914551e-01
-4.678176641464233398e-01
-5.361927151679992676e-01
-6.139472126960754395e-01
-2.122343778610229492e-01
-1.850211262702941895e+00
2.823378704488277435e-02
2.664469778537750244e-01
-1.507098793983459473e+00
-1.186412096023559570e+00
-2.613072097301483154e-01
-3.054808080196380615e-01
5.776312947273254395e-01
1.081153273582458496e+00
2.513131201267242432e-01
7.200710773468017578e-01
-9.517458677291870117e-01
6.809418201446533203e-01
-5.408269762992858887e-01
-9.732977151870727539e-01
-9.793744683265686035e-01
1.979975253343582153e-01
-4.869979918003082275e-01
-1.016231775283813477e+00
-2.546850740909576416e-01
2.686564326286315918e-01
4.886012375354766846e-01
5.350658297538757324e-01
2.636168710887432098e-02
-1.488081216812133789e-01
6.357463598251342773e-01
6.361613273620605469e-01
1.110166192054748535e+00
-3.374241292476654053e-02
3.634250462055206299e-01
-8.458163142204284668e-01
6.284478306770324707e-01
-9.885392189025878906e-01
1.135693415999412537e-01
1.305937528610229492e+00
-5.748287439346313477e-01
-1.492551326751708984e+00
-6.486783176660537720e-02
2.475965917110443115e-01
4.707477986812591553e-01
5.397185087203979492e-01
-1.410730630159378052e-01
1.045881986618041992e+00
5.864686965942382812e-01
3.623412922024726868e-02
-1.782526254653930664e+00
2.666446566581726074e-01
-3.299680948257446289e-01
5.262359380722045898e-01
-6.529338657855987549e-02
-8.708834052085876465e-01
-1.129805684089660645e+00
-3.854937255382537842e-01
-4.712412655353546143e-01
-1.364616632461547852e+00
3.173772990703582764e-01
9.123175144195556641e-01
-5.280284285545349121e-01
5.945217013359069824e-01
7.546366453170776367e-01
1.562919765710830688e-01
3.053302317857742310e-02
-2.426603995263576508e-02
-4.216573536396026611e-01
2.981184720993041992e-01
1.698566079139709473e-01
-3.253112435340881348e-01
-1.524118423461914062e+00
-3.960969299077987671e-02
-8.883988857269287109e-01
5.965728685259819031e-02
4.000425338745117188e-01
-3.840309083461761475e-01
4.290153086185455322e-01
8.588771224021911621e-01
-8.385815620422363281e-01
-1.806772828102111816e+00
-7.849566340446472168e-01
6.029904484748840332e-01
-6.875865459442138672e-01
7.981231808662414551e-02
5.113817453384399414e-01
4.837391972541809082e-01
1.032873153686523438e+00
1.234536647796630859e+00
-7.067781090736389160e-01
1.274932384490966797e+00
9.379438757896423340e-01
-4.946706593036651611e-01
5.077228546142578125e-01
1.079054951667785645e+00
-1.646129965782165527e+00
-6.736375093460083008e-01
7.472110986709594727e-01
-4.158992469310760498e-01
3.467033803462982178e-01
-9.476186037063598633e-01
-1.346308946609497070e+00
-6.401835680007934570e-01
-3.584462404251098633e-01
-3.853965699672698975e-01
-8.114742040634155273e-01
3.144932091236114502e-01
1.083303764462471008e-01
3.902058899402618408e-01
2.472183257341384888e-01
3.377965986728668213e-01
-8.086106777191162109e-01
4.553039669990539551e-01
-6.468740701675415039e-01
-6.250158548355102539e-01
-2.078589648008346558e-01
7.132081687450408936e-02
1.250605225563049316e+00
-2.829807996749877930e-01
6.696957945823669434e-01
5.709188580513000488e-01
8.971300125122070312e-01
-8.648791313171386719e-01
-9.294908642768859863e-01
-3.170288503170013428e-01
4.026798009872436523e-01
5.145977735519409180e-01
-1.753818690776824951e-01
3.033594489097595215e-01
-7.181021571159362793e-01
-1.292079538106918335e-01
7.890070080757141113e-01
-7.009343504905700684e-01
-1.168403387069702148e+00
4.708438217639923096e-01
3.150539398193359375e-01
2.312206178903579712e-01
-1.253258109092712402e+00
-1.626723647117614746e+00
-1.866548418998718262e+00
1.978675603866577148e+00
-5.797314643859863281e-01
1.067129243165254593e-02
2.482677102088928223e-01
7.820439934730529785e-01
2.095240205526351929e-01
1.561940670013427734e+00
-4.870039820671081543e-01
-5.797035098075866699e-01
-1.787352412939071655e-01
5.875359177589416504e-01
7.702133655548095703e-01
4.343610703945159912e-01
-1.638879299163818359e+00
-1.094689145684242249e-01
9.689018130302429199e-01
2.994214594364166260e-01
-2.718408107757568359e-01
-3.174996674060821533e-01
-5.777428150177001953e-01
2.082792043685913086e+00
-8.317801952362060547e-01
4.705177620053291321e-02
-2.868584096431732178e-01
-1.926175504922866821e-01
9.218158721923828125e-01
-7.714212685823440552e-02
3.516628742218017578e-01
1.276764869689941406e+00
1.289170980453491211e+00
-9.661575555801391602e-01
3.810496926307678223e-01
-1.481308490037918091e-01
9.292124211788177490e-02
-9.854815006256103516e-01
7.199856638908386230e-01
-1.830207258462905884e-01
-1.396233439445495605e-01
-5.209762454032897949e-01
9.382500648498535156e-01
5.371365547180175781e-01
-4.932179115712642670e-03
-3.281764984130859375e-01
-3.643603622913360596e-01
-1.657936125993728638e-01
-1.524432301521301270e-01
5.852458998560905457e-02
8.431269973516464233e-02
4.038660526275634766e-01
1.488404750823974609e+00
9.230494499206542969e-01
-1.102359771728515625e+00
9.292527437210083008e-01
1.321010947227478027e+00
-1.533692330121994019e-02
-2.512724399566650391e-01
-1.912178397178649902e+00
-4.510105848312377930e-01
-3.666137456893920898e-01
-9.274465590715408325e-02
1.339225053787231445e+00
-2.551399767398834229e-01
4.114217162132263184e-01
1.103084087371826172e+00
-1.144868731498718262e-01
-1.284816861152648926e+00
-8.007803559303283691e-02
1.738507896661758423e-01
3.291714787483215332e-01
-1.134602665901184082e+00
3.918894529342651367e-01
-1.488140344619750977e+00
-1.837317049503326416e-01
-7.233697772026062012e-01
-4.046552255749702454e-02
4.363419115543365479e-01
-4.338094890117645264e-01
-4.298560619354248047e-01
5.513515472412109375e-01
-8.492857217788696289e-01
-1.361348628997802734e+00
9.989807009696960449e-01
-5.034055709838867188e-01
4.007616043090820312e-01
7.069111466407775879e-01
-6.422514319419860840e-01
9.791047573089599609e-01
5.954623222351074219e-01
1.672542691230773926e-01
1.187059283256530762e+00
-1.064980864524841309e+00
-9.770708084106445312e-01
-1.182499006390571594e-01
-4.658607840538024902e-01
-3.358995020389556885e-01
2.741705894470214844e+00
6.069189906120300293e-01
-6.494203209877014160e-01
1.321394205093383789e+00
7.611896991729736328e-01
1.044510841369628906e+00
-1.221592664718627930e+00
1.028243184089660645e+00
-2.599677741527557373e-01
-5.353258848190307617e-01
7.440435290336608887e-01
-1.226542949676513672e+00
8.329071402549743652e-01
-6.712685823440551758e-01
6.579250097274780273e-01
1.986173838376998901e-01
1.040973067283630371e+00
6.768702268600463867e-01
8.502072691917419434e-01
5.925487875938415527e-01
-1.633322983980178833e-01
-4.637478664517402649e-02
-1.271439313888549805e+00
3.837320208549499512e-01
8.343380093574523926e-01
-3.146693468093872070e+00
5.492126345634460449e-01
-8.324654698371887207e-01
7.927540689706802368e-03
-4.731969237327575684e-01
4.072842001914978027e-01
-1.460742764174938202e-02
3.054493069648742676e-01
-1.092087745666503906e+00
8.962862193584442139e-02
4.167168736457824707e-01
1.892759442329406738e+00
4.249090850353240967e-01
9.310410916805267334e-02
-7.953634113073348999e-02
1.282489299774169922e-01
-6.756725907325744629e-01
-1.511873364448547363e+00
-2.082017660140991211e+00
-1.001026868820190430e+00
6.747080683708190918e-01
1.691069155931472778e-01
-1.217001974582672119e-01
1.237205386161804199e+00
1.294591307640075684e+00
-2.418490797281265259e-01
2.918485701084136963e-01
-1.095119118690490723e+00
1.110379338264465332e+00
1.591394901275634766e+00
-1.635236889123916626e-01
-6.995974779129028320e-01
7.037324905395507812e-01
-4.511107504367828369e-01
1.047542467713356018e-01
-1.953465864062309265e-02
5.328407138586044312e-02
6.810401082038879395e-01
-7.901479303836822510e-02
1.116696149110794067e-01
4.526860713958740234e-01
5.527852177619934082e-01
-4.262692630290985107e-01
1.047398801892995834e-02
-5.470544695854187012e-01
1.717841386795043945e+00
2.076187729835510254e-01
1.211225688457489014e-01
-7.505652308464050293e-02
3.902948200702667236e-01
6.082861423492431641e-01
-4.459412395954132080e-02
9.182778000831604004e-01
-1.635121226310729980e+00
5.479645133018493652e-01
-1.348845839500427246e+00
-4.477830231189727783e-01
-5.820445418357849121e-01
-8.446239233016967773e-01
1.012675285339355469e+00
-6.839038133621215820e-01
-1.718072406947612762e-02
-5.055442452430725098e-01
-1.107004761695861816e+00
2.507009916007518768e-02
-3.083589375019073486e-01
9.115095138549804688e-01
-6.710125803947448730e-01
-5.106655955314636230e-01
4.525780677795410156e-02
-5.938599109649658203e-01
-1.896459698677062988e+00
4.253106713294982910e-01
1.369112730026245117e+00
6.437053084373474121e-01
5.346048474311828613e-01
1.246837496757507324e+00
6.362510323524475098e-01
2.160972356796264648e-01
-1.029947757720947266e+00
1.799127936363220215e+00
6.413874626159667969e-01
7.047688961029052734e-01
-4.147212207317352295e-01
-1.024896025657653809e+00
-6.728751659393310547e-01
3.405439853668212891e-01
1.283150792121887207e+00
6.962555646896362305e-02
1.862438581883907318e-02
5.684888362884521484e-01
-4.315959513187408447e-01
-6.127666831016540527e-01
-1.015075683593750000e+00
-7.725729942321777344e-01
7.488048672676086426e-01
5.524292588233947754e-01
1.732508897781372070e+00
1.369335651397705078e+00
6.064552068710327148e-01
-1.213817238807678223e+00
1.694203019142150879e+00
-1.138572543859481812e-01
-7.026151418685913086e-01
1.976865381002426147e-01
-4.909524619579315186e-01
6.914228796958923340e-01
-2.409408241510391235e-01
-1.139104723930358887e+00
5.752654280513525009e-03
-1.517161846160888672e+00
-1.484688878059387207e+00
4.304666817188262939e-01
-8.598374128341674805e-01
1.450824856758117676e+00
-2.766177244484424591e-02
-1.607451587915420532e-02
5.401952937245368958e-02
-3.591114878654479980e-01
-7.751426100730895996e-01
1.694321483373641968e-01
8.989845514297485352e-01
1.498260617256164551e+00
-5.683825612068176270e-01
8.198294043540954590e-01
-6.289437413215637207e-01
1.751131772994995117e+00
-8.664400577545166016e-01
-1.008376121520996094e+00
6.891688704490661621e-01
3.711459934711456299e-01
-1.098526716232299805e-01
3.760616481304168701e-01
-1.313300371170043945e+00
7.540001720190048218e-02
-1.427985787391662598e+00
-5.284013748168945312e-01
7.185264229774475098e-01
1.549665331840515137e+00
1.511776685714721680e+00
-5.197983980178833008e-01
-2.082295715808868408e-01
-6.886209249496459961e-01
5.376815795898437500e-01
2.195730358362197876e-01
-5.677559375762939453e-01
8.232806921005249023e-01
8.639063239097595215e-01
1.958071351051330566e+00
-2.576861381530761719e-01
-1.827762424945831299e-01
-3.454816937446594238e-01
-1.038791537284851074e+00
-4.982563853263854980e-02
-2.867414653301239014e-01
-2.250770479440689087e-01
-8.412675261497497559e-01
-1.116821646690368652e+00
-1.347783088684082031e+00
8.060904145240783691e-01
-1.306950211524963379e+00
-8.643782734870910645e-01
-7.556867003440856934e-01
8.353116512298583984e-01
1.244912743568420410e+00
4.585391283035278320e-01
-1.516356110572814941e+00
4.832600057125091553e-01
5.715256929397583008e-01
-1.174067616462707520e+00
7.349058389663696289e-01
-6.192665100097656250e-01
-6.430119872093200684e-01
-1.143463492393493652e+00
1.324772596359252930e+00
-8.493901491165161133e-01
3.315347433090209961e-01
-6.063767075538635254e-01
6.823379397392272949e-01
-3.332594037055969238e-01
-6.164888739585876465e-01
8.987864851951599121e-02
-4.191832244396209717e-01
1.113311052322387695e+00
9.575289487838745117e-02
-1.647778868675231934e+00
3.867420852184295654e-01
6.296907067298889160e-01
7.478018999099731445e-01
-5.524410605430603027e-01
5.903751254081726074e-01
6.678565144538879395e-01
2.280829101800918579e-01
4.970684051513671875e-01
4.758280813694000244e-01
3.136709928512573242e-01
-4.162816405296325684e-01
1.602862596511840820e+00
1.290042161941528320e+00
1.161207929253578186e-01
6.579412221908569336e-01
-3.117640614509582520e-01
1.095434129238128662e-01
-1.608969926834106445e+00
-2.725152492523193359e+00
1.487383544445037842e-01
1.319627612829208374e-01
-3.855159878730773926e-01
7.741340249776840210e-02
-6.284618973731994629e-01
1.520533800125122070e+00
-8.487724065780639648e-01
3.412114977836608887e-01
-4.163277447223663330e-01
-5.870153903961181641e-01
4.221617579460144043e-01
6.911466717720031738e-01
1.085106968879699707e+00
1.634733937680721283e-02
-1.611451804637908936e-02
-4.248104393482208252e-01
1.018803596496582031e+00
5.778698921203613281e-01
-6.832426786422729492e-02
-3.611549735069274902e-01
-9.528101235628128052e-02
-6.788811683654785156e-01
-7.973981499671936035e-01
-1.058220624923706055e+00
-9.370061159133911133e-01
-4.606802165508270264e-01
-1.981610059738159180e-01
5.115495920181274414e-01
-6.605761647224426270e-01
-2.754772603511810303e-01
6.421393156051635742e-01
-1.241847053170204163e-01
-1.044872283935546875e+00
1.350282311439514160e+00
7.554867863655090332e-01
5.153266787528991699e-01
-8.024048805236816406e-01
-1.329886078834533691e+00
-3.665536344051361084e-01
-9.384658187627792358e-02
-2.360493659973144531e+00
-1.351808458566665649e-01
-3.234066367149353027e-01
-2.052024304866790771e-01
-7.705094814300537109e-01
4.213809967041015625e-02
1.182178020477294922e+00
-4.287983179092407227e-01
1.574500918388366699e+00
5.269374251365661621e-01
-1.022163033485412598e+00
1.215791344642639160e+00
2.557996809482574463e-01
-1.711626201868057251e-01
-6.523692607879638672e-01
-1.836875677108764648e-01
-1.574084013700485229e-01
1.154545187950134277e+00
-8.477669358253479004e-01
3.029026091098785400e-01
-2.105871886014938354e-01
-1.366387963294982910e+00
7.106731534004211426e-01
1.480072736740112305e+00
-3.352095782756805420e-01
-4.561008214950561523e-01
3.292257338762283325e-02
6.323429346084594727e-01
1.414131641387939453e+00
2.522831261157989502e-01
8.416587710380554199e-01
-9.185036420822143555e-01
1.569023132324218750e+00
-3.617098182439804077e-02
-1.073626279830932617e+00
-1.089903354644775391e+00
-9.289318323135375977e-02
-3.239151537418365479e-01
3.034308254718780518e-01
2.541825175285339355e-01
2.318192958831787109e+00
4.045024216175079346e-01
-6.388596892356872559e-01
4.832660555839538574e-01
-1.150601506233215332e-01
9.379912614822387695e-01
7.883088588714599609e-01
2.058793157339096069e-01
-1.017219662666320801e+00
-1.976282954216003418e+00
-1.305091142654418945e+00
6.301456093788146973e-01
1.397658437490463257e-01
-1.993082910776138306e-01
-5.921796560287475586e-01
2.736490964889526367e-01
2.957591712474822998e-01
-1.514248251914978027e+00
-7.660930752754211426e-01
1.071647167205810547e+00
1.455542724579572678e-02
-3.754159212112426758e-01
-2.636830806732177734e-01
-1.957871794700622559e+00
3.864473700523376465e-01
1.048972979187965393e-01
5.731988549232482910e-01
-1.798893213272094727e+00
-5.569234490394592285e-01
-1.462542295455932617e+00
-4.953410625457763672e-01
1.251033991575241089e-01
-3.545715510845184326e-01
1.738014817237854004e-01
4.318221285939216614e-02
3.721424937248229980e-01
-8.608486652374267578e-01
-1.363859295845031738e+00
-6.434642076492309570e-01
-1.120372056961059570e+00
6.488482356071472168e-01
2.319203615188598633e-01
-5.155344605445861816e-01
4.404705762863159180e-01
-1.963888525962829590e+00
1.773057579994201660e-01
-1.406917870044708252e-01
1.041767358779907227e+00
2.457265853881835938e-01
1.715191006660461426e-01
7.476347088813781738e-01
-7.769206762313842773e-01
2.088232040405273438e-01
6.897072494029998779e-02
5.108622908592224121e-01
1.315720558166503906e+00
1.557442843914031982e-01
-9.172629714012145996e-01
9.325229376554489136e-02
8.798455446958541870e-02
-1.688972115516662598e-01
6.219415068626403809e-01
-1.002354025840759277e+00
-2.374646663665771484e-01
-1.308256387710571289e+00
1.019486427307128906e+00
-3.700474500656127930e-01
3.892846822738647461e+00
-4.421458840370178223e-01
-1.555253863334655762e-01
1.526696383953094482e-01
-8.613672256469726562e-01
-1.328159928321838379e+00
2.530925273895263672e-01
-3.473072946071624756e-01
-5.841239094734191895e-01
1.116755008697509766e-01
-1.232580184936523438e+00
2.818998098373413086e-01
-1.501622915267944336e+00
9.134760499000549316e-01
3.328018486499786377e-01
-2.274876236915588379e-01
-3.243486285209655762e-01
1.028965353965759277e+00
-9.333422780036926270e-01
1.576143145561218262e+00
5.966301560401916504e-01
-3.902031481266021729e-02
-3.748051524162292480e-01
1.403479725122451782e-01
-1.350893735885620117e+00
-2.426118850708007812e-01
-2.803320251405239105e-02
6.676607131958007812e-01
1.438724160194396973e+00
8.879833221435546875e-01
-3.083339035511016846e-01
1.792708337306976318e-01
-8.156243562698364258e-01
6.870976090431213379e-01
2.517199516296386719e-01
5.589760467410087585e-02
-5.897035002708435059e-01
-2.800809442996978760e-01
1.994916498661041260e-01
-1.238652110099792480e+00
4.000698775053024292e-02
-1.457470655441284180e+00
-1.050628423690795898e+00
5.977112054824829102e-01
6.033124327659606934e-01
-1.013692975044250488e+00
-9.898416399955749512e-01
2.230342477560043335e-01
-1.245821475982666016e+00
6.299725174903869629e-01
3.828252851963043213e-01
-3.194833174347877502e-02
5.398277640342712402e-01
-3.374255299568176270e-01
1.764879465103149414e+00
2.311254441738128662e-01
-1.114614486694335938e+00
-4.836194217205047607e-01
-2.960078418254852295e-01
1.131851792335510254e+00
-3.911603391170501709e-01
1.505018830299377441e+00
-7.847819477319717407e-02
-1.870572805404663086e+00
5.501631498336791992e-01
-6.030411124229431152e-01
-2.785539329051971436e-01
2.010304033756256104e-01
-1.156877160072326660e+00
-2.224593162536621094e+00
-3.285137936472892761e-02
9.343410730361938477e-01
-1.423480629920959473e+00
1.510886311531066895e+00
-6.920305490493774414e-01
-5.398034453392028809e-01
-7.066814899444580078e-01
-7.375794649124145508e-01
3.528739213943481445e-01
-2.618189156055450439e-01
-7.407761365175247192e-02
1.210303008556365967e-01
6.812318563461303711e-01
9.660609364509582520e-01
-3.406658172607421875e-01
6.182425022125244141e-01
-7.129806876182556152e-01
3.762158751487731934e-01
-2.978687286376953125e-01
6.318150758743286133e-01
1.261162400245666504e+00
-2.101237028837203979e-01
-4.232615977525711060e-02
7.088726758956909180e-01
-9.116659164428710938e-01
3.241626024246215820e-01
-4.104608595371246338e-01
1.785485595464706421e-01
1.574898958206176758e+00
3.498300164937973022e-02
-4.395912885665893555e-01
3.770850896835327148e-01
-4.231408238410949707e-01
9.221838116645812988e-01
5.035697221755981445e-01
8.012968897819519043e-01
-1.264357805252075195e+00
1.163370981812477112e-01
-4.150456488132476807e-01
-6.387299299240112305e-01
-8.204628527164459229e-02
-1.497782945632934570e+00
4.379779100418090820e-02
2.645835578441619873e-01
1.017827749252319336e+00
-7.346467375755310059e-01
-1.467370777390897274e-03
7.837753295898437500e-01
2.545188069343566895e-01
1.140468835830688477e+00
2.337194085121154785e-01
-2.516925036907196045e-01
2.828220129013061523e-01
