-7.975321412086486816e-01
3.219470754265785217e-02
3.920145332813262939e-01
-1.894428610801696777e+00
-7.864962220191955566e-01
-1.554162353277206421e-01
-1.101855397224426270e+00
-1.471732497215270996e+00
5.713964104652404785e-01
2.303301095962524414e+00
1.597933888435363770e+00
-5.017970204353332520e-01
-1.352283358573913574e+00
-4.114641845226287842e-01
-3.596283197402954102e-01
-1.345297932624816895e+00
-1.888031125068664551e+00
1.187478065490722656e+00
-7.314982414245605469e-01
4.752146005630493164e-01
6.448508501052856445e-01
-8.870090842247009277e-01
1.775340557098388672e+00
1.035631299018859863e+00
3.061281442642211914e-01
-8.676901459693908691e-01
1.757842749357223511e-01
1.850368499755859375e+00
-1.064355373382568359e+00
7.638201117515563965e-01
2.044369429349899292e-01
4.875826239585876465e-01
-2.900002896785736084e-01
7.084372639656066895e-01
1.152557253837585449e+00
-1.205474019050598145e+00
-1.567448079586029053e-01
-3.433636665344238281e+00
-1.294499486684799194e-01
7.114120125770568848e-01
1.422045588493347168e+00
-2.629720270633697510e-01
-1.902264803647994995e-01
1.153809189796447754e+00
-1.531984686851501465e+00
1.530676782131195068e-01
-6.907895803451538086e-01
-4.226512014865875244e-01
6.126863360404968262e-01
-1.430660009384155273e+00
-1.038263887166976929e-01
-2.101675271987915039e+00
3.969376534223556519e-02
3.449238240718841553e-01
-1.414238691329956055e+00
-1.457834362983703613e+00
2.066114664077758789e+00
-1.439033865928649902e+00
-1.181805133819580078e+00
1.255605101585388184e+00
-6.002011299133300781e-01
-8.776705265045166016e-01
4.237169399857521057e-02
2.296667575836181641e+00
1.715630292892456055e-01
-7.398598790168762207e-01
-2.584983110427856445e-01
-1.082891941070556641e+00
-1.330285668373107910e+00
-3.642029523849487305e+00
-2.423502922058105469e+00
-1.911994934082031250e+00
-2.774562835693359375e+00
-2.457202412188053131e-02
1.298773288726806641e-01
1.048829928040504456e-01
-7.348432391881942749e-02
-7.970490455627441406e-01
-9.030116796493530273e-01
1.491669774055480957e+00
1.530629396438598633e+00
1.030982017517089844e+00
6.362622380256652832e-01
-1.877702176570892334e-01
-5.632700920104980469e-01
8.687879443168640137e-01
-9.330045580863952637e-01
-4.001486301422119141e-01
-7.359433174133300781e-01
8.505707383155822754e-01
-1.295584291219711304e-01
-3.764372825622558594e+00
-5.378608703613281250e-01
-9.522115588188171387e-01
-4.730716049671173096e-01
-2.064303159713745117e+00
2.423494905233383179e-01
-1.046218991279602051e+00
-6.412340998649597168e-01
2.421675443649291992e+00
-6.469218730926513672e-01
-2.695288419723510742e+00
-1.564784049987792969e+00
-8.406588435173034668e-01
2.223196983337402344e+00
1.718645542860031128e-01
-2.046309232711791992e+00
8.796715736389160156e-01
-1.745774626731872559e+00
-7.944648265838623047e-01
-2.452717721462249756e-01
1.736456155776977539e+00
1.663352251052856445e-01
-2.575508832931518555e+00
2.765935659408569336e-01
3.808220922946929932e-01
-7.166566252708435059e-01
2.893239557743072510e-01
1.066469788551330566e+00
1.354490406811237335e-02
-2.425269633531570435e-01
-7.492638826370239258e-01
-3.704266071319580078e+00
-1.368114471435546875e+00
1.800583958625793457e+00
-2.099421024322509766e+00
-3.028790354728698730e-01
-4.865659400820732117e-02
2.356789588928222656e+00
9.859535098075866699e-01
1.101259350776672363e+00
-1.703839659690856934e+00
-1.486441969871520996e+00
3.531605601310729980e-01
1.473057031631469727e+00
-1.716435194015502930e+00
9.501855969429016113e-01
6.776289939880371094e-01
-2.494153738021850586e+00
1.555966019630432129e+00
-2.361569404602050781e+00
-5.570071339607238770e-01
-4.210546016693115234e-01
-1.767023921012878418e+00
6.300626397132873535e-01
1.595480144023895264e-01
2.598872661590576172e+00
-1.944294199347496033e-02
-6.478987932205200195e-01
-2.218624651432037354e-01
-3.840927034616470337e-02
-9.434399195015430450e-03
1.632486939430236816e+00
1.710473150014877319e-01
1.177866816520690918e+00
-1.234248429536819458e-01
-7.894327044486999512e-01
1.843653678894042969e+00
-7.012842297554016113e-01
7.757237553596496582e-01
-1.931552886962890625e-01
-1.490176796913146973e+00
-6.734192967414855957e-01
4.873730987310409546e-02
-1.608025074005126953e+00
1.113597583025693893e-02
-1.105620637536048889e-01
-2.309047281742095947e-01
1.879224479198455811e-01
1.645882368087768555e+00
-7.267091870307922363e-01
-1.391442894935607910e+00
-1.306376070715487003e-03
2.095661878585815430e+00
5.877891778945922852e-01
1.226625919342041016e+00
-1.863795280456542969e+00
3.597504198551177979e-01
7.606489658355712891e-01
1.155694842338562012e+00
-2.779040634632110596e-01
4.654078781604766846e-01
-1.020237356424331665e-01
5.358986258506774902e-01
-1.922296166419982910e+00
-9.290287494659423828e-01
-1.461755156517028809e+00
1.166181802749633789e+00
8.315299749374389648e-01
1.398279666900634766e+00
-1.283151060342788696e-01
-1.637058377265930176e+00
5.998511314392089844e-01
2.860519289970397949e-01
-1.918139100074768066e+00
-9.557316899299621582e-01
-1.022276561707258224e-02
3.376312181353569031e-02
4.349156916141510010e-01
-1.566523432731628418e+00
2.258716106414794922e+00
3.631354272365570068e-01
1.024150013923645020e+00
4.223247170448303223e-01
-8.372462391853332520e-01
-6.899985671043395996e-01
5.255352854728698730e-01
-8.464975953102111816e-01
-2.753997743129730225e-01
-8.806101977825164795e-02
-6.498193740844726562e-01
1.247649416327476501e-01
-1.895784854888916016e+00
-1.520519107580184937e-01
1.601908802986145020e+00
1.567375421524047852e+00
-6.479122638702392578e+00
-1.530502200126647949e+00
-3.700183331966400146e-01
2.612944841384887695e+00
1.129865646362304688e+00
4.223776459693908691e-01
-1.066450357437133789e+00
-1.331679701805114746e+00
1.538263320922851562e+00
5.104614496231079102e-01
-4.752540886402130127e-01
2.054004907608032227e+00
1.342120051383972168e+00
9.808104634284973145e-01
1.889744520187377930e+00
1.423089951276779175e-01
1.796252876520156860e-01
-1.324303030967712402e+00
1.576283574104309082e+00
-8.999431878328323364e-02
-9.737872332334518433e-02
-6.182976961135864258e-01
1.110813498497009277e+00
-2.709578955546021461e-03
-5.480434298515319824e-01
4.201724529266357422e-01
-1.267995476722717285e+00
-6.083384752273559570e-01
-2.217261791229248047e+00
-9.331063032150268555e-01
1.005609989166259766e+00
-1.055402755737304688e-01
8.194146156311035156e-01
-2.022615224123001099e-01
-9.411610960960388184e-01
-7.388272881507873535e-01
-5.574988722801208496e-01
-3.325349986553192139e-01
-1.045720338821411133e+00
-7.637418508529663086e-01
-1.742570400238037109e-01
9.839131683111190796e-02
-2.817857265472412109e-01
2.022381067276000977e+00
4.641522467136383057e-02
-6.199630722403526306e-02
-8.704523444175720215e-01
7.564114332199096680e-01
-5.554683208465576172e-01
7.416446208953857422e-01
7.531445622444152832e-01
-1.391841053962707520e+00
4.059099674224853516e+00
-1.913256049156188965e+00
-4.673219621181488037e-01
-6.470008753240108490e-03
9.943395256996154785e-01
1.918117761611938477e+00
4.295378327369689941e-01
-4.205095469951629639e-01
-1.454849123954772949e+00
-2.216168403625488281e+00
5.927996709942817688e-02
-2.645593881607055664e-01
-1.199855327606201172e+00
-5.762940645217895508e-01
8.868725895881652832e-01
-5.068151950836181641e-01
1.160166025161743164e+00
-1.095489501953125000e+00
1.848947554826736450e-01
5.808799266815185547e-01
-2.104154586791992188e+00
-8.380210399627685547e-01
-1.299076676368713379e+00
4.062715470790863037e-01
1.655623912811279297e+00
2.076928138732910156e+00
7.326726913452148438e-01
1.268905043601989746e+00
-4.759850203990936279e-01
-1.741817742586135864e-01
-5.596090555191040039e-01
-1.732704043388366699e+00
-1.634304761886596680e+00
-8.246752023696899414e-01
1.003998041152954102e+00
5.778478980064392090e-01
1.057496070861816406e+00
1.918225765228271484e+00
3.367019593715667725e-01
-2.043259441852569580e-01
-3.959556221961975098e-01
4.596475958824157715e-01
2.983647584915161133e-01
5.704161524772644043e-01
1.894846081733703613e+00
5.514106154441833496e-01
-9.715999364852905273e-01
-3.866018261760473251e-03
7.513905763626098633e-01
-2.145658731460571289e+00
2.333937644958496094e+00
1.294415712356567383e+00
1.647103786468505859e+00
-1.552244663238525391e+00
1.541896224021911621e+00
-9.769355654716491699e-01
-7.803401350975036621e-01
9.103653430938720703e-01
3.694656193256378174e-01
7.703968286514282227e-01
1.654843926429748535e+00
1.358779668807983398e+00
-8.262659311294555664e-01
-5.526679158210754395e-01
-3.789822757244110107e-01
-1.120529174804687500e+00
4.985608160495758057e-01
1.269608378410339355e+00
-3.983040153980255127e-01
2.073549747467041016e+00
1.172020673751831055e+00
-8.296160101890563965e-01
-7.003647089004516602e-01
-8.710488080978393555e-01
-1.698240935802459717e-01
-2.136594533920288086e+00
-1.129358172416687012e+00
-1.335837721824645996e+00
-1.741731524467468262e+00
1.202022910118103027e+00
3.449485898017883301e-01
-1.635536193847656250e+00
3.348688408732414246e-02
-6.717861294746398926e-01
3.932290673255920410e-01
7.529026865959167480e-01
1.749206781387329102e+00
5.157235264778137207e-01
-2.482265681028366089e-01
-1.610132455825805664e+00
1.584908723831176758e+00
5.998414009809494019e-02
-1.205401420593261719e+00
1.023818328976631165e-01
-2.077717334032058716e-01
-1.277280449867248535e+00
2.012404203414916992e+00
7.047990560531616211e-01
1.928308606147766113e+00
2.574215829372406006e-01
-7.506108283996582031e-01
1.504881501197814941e+00
1.798860132694244385e-01
2.210314750671386719e+00
-1.491949796676635742e+00
-5.303782224655151367e-01
-1.473738998174667358e-01
-9.336403757333755493e-02
3.174580931663513184e-01
9.388859272003173828e-01
-5.644657611846923828e-01
-1.551823019981384277e-01
9.052389264106750488e-01
1.202697634696960449e+00
-8.048412203788757324e-01
-2.186098337173461914e+00
-6.085748672485351562e-01
9.676538705825805664e-01
1.489549040794372559e+00
-9.288961887359619141e-01
7.294336557388305664e-01
5.589859485626220703e-01
1.286847949028015137e+00
-2.139183431863784790e-01
1.944623708724975586e+00
5.430799126625061035e-01
-1.980598419904708862e-01
-1.026765704154968262e+00
-1.449771165847778320e+00
7.782649397850036621e-01
-1.429800391197204590e+00
3.094762004911899567e-02
1.499796628952026367e+00
7.453170605003833771e-03
-1.737930774688720703e-01
-1.345228910446166992e+00
-1.393438100814819336e+00
2.059017419815063477e+00
-3.334551811218261719e+00
-2.997222840785980225e-01
7.165224552154541016e-01
-1.906316995620727539e+00
-2.020294904708862305e+00
7.053545117378234863e-01
8.822789788246154785e-01
-3.297273218631744385e-01
-3.686865270137786865e-01
2.338006258010864258e+00
-1.333139538764953613e+00
-9.481438398361206055e-01
-1.685836195945739746e+00
-3.024663776159286499e-02
-4.039960503578186035e-01
-6.873190402984619141e-01
-2.515426278114318848e-01
3.887561261653900146e-01
-5.406666398048400879e-01
4.316342175006866455e-01
3.747947141528129578e-02
6.121532917022705078e-01
-6.108844280242919922e-01
-1.522821664810180664e+00
-7.995816469192504883e-01
2.157289683818817139e-01
9.800078868865966797e-01
-1.311781883239746094e+00
3.875583708286285400e-01
2.083798944950103760e-01
-8.918507695198059082e-01
-9.121121466159820557e-02
7.709630727767944336e-01
5.155311226844787598e-01
-1.019229769706726074e+00
1.261747479438781738e+00
1.964074373245239258e+00
-1.418488621711730957e-01
2.419728994369506836e+00
1.047019585967063904e-01
-5.925058126449584961e-01
2.996931672096252441e-01
2.582330942153930664e+00
-9.757560491561889648e-01
-9.270333051681518555e-01
6.321814060211181641e-01
3.978125751018524170e-01
2.177795886993408203e+00
8.012815713882446289e-01
-1.308615922927856445e+00
-1.169643759727478027e+00
1.113295316696166992e+00
-1.085894227027893066e+00
1.257648110389709473e+00
2.191253662109375000e+00
2.071604490280151367e+00
-4.605092108249664307e-01
1.986417472362518311e-01
-2.862847089767456055e+00
1.345181226730346680e+00
1.392060399055480957e+00
1.371306926012039185e-01
2.439480721950531006e-01
-9.431466460227966309e-02
1.045584559440612793e+00
-1.814607530832290649e-01
2.118526101112365723e-01
-5.133717060089111328e-01
-1.430644154548645020e+00
-6.703820079565048218e-02
8.636678457260131836e-01
1.125923156738281250e+00
2.618773698806762695e+00
1.387946724891662598e+00
-9.905899167060852051e-01
1.857536137104034424e-01
1.043368101119995117e+00
3.350030481815338135e-01
-6.891370415687561035e-01
1.791999220848083496e+00
-2.386939525604248047e-01
-7.224286198616027832e-01
-1.735852956771850586e-01
-4.357869625091552734e-01
-2.439831256866455078e+00
1.123688220977783203e-01
4.648560881614685059e-01
6.296726465225219727e-01
6.543338894844055176e-01
6.539046764373779297e-01
1.221194583922624588e-02
-1.217715501785278320e+00
6.057255268096923828e-01
-6.207748055458068848e-01
3.477660715579986572e-01
-9.600809812545776367e-01
-5.462875366210937500e-01
1.870591163635253906e+00
6.401667594909667969e-01
-5.557503700256347656e-01
-9.784609675407409668e-01
5.735157728195190430e-01
6.798783540725708008e-01
9.543914198875427246e-01
6.024764180183410645e-01
-6.341324448585510254e-01
-8.611487746238708496e-01
-3.753427863121032715e-01
1.123550415039062500e+00
6.480258107185363770e-01
4.961305260658264160e-01
7.268368601799011230e-01
-8.017266988754272461e-01
-3.131061196327209473e-01
2.819535434246063232e-01
7.369042634963989258e-01
-2.177590131759643555e+00
-9.740964174270629883e-01
-2.143571376800537109e+00
-3.059386909008026123e-01
-2.034405946731567383e+00
1.278902053833007812e+00
9.260010719299316406e-01
-2.662883520126342773e+00
4.199537262320518494e-02
-1.015680432319641113e+00
1.326344490051269531e+00
-1.606315851211547852e+00
-1.066947728395462036e-01
4.668837040662765503e-02
5.214452147483825684e-01
1.006424069404602051e+00
9.968052506446838379e-01
-9.912573695182800293e-01
2.722052335739135742e+00
8.675256967544555664e-01
1.373618602752685547e+00
-4.357242882251739502e-01
2.234819829463958740e-01
-4.180846214294433594e-01
6.961722970008850098e-01
1.923812478780746460e-01
-3.653458952903747559e-01
-9.061226844787597656e-01
-1.218254208564758301e+00
3.483014702796936035e-01
-1.461702466011047363e+00
-1.237444281578063965e+00
7.531647682189941406e-01
-2.227369993925094604e-01
5.028290152549743652e-01
1.263728976249694824e+00
-7.632515430450439453e-01
-8.794167079031467438e-03
-5.145514011383056641e-01
-5.771172642707824707e-01
-9.096424579620361328e-01
1.033078193664550781e+00
5.242186188697814941e-01
6.201525330543518066e-01
-1.878538846969604492e+00
-4.053852707147598267e-02
1.110725760459899902e+00
-2.061598539352416992e+00
1.110455989837646484e+00
2.150750160217285156e-01
6.430393457412719727e-01
-1.153817653656005859e+00
-1.579013466835021973e+00
8.254463672637939453e-01
8.159139156341552734e-01
-6.184763908386230469e-01
7.264148592948913574e-01
1.626577526330947876e-01
-1.353554725646972656e+00
2.829265594482421875e-02
-7.456030249595642090e-01
4.600421190261840820e-01
-6.157986521720886230e-01
-4.366252720355987549e-01
-1.736650824546813965e+00
-2.986510515213012695e+00
4.759930670261383057e-01
8.883312940597534180e-01
-6.872989535331726074e-01
1.156402349472045898e+00
-1.084976494312286377e-01
-8.673454821109771729e-02
6.509330868721008301e-01
2.314367532730102539e+00
1.818379521369934082e+00
4.830577969551086426e-01
4.157840609550476074e-01
1.220174193382263184e+00
-1.285955786705017090e+00
-1.863250970840454102e+00
9.859024882316589355e-01
1.396118164062500000e+00
1.832126379013061523e+00
-3.962777554988861084e-01
9.070229530334472656e-01
-6.454850733280181885e-02
-1.435188293457031250e+00
1.306453585624694824e+00
8.287385106086730957e-01
9.851024299860000610e-02
-4.776137694716453552e-02
1.241173624992370605e+00
-1.533215284347534180e+00
-1.095962643623352051e+00
-9.549440145492553711e-01
-1.135530710220336914e+00
-1.118728876113891602e+00
6.710853576660156250e-01
-6.097025871276855469e-01
-1.389801383018493652e+00
7.451925873756408691e-01
4.744587093591690063e-02
-1.908138692378997803e-01
1.499609112739562988e+00
-1.768429279327392578e-01
-5.076709985733032227e-01
4.128046929836273193e-01
-1.423499822616577148e+00
1.022242546081542969e+00
-4.287105798721313477e-01
9.359877705574035645e-01
3.927095234394073486e-01
1.754180192947387695e-01
4.935210347175598145e-01
9.743822813034057617e-01
9.234189987182617188e-01
-3.896001279354095459e-01
2.287421941757202148e+00
4.233999848365783691e-01
1.147106409072875977e+00
-3.162423968315124512e-01
9.863755702972412109e-01
7.273283004760742188e-01
1.725023508071899414e+00
-2.612560689449310303e-01
-3.633931651711463928e-02
7.340581715106964111e-02
-2.433826446533203125e+00
1.263543814420700073e-01
4.812127649784088135e-01
-1.001603364944458008e+00
-1.755618810653686523e+00
-1.247056126594543457e+00
1.426966190338134766e+00
1.150523051619529724e-01
-1.854356288909912109e+00
1.207400798797607422e+00
-7.494187951087951660e-01
-1.047400951385498047e+00
-2.984052598476409912e-01
4.075049459934234619e-01
1.369849443435668945e+00
1.226029515266418457e+00
1.352742314338684082e+00
1.762535691261291504e+00
1.158083200454711914e+00
3.118527829647064209e-01
3.947509229183197021e-01
-1.003277182579040527e+00
-8.078143596649169922e-01
-1.875280261039733887e+00
3.596804141998291016e+00
1.349074482917785645e+00
1.505924940109252930e+00
-6.209840774536132812e-01
3.066097497940063477e-01
-6.626387834548950195e-01
-1.182907342910766602e+00
-2.998009324073791504e-01
-1.322836399078369141e+00
2.125364780426025391e+00
-1.555308699607849121e-01
-7.285686731338500977e-01
7.159513831138610840e-01
3.595684766769409180e-01
-1.632009506225585938e+00
-5.361817836761474609e+00
1.432471722364425659e-01
-9.469783306121826172e-01
4.968705475330352783e-01
1.909402608871459961e+00
-5.623918026685714722e-02
1.374639272689819336e+00
1.086635112762451172e+00
4.336361885070800781e-01
-7.169060707092285156e-01
1.828381896018981934e+00
1.448631644248962402e+00
2.973033785820007324e-01
3.137740772217512131e-03
-1.746162921190261841e-01
6.757929921150207520e-01
2.793148159980773926e-01
7.219425439834594727e-01
8.663408279418945312e+00
-1.190159440040588379e+00
-6.683795452117919922e+00
1.668037891387939453e+00
2.395829930901527405e-02
-3.750651776790618896e-01
-1.764934301376342773e+00
3.016715049743652344e-01
-1.578751951456069946e-01
1.520566344261169434e+00
-4.591221809387207031e-01
-2.440608143806457520e-01
-1.549057513475418091e-01
-2.060497760772705078e+00
-1.613911986351013184e+00
-2.736590206623077393e-01
4.770532250404357910e-01
-3.947413563728332520e-01
1.228021979331970215e+00
-1.069615602493286133e+00
7.848076820373535156e-01
-3.924024403095245361e-01
-1.736373156309127808e-01
-3.456425294280052185e-02
-1.093542695045471191e+00
-6.057399511337280273e-01
-1.180478215217590332e+00
-1.774075746536254883e+00
1.482321143150329590e+00
1.272505760192871094e+00
-3.327446877956390381e-01
-1.313518047332763672e+00
5.020234584808349609e-01
-1.410651504993438721e-01
-1.878267675638198853e-01
-2.401834011077880859e+00
7.070341110229492188e-01
4.004072248935699463e-01
-4.963246583938598633e-01
-1.747426629066467285e+00
-6.018282771110534668e-01
1.007027149200439453e+00
4.081159830093383789e-01
1.120038151741027832e+00
1.083236336708068848e+00
-1.095083355903625488e+00
1.440799355506896973e+00
1.213777422904968262e+00
-1.993291139602661133e+00
1.471356153488159180e+00
-2.248850345611572266e+00
3.332164287567138672e-01
-6.595534682273864746e-01
6.365869194269180298e-02
-5.944517254829406738e-01
6.814791560173034668e-01
-8.266099691390991211e-01
-7.553754746913909912e-02
-1.021379232406616211e+00
-1.521083354949951172e+00
-1.087181210517883301e+00
4.274863004684448242e-01
