5.060200691223144531e-01
1.318268030881881714e-01
-7.787712216377258301e-01
-5.582250952720642090e-01
-3.679685294628143311e-01
-7.061294317245483398e-01
-6.413187980651855469e-01
-6.094560027122497559e-01
-1.117363572120666504e+00
8.161770701408386230e-01
-6.529140472412109375e-02
-1.790526866912841797e+00
4.856479912996292114e-02
2.548690140247344971e-01
-1.266197562217712402e+00
-6.878364682197570801e-01
2.017634958028793335e-01
8.333822488784790039e-01
-9.181610941886901855e-01
1.026131749153137207e+00
9.103489518165588379e-01
-1.031377315521240234e+00
1.553746938705444336e+00
-6.120614409446716309e-01
1.695350050926208496e+00
-5.342466235160827637e-01
1.461151987314224243e-02
1.014035940170288086e-02
-1.207036495208740234e+00
6.358584165573120117e-01
-8.001749515533447266e-01
5.471062660217285156e-01
-5.516839027404785156e-01
-1.208510249853134155e-01
-2.107635259628295898e+00
8.106389045715332031e-01
-4.337992072105407715e-01
-2.827460527420043945e+00
2.265374548733234406e-02
6.016098856925964355e-01
5.174440145492553711e-01
-8.526483774185180664e-01
-1.949635446071624756e-01
-1.424822118133306503e-02
1.418109893798828125e+00
1.358290791511535645e+00
5.397021174430847168e-01
2.012476697564125061e-02
-3.776114284992218018e-01
1.182608723640441895e+00
1.008780766278505325e-02
-3.479500710964202881e-01
-1.049677014350891113e+00
1.095089435577392578e+00
3.226399421691894531e-01
-4.604464173316955566e-01
2.494591176509857178e-01
3.189497888088226318e-01
-5.873186513781547546e-02
3.734492957592010498e-01
-2.026248164474964142e-02
5.588614195585250854e-02
1.176805615425109863e+00
-1.391023397445678711e+00
-6.996620893478393555e-01
-2.881852090358734131e-01
5.596358776092529297e-01
-3.395210206508636475e-01
5.637153983116149902e-01
-1.133890986442565918e+00
9.188676476478576660e-01
3.446654379367828369e-01
-1.153787691146135330e-02
-4.899609684944152832e-01
-6.260494589805603027e-01
7.680359482765197754e-01
1.389683783054351807e-01
4.150631427764892578e-01
-2.992442436516284943e-02
4.576801136136054993e-02
4.452039599418640137e-01
3.438645303249359131e-01
-2.490128040313720703e+00
4.585698843002319336e-01
-5.623988509178161621e-01
2.177178487181663513e-02
-1.398342967033386230e+00
-7.668143510818481445e-01
4.568420052528381348e-01
-1.037114486098289490e-01
-8.778542876243591309e-01
-1.295896410942077637e+00
-6.258039474487304688e-01
3.183596134185791016e-01
-7.721638679504394531e-01
-3.578656911849975586e-01
-4.327336549758911133e-01
4.959900975227355957e-01
-2.439958006143569946e-01
5.553173422813415527e-01
-2.196257412433624268e-01
-4.638456404209136963e-01
3.107614219188690186e-01
-6.533432006835937500e-02
-1.754470944404602051e+00
4.654814600944519043e-01
-1.032560110092163086e+00
-4.393375217914581299e-01
5.462941527366638184e-01
-1.316624760627746582e+00
1.134347915649414062e+00
2.817300558090209961e-01
-1.807928681373596191e+00
3.670459985733032227e-01
-1.548966407775878906e+00
-5.252062678337097168e-01
-8.646757602691650391e-01
-7.204443812370300293e-01
4.345586001873016357e-01
1.259273529052734375e+00
1.377967298030853271e-01
1.449901103973388672e+00
-6.192212104797363281e-01
3.564126491546630859e-01
-8.134453892707824707e-01
7.703573703765869141e-01
3.360361158847808838e-01
8.490023612976074219e-01
5.464041233062744141e-01
-7.795742750167846680e-01
9.108045697212219238e-01
-1.376986265182495117e+00
2.677460312843322754e-01
-4.713536202907562256e-01
-2.188272237777709961e+00
4.193000495433807373e-01
4.484216272830963135e-01
-1.366531372070312500e+00
-1.485848128795623779e-01
2.717234194278717041e-01
-1.133945345878601074e+00
8.049091696739196777e-01
1.121465444564819336e+00
1.267501264810562134e-01
-1.148515105247497559e+00
-2.416322082281112671e-01
1.110023260116577148e+00
-1.123388290405273438e+00
-2.032021284103393555e-01
-1.235872507095336914e-01
-2.618862986564636230e-01
8.692898154258728027e-01
3.322210609912872314e-01
-4.068762958049774170e-01
5.512544512748718262e-01
-1.137524545192718506e-01
-1.064454913139343262e+00
6.289841532707214355e-01
5.422443151473999023e-01
5.977114662528038025e-02
1.347446084022521973e+00
-1.152011826634407043e-01
7.049214839935302734e-01
-7.082217931747436523e-01
6.160944700241088867e-01
-4.180338680744171143e-01
-6.864261627197265625e-01
4.792896211147308350e-01
3.782318234443664551e-01
4.024733006954193115e-01
2.750197947025299072e-01
-1.157706379890441895e+00
-1.345993041992187500e+00
8.950099349021911621e-01
-1.410764604806900024e-01
2.926092147827148438e-01
2.341354265809059143e-02
5.208354443311691284e-02
-2.758863568305969238e-01
5.373926162719726562e-01
-1.116923093795776367e+00
-1.153252005577087402e+00
-1.939640492200851440e-01
2.830487489700317383e-01
9.121789932250976562e-01
-9.324530363082885742e-01
-4.457005858421325684e-01
6.002851724624633789e-01
1.620291590690612793e+00
-3.975972160696983337e-02
6.446850299835205078e-01
-8.309195935726165771e-02
8.118464052677154541e-02
6.909622550010681152e-01
-3.162767589092254639e-01
3.574431836605072021e-01
-4.735086560249328613e-01
1.319218575954437256e-01
7.038913369178771973e-01
-1.123214721679687500e+00
2.129686772823333740e-01
1.099422216415405273e+00
1.870651006698608398e+00
-1.362791180610656738e+00
5.355446338653564453e-01
-2.404533028602600098e-01
6.621519923210144043e-01
-1.941900491714477539e+00
2.648732066154479980e-01
-5.424628257751464844e-01
5.064231529831886292e-02
9.131857156753540039e-01
1.281891942024230957e+00
9.334675073623657227e-01
7.263419684022665024e-03
9.229890704154968262e-01
-1.885380744934082031e+00
-2.943631410598754883e-01
-3.932653069496154785e-01
5.702688694000244141e-01
-9.054300934076309204e-02
9.577605128288269043e-01
-2.781447172164916992e-01
-6.483436226844787598e-01
1.530115008354187012e+00
-2.732951045036315918e-01
1.117148160934448242e+00
2.268541753292083740e-01
-5.987230539321899414e-01
-2.137632668018341064e-01
6.601551175117492676e-01
-6.693382263183593750e-01
-3.239672482013702393e-01
2.734183967113494873e-01
-8.850187063217163086e-02
5.152720212936401367e-01
1.196049809455871582e+00
-2.475828826427459717e-01
-7.921143770217895508e-01
-4.329912066459655762e-01
4.371079504489898682e-01
1.115935817360877991e-01
4.932271316647529602e-02
8.335518240928649902e-01
5.821511149406433105e-01
-1.083228111267089844e+00
-1.372907608747482300e-01
8.351665139198303223e-01
1.244886040687561035e+00
-3.120201826095581055e-01
5.226317048072814941e-01
-4.308060109615325928e-01
-1.723702073097229004e+00
-4.253538250923156738e-01
-2.982657551765441895e-01
-5.454124212265014648e-01
4.561441838741302490e-01
-7.170889973640441895e-01
-1.700340509414672852e-01
5.643224120140075684e-01
-8.444319665431976318e-02
1.354406028985977173e-01
7.103734016418457031e-01
1.135422736406326294e-01
-1.460901141166687012e+00
6.845009922981262207e-01
1.249570131301879883e+00
-3.172737658023834229e-01
4.214920997619628906e+00
1.027332901954650879e+00
1.117295503616333008e+00
1.178989887237548828e+00
1.100569128990173340e+00
1.143412351608276367e+00
-1.055774807929992676e+00
1.433713436126708984e+00
-3.661659061908721924e-01
1.375184506177902222e-01
2.857439815998077393e-01
-9.010770320892333984e-01
3.915911018848419189e-01
6.136066913604736328e-01
9.402643442153930664e-01
-6.256219148635864258e-01
8.398190140724182129e-01
-6.985580176115036011e-02
-8.300129175186157227e-01
7.414842247962951660e-01
2.189109623432159424e-01
-1.392076015472412109e+00
-9.010632038116455078e-01
8.232166618108749390e-02
7.057097554206848145e-02
-3.030354261398315430e+00
3.146463930606842041e-01
-4.279676675796508789e-01
-1.574017852544784546e-01
6.928018331527709961e-01
-7.126067876815795898e-01
-1.244402974843978882e-01
-3.960333168506622314e-01
-3.069511055946350098e-01
-5.752230882644653320e-01
7.008039355278015137e-01
1.316948294639587402e+00
1.712633013725280762e+00
-2.361506223678588867e-01
-1.107456564903259277e+00
4.070713520050048828e-01
-2.793622314929962158e-01
-1.279829144477844238e+00
-3.656980395317077637e-01
-2.438015341758728027e-01
1.430883765220642090e+00
-5.541474223136901855e-01
6.930470466613769531e-02
1.553433537483215332e+00
-5.776921510696411133e-01
1.020865321159362793e+00
1.566369384527206421e-01
-1.167282104492187500e+00
-5.768579840660095215e-01
9.667817950248718262e-01
9.652225300669670105e-03
5.409117415547370911e-02
6.736644357442855835e-02
-5.867085456848144531e-01
-1.420306444168090820e+00
-5.973612666130065918e-01
2.150827169418334961e+00
2.792845666408538818e-01
-3.163658082485198975e-01
1.040873050689697266e+00
4.314216598868370056e-02
6.018143892288208008e-01
-1.508022904396057129e+00
1.908241957426071167e-01
-4.286485910415649414e-01
8.362067341804504395e-01
-9.668495655059814453e-01
2.913013994693756104e-01
-4.248147904872894287e-01
9.074397683143615723e-01
-4.785100221633911133e-01
-4.050289466977119446e-02
4.704167544841766357e-01
-1.564530968666076660e+00
8.428447842597961426e-01
4.468971788883209229e-01
-6.373248696327209473e-01
-1.157492756843566895e+00
7.430288195610046387e-02
5.729225277900695801e-01
-5.542821288108825684e-01
-1.098087057471275330e-01
-9.820663928985595703e-01
-1.069785952568054199e+00
-2.927131652832031250e-01
-5.271606445312500000e-01
9.243017435073852539e-01
6.105781197547912598e-01
4.979148507118225098e-04
2.190978229045867920e-01
-6.691753864288330078e-01
-1.157830953598022461e+00
2.579694986343383789e-01
7.740266919136047363e-01
2.866083681583404541e-01
-2.381793558597564697e-01
-4.369160830974578857e-01
1.526905298233032227e+00
2.783717811107635498e-01
-3.732402324676513672e-01
1.312741398811340332e+00
-3.859485983848571777e-01
9.650548100471496582e-01
6.135230064392089844e-01
-3.943850696086883545e-01
-4.456632435321807861e-01
1.217866986989974976e-01
8.521118760108947754e-01
3.086293041706085205e-01
-3.626430034637451172e-01
1.782314479351043701e-01
-1.072316884994506836e+00
1.915614306926727295e-01
3.450534939765930176e-01
-5.023185610771179199e-01
9.104402065277099609e-01
-6.567457318305969238e-02
3.069002389907836914e+00
-4.583939015865325928e-01
4.966830313205718994e-01
-9.371385574340820312e-01
9.987317919731140137e-01
-9.467262029647827148e-01
1.638024747371673584e-01
-5.233312249183654785e-01
-4.829298853874206543e-01
1.042527318000793457e+00
8.856705427169799805e-01
-9.719311594963073730e-01
2.682550251483917236e-01
-5.301118493080139160e-01
-9.361926913261413574e-01
1.130796521902084351e-01
-1.151647686958312988e+00
4.905605316162109375e-01
-1.253930926322937012e+00
-6.656209230422973633e-01
5.983559489250183105e-01
-1.632197350263595581e-01
-9.543582797050476074e-01
3.771042227745056152e-01
-2.534863539040088654e-02
1.415955781936645508e+00
-1.486997246742248535e+00
-4.855275452136993408e-01
-7.603974342346191406e-01
1.895996809005737305e+00
-5.165459513664245605e-01
-1.265885591506958008e+00
7.192502915859222412e-02
1.308089613914489746e+00
-6.132456660270690918e-01
1.277274847030639648e+00
-9.601961970329284668e-01
-4.939700365066528320e-01
-1.447434067726135254e+00
-1.223318874835968018e-01
1.029119789600372314e-01
-8.616604842245578766e-03
6.594166159629821777e-01
-9.665834307670593262e-01
-9.980522394180297852e-01
7.657667994499206543e-01
7.165224850177764893e-02
-2.362676113843917847e-01
3.489516079425811768e-01
1.690252870321273804e-01
1.074311211705207825e-01
3.382071256637573242e-01
-9.508216977119445801e-01
-5.157364606857299805e-01
-2.176799476146697998e-01
4.855950176715850830e-01
4.059582352638244629e-01
1.044376611709594727e+00
-3.390897810459136963e-01
-2.125783920288085938e+00
-2.409174442291259766e+00
-6.251534223556518555e-01
-2.420021453872323036e-03
-1.012451529502868652e+00
-8.841785788536071777e-01
-1.271805047988891602e+00
2.680808305740356445e-01
6.606320738792419434e-01
6.437540650367736816e-01
-8.469176292419433594e-01
6.894717812538146973e-01
4.407859966158866882e-02
-1.364076882600784302e-01
-1.144720427691936493e-02
-2.308652102947235107e-01
-3.742528557777404785e-01
5.368012785911560059e-01
1.071768999099731445e+00
-2.701652236282825470e-03
6.770127415657043457e-01
5.662173032760620117e-01
1.042041540145874023e+00
-1.089776515960693359e+00
3.503889441490173340e-01
-1.396525092422962189e-02
4.520354270935058594e-01
1.043946623802185059e+00
-5.306596755981445312e-01
-1.608011778444051743e-03
1.148102760314941406e+00
1.169859528541564941e+00
8.132537007331848145e-01
-8.409973233938217163e-02
4.761777818202972412e-01
9.532853364944458008e-01
-2.019914835691452026e-01
7.530472874641418457e-01
1.409722212702035904e-02
4.894288182258605957e-01
-7.126693725585937500e-01
3.228244185447692871e-01
3.527343273162841797e-01
3.065760731697082520e-01
4.194442629814147949e-01
-2.401037365198135376e-01
1.049014091491699219e+00
1.291441172361373901e-01
-1.864843606948852539e+00
2.820877432823181152e-01
-1.012616991996765137e+00
2.298598736524581909e-01
-1.089465245604515076e-01
-3.992676138877868652e-01
8.829110860824584961e-01
-2.298410654067993164e+00
1.193193912506103516e+00
6.092007458209991455e-02
2.340779155492782593e-01
5.208516120910644531e-01
6.817548871040344238e-01
4.456450045108795166e-01
1.413744986057281494e-01
-5.287257209420204163e-02
8.299566507339477539e-01
1.260508418083190918e+00
1.488231062889099121e+00
4.088151156902313232e-01
-4.400250315666198730e-01
2.343298681080341339e-02
1.134186461567878723e-01
6.728053092956542969e-03
2.737958133220672607e-01
-1.368811011314392090e+00
-1.685394942760467529e-01
-5.466024875640869141e-01
6.737301349639892578e-01
-1.371017217636108398e+00
9.940529465675354004e-01
1.393257975578308105e+00
-9.921774864196777344e-01
1.163039356470108032e-02
-3.425860106945037842e-01
2.838209569454193115e-01
-5.479483604431152344e-01
-2.927052676677703857e-01
-7.213006615638732910e-01
-1.022186636924743652e+00
-3.924599587917327881e-01
-6.324539184570312500e-01
-5.941827893257141113e-01
-5.333727002143859863e-01
7.619401216506958008e-01
1.025904342532157898e-01
-3.102861046791076660e-01
9.715757519006729126e-02
-8.587235212326049805e-02
-8.334262371063232422e-01
7.181610465049743652e-01
-1.116007447242736816e+00
1.087218523025512695e+00
2.283819019794464111e-01
3.507160842418670654e-01
-1.490178823471069336e+00
-6.116990447044372559e-01
-1.000427305698394775e-01
7.150529026985168457e-01
-1.354171037673950195e-01
1.250077188014984131e-01
-4.878147840499877930e-01
8.469224572181701660e-01
4.758116304874420166e-01
1.421431183815002441e+00
4.206487834453582764e-01
3.366721570491790771e-01
-2.714849114418029785e-01
-2.430354952812194824e-01
6.742197275161743164e-01
2.179721117019653320e+00
2.242043018341064453e+00
-8.603783845901489258e-01
6.328986287117004395e-01
1.167367678135633469e-02
-2.470654249191284180e-01
-4.101498723030090332e-01
-6.878716349601745605e-01
-1.169587858021259308e-02
-2.208680361509323120e-01
-1.218018308281898499e-01
-3.012376427650451660e-01
-5.069713592529296875e-01
-1.186694622039794922e+00
-1.758843213319778442e-01
9.878639876842498779e-02
-4.693012535572052002e-01
8.733515143394470215e-01
2.030213549733161926e-02
-1.262337327003479004e+00
-1.758087426424026489e-01
4.644604027271270752e-01
-1.140923351049423218e-01
-3.191321790218353271e-01
9.190320372581481934e-01
2.151002883911132812e-01
1.106091067194938660e-01
-1.016194939613342285e+00
-1.261306285858154297e+00
1.025426506996154785e+00
3.644503951072692871e-01
-1.192184984683990479e-01
-6.993606686592102051e-02
-5.457398667931556702e-02
-1.690605401992797852e+00
5.235428810119628906e-01
-2.451604008674621582e-01
1.143136024475097656e-01
-8.789024353027343750e-01
-9.920613765716552734e-01
-9.219411611557006836e-01
-8.902188539505004883e-01
7.325286865234375000e-01
-7.636397480964660645e-01
-7.553701996803283691e-01
3.305195569992065430e-01
6.134959459304809570e-01
-7.342214584350585938e-01
-1.320598602294921875e+00
-2.016790807247161865e-01
-3.451967239379882812e-01
4.986605644226074219e-01
3.640733063220977783e-01
1.335522532463073730e-01
3.950594663619995117e-01
-1.351484060287475586e+00
5.537980794906616211e-01
-3.010593121871352196e-03
1.275747656822204590e+00
8.018690943717956543e-01
7.781814932823181152e-01
5.549724698066711426e-01
-1.920630812644958496e+00
1.218995094299316406e+00
-9.485212564468383789e-01
4.368905127048492432e-01
1.173474550247192383e+00
8.247094750404357910e-01
2.815387845039367676e-01
-4.630644321441650391e-01
3.931085169315338135e-01
-7.426838874816894531e-01
1.152099251747131348e+00
5.520532131195068359e-01
3.257288634777069092e-01
-1.513876676559448242e+00
3.079091012477874756e-01
-3.153540194034576416e-01
3.362881660461425781e+00
-2.403621524572372437e-01
-1.071761012077331543e+00
1.392152160406112671e-01
-5.415596365928649902e-01
-5.630254745483398438e-02
-6.697755455970764160e-01
-1.333064287900924683e-01
-1.207313835620880127e-01
1.411541104316711426e-01
-8.004882931709289551e-02
-3.671002984046936035e-01
-1.779367923736572266e-01
-4.266437888145446777e-01
1.938195228576660156e-01
-1.031857609748840332e+00
6.676841974258422852e-01
4.416230618953704834e-01
-5.084899663925170898e-01
5.494155287742614746e-01
3.046832084655761719e-01
-6.338469982147216797e-01
4.103164970874786377e-01
-3.500081598758697510e-01
3.048761785030364990e-01
-6.121281981468200684e-01
-4.870151281356811523e-01
3.907613158226013184e-01
1.021062374114990234e+00
1.164106205105781555e-01
-5.725203156471252441e-01
2.758584171533584595e-02
-8.346617817878723145e-01
9.162340164184570312e-01
-7.321562767028808594e-01
8.988339304924011230e-01
-2.404341846704483032e-02
-1.479000449180603027e+00
6.569610834121704102e-01
-4.248178303241729736e-01
-2.514311969280242920e-01
-9.466754794120788574e-01
-7.836144566535949707e-01
1.148913621902465820e+00
4.773924052715301514e-01
-8.019672632217407227e-01
3.952037170529365540e-02
3.057971596717834473e-01
-3.646680414676666260e-01
6.631497144699096680e-01
-1.174469828605651855e+00
-1.209443449974060059e+00
3.478615283966064453e-01
-1.014483809471130371e+00
8.894684910774230957e-01
-5.960494279861450195e-02
4.730270504951477051e-01
-1.071718454360961914e+00
-7.341670989990234375e-01
2.427369207143783569e-01
-8.145580887794494629e-01
-3.169059380888938904e-02
-6.628385931253433228e-02
-1.611824750900268555e+00
4.670427143573760986e-01
-5.641562938690185547e-01
-3.423554450273513794e-02
-1.206953883171081543e+00
-3.364419639110565186e-01
-1.828559279441833496e+00
-1.503500044345855713e-01
-1.372502278536558151e-02
-8.951709866523742676e-01
2.151285111904144287e-01
-3.494316041469573975e-01
-1.354923605918884277e+00
2.700307071208953857e-01
-6.640467047691345215e-01
-3.657300174236297607e-01
1.231950163841247559e+00
-1.964569464325904846e-02
-2.647900581359863281e-01
7.993082404136657715e-01
7.496770620346069336e-01
-7.392131090164184570e-01
3.905021250247955322e-01
-1.601874947547912598e+00
-7.034944295883178711e-01
-1.698895394802093506e-01
1.005844712257385254e+00
3.126348853111267090e-01
-3.341625928878784180e-01
9.587185457348823547e-03
-5.258186906576156616e-02
-7.427538037300109863e-01
-1.204290911555290222e-01
-1.152817964553833008e+00
4.966175854206085205e-01
1.404740452766418457e+00
-5.809450522065162659e-02
-1.197220921516418457e+00
1.388848423957824707e-01
-4.193390905857086182e-01
1.061945080757141113e+00
3.888008892536163330e-01
1.242826342582702637e+00
-2.365384548902511597e-01
-2.795041501522064209e-01
3.491295278072357178e-01
-8.306567668914794922e-01
9.470792412757873535e-01
-8.077644705772399902e-01
-1.487319022417068481e-01
-5.421724319458007812e-01
-5.166398882865905762e-01
4.077921435236930847e-02
-5.235188603401184082e-01
-6.010333076119422913e-02
7.378165721893310547e-01
5.733389258384704590e-01
2.677109837532043457e-01
2.101537436246871948e-01
-3.703557848930358887e-01
