9.131613373756408691e-01
7.293125987052917480e-01
-3.475697040557861328e-01
5.339437127113342285e-01
3.104979991912841797e-01
-5.606377720832824707e-01
-5.504862964153289795e-02
-8.130410313606262207e-01
-1.720718622207641602e+00
6.354375481605529785e-01
5.168451070785522461e-01
-1.430099248886108398e+00
3.954864442348480225e-01
2.787156105041503906e-01
4.895242750644683838e-01
-6.984227895736694336e-01
-2.065973281860351562e-01
7.624503374099731445e-01
-3.687070012092590332e-01
8.456358909606933594e-01
9.874929189682006836e-01
-3.099529147148132324e-01
1.551427602767944336e+00
-8.088376522064208984e-01
1.504734635353088379e+00
-9.311211109161376953e-01
6.552527546882629395e-01
3.515079617500305176e-01
-2.303541183471679688e+00
8.292641490697860718e-02
-5.288656353950500488e-01
4.561691582202911377e-01
-1.091235041618347168e+00
1.235550940036773682e-01
-8.966800570487976074e-01
-1.437312960624694824e-01
-6.416310071945190430e-01
-2.214066743850708008e+00
-3.602590411901473999e-02
9.069575667381286621e-01
-6.931942701339721680e-01
-6.135830283164978027e-01
-8.569048047065734863e-01
-3.310151398181915283e-01
5.796753764152526855e-01
-1.066398918628692627e-01
-4.657913148403167725e-01
-4.733100235462188721e-01
6.781852245330810547e-02
1.068988561630249023e+00
-8.892358541488647461e-01
-8.097240924835205078e-01
-4.426321983337402344e-01
1.410237073898315430e+00
8.628244996070861816e-01
-1.116487860679626465e+00
5.237345099449157715e-01
-4.820952415466308594e-01
-4.368126094341278076e-01
1.278295181691646576e-03
1.622197151184082031e+00
1.116120144724845886e-01
1.635506510734558105e+00
-7.039362788200378418e-01
-2.630382180213928223e-01
-3.867486417293548584e-01
-2.373307794332504272e-01
7.753417491912841797e-01
8.744040727615356445e-01
-4.737375378608703613e-01
4.711437597870826721e-02
2.673021256923675537e-01
-8.173573613166809082e-01
-9.076179265975952148e-01
-4.557901918888092041e-01
6.684612035751342773e-01
2.581903636455535889e-01
-1.609490215778350830e-01
-4.646838009357452393e-01
2.315067499876022339e-01
-2.387123554944992065e-01
-1.887646876275539398e-02
-1.425187468528747559e+00
3.976908326148986816e-01
-6.980298161506652832e-01
6.176825165748596191e-01
-8.012987971305847168e-01
-7.273501902818679810e-02
1.894836872816085815e-01
-4.207878410816192627e-01
-1.132377743721008301e+00
-8.390600085258483887e-01
1.621890515089035034e-01
5.319519042968750000e-01
-9.865856766700744629e-01
-1.786852777004241943e-01
-7.259784340858459473e-01
3.974869847297668457e-01
-2.939978837966918945e-01
1.404567480087280273e+00
-3.309926986694335938e-01
-2.277670055627822876e-01
-6.855289638042449951e-02
-9.263939261436462402e-01
-1.685370683670043945e+00
-3.677759468555450439e-01
-1.467942953109741211e+00
3.603527843952178955e-01
1.190739870071411133e+00
-1.465875864028930664e+00
7.108820676803588867e-01
1.238253593444824219e+00
-1.691382288932800293e+00
-8.085854053497314453e-01
-4.866014420986175537e-01
-6.009317040443420410e-01
-6.274013519287109375e-01
-5.141783356666564941e-01
-7.335173338651657104e-02
5.742216706275939941e-01
3.966759145259857178e-01
1.470561265945434570e+00
-1.722414493560791016e+00
-1.436147838830947876e-01
-1.298606116324663162e-02
-9.391210973262786865e-02
9.454996585845947266e-01
3.363686800003051758e-01
-5.931627750396728516e-01
-2.990414798259735107e-01
1.927734166383743286e-01
-1.186088919639587402e+00
1.836269050836563110e-01
-4.022772312164306641e-01
-1.653343796730041504e+00
3.591062128543853760e-01
1.173471093177795410e+00
-8.440100550651550293e-01
-1.076273441314697266e+00
4.238096177577972412e-01
-7.792732715606689453e-01
1.352284550666809082e+00
1.195930957794189453e+00
4.448473751544952393e-01
-1.207924246788024902e+00
3.553942441940307617e-01
2.724083662033081055e-01
-5.647867321968078613e-01
-1.794304549694061279e-01
-1.182671546936035156e+00
3.471573591232299805e-01
1.071246981620788574e+00
4.609787762165069580e-01
-4.226842820644378662e-01
1.288987278938293457e+00
2.694678902626037598e-01
-1.040099501609802246e+00
1.977245509624481201e-01
-2.199151366949081421e-01
2.102277129888534546e-01
6.733722090721130371e-01
-5.923157334327697754e-01
4.753910303115844727e-01
-7.257797718048095703e-01
5.274201631546020508e-01
-5.483180284500122070e-01
-3.086631596088409424e-01
7.784408926963806152e-01
-2.283349335193634033e-01
6.921653747558593750e-01
9.825819730758666992e-02
-1.842875599861145020e+00
-1.315134525299072266e+00
1.249577641487121582e+00
9.071227312088012695e-01
-3.145056366920471191e-01
-5.739936232566833496e-02
-1.047272533178329468e-01
2.949045896530151367e-01
1.119691014289855957e+00
-7.706188559532165527e-01
-1.381474971771240234e+00
-1.179331094026565552e-01
2.505569756031036377e-01
1.342818737030029297e+00
-1.075111746788024902e+00
-1.348637104034423828e+00
-6.350005865097045898e-01
9.699425697326660156e-01
3.602307438850402832e-01
2.087622135877609253e-01
-3.591088354587554932e-01
3.413026332855224609e-01
4.882087111473083496e-01
-7.758926749229431152e-01
6.322478652000427246e-01
-5.061785578727722168e-01
-1.355002522468566895e-01
-1.069487854838371277e-01
-1.362471342086791992e+00
2.886509299278259277e-01
1.012531757354736328e+00
1.346966743469238281e+00
-1.643395066261291504e+00
1.239856600761413574e+00
-9.141672253608703613e-01
5.602508783340454102e-01
-3.786321878433227539e-01
8.642746806144714355e-01
-8.911345005035400391e-01
-9.667005389928817749e-03
3.409487307071685791e-01
9.774839878082275391e-01
-4.688514769077301025e-01
-2.348071336746215820e-01
1.801577329635620117e+00
-1.910376906394958496e+00
-2.051762640476226807e-01
-7.371744513511657715e-01
3.755408823490142822e-01
-4.354250431060791016e-02
1.222536087036132812e+00
4.626771211624145508e-01
3.436595499515533447e-01
1.217054605484008789e+00
2.506245076656341553e-01
2.795956134796142578e-01
-2.389938980340957642e-01
-6.980180740356445312e-01
-3.730608522891998291e-01
3.655787408351898193e-01
-9.010280370712280273e-01
3.085692524909973145e-01
8.707196116447448730e-01
1.262526273727416992e+00
4.302070140838623047e-01
1.647580981254577637e+00
-1.005657315254211426e+00
-1.929992437362670898e-02
7.686600685119628906e-01
3.037285506725311279e-01
2.552750110626220703e-01
-1.363666057586669922e+00
8.535403013229370117e-01
-4.197026789188385010e-01
-9.804004430770874023e-01
-5.363494157791137695e-01
1.060355305671691895e+00
8.293514847755432129e-01
-2.097793966531753540e-01
-2.877164483070373535e-01
-7.748816609382629395e-01
-2.086164474487304688e+00
1.446506679058074951e-01
1.261717528104782104e-01
-1.565749049186706543e+00
1.594439595937728882e-01
-7.174712419509887695e-01
-1.573841869831085205e-01
3.207020163536071777e-01
1.047746464610099792e-01
8.671112656593322754e-01
7.909209728240966797e-01
-8.094114065170288086e-02
-1.174665689468383789e+00
9.081552624702453613e-01
5.816042423248291016e-01
-6.054575443267822266e-01
3.202956438064575195e+00
1.107564806938171387e+00
6.070189476013183594e-01
1.840530991554260254e+00
-7.559339702129364014e-02
1.487576365470886230e+00
-8.248752355575561523e-01
9.778779149055480957e-01
1.085145175457000732e-01
-1.075421214103698730e+00
3.305038064718246460e-02
-7.734171748161315918e-01
6.439089775085449219e-01
-3.806347846984863281e-01
6.280422806739807129e-01
-4.483998566865921021e-02
4.888745248317718506e-01
1.158439442515373230e-01
-7.902005314826965332e-01
3.471514880657196045e-01
-2.514967918395996094e-01
-7.726616859436035156e-01
-1.190634965896606445e+00
1.000084821134805679e-02
4.473380371928215027e-02
-1.770918965339660645e+00
2.750088870525360107e-01
-1.421553939580917358e-01
-1.428857147693634033e-01
4.346358478069305420e-01
-5.165932327508926392e-02
-2.822532132267951965e-02
3.185372054576873779e-02
-1.029390335083007812e+00
3.443348705768585205e-01
-6.423173546791076660e-01
1.766551256179809570e+00
7.613780349493026733e-02
3.061393499374389648e-01
-9.936946630477905273e-01
8.563662767410278320e-01
6.646707653999328613e-01
-8.090568780899047852e-01
-1.540713906288146973e+00
-8.757431507110595703e-01
-2.129152566194534302e-01
-1.745853424072265625e-01
5.687281489372253418e-02
1.720590949058532715e+00
1.314781755208969116e-01
8.635790944099426270e-01
5.227122828364372253e-02
-1.005146265029907227e+00
1.473783235996961594e-02
8.460962772369384766e-01
1.860932409763336182e-01
-5.691516995429992676e-01
5.171747207641601562e-01
-9.748229384422302246e-01
-4.252552390098571777e-01
-1.110393166542053223e+00
5.377696752548217773e-01
-6.156063079833984375e-01
-6.681499481201171875e-01
7.481161504983901978e-02
-4.547540843486785889e-02
6.690542101860046387e-01
-9.685696363449096680e-01
-1.257634812645846978e-05
-4.140138924121856689e-01
3.110725879669189453e-01
-4.825692176818847656e-01
-5.478623509407043457e-01
-2.678844332695007324e-01
9.848368167877197266e-01
3.933723270893096924e-01
6.598654389381408691e-01
4.968270361423492432e-01
-1.323099970817565918e+00
3.004808723926544189e-01
-7.446252703666687012e-01
-4.563763365149497986e-02
-1.600388646125793457e+00
-3.647381663322448730e-01
9.703918695449829102e-01
-4.891251921653747559e-01
-5.924997925758361816e-01
2.840439043939113617e-02
-7.789942622184753418e-01
-4.926318228244781494e-01
1.867891252040863037e-01
1.113985180854797363e+00
5.208611488342285156e-01
-1.124863401055335999e-01
-1.174153804779052734e+00
-1.513752818107604980e+00
-8.472880721092224121e-01
-1.798256933689117432e-01
1.385688334703445435e-01
1.285519897937774658e-01
5.840505361557006836e-01
-3.733163774013519287e-01
7.639347910881042480e-01
6.486191153526306152e-01
-4.601173400878906250e-01
1.219986557960510254e+00
-8.415810018777847290e-02
-1.011123955249786377e-01
-2.614103257656097412e-01
1.552139073610305786e-01
-3.254929184913635254e-01
2.094894647598266602e-01
4.658629000186920166e-01
2.082408368587493896e-01
1.018843576312065125e-01
-3.924323022365570068e-01
-9.912800788879394531e-01
7.034822702407836914e-01
4.151728749275207520e-01
-4.372159540653228760e-01
-5.901876091957092285e-02
8.622081577777862549e-02
3.084581613540649414e+00
7.310249209403991699e-01
7.095986604690551758e-01
-1.055593132972717285e+00
1.377620577812194824e+00
-4.765385091304779053e-01
-8.338328599929809570e-01
-4.212534129619598389e-01
-7.051802277565002441e-01
9.811649322509765625e-01
5.423221588134765625e-01
-6.296373605728149414e-01
5.170402526855468750e-01
-1.748401373624801636e-01
-6.601392477750778198e-02
4.215165376663208008e-01
-6.692489981651306152e-01
6.225662231445312500e-01
-4.253919422626495361e-01
-6.754373311996459961e-01
2.056931108236312866e-01
-3.668392077088356018e-02
-7.962379455566406250e-01
9.885593056678771973e-01
9.229012727737426758e-01
1.674050688743591309e+00
-4.537586867809295654e-01
3.219315707683563232e-01
-9.629175066947937012e-01
1.623027443885803223e+00
-8.729614019393920898e-01
-4.894603788852691650e-01
5.921924710273742676e-01
-1.687154918909072876e-01
-1.139708042144775391e+00
5.436995625495910645e-01
-1.638103961944580078e+00
-5.813764929771423340e-01
-1.676506280899047852e+00
-5.593649148941040039e-01
-2.281357944011688232e-01
7.044451832771301270e-01
-5.093814730644226074e-01
-1.426239728927612305e+00
-6.690954566001892090e-01
9.192898273468017578e-01
-3.420962691307067871e-01
5.580059885978698730e-01
-1.645479351282119751e-02
1.716699451208114624e-01
8.972468376159667969e-01
1.280615627765655518e-01
-1.627234220504760742e+00
-6.756890416145324707e-01
1.302248001098632812e+00
2.640272676944732666e-01
-4.644394293427467346e-02
7.171069383621215820e-01
-7.857857346534729004e-01
-1.425882935523986816e+00
-7.567357420921325684e-01
-3.634899854660034180e-01
1.213879510760307312e-02
-3.588847219944000244e-01
-8.681923151016235352e-01
4.200590848922729492e-01
8.731050491333007812e-01
1.252141475677490234e+00
-1.588422805070877075e-01
7.221558094024658203e-01
4.616225361824035645e-01
6.063719987869262695e-01
1.463177651166915894e-01
6.412617564201354980e-01
-4.187623262405395508e-01
2.592307031154632568e-01
6.449497938156127930e-01
3.853482306003570557e-01
-1.141594648361206055e-01
-7.330951094627380371e-01
5.243620276451110840e-01
9.836620092391967773e-01
-8.594282269477844238e-01
-2.456045150756835938e-01
5.943848490715026855e-01
-4.415503144264221191e-02
-1.807428002357482910e-01
-4.628857374191284180e-01
-4.544810354709625244e-01
7.340523004531860352e-01
1.016657114028930664e+00
2.847251892089843750e-01
-8.036962151527404785e-01
-7.376606017351150513e-02
3.058681190013885498e-01
-4.171752557158470154e-02
-8.913758397102355957e-02
-1.106777071952819824e+00
2.236019968986511230e-01
1.180702522397041321e-01
-4.839446842670440674e-01
9.238499999046325684e-01
-8.326591551303863525e-02
1.482512474060058594e+00
-2.634079456329345703e-01
1.131011366844177246e+00
-2.066161930561065674e-01
-3.414891242980957031e+00
6.830092668533325195e-01
-8.915503621101379395e-01
7.463881373405456543e-01
-6.426823735237121582e-01
-4.955179691314697266e-01
6.904562711715698242e-01
-2.251013994216918945e+00
-2.284074276685714722e-01
-8.831731081008911133e-01
-2.235193401575088501e-01
-3.077616393566131592e-01
7.024139761924743652e-01
5.483485460281372070e-01
2.990495413541793823e-02
6.968289017677307129e-01
-3.114911913871765137e-01
7.773703336715698242e-01
1.469685435295104980e+00
-3.308906853199005127e-01
-1.019402265548706055e+00
1.091235160827636719e+00
8.192981481552124023e-01
6.282068789005279541e-02
4.107695817947387695e-02
-1.526597380638122559e+00
-5.175063610076904297e-01
-3.494378924369812012e-01
-2.103616297245025635e-01
-1.371911406517028809e+00
1.331516623497009277e+00
7.360420823097229004e-01
-3.235942721366882324e-01
5.597519278526306152e-01
-1.075849831104278564e-01
2.119441628456115723e-01
-5.008618235588073730e-01
-4.583308100700378418e-01
-2.915640175342559814e-01
-3.515005409717559814e-01
-1.171907708048820496e-01
-9.795208275318145752e-02
6.523191183805465698e-02
-6.356654167175292969e-01
2.613688707351684570e-01
3.967060148715972900e-01
-3.593584150075912476e-02
1.339182972908020020e+00
-1.057062149047851562e-01
-4.416510164737701416e-01
1.222227573394775391e+00
-1.047627568244934082e+00
4.585079848766326904e-01
3.586093485355377197e-01
-2.491174787282943726e-01
-1.233395457267761230e+00
-8.510821461677551270e-01
2.886322438716888428e-01
9.904230237007141113e-01
-6.898950934410095215e-01
5.785524249076843262e-01
-3.734975457191467285e-01
-1.046995520591735840e+00
7.535324096679687500e-01
1.357746243476867676e+00
-1.670906424522399902e+00
-1.086991071701049805e+00
-6.599751114845275879e-01
1.782193630933761597e-01
9.685017466545104980e-01
8.996727466583251953e-01
3.001215934753417969e+00
-8.721523880958557129e-01
2.833356857299804688e-01
-1.477589905261993408e-01
-1.386593133211135864e-01
-1.039449691772460938e+00
-8.469766378402709961e-01
-8.011404275894165039e-01
-8.538674563169479370e-03
-1.757896989583969116e-01
-1.269044131040573120e-01
7.897586375474929810e-02
-4.189657270908355713e-01
4.610776901245117188e-01
6.230564713478088379e-01
1.806963384151458740e-01
2.165518701076507568e-01
-2.810759246349334717e-01
-1.179966688156127930e+00
-1.214221715927124023e+00
4.556148946285247803e-01
-4.234656393527984619e-01
-1.530373841524124146e-02
-6.825547218322753906e-01
7.193052768707275391e-02
-1.339137107133865356e-01
2.398120462894439697e-01
-1.159363508224487305e+00
9.862021803855895996e-01
3.219546675682067871e-01
-3.555331826210021973e-01
7.899596691131591797e-01
-3.334762752056121826e-01
-8.824394345283508301e-01
9.280602335929870605e-01
5.389385819435119629e-01
1.193482756614685059e+00
-5.792873911559581757e-03
-9.812730550765991211e-02
-7.222431302070617676e-01
-5.770007967948913574e-01
7.704028487205505371e-01
2.507402002811431885e-01
-3.163789510726928711e-01
9.494729638099670410e-01
-9.510181844234466553e-02
-2.942697405815124512e-01
-1.359619259834289551e+00
3.030860722064971924e-01
-1.089433193206787109e+00
8.805969953536987305e-01
5.636672973632812500e-01
-7.517994046211242676e-01
6.865316629409790039e-01
-1.345716118812561035e+00
4.719310104846954346e-01
1.350425034761428833e-01
9.276034235954284668e-01
1.231117606163024902e+00
8.449021577835083008e-01
2.302522957324981689e-01
-1.433317184448242188e+00
1.108798861503601074e+00
1.781772971153259277e-01
5.309672355651855469e-01
1.332793235778808594e+00
6.747287511825561523e-01
2.247620671987533569e-01
-3.732979893684387207e-01
7.054925560951232910e-01
9.714586660265922546e-03
1.461754083633422852e+00
3.447426855564117432e-01
2.028155028820037842e-01
-1.261513948440551758e+00
-3.567171841859817505e-02
1.084028482437133789e-01
3.004863023757934570e+00
-9.003762602806091309e-01
-3.884722590446472168e-01
1.422432303428649902e+00
-8.390508890151977539e-01
-5.345645546913146973e-01
-2.297288179397583008e-01
-1.106619954109191895e+00
4.143437743186950684e-01
2.260922044515609741e-01
-5.920469164848327637e-01
-7.286723256111145020e-01
-4.926996827125549316e-01
-7.764053344726562500e-02
1.314798355102539062e+00
-1.544361412525177002e-01
8.790016770362854004e-01
1.901836842298507690e-01
-3.537100553512573242e-01
-1.946272850036621094e-01
8.279004693031311035e-01
-6.389501094818115234e-01
1.003131151199340820e+00
1.294272392988204956e-01
-5.362529158592224121e-01
-8.969018459320068359e-01
-5.900208950042724609e-01
2.041936963796615601e-01
1.912194490432739258e+00
6.315070390701293945e-01
-6.341549754142761230e-02
-6.730066537857055664e-01
-1.082213878631591797e+00
8.873771429061889648e-01
2.547374963760375977e-01
6.392237544059753418e-01
-2.545289695262908936e-01
-1.092065095901489258e+00
1.105638384819030762e+00
-2.260347753763198853e-01
-4.689321815967559814e-01
-9.542796015739440918e-01
-4.400916397571563721e-01
-5.272548794746398926e-01
-1.103418767452239990e-01
-1.086324810981750488e+00
5.936645865440368652e-01
-1.830491274595260620e-01
2.698684632778167725e-01
5.650852918624877930e-01
-2.868749797344207764e-01
-1.070643544197082520e+00
4.759790897369384766e-01
-9.443843364715576172e-01
3.511559069156646729e-01
-3.069507777690887451e-01
1.300859302282333374e-01
-8.736357688903808594e-01
-4.941624999046325684e-01
8.365297913551330566e-01
-6.070050597190856934e-01
-3.022064082324504852e-02
-2.212162017822265625e-01
-1.631111979484558105e+00
1.133159920573234558e-01
-2.181189209222793579e-01
-4.030007719993591309e-01
-4.715878665447235107e-01
-6.506637930870056152e-01
-6.874187588691711426e-01
3.276229798793792725e-01
1.153940200805664062e+00
-1.060150384902954102e+00
-1.923689246177673340e-02
-2.570365071296691895e-01
-1.205149173736572266e+00
2.597301900386810303e-01
-1.434107661247253418e+00
5.595325231552124023e-01
8.228322267532348633e-01
-7.632467746734619141e-01
-3.176160529255867004e-02
2.236128896474838257e-01
5.275608301162719727e-01
-1.758378148078918457e+00
5.435242652893066406e-01
-9.199689626693725586e-01
-9.886325597763061523e-01
5.582031607627868652e-01
6.647982597351074219e-01
3.302143216133117676e-01
-2.705246210098266602e-01
7.976800948381423950e-02
6.952322125434875488e-01
-6.428921818733215332e-01
4.494977295398712158e-01
-1.211393952369689941e+00
1.306708693504333496e+00
1.389838576316833496e+00
-3.341098725795745850e-01
-1.493123650550842285e+00
3.199807703495025635e-01
-5.925661921501159668e-01
1.554617404937744141e+00
1.105411201715469360e-01
5.341166257858276367e-01
2.286570966243743896e-01
-1.485258698463439941e+00
1.476397365331649780e-01
-7.683841586112976074e-01
1.103325724601745605e+00
1.319355219602584839e-01
-7.441073656082153320e-01
1.517420262098312378e-01
3.556609451770782471e-01
-4.728783965110778809e-01
-1.761576086282730103e-01
-1.097882866859436035e+00
1.303759694099426270e+00
3.709794282913208008e-01
2.241798676550388336e-02
-6.885250657796859741e-02
1.513655781745910645e-01
