-5.338636636734008789e-01
5.216808915138244629e-01
-4.197907149791717529e-01
-4.892478883266448975e-01
-7.887558937072753906e-01
3.419947624206542969e-01
-3.606646955013275146e-01
-7.705262899398803711e-01
-1.327348709106445312e+00
7.018333673477172852e-01
2.473883926868438721e-01
-7.966797351837158203e-01
-2.164525270462036133e+00
-4.439589083194732666e-01
-5.294306874275207520e-01
-2.739297449588775635e-01
-7.364771366119384766e-01
-2.620991766452789307e-01
3.063811361789703369e-01
-1.581597030162811279e-01
7.532038688659667969e-01
-1.454719424247741699e+00
1.125994801521301270e+00
1.373437523841857910e+00
1.598757147789001465e+00
-5.940060019493103027e-01
-4.498279392719268799e-01
3.961709793657064438e-03
-2.907103061676025391e+00
5.470192432403564453e-02
5.417025685310363770e-01
-2.813298106193542480e-01
-1.251240372657775879e-01
3.474738299846649170e-01
2.402806431055068970e-01
-6.876667737960815430e-01
-7.023131847381591797e-01
-1.328771948814392090e+00
1.427979767322540283e-01
1.001984238624572754e+00
-8.479567170143127441e-01
-2.143789291381835938e+00
-8.794982433319091797e-01
1.039685368537902832e+00
4.505009651184082031e-01
7.752186059951782227e-01
4.565796852111816406e-01
1.120045855641365051e-01
7.606115341186523438e-01
-5.783150792121887207e-01
-1.536415219306945801e-01
3.159595280885696411e-02
-1.106175184249877930e+00
-3.427635431289672852e-01
1.430005729198455811e-01
-1.495819687843322754e+00
7.209029197692871094e-01
-1.679672300815582275e-02
-2.570231258869171143e-01
-8.522054553031921387e-01
1.659216433763504028e-01
8.178586363792419434e-01
2.307212799787521362e-01
-1.446762830018997192e-01
-2.146476060152053833e-01
-4.539455771446228027e-01
5.758821964263916016e-01
5.971397161483764648e-01
1.832118481397628784e-01
1.829448342323303223e-01
-7.841492444276809692e-02
-2.097686566412448883e-02
-1.746010482311248779e-01
4.353716671466827393e-01
1.429067403078079224e-01
-1.116838888265192509e-03
-2.999252676963806152e-01
5.030305385589599609e-01
3.237595558166503906e-01
6.131949424743652344e-01
5.499846339225769043e-01
-2.950016260147094727e-01
-1.636458516120910645e+00
-7.339763045310974121e-01
-1.246480584144592285e+00
1.091352939605712891e+00
1.320347040891647339e-01
7.551188468933105469e-01
-4.511631131172180176e-01
7.792221903800964355e-01
-1.411048054695129395e+00
-1.954838514328002930e+00
-7.347398400306701660e-01
-5.746944546699523926e-01
4.894508048892021179e-02
-5.921919941902160645e-01
2.718146443367004395e-01
-3.458362072706222534e-02
-1.282804012298583984e+00
3.272562325000762939e-01
4.490684866905212402e-01
-1.869871653616428375e-02
1.100713372230529785e+00
-5.988917946815490723e-01
-1.010796785354614258e+00
-9.133992195129394531e-01
-1.040381073951721191e+00
2.695997059345245361e-01
1.392676711082458496e+00
-7.945896983146667480e-01
6.292359232902526855e-01
-4.289511218667030334e-02
-9.044743776321411133e-01
-8.722299337387084961e-01
1.245317161083221436e-01
-1.089511871337890625e+00
6.580268740653991699e-01
-1.395668864250183105e+00
4.040357172489166260e-01
1.138948202133178711e+00
-5.939625501632690430e-01
-5.129363536834716797e-01
-1.465632319450378418e+00
1.650308631360530853e-02
7.515698671340942383e-01
4.624853730201721191e-01
1.551720649003982544e-01
3.539018929004669189e-01
-1.535793542861938477e+00
-2.343064069747924805e+00
-1.503606885671615601e-01
3.880460187792778015e-02
5.225211381912231445e-01
-1.198868751525878906e+00
-6.787948608398437500e-01
-3.607813715934753418e-01
8.965755701065063477e-01
5.427936315536499023e-01
-7.440823912620544434e-01
-7.696590572595596313e-02
5.114605426788330078e-01
8.538549542427062988e-01
-3.041889071464538574e-01
-9.702711105346679688e-01
-6.152959465980529785e-01
7.556861639022827148e-01
-6.241451501846313477e-01
-4.689215123653411865e-01
-2.183135986328125000e+00
4.239616394042968750e-01
4.914847612380981445e-01
6.998548507690429688e-01
1.068545699119567871e+00
-6.975845694541931152e-01
5.195058584213256836e-01
1.362088084220886230e+00
-8.314541727304458618e-02
1.199145078659057617e+00
-1.001064777374267578e+00
6.042125821113586426e-01
4.062049090862274170e-01
-1.064884185791015625e+00
-6.967465579509735107e-02
-6.549587249755859375e-01
1.642938852310180664e-01
1.162486076354980469e-01
-8.558641672134399414e-01
-7.647402882575988770e-01
-1.144930720329284668e+00
-2.489159107208251953e-01
-7.573663592338562012e-01
-1.110461831092834473e+00
-2.417585849761962891e+00
2.578951418399810791e-01
-3.905358910560607910e-01
-6.063854694366455078e-01
6.741743087768554688e-01
4.463883638381958008e-01
-4.835939407348632812e-01
9.264017939567565918e-01
-3.301627039909362793e-01
5.511779189109802246e-01
1.113788411021232605e-01
5.321573019027709961e-01
1.031845927238464355e+00
-1.205708861351013184e+00
-1.356780529022216797e+00
-1.371301770210266113e+00
9.101648330688476562e-01
-3.440340235829353333e-02
8.830112218856811523e-02
-1.141994595527648926e+00
4.134456515312194824e-01
5.349372029304504395e-01
-2.359420061111450195e-01
3.394770920276641846e-01
-2.462317049503326416e-01
5.685889348387718201e-02
-3.409915268421173096e-01
3.365738987922668457e-01
-3.708945587277412415e-02
1.526200532913208008e+00
1.555208444595336914e+00
-1.822177290916442871e+00
3.634394109249114990e-01
-8.201496601104736328e-01
8.269970118999481201e-02
-1.166522383689880371e+00
7.310763001441955566e-01
-1.258480310440063477e+00
-7.570477724075317383e-01
-3.994211852550506592e-01
2.367844432592391968e-01
-1.024214148521423340e+00
6.767143607139587402e-01
-4.413022100925445557e-01
-7.286602258682250977e-01
-7.610085606575012207e-01
-5.077240467071533203e-01
8.921368718147277832e-01
1.098301529884338379e+00
-2.053671330213546753e-01
7.762150764465332031e-01
-4.382061660289764404e-01
3.820537626743316650e-01
-5.800057649612426758e-01
-7.498617768287658691e-01
1.868423372507095337e-01
-3.925612568855285645e-01
-1.817067503929138184e+00
2.808301150798797607e-01
-4.426657855510711670e-01
-2.667437493801116943e-01
9.310635328292846680e-01
1.403311252593994141e+00
1.989974677562713623e-01
2.010094404220581055e+00
-1.907311826944351196e-01
-1.386967301368713379e-01
9.873636066913604736e-02
6.592223048210144043e-01
-6.509476304054260254e-01
-1.850797414779663086e+00
-4.436226487159729004e-01
-7.869351506233215332e-01
-7.518602162599563599e-02
9.729638695716857910e-01
2.322692632675170898e+00
4.450607299804687500e-01
8.352336287498474121e-01
8.367633819580078125e-01
1.841981410980224609e+00
-1.429675817489624023e+00
-1.707380652427673340e+00
1.275245666503906250e+00
2.124335289001464844e+00
2.515073418617248535e-01
-3.798241317272186279e-01
7.007755041122436523e-01
1.238122940063476562e+00
-5.603638887405395508e-01
-7.529264688491821289e-02
8.216460943222045898e-01
-1.965259909629821777e-01
-7.304332256317138672e-01
3.711881041526794434e-01
-3.487961888313293457e-01
-3.282772600650787354e-01
3.408858537673950195e+00
1.386668920516967773e+00
9.909820556640625000e-01
8.777584433555603027e-01
4.974277615547180176e-01
9.400705695152282715e-01
-1.253863215446472168e+00
5.109013319015502930e-01
-1.835004091262817383e-01
-3.158970177173614502e-01
1.466633200645446777e+00
-6.998446583747863770e-01
6.316101178526878357e-03
7.118172645568847656e-01
-1.470494922250509262e-02
-1.788661181926727295e-01
4.798294603824615479e-02
-6.624463796615600586e-01
-1.598614454269409180e-01
-3.500335514545440674e-01
1.751937389373779297e+00
-3.945572376251220703e-01
-1.097911357879638672e+00
9.247612357139587402e-01
4.781597480177879333e-02
-1.064029932022094727e+00
-1.582582443952560425e-01
4.491749703884124756e-01
1.498893976211547852e+00
3.604136407375335693e-01
1.364388227462768555e+00
-4.793347716331481934e-01
1.747301369905471802e-01
7.977805286645889282e-02
2.139433622360229492e-01
-1.138074472546577454e-01
5.649243593215942383e-01
1.431468844413757324e+00
1.895523965358734131e-01
-9.219280630350112915e-02
-7.348496913909912109e-01
4.852027893066406250e-01
-7.464634180068969727e-01
-5.124226808547973633e-01
-9.673532247543334961e-01
1.925817131996154785e-01
3.268418312072753906e-01
1.003709733486175537e-01
7.084076404571533203e-01
7.508695721626281738e-01
1.094806790351867676e+00
6.106221079826354980e-01
-1.779044866561889648e+00
-8.147230148315429688e-01
4.931032657623291016e-01
-6.410466432571411133e-01
-6.205713152885437012e-01
2.145611308515071869e-02
-6.531868577003479004e-01
-1.217933893203735352e+00
-1.041025280952453613e+00
9.931270480155944824e-01
9.056922793388366699e-01
1.526587456464767456e-01
-2.319592684507369995e-01
2.095647454261779785e-01
2.284481674432754517e-01
-9.973217248916625977e-01
2.482222467660903931e-01
-9.531497359275817871e-01
6.079439520835876465e-01
-2.015300989151000977e-01
-1.978934109210968018e-01
-6.645773053169250488e-01
8.986432552337646484e-01
9.368020892143249512e-01
2.426546253263950348e-02
-3.316129446029663086e-01
-1.027708411216735840e+00
1.500956654548645020e+00
4.652082026004791260e-01
-1.329840660095214844e+00
-8.074126243591308594e-01
8.210573196411132812e-01
4.389717876911163330e-01
1.084674000740051270e+00
-7.628865838050842285e-01
-3.974125981330871582e-01
-1.607410550117492676e+00
-1.388017535209655762e+00
5.273528099060058594e-01
1.040838956832885742e+00
9.264915585517883301e-01
-4.259896278381347656e-01
1.569437980651855469e+00
-4.240015149116516113e-01
2.908688187599182129e-01
8.929537534713745117e-01
2.026890754699707031e+00
-2.293017692863941193e-02
1.694131195545196533e-01
-3.611766174435615540e-02
1.346577882766723633e+00
-2.083119936287403107e-02
-5.061796307563781738e-01
1.451325893402099609e+00
-3.997583687305450439e-01
5.008636116981506348e-01
1.117700710892677307e-01
-4.769757390022277832e-02
1.954596042633056641e-01
2.587030827999114990e-01
-7.441548109054565430e-01
3.049854636192321777e-01
1.918881833553314209e-01
-7.582952976226806641e-01
-1.133287787437438965e+00
3.232332766056060791e-01
7.073351144790649414e-01
-2.624459564685821533e-01
1.546559095382690430e+00
-1.164923161268234253e-01
2.984495878219604492e+00
1.790854930877685547e+00
1.115343213081359863e+00
-9.705100059509277344e-01
5.802057981491088867e-01
5.773329138755798340e-01
-1.826071739196777344e-01
8.585426956415176392e-02
3.947291076183319092e-01
-5.464568734169006348e-01
5.578827857971191406e-01
-1.108802914619445801e+00
5.876175761222839355e-01
2.447455376386642456e-01
-2.211994379758834839e-01
1.252586841583251953e+00
-1.573058366775512695e-01
1.430580019950866699e+00
-1.067727208137512207e+00
-1.057335495948791504e+00
-1.052470207214355469e+00
2.410786747932434082e-01
-1.924886345863342285e+00
5.706863999366760254e-01
4.046774506568908691e-01
9.666810035705566406e-01
-9.369807839393615723e-01
-6.478012353181838989e-02
7.493087053298950195e-01
6.014798879623413086e-01
7.945992946624755859e-01
-1.345959901809692383e+00
2.598243355751037598e-01
5.165479779243469238e-01
-5.128004550933837891e-01
-4.430691525340080261e-02
-8.242158889770507812e-01
6.194785237312316895e-01
-2.845916450023651123e-01
5.465841293334960938e-01
1.634301394224166870e-01
-1.807642281055450439e-01
-4.404832422733306885e-01
-1.329409599304199219e+00
-7.688315510749816895e-01
-7.276536822319030762e-01
1.407373070716857910e+00
5.947420597076416016e-01
4.773199260234832764e-01
1.341946274042129517e-01
4.309461116790771484e-01
1.621412634849548340e+00
-6.947894692420959473e-01
-3.547570109367370605e-01
2.664192914962768555e-01
-8.258108496665954590e-01
-8.077005147933959961e-01
6.676560640335083008e-01
-1.178990840911865234e+00
2.306682616472244263e-01
5.248696804046630859e-01
-1.144144758582115173e-01
1.479466319084167480e+00
-1.862837374210357666e-01
-8.403978943824768066e-01
-1.454201817512512207e+00
-3.123027682304382324e-01
-4.081652164459228516e-01
5.941908359527587891e-01
-2.621102929115295410e-01
2.880323231220245361e-01
5.211254358291625977e-01
1.850809305906295776e-01
-2.023032158613204956e-01
3.654186427593231201e-01
-7.741595506668090820e-01
1.474451661109924316e+00
1.560403466224670410e+00
-1.756245791912078857e-01
-8.943084478378295898e-01
6.385579705238342285e-01
-3.992511928081512451e-01
-1.132422327995300293e+00
-1.876886039972305298e-01
-5.944661498069763184e-01
2.409273684024810791e-01
1.122516751289367676e+00
-8.990882635116577148e-01
-1.118866324424743652e+00
8.589665889739990234e-01
1.876827597618103027e+00
4.474371671676635742e-01
-1.313696622848510742e+00
1.856252431869506836e+00
4.187006354331970215e-01
6.461420655250549316e-01
-2.509970068931579590e-01
-6.817633509635925293e-01
8.565819859504699707e-01
1.477668285369873047e-01
-9.801832437515258789e-01
2.373880863189697266e+00
1.657364487648010254e+00
3.616615235805511475e-01
-1.347677707672119141e+00
5.121670365333557129e-01
-1.433444142341613770e+00
-2.091477155685424805e+00
-3.965615332126617432e-01
-3.111277222633361816e-01
4.789080098271369934e-02
4.766287282109260559e-02
-7.327353954315185547e-01
7.034225463867187500e-01
-2.160093784332275391e+00
7.066090106964111328e-01
-4.148132801055908203e-01
3.291936814785003662e-01
-1.862703412771224976e-01
8.502281904220581055e-01
4.629101157188415527e-01
6.840603947639465332e-01
2.052285432815551758e+00
1.182572960853576660e+00
4.211325049400329590e-01
6.691645979881286621e-01
-1.049131989479064941e+00
-7.869811058044433594e-01
4.259007275104522705e-01
-1.108960509300231934e+00
-8.920150995254516602e-01
3.238356411457061768e-01
-1.513791203498840332e+00
6.438284367322921753e-02
9.140798449516296387e-01
-2.437352668493986130e-03
-1.834072113037109375e+00
1.284502625465393066e+00
3.749479353427886963e-01
-1.328919768333435059e+00
5.030310750007629395e-01
2.743110895156860352e+00
4.993503391742706299e-01
-1.002035021781921387e+00
-4.774311929941177368e-02
-4.697397351264953613e-01
-5.175930261611938477e-02
5.834912657737731934e-01
8.487974107265472412e-02
-7.287238836288452148e-01
5.882576107978820801e-01
1.512148857116699219e+00
-3.225077688694000244e-01
-7.788354158401489258e-01
2.099130451679229736e-01
-1.076685070991516113e+00
-8.552962541580200195e-02
1.549032092094421387e+00
4.311663508415222168e-01
-3.478468060493469238e-01
1.047131896018981934e+00
-2.012895047664642334e-01
-9.494395852088928223e-01
-7.170814275741577148e-01
8.326210975646972656e-01
3.763424754142761230e-01
-5.853341817855834961e-01
3.919709026813507080e-01
-6.031583547592163086e-01
3.681807592511177063e-02
7.278413176536560059e-01
3.435628712177276611e-01
1.345827244222164154e-02
-7.488630414009094238e-01
1.685337543487548828e+00
1.195052742958068848e+00
1.933168321847915649e-01
1.269762992858886719e+00
1.246594429016113281e+00
-8.921870589256286621e-01
1.384446501731872559e+00
4.145961999893188477e-01
-5.369831919670104980e-01
-2.091981619596481323e-01
1.727503165602684021e-02
-3.273327648639678955e-01
-6.098019331693649292e-02
-1.021030396223068237e-01
-2.121085077524185181e-01
7.876094430685043335e-02
-2.504871487617492676e-01
3.142283856868743896e-01
1.038550734519958496e+00
4.822743833065032959e-01
1.035289287567138672e+00
-4.575026631355285645e-01
-1.356404185295104980e+00
-1.042327523231506348e+00
-5.897738039493560791e-02
1.389767825603485107e-01
5.355705022811889648e-01
-2.395993471145629883e-01
-5.550286769866943359e-01
7.842509150505065918e-01
5.857102870941162109e-01
-1.261071413755416870e-01
6.168710589408874512e-01
-6.742556691169738770e-01
4.270698428153991699e-01
-7.742121815681457520e-01
-8.821416497230529785e-01
7.215572595596313477e-01
5.881437659263610840e-01
2.334983050823211670e-01
5.478747487068176270e-01
-1.171380758285522461e+00
-3.107881844043731689e-01
-5.102603510022163391e-02
6.140537858009338379e-01
4.753645658493041992e-01
-4.112496674060821533e-01
-6.879113316535949707e-01
-1.871639847755432129e+00
-1.688260316848754883e+00
-6.908671855926513672e-01
-1.229860305786132812e+00
4.151083827018737793e-01
-3.112601637840270996e-01
5.638124346733093262e-01
3.524362444877624512e-01
-7.260442972183227539e-01
-6.768193095922470093e-02
-4.908002018928527832e-01
1.577551364898681641e+00
-9.030180573463439941e-01
8.634989261627197266e-01
-5.247178077697753906e-01
3.810904622077941895e-01
7.785514593124389648e-01
6.003926992416381836e-01
1.600076794624328613e+00
2.441282719373703003e-01
-9.529426097869873047e-01
2.275597155094146729e-01
4.628539085388183594e-01
-1.002395987510681152e+00
-1.794921278953552246e+00
6.169838309288024902e-01
-4.159841835498809814e-01
7.986412644386291504e-01
4.583134651184082031e-01
1.518204510211944580e-01
-7.489820122718811035e-01
-2.441977113485336304e-01
-2.725443989038467407e-02
2.443683892488479614e-02
-2.210117131471633911e-01
8.573304414749145508e-01
8.043476194143295288e-02
-8.334370255470275879e-01
-1.319766759872436523e+00
6.819469332695007324e-01
-1.494020938873291016e+00
-1.589421510696411133e+00
-5.759732127189636230e-01
2.416781187057495117e-01
1.467008739709854126e-01
-1.488450407981872559e+00
-1.554715037345886230e-01
4.134842455387115479e-01
-4.609687626361846924e-01
2.428349852561950684e-01
4.189696907997131348e-02
-3.840648531913757324e-01
9.882171750068664551e-01
-2.725296914577484131e-01
5.290816351771354675e-02
1.651494950056076050e-01
8.101360201835632324e-01
-9.341226518154144287e-02
-7.179552316665649414e-01
-1.486088871955871582e+00
1.070667291060090065e-03
1.344649434089660645e+00
-4.756810069084167480e-01
2.006032228469848633e+00
1.336359083652496338e-01
-1.430293679237365723e+00
-2.576257586479187012e-01
-2.098867297172546387e-01
5.551197379827499390e-02
-7.435609400272369385e-02
-4.127616882324218750e-01
1.338725209236145020e+00
-1.733609557151794434e+00
-9.315986037254333496e-01
-4.571023583412170410e-01
-5.375500321388244629e-01
5.860668420791625977e-01
2.276559770107269287e-01
-1.134916782379150391e+00
7.637119889259338379e-01
6.710222959518432617e-01
1.596817821264266968e-01
9.799865633249282837e-02
2.451116144657135010e-01
-6.141890287399291992e-01
-7.202098965644836426e-01
1.308525502681732178e-01
-1.507969945669174194e-01
8.340197205543518066e-01
-1.167828202247619629e+00
5.500420928001403809e-01
6.875702142715454102e-01
4.692611992359161377e-01
-1.153820678591728210e-01
2.066562652587890625e+00
8.033921122550964355e-01
-2.258922338485717773e+00
1.257683634757995605e+00
2.442624419927597046e-03
-8.547880649566650391e-01
-2.614020407199859619e-01
-1.723492980003356934e+00
-3.242105543613433838e-01
7.561795115470886230e-01
5.137304067611694336e-01
-9.560295343399047852e-01
8.433416485786437988e-01
-5.611106753349304199e-01
-1.435707092285156250e+00
-1.092568039894104004e+00
-1.062029600143432617e+00
5.218824148178100586e-01
3.698315620422363281e-01
-1.466363310813903809e+00
-9.391889572143554688e-01
6.513037681579589844e-01
3.777332901954650879e-01
-1.036039829254150391e+00
1.795706339180469513e-02
-2.073994636535644531e+00
-1.432357192039489746e+00
1.411966234445571899e-01
2.936948537826538086e-01
-9.721868485212326050e-02
-2.901644110679626465e-01
9.959875345230102539e-01
1.418176889419555664e+00
4.176838099956512451e-01
-1.499929092824459076e-02
-4.671871066093444824e-01
1.367613315582275391e+00
1.206056594848632812e+00
5.951083898544311523e-01
4.092372208833694458e-02
1.271193772554397583e-01
7.889917492866516113e-02
1.331049561500549316e+00
4.826499223709106445e-01
3.680621087551116943e-01
5.177695751190185547e-01
-2.151348352432250977e+00
1.160620450973510742e+00
-9.563691020011901855e-01
4.079759716987609863e-01
-2.017385721206665039e+00
3.112750649452209473e-01
-7.846210598945617676e-01
-1.607064157724380493e-01
2.052806019783020020e-01
-3.706001043319702148e-01
-9.499709606170654297e-01
8.387898206710815430e-01
-4.557729959487915039e-01
1.742034852504730225e-01
-4.185669720172882080e-01
-1.226085051894187927e-01
