5.776482224464416504e-01
1.266361474990844727e-01
-1.032191514968872070e+00
-5.466158390045166016e-01
-2.183274179697036743e-01
-7.255214452743530273e-01
-3.961887583136558533e-02
5.829996243119239807e-02
-1.556111693382263184e+00
-1.538403704762458801e-02
4.390889406204223633e-01
-1.833628416061401367e+00
6.509213149547576904e-02
8.377645164728164673e-03
-2.624810636043548584e-01
-8.293859362602233887e-01
-1.795144751667976379e-02
1.098358556628227234e-01
3.208734393119812012e-01
1.675401806831359863e+00
1.864374637603759766e+00
1.207095850259065628e-02
1.564103484153747559e+00
-1.360916018486022949e+00
1.301127791404724121e+00
-6.684082150459289551e-01
-4.312684834003448486e-01
4.079867601394653320e-01
-2.105455636978149414e+00
-4.953955858945846558e-02
-2.970520555973052979e-01
-4.431012272834777832e-02
-1.125769734382629395e+00
-7.554862499237060547e-01
-1.994145363569259644e-01
5.072056055068969727e-01
-1.962336748838424683e-01
-1.605379581451416016e+00
2.361609600484371185e-02
6.321004033088684082e-01
-1.323361158370971680e+00
-1.351529479026794434e+00
-8.209795504808425903e-02
-3.005191497504711151e-02
9.130920767784118652e-01
3.243851065635681152e-01
-1.100450515747070312e+00
-3.807425200939178467e-01
6.107671260833740234e-01
1.560586214065551758e+00
-3.218492567539215088e-01
4.129862412810325623e-02
-5.456278920173645020e-01
1.069319248199462891e+00
5.989252328872680664e-01
-1.225562334060668945e+00
2.425809949636459351e-01
-5.312839150428771973e-01
4.424437507987022400e-02
-1.865883320569992065e-01
7.347173094749450684e-01
1.810015439987182617e-01
1.346507072448730469e+00
-2.162444293498992920e-01
2.287071794271469116e-01
-3.367542922496795654e-01
1.155974626541137695e+00
-5.724089145660400391e-01
5.704455971717834473e-01
-2.887277007102966309e-01
-4.026132822036743164e-01
1.078322052955627441e+00
-4.872905462980270386e-02
-8.766760677099227905e-02
-1.519625335931777954e-01
7.531998679041862488e-03
1.401631832122802734e-01
2.562464475631713867e-01
-6.317248344421386719e-01
1.015520215034484863e+00
3.971138298511505127e-01
3.221127092838287354e-01
-2.024676322937011719e+00
3.728897869586944580e-01
-7.544925212860107422e-01
1.563075631856918335e-01
-4.391686320304870605e-01
-6.128906011581420898e-01
1.966774761676788330e-01
-1.167591735720634460e-01
-1.073379755020141602e+00
-1.000254034996032715e+00
-5.149497836828231812e-02
9.296299219131469727e-01
-5.412682294845581055e-01
2.105697691440582275e-01
2.905492484569549561e-01
2.176358103752136230e-01
-9.260961413383483887e-01
1.042421221733093262e+00
6.338953375816345215e-01
1.459020674228668213e-01
3.981267809867858887e-01
-2.448558211326599121e-01
-1.369677901268005371e+00
-4.145139753818511963e-01
-2.399685859680175781e+00
2.591579854488372803e-01
6.706708073616027832e-01
4.189103841781616211e-01
2.540774941444396973e-01
7.682445049285888672e-01
-1.788338899612426758e+00
-7.751914262771606445e-01
-3.721276819705963135e-01
-3.140562176704406738e-01
-1.319072842597961426e-01
7.938703894615173340e-01
1.130322441458702087e-01
1.051486611366271973e+00
8.177288621664047241e-02
9.651060104370117188e-01
-1.395583629608154297e+00
7.143456339836120605e-01
8.914639353752136230e-01
-4.629460573196411133e-01
1.003752350807189941e+00
5.897871255874633789e-01
-9.469032883644104004e-01
-4.509455859661102295e-01
-1.946956366300582886e-01
-8.634527325630187988e-01
2.834258675575256348e-01
-9.877807497978210449e-01
-1.813451528549194336e+00
8.572206832468509674e-03
4.333050847053527832e-01
-8.359611034393310547e-01
-1.082543492317199707e+00
4.760083258152008057e-01
-5.192939043045043945e-01
1.351624131202697754e+00
3.759447038173675537e-01
-4.814065694808959961e-01
-1.007178068161010742e+00
1.577892184257507324e+00
-2.223988026380538940e-01
-1.328159689903259277e+00
1.240170747041702271e-02
-3.074842989444732666e-01
1.053611278533935547e+00
4.781406819820404053e-01
2.541414499282836914e-01
-2.082942128181457520e-01
1.470087409019470215e+00
3.594559431076049805e-01
-5.044941306114196777e-01
-5.105131268501281738e-01
-4.941340088844299316e-01
9.241771101951599121e-01
4.944966733455657959e-01
-3.496860861778259277e-01
-2.881809696555137634e-02
-6.094914674758911133e-01
-9.159436821937561035e-02
-3.431905210018157959e-01
-4.891285598278045654e-01
-2.423652857542037964e-01
-2.500680834054946899e-02
-2.428114600479602814e-02
-3.876677453517913818e-01
-1.765261411666870117e+00
-1.656353116035461426e+00
1.468587756156921387e+00
3.195212185382843018e-01
4.485185146331787109e-01
1.518502682447433472e-01
5.570840239524841309e-01
5.781909078359603882e-02
9.419444799423217773e-01
-1.039573431015014648e+00
-9.376859068870544434e-01
-1.167930245399475098e+00
3.643112778663635254e-01
9.806519746780395508e-01
-5.535253882408142090e-01
-1.222060680389404297e+00
-2.575199604034423828e-01
1.003080129623413086e+00
6.657927632331848145e-01
-2.709591574966907501e-02
-5.049635767936706543e-01
-1.490367501974105835e-01
8.578639626502990723e-01
-1.889795064926147461e+00
7.253330945968627930e-01
-3.512452244758605957e-01
-5.014359951019287109e-01
5.114510655403137207e-01
-2.447958886623382568e-01
-2.815849483013153076e-01
1.226714849472045898e+00
2.381820201873779297e+00
-1.010214209556579590e+00
2.092883884906768799e-01
-8.950350284576416016e-01
5.680668950080871582e-01
-1.505172252655029297e+00
6.448013782501220703e-01
-1.415928304195404053e-01
-2.794912159442901611e-01
-7.005405426025390625e-01
8.465468883514404297e-01
-5.503796935081481934e-01
-4.482615590095520020e-01
6.347453594207763672e-01
-1.641461372375488281e+00
-1.344318240880966187e-01
-7.975248098373413086e-01
5.865000560879707336e-02
7.550267875194549561e-02
1.071062088012695312e+00
1.791235804557800293e-01
-1.189840063452720642e-01
9.921699762344360352e-01
1.916107684373855591e-01
1.015891909599304199e+00
5.978542566299438477e-01
-8.751729130744934082e-01
-6.395480632781982422e-01
3.686517179012298584e-01
-1.203848481178283691e+00
-2.132540643215179443e-01
1.243049263954162598e+00
7.607873082160949707e-01
9.879950284957885742e-01
8.220055699348449707e-01
-9.555223584175109863e-01
2.047890275716781616e-01
-4.306645095348358154e-01
3.673858046531677246e-01
8.533006310462951660e-01
-1.689432501792907715e+00
5.876677632331848145e-01
-6.339278221130371094e-01
-2.487342953681945801e-01
1.385261714458465576e-01
1.151552200317382812e+00
1.086851656436920166e-01
-5.177699923515319824e-01
-4.898078441619873047e-01
3.105974197387695312e-01
-1.202484488487243652e+00
-1.015986323356628418e+00
1.471009105443954468e-01
-5.907630324363708496e-01
1.316890716552734375e-01
2.270643860101699829e-01
5.620801076292991638e-02
4.766895174980163574e-01
2.856120467185974121e-01
7.632279992103576660e-01
1.383296132087707520e+00
-1.305266022682189941e+00
-1.110177636146545410e+00
1.052178502082824707e+00
7.715660929679870605e-01
-1.049324393272399902e+00
3.103793144226074219e+00
1.052969336509704590e+00
5.754290223121643066e-01
1.232885479927062988e+00
6.411411762237548828e-01
1.077121496200561523e+00
-9.117506742477416992e-01
1.477611780166625977e+00
-1.358403414487838745e-01
-9.658876657485961914e-01
5.282574295997619629e-01
-7.753382325172424316e-01
5.204657912254333496e-01
-7.926874756813049316e-01
6.568077802658081055e-01
-1.057878807187080383e-01
-1.694826968014240265e-02
2.391094863414764404e-01
-1.867865771055221558e-01
6.756732463836669922e-01
-3.468212485313415527e-01
-6.428176164627075195e-01
-1.860028147697448730e+00
-3.889244198799133301e-01
4.291395843029022217e-01
-1.447956085205078125e+00
8.063223958015441895e-02
-6.116999983787536621e-01
5.045473575592041016e-01
-4.008194804191589355e-01
5.948008298873901367e-01
3.238527476787567139e-01
1.157580763101577759e-01
-9.556591510772705078e-01
2.195483744144439697e-01
-1.120187900960445404e-02
1.302272200584411621e+00
9.204122424125671387e-01
6.545737981796264648e-01
-9.880647659301757812e-01
-3.904436156153678894e-02
9.120504558086395264e-02
-1.062615275382995605e+00
-1.319316864013671875e+00
-1.242304921150207520e+00
1.219810605049133301e+00
2.398767620325088501e-01
-1.645021885633468628e-01
1.461575508117675781e+00
2.089404910802841187e-01
4.310071766376495361e-01
5.118480920791625977e-01
-1.249730944633483887e+00
4.897764325141906738e-02
9.219232797622680664e-01
-1.976122260093688965e-01
-6.251922249794006348e-01
-8.306632190942764282e-02
-5.369700789451599121e-01
-8.069710731506347656e-01
-6.173493266105651855e-01
1.280975222587585449e+00
8.496716022491455078e-01
-4.933621883392333984e-01
4.739963263273239136e-02
-3.175416588783264160e-02
-4.093437492847442627e-01
-1.851868033409118652e+00
-4.844055771827697754e-01
-1.031963348388671875e+00
1.092041254043579102e+00
-8.882197737693786621e-01
-3.460861146450042725e-01
-3.436067402362823486e-01
8.597297668457031250e-01
8.555460572242736816e-01
5.447374582290649414e-01
-1.602094620466232300e-01
-1.711470723152160645e+00
7.179895639419555664e-01
-7.118519544601440430e-01
-3.137578368186950684e-01
-9.431735277175903320e-01
-8.666395395994186401e-02
1.006187319755554199e+00
-1.454436302185058594e+00
-4.313493072986602783e-01
-1.017642840743064880e-01
-1.032709360122680664e+00
-4.923416376113891602e-01
6.434668302536010742e-01
1.246012210845947266e+00
4.293651878833770752e-01
-1.787103414535522461e-01
3.653481602668762207e-02
3.316801786422729492e-01
-1.054277181625366211e+00
6.964731216430664062e-01
1.492610812187194824e+00
3.071211576461791992e-01
3.529763519763946533e-01
4.261910319328308105e-01
1.002991318702697754e+00
1.142599955201148987e-01
-1.151927828788757324e+00
1.723815679550170898e+00
8.158094882965087891e-01
-1.127784326672554016e-01
-9.964910745620727539e-01
-1.287877857685089111e-01
2.332668304443359375e-01
5.187619924545288086e-01
5.723835229873657227e-01
7.294067740440368652e-01
1.903999894857406616e-01
-7.820181548595428467e-03
-1.025662541389465332e+00
6.107661128044128418e-01
3.127988055348396301e-02
-1.189424276351928711e+00
6.523857712745666504e-01
-3.444802165031433105e-01
3.483315467834472656e+00
6.312475204467773438e-01
7.124926447868347168e-01
-3.002493977546691895e-01
1.549473166465759277e+00
-1.923422068357467651e-01
-1.064120054244995117e+00
3.301850855350494385e-01
-6.970806717872619629e-01
8.123160004615783691e-01
6.140810847282409668e-01
-5.764946937561035156e-01
1.570434868335723877e-01
-1.341043353080749512e+00
-1.626833796501159668e+00
1.724956333637237549e-01
-6.921915411949157715e-01
1.393849968910217285e+00
-1.193505302071571350e-01
-6.222606301307678223e-01
-1.839703023433685303e-01
-3.820831421762704849e-03
-1.057160377502441406e+00
7.083510160446166992e-01
1.224075317382812500e+00
1.194390892982482910e+00
-7.877877950668334961e-01
7.088299989700317383e-01
-8.011841773986816406e-01
1.411365032196044922e+00
-1.072628140449523926e+00
-9.609963297843933105e-01
4.945597350597381592e-01
1.498457312583923340e+00
-9.812431931495666504e-01
2.882684767246246338e-01
-1.881346225738525391e+00
-8.778897523880004883e-01
-1.141332149505615234e+00
2.880675196647644043e-01
-4.493995010852813721e-01
8.202565461397171021e-02
9.554115533828735352e-01
-7.480691671371459961e-01
-1.231855869293212891e+00
3.123404383659362793e-01
1.220200136303901672e-01
7.199652791023254395e-01
-3.544228672981262207e-01
1.353141367435455322e-01
3.415259122848510742e-01
6.095080971717834473e-01
-8.715017437934875488e-01
4.908668249845504761e-02
2.110832184553146362e-01
-6.001125574111938477e-01
-1.516569703817367554e-01
-3.930499311536550522e-03
-4.341077804565429688e-01
-9.190250039100646973e-01
-7.388113737106323242e-01
-2.972520291805267334e-01
1.599810570478439331e-01
-6.030775904655456543e-01
-1.199181914329528809e+00
4.790106713771820068e-01
9.928907752037048340e-01
1.263376235961914062e+00
-7.933046668767929077e-02
-3.031593263149261475e-01
7.591908574104309082e-01
-2.218861877918243408e-01
1.221415102481842041e-01
-3.015234768390655518e-01
-5.561980009078979492e-01
-9.254514575004577637e-01
-6.901454180479049683e-02
9.671944379806518555e-01
1.154263969510793686e-02
-1.527085006237030029e-01
2.324172854423522949e-01
8.351103663444519043e-01
-1.152656674385070801e+00
1.771651506423950195e-01
1.386328488588333130e-01
-6.661640405654907227e-01
5.104736238718032837e-02
-3.475801348686218262e-01
-7.517825365066528320e-01
7.616021037101745605e-01
9.055582880973815918e-01
-3.896249532699584961e-01
-1.027609705924987793e+00
1.009065985679626465e+00
-5.309655517339706421e-02
-1.882810518145561218e-02
3.425337970256805420e-01
2.955832481384277344e-01
6.151705384254455566e-01
1.642574369907379150e-01
-4.727811366319656372e-02
9.375017881393432617e-01
4.585916399955749512e-01
9.279266595840454102e-01
-7.993873357772827148e-01
5.639822483062744141e-01
-2.169812768697738647e-01
-3.015624284744262695e+00
-4.840366840362548828e-01
-3.926794826984405518e-01
1.637257039546966553e-01
-3.054679036140441895e-01
-9.192033410072326660e-01
8.702048659324645996e-01
-1.794981002807617188e+00
-1.075061410665512085e-01
-6.252691149711608887e-01
8.806998133659362793e-01
-3.622490763664245605e-01
7.616875171661376953e-01
9.505587816238403320e-01
-2.471372298896312714e-02
-4.847432374954223633e-01
4.191303551197052002e-01
-2.469587922096252441e-01
3.670246303081512451e-01
-3.659050166606903076e-01
-9.236004203557968140e-02
6.065594553947448730e-01
-3.072835505008697510e-01
-1.878726333379745483e-01
1.606318801641464233e-01
-2.592658996582031250e+00
-4.701345860958099365e-01
2.631922811269760132e-02
3.022866547107696533e-01
-6.026120185852050781e-01
7.156919240951538086e-01
1.385880947113037109e+00
-1.880322247743606567e-01
1.502833515405654907e-01
4.075779020786285400e-01
5.551818013191223145e-01
1.369976997375488281e-01
-7.097996473312377930e-01
-1.024916648864746094e+00
-4.030209779739379883e-01
-6.320250779390335083e-02
-7.293161615962162614e-05
-3.559982776641845703e-01
-6.494335532188415527e-01
4.393633902072906494e-01
-5.932081341743469238e-01
-7.692915797233581543e-01
1.290506720542907715e+00
-2.608491778373718262e-01
-4.168192148208618164e-01
7.725806236267089844e-01
-1.125081419944763184e+00
3.300963342189788818e-01
3.839351236820220947e-01
1.817646473646163940e-01
-8.510315418243408203e-01
-8.223309516906738281e-01
7.882265448570251465e-01
1.030903458595275879e+00
-4.261667430400848389e-01
1.070683479309082031e+00
-5.022237300872802734e-01
-7.643179893493652344e-01
-1.916140764951705933e-01
1.010300159454345703e+00
-7.644978761672973633e-01
-8.757131695747375488e-01
-2.039909660816192627e-01
-4.807769656181335449e-01
1.239212632179260254e+00
1.114994883537292480e+00
2.259740829467773438e+00
-9.877954125404357910e-01
9.009674787521362305e-01
4.634819924831390381e-01
-6.555081903934478760e-02
-1.075511932373046875e+00
-4.517149627208709717e-01
1.576702110469341278e-02
-6.312700510025024414e-01
-5.659484267234802246e-01
1.485477209091186523e+00
7.480343431234359741e-02
-7.293503284454345703e-01
9.612293541431427002e-02
6.198516860604286194e-02
4.460600018501281738e-02
9.437184929847717285e-01
-5.621390789747238159e-02
-7.804636359214782715e-01
-1.594488739967346191e+00
-5.105298161506652832e-01
-2.201562970876693726e-01
-5.860503911972045898e-01
-3.560502827167510986e-01
-2.353399693965911865e-01
3.414394557476043701e-01
-1.844961196184158325e-01
-1.267194151878356934e+00
2.381521910429000854e-01
-8.339501917362213135e-02
-8.375414460897445679e-02
1.161438226699829102e+00
-1.554260700941085815e-01
-4.702497720718383789e-01
1.495505869388580322e-01
4.516223371028900146e-01
1.352495908737182617e+00
-3.644173145294189453e-01
-5.106750130653381348e-01
-1.033998847007751465e+00
4.441874623298645020e-01
1.583945155143737793e+00
-3.346156477928161621e-01
-5.887515544891357422e-01
5.844330191612243652e-01
-2.356614917516708374e-01
-1.114889979362487793e+00
-1.189143776893615723e+00
-4.279208183288574219e-02
-1.007896900177001953e+00
7.445319890975952148e-01
7.987039685249328613e-01
-2.297513633966445923e-01
5.799709558486938477e-01
-1.518578052520751953e+00
1.011035323143005371e+00
-1.201023221015930176e+00
6.038774847984313965e-01
9.516203999519348145e-01
1.839109808206558228e-01
1.806960105895996094e-01
-1.023774027824401855e+00
8.485990762710571289e-01
2.951084077358245850e-01
6.846877336502075195e-01
1.952749133110046387e+00
4.321264028549194336e-01
5.384864807128906250e-01
-2.358829230070114136e-01
4.668619334697723389e-01
-3.745918571949005127e-01
6.030967235565185547e-01
-8.085161447525024414e-01
8.737049251794815063e-02
-1.192279338836669922e+00
2.412498295307159424e-01
-9.224098324775695801e-01
2.269263029098510742e+00
-7.502627968788146973e-01
-9.111540913581848145e-01
1.510402202606201172e+00
-1.536619067192077637e+00
-4.625489711761474609e-01
-5.282245278358459473e-01
-8.591329455375671387e-01
-2.932490110397338867e-01
2.100099027156829834e-01
1.740516573190689087e-01
-8.027800172567367554e-02
1.604457348585128784e-01
-3.544965758919715881e-02
1.075786113739013672e+00
-4.901387393474578857e-01
5.533385276794433594e-01
-2.209356874227523804e-01
-3.687406182289123535e-01
-3.343503549695014954e-02
-5.995564535260200500e-02
-1.362069845199584961e-01
9.907800555229187012e-01
1.317972838878631592e-01
-8.012605309486389160e-01
-3.713843226432800293e-01
-7.358335256576538086e-01
1.403405666351318359e+00
1.798053026199340820e+00
4.247033298015594482e-01
3.332940936088562012e-01
7.253913581371307373e-02
-7.877600789070129395e-01
9.421050548553466797e-01
6.692649126052856445e-01
7.547214627265930176e-02
-9.491801261901855469e-01
-2.638321518898010254e-01
9.116247296333312988e-01
-2.355546057224273682e-01
-2.307241410017013550e-01
-8.667583465576171875e-01
-5.932807922363281250e-01
6.363026499748229980e-01
1.768925637006759644e-01
-6.467911601066589355e-01
-1.028420682996511459e-02
-6.118836402893066406e-01
-2.789784669876098633e-01
1.114643692970275879e+00
7.932379841804504395e-01
-2.671792209148406982e-01
-8.017070889472961426e-01
-4.309055209159851074e-01
3.217527568340301514e-01
6.981760263442993164e-01
5.311074256896972656e-01
2.975486963987350464e-02
4.357464015483856201e-01
1.091735839843750000e+00
-4.128436148166656494e-01
8.298084139823913574e-01
-4.498395323753356934e-01
-1.529099047183990479e-01
1.847935318946838379e-01
2.101646214723587036e-01
-5.085203647613525391e-01
-4.030418694019317627e-01
-7.527390718460083008e-01
-1.121401548385620117e+00
2.653457522392272949e-01
4.293957948684692383e-01
-6.593659520149230957e-01
8.566647768020629883e-01
-5.506438612937927246e-01
-9.008653759956359863e-01
4.394330084323883057e-01
-9.993641376495361328e-01
-1.494858264923095703e-01
1.650856435298919678e-01
-4.857420623302459717e-01
-1.907091885805130005e-01
3.207043111324310303e-01
4.743459224700927734e-01
-1.641184687614440918e+00
1.486419141292572021e-01
-1.063569903373718262e+00
-8.334349393844604492e-01
-8.411010354757308960e-02
9.680865406990051270e-01
-3.166456222534179688e-01
1.047658622264862061e-01
5.914928317070007324e-01
8.788859248161315918e-01
1.612375527620315552e-01
4.819467961788177490e-01
-1.164519786834716797e+00
9.296487569808959961e-01
1.878498792648315430e+00
-2.504350841045379639e-01
-1.335134029388427734e+00
-5.659364461898803711e-01
-2.870595753192901611e-01
1.311207890510559082e+00
-1.745718568563461304e-01
1.614968061447143555e+00
-4.570507407188415527e-01
-1.029634952545166016e+00
3.527362942695617676e-01
-1.771373391151428223e+00
4.857432842254638672e-01
-8.746405243873596191e-01
-1.386093497276306152e-01
8.643533587455749512e-01
-6.054507941007614136e-02
-6.662503480911254883e-01
-4.478120505809783936e-01
-1.075797319412231445e+00
4.451394081115722656e-01
-1.072471588850021362e-01
-2.552278041839599609e-01
3.322298824787139893e-01
-4.808668494224548340e-01
