2.144951820373535156e-01
-3.072479069232940674e-01
-5.900168418884277344e-01
-8.113157153129577637e-01
-5.550739169120788574e-01
-1.944862008094787598e-01
-1.458864361047744751e-01
-1.283964872360229492e+00
-2.581672072410583496e-01
-6.655799746513366699e-01
-3.366722166538238525e-01
-1.899989321827888489e-02
1.489435434341430664e-01
1.029490083456039429e-01
-5.705631971359252930e-01
-4.258623123168945312e-01
-1.705403774976730347e-01
3.285159468650817871e-01
-3.549646586179733276e-02
9.782333970069885254e-01
-4.632018208503723145e-01
-1.501061201095581055e+00
3.580978810787200928e-01
-3.336159512400627136e-02
-3.301097154617309570e-01
5.266717076301574707e-01
-2.870274484157562256e-01
-1.711119264364242554e-01
-1.427038192749023438e+00
-1.454009115695953369e-01
-6.501526832580566406e-01
-2.743611335754394531e-01
-1.654162883758544922e+00
5.202102661132812500e-01
-1.020990490913391113e+00
6.404174864292144775e-02
-1.408060193061828613e-01
-1.934364557266235352e+00
1.240518093109130859e-01
3.539914786815643311e-01
6.868793629109859467e-03
-6.758561134338378906e-01
-9.631323814392089844e-01
-3.467395007610321045e-01
8.107502460479736328e-01
8.702698349952697754e-01
3.987035155296325684e-01
-1.739870309829711914e-01
3.272474110126495361e-01
1.538995385169982910e+00
-2.573757767677307129e-01
-4.948001801967620850e-01
-6.220589280128479004e-01
-2.208811044692993164e-01
-4.137753248214721680e-01
1.530921459197998047e-01
-2.909135222434997559e-01
1.574302166700363159e-01
7.327786087989807129e-02
-3.448621034622192383e-01
-8.302024602890014648e-01
1.207552850246429443e-01
4.398685991764068604e-01
-4.895145893096923828e-01
7.209703326225280762e-01
-6.573781371116638184e-01
5.380646884441375732e-02
3.554468974471092224e-02
4.510441422462463379e-01
-3.870687782764434814e-01
2.683700025081634521e-01
-6.426278501749038696e-03
2.043409943580627441e-01
-4.394430220127105713e-01
-1.528458237648010254e+00
3.907620012760162354e-01
3.199101984500885010e-02
2.473872303962707520e-01
1.109894275665283203e+00
-5.400944352149963379e-01
-5.607491731643676758e-01
-1.229201555252075195e+00
-9.867055416107177734e-01
-3.490457832813262939e-01
2.455805391073226929e-01
2.924961149692535400e-01
-3.697312772274017334e-01
-4.131159484386444092e-01
2.840777039527893066e-01
6.844084858894348145e-01
-3.009273707866668701e-01
-1.074323654174804688e+00
8.847615681588649750e-03
5.696077942848205566e-01
-6.541457176208496094e-01
6.944329738616943359e-01
4.786144196987152100e-01
-3.463807404041290283e-01
-8.543227910995483398e-01
2.401743680238723755e-01
4.686445295810699463e-01
-5.796734690666198730e-01
1.219110965728759766e+00
-6.256287097930908203e-01
-7.229781746864318848e-01
1.504140943288803101e-01
-7.887431979179382324e-01
1.213370919227600098e+00
1.831090301275253296e-01
-4.115936532616615295e-02
4.762176796793937683e-02
1.424850225448608398e+00
-6.030944585800170898e-01
-4.427766501903533936e-01
-3.200689852237701416e-01
5.815355181694030762e-01
-6.685562133789062500e-01
-1.568049192428588867e+00
-1.637813001871109009e-01
7.089166641235351562e-01
1.504389643669128418e+00
-3.235428631305694580e-01
-2.809945046901702881e-01
5.335820913314819336e-01
9.997241497039794922e-01
-2.964191436767578125e-01
1.006279706954956055e+00
1.221665620803833008e+00
-3.520683646202087402e-01
-1.236036896705627441e+00
1.550494551658630371e+00
-9.427142739295959473e-01
5.179947018623352051e-01
-1.242835521697998047e+00
-2.195352077484130859e+00
-1.252781003713607788e-01
1.474592238664627075e-01
-1.873355358839035034e-02
-7.346768975257873535e-01
-5.913778021931648254e-02
1.461122930049896240e-01
4.621071815490722656e-01
8.693742752075195312e-01
5.518839359283447266e-01
-1.387293577194213867e+00
1.450408399105072021e-01
-2.101184874773025513e-01
-1.196182608604431152e+00
-3.837242722511291504e-01
-6.766170859336853027e-01
3.026064932346343994e-01
4.822118580341339111e-02
3.186866343021392822e-01
-4.625829160213470459e-01
3.138678669929504395e-01
2.769298851490020752e-01
-1.471974372863769531e+00
6.618860960006713867e-01
1.505910158157348633e-01
5.710009932518005371e-01
3.602968454360961914e-01
-4.824033677577972412e-01
8.059889823198318481e-02
1.853524595499038696e-01
-2.273358404636383057e-01
-1.468148350715637207e+00
-7.227715849876403809e-01
-9.131424129009246826e-02
-1.284357756376266479e-01
1.162459135055541992e+00
-1.656316876411437988e+00
-9.586490392684936523e-01
-1.387385845184326172e+00
6.194918155670166016e-01
-3.102779984474182129e-01
2.481942176818847656e-01
1.650154232978820801e+00
-3.157679736614227295e-01
-5.667902827262878418e-01
3.802365064620971680e-01
-4.192376434803009033e-01
-2.826675474643707275e-01
-8.597158193588256836e-01
6.107957959175109863e-01
8.097221851348876953e-01
-5.393646955490112305e-01
-8.892543911933898926e-01
-4.455918669700622559e-01
1.013709306716918945e+00
3.756659626960754395e-01
8.090637922286987305e-01
1.210113167762756348e-01
2.169817835092544556e-01
1.384133577346801758e+00
-7.102214694023132324e-01
-6.775389909744262695e-01
2.298787534236907959e-01
1.074777126312255859e+00
3.177207410335540771e-01
1.693416833877563477e-01
6.469175815582275391e-01
8.781831860542297363e-01
7.533096671104431152e-01
1.669096797704696655e-01
5.331408977508544922e-01
-2.563863098621368408e-01
3.653157874941825867e-02
-8.968521952629089355e-01
1.576625704765319824e-01
-1.307201385498046875e+00
2.966267764568328857e-01
-3.740168362855911255e-02
1.087644249200820923e-01
-6.514896154403686523e-01
-1.845908015966415405e-01
-3.840619027614593506e-01
-1.138197183609008789e+00
-4.402318596839904785e-01
9.450964331626892090e-01
1.302892118692398071e-01
1.731498390436172485e-01
-8.013704419136047363e-01
8.494262099266052246e-01
4.170841276645660400e-01
4.268010258674621582e-01
-2.693494595587253571e-02
1.161279439926147461e+00
6.862143874168395996e-01
-8.225844502449035645e-01
-1.085522174835205078e+00
4.706160128116607666e-01
-1.541967034339904785e+00
-6.028239056468009949e-02
-1.865679919719696045e-01
-2.273696810007095337e-01
-1.815871745347976685e-01
1.323397874832153320e+00
3.974937498569488525e-01
-1.010456323623657227e+00
-2.955701053142547607e-01
7.199874520301818848e-01
1.229213356971740723e+00
-9.973286986351013184e-01
1.747959405183792114e-01
-9.662078022956848145e-01
5.119228363037109375e-01
-8.367723822593688965e-01
4.091530442237854004e-01
4.958576261997222900e-01
-1.020738035440444946e-01
1.281776726245880127e-01
4.131250828504562378e-02
-1.486325383186340332e+00
-6.038253903388977051e-01
-2.107946760952472687e-02
2.988403141498565674e-01
2.450853735208511353e-01
4.032333493232727051e-01
-3.045362830162048340e-01
4.633653163909912109e-01
8.911150097846984863e-01
1.796759814023971558e-01
1.310820102691650391e+00
-9.717286229133605957e-01
-1.154281616210937500e+00
8.229667544364929199e-01
3.267720639705657959e-01
-6.420790553092956543e-01
2.584609270095825195e+00
1.132562875747680664e+00
-4.931333065032958984e-01
1.212363362312316895e+00
1.697664856910705566e+00
-3.793526589870452881e-01
-1.145878672599792480e+00
1.120834708213806152e+00
-1.900953799486160278e-01
1.409931331872940063e-01
2.640500962734222412e-01
-1.384906619787216187e-01
9.120305776596069336e-01
-4.574752449989318848e-01
4.661719501018524170e-01
-1.607865467667579651e-02
-3.397669494152069092e-01
3.737693727016448975e-01
8.248431086540222168e-01
-1.784190833568572998e-01
2.476979941129684448e-01
-4.401327371597290039e-01
-5.199620723724365234e-01
8.245189785957336426e-01
-3.747711777687072754e-01
-1.302377700805664062e+00
8.555188775062561035e-01
2.761014401912689209e-01
2.998888194561004639e-01
1.984754949808120728e-01
5.331745147705078125e-01
3.008584976196289062e-01
5.383759737014770508e-01
-1.473569989204406738e+00
4.579662084579467773e-01
-3.021009266376495361e-02
1.001291155815124512e+00
-3.461799323558807373e-01
-6.293653249740600586e-01
1.330711096525192261e-01
2.237746417522430420e-01
4.613990783691406250e-01
-1.372389912605285645e+00
-1.448850393295288086e+00
-3.907731473445892334e-01
1.024965524673461914e+00
-9.202961921691894531e-01
-4.687942266464233398e-01
1.075285673141479492e+00
8.996453881263732910e-02
-7.212942242622375488e-01
-1.533076446503400803e-02
-6.033178567886352539e-01
-2.165565341711044312e-01
6.171905398368835449e-01
-1.091514825820922852e-01
-5.003418326377868652e-01
-6.545741558074951172e-01
-7.759811282157897949e-01
-2.438465654850006104e-01
-1.048406243324279785e+00
1.439205646514892578e+00
1.641371399164199829e-01
5.253660678863525391e-02
-3.324678167700767517e-02
7.717905640602111816e-01
7.050381302833557129e-01
-3.338988423347473145e-01
6.473838686943054199e-01
-6.643126606941223145e-01
1.824178099632263184e+00
-9.069514870643615723e-01
9.643456339836120605e-02
-3.761388361454010010e-01
7.341706752777099609e-01
5.118624120950698853e-02
1.924436092376708984e-01
4.761489629745483398e-01
-1.095288991928100586e+00
1.171450495719909668e+00
-7.458931207656860352e-01
-3.571166694164276123e-01
-8.250895738601684570e-01
-8.594602942466735840e-01
3.943438529968261719e-01
6.203691959381103516e-01
-8.510365486145019531e-01
5.461580753326416016e-01
4.291870445013046265e-02
-1.460639476776123047e+00
-9.069575071334838867e-01
9.637104868888854980e-01
1.868533343076705933e-01
-2.522509694099426270e-01
1.227784514427185059e+00
-6.757702231407165527e-01
-6.211660504341125488e-01
5.346186757087707520e-01
1.552321314811706543e+00
1.726289391517639160e-01
-7.591842412948608398e-01
-4.856322109699249268e-01
-5.704855918884277344e-01
5.801833868026733398e-01
-8.457532525062561035e-01
2.286551237106323242e+00
8.768758773803710938e-01
8.403369188308715820e-01
9.726293087005615234e-01
-2.405111864209175110e-02
-2.744341492652893066e-01
-1.969543099403381348e-01
6.449027061462402344e-01
8.414421081542968750e-01
3.603859245777130127e-01
-1.516414165496826172e+00
-6.090838909149169922e-01
-2.083073109388351440e-01
1.507888082414865494e-02
-1.059442907571792603e-01
6.902577877044677734e-01
5.333286523818969727e-01
1.046160459518432617e+00
6.952984631061553955e-02
9.300296902656555176e-01
-2.156403541564941406e+00
1.803085207939147949e+00
-8.362937569618225098e-01
-3.345934748649597168e-01
-3.582562133669853210e-02
3.485706150531768799e-01
-3.570951223373413086e-01
-3.192328512668609619e-01
-5.260198712348937988e-01
2.248883545398712158e-01
-1.653854727745056152e+00
-6.613941192626953125e-01
3.363550007343292236e-01
-8.873484730720520020e-01
4.335894286632537842e-01
-4.170247912406921387e-01
-8.748593330383300781e-01
1.087162867188453674e-01
-6.028948426246643066e-01
-5.434669256210327148e-01
2.273175567388534546e-01
-2.274164557456970215e-01
9.370256662368774414e-01
-2.034617513418197632e-01
2.805091738700866699e-01
-1.501335501670837402e-01
1.381370782852172852e+00
-1.120084881782531738e+00
-9.330485761165618896e-02
-3.130955994129180908e-01
1.384209871292114258e+00
-6.790617704391479492e-01
3.120852410793304443e-01
-1.106798127293586731e-01
-7.409327626228332520e-01
-1.514419436454772949e+00
-6.050882115960121155e-02
-5.179308652877807617e-01
-1.059129834175109863e-01
4.674171507358551025e-01
-1.094201922416687012e+00
4.562654197216033936e-01
1.812184229493141174e-02
9.473409056663513184e-01
-2.725197076797485352e-01
-1.750046163797378540e-01
3.385206162929534912e-01
-1.111511215567588806e-01
1.307860255241394043e+00
-1.271843761205673218e-01
2.319346219301223755e-01
4.963566064834594727e-01
3.918356597423553467e-01
1.893561780452728271e-01
-1.208280920982360840e+00
-7.924871444702148438e-01
-9.300234913825988770e-01
-4.138189852237701416e-01
-3.550073131918907166e-02
1.921325922012329102e-01
-1.943182706832885742e+00
-1.136264801025390625e+00
-1.480914592742919922e+00
-3.098925054073333740e-01
-2.131091803312301636e-01
4.256108701229095459e-01
-2.860538363456726074e-01
-8.619588613510131836e-02
-8.089456707239151001e-02
-6.781057715415954590e-01
-1.273712068796157837e-01
-5.519984364509582520e-01
1.441868394613265991e-01
4.287531077861785889e-01
1.857897758483886719e+00
4.701058939099311829e-02
7.304452657699584961e-01
2.321579456329345703e-01
-1.521244049072265625e-01
-1.109445452690124512e+00
4.091735780239105225e-01
-1.280973911285400391e+00
-1.680712848901748657e-01
6.891800165176391602e-01
-4.225313365459442139e-01
-2.981822490692138672e-01
8.432165980339050293e-01
5.577930212020874023e-01
7.143302559852600098e-01
9.754886627197265625e-01
7.070015072822570801e-01
-2.683385461568832397e-02
2.603259310126304626e-02
1.578316539525985718e-01
-2.208146601915359497e-01
-5.392844080924987793e-01
-9.345235228538513184e-01
2.923063635826110840e-01
1.506842732429504395e+00
-2.875613272190093994e-01
5.962103009223937988e-01
-6.149899363517761230e-01
8.768524527549743652e-01
1.798548400402069092e-01
-1.324473738670349121e+00
1.063913464546203613e+00
-1.559931933879852295e-01
-1.225262507796287537e-01
-1.872191876173019409e-01
6.227009296417236328e-01
1.016092538833618164e+00
-1.121470093727111816e+00
-9.314867258071899414e-01
1.868630796670913696e-01
-8.148605823516845703e-01
7.453875541687011719e-01
-3.367436528205871582e-01
7.986603379249572754e-01
-1.362256109714508057e-01
1.199648737907409668e+00
4.641107618808746338e-01
3.611111938953399658e-01
5.416048765182495117e-01
2.089245170354843140e-01
-1.403284668922424316e+00
-1.046426668763160706e-01
7.825763896107673645e-03
-8.218901157379150391e-01
-3.373591303825378418e-01
-3.861675262451171875e-01
-7.438960671424865723e-01
7.323700189590454102e-01
3.797483444213867188e-01
-7.228202223777770996e-01
1.075235366821289062e+00
3.720158636569976807e-01
-8.065358549356460571e-02
3.776037991046905518e-01
1.930122852325439453e+00
4.275561273097991943e-01
-1.371894121170043945e+00
6.867313981056213379e-01
-9.051199555397033691e-01
-7.324672341346740723e-01
2.646303772926330566e-01
-1.084996581077575684e+00
-8.445313572883605957e-01
7.964513897895812988e-01
-3.217143118381500244e-01
-1.037806391716003418e+00
-1.689212769269943237e-01
1.043318986892700195e+00
1.728305965662002563e-01
1.981499075889587402e+00
3.658577799797058105e-01
-2.502487301826477051e-01
9.468053579330444336e-01
-9.744490981101989746e-01
9.317625761032104492e-01
-6.452800035476684570e-01
-5.668320059776306152e-01
2.976895682513713837e-02
6.459884643554687500e-01
-5.317291021347045898e-01
4.690080136060714722e-02
3.026689291000366211e-01
-8.004947006702423096e-02
1.256047487258911133e+00
1.473671197891235352e+00
-1.674559354782104492e+00
-6.682206392288208008e-01
6.415320634841918945e-01
2.657286226749420166e-01
1.582662314176559448e-01
1.117219805717468262e+00
1.505426883697509766e+00
-6.215068697929382324e-01
3.112351298332214355e-01
5.924288630485534668e-01
-9.047113060951232910e-01
-7.843368053436279297e-01
2.586184144020080566e-01
-4.358683228492736816e-01
-5.601654201745986938e-02
5.085445046424865723e-01
8.504319190979003906e-01
8.929163962602615356e-02
-8.688778281211853027e-01
3.264736235141754150e-01
1.548481136560440063e-01
3.270415365695953369e-01
9.490593075752258301e-01
-7.944870740175247192e-02
-6.585978269577026367e-01
-1.652020215988159180e+00
-5.127587318420410156e-01
2.739150822162628174e-01
-5.330615639686584473e-01
4.481011256575584412e-02
6.557731628417968750e-01
-1.441847532987594604e-01
9.773186445236206055e-01
1.112720221281051636e-01
-1.306692481040954590e+00
4.744758009910583496e-01
8.836456108838319778e-04
-1.514473199844360352e+00
-8.596071004867553711e-01
-1.164330482482910156e+00
-3.575981259346008301e-01
2.966858260333538055e-02
1.249222517013549805e+00
-1.376260757446289062e+00
-1.153537165373563766e-02
-8.843498826026916504e-01
-1.785702109336853027e-01
4.790131151676177979e-01
6.337971687316894531e-01
2.148172259330749512e-01
2.820594310760498047e-01
4.202573597431182861e-01
-8.679019212722778320e-01
-7.198716998100280762e-01
-7.297514677047729492e-01
1.124721020460128784e-01
8.502601981163024902e-01
-6.410909444093704224e-02
-6.896957755088806152e-01
-4.719449877738952637e-01
2.250806801021099091e-02
1.396848559379577637e+00
-6.629650294780731201e-02
6.078728437423706055e-01
-2.603173255920410156e-01
7.391160726547241211e-01
5.451208949089050293e-01
-2.010280132293701172e+00
7.020421028137207031e-01
2.458484917879104614e-01
3.234640061855316162e-01
4.538502097129821777e-01
6.164160966873168945e-01
-7.278299331665039062e-01
-2.629476785659790039e-01
-4.111467599868774414e-01
-9.063819646835327148e-01
4.731694161891937256e-01
1.085478544235229492e+00
2.394512742757797241e-01
-1.620899796485900879e+00
2.215582132339477539e-01
-5.852432250976562500e-01
3.999969482421875000e+00
-1.044936180114746094e+00
-8.201898336410522461e-01
1.155894845724105835e-01
-7.193830609321594238e-01
-6.399656087160110474e-02
8.077760934829711914e-01
6.164236068725585938e-01
-6.908271312713623047e-01
-9.616825580596923828e-01
-8.511403799057006836e-01
1.566891431808471680e+00
-3.810501694679260254e-01
9.100570678710937500e-01
1.749348938465118408e-01
-2.506156861782073975e-01
3.234065771102905273e-01
7.155562639236450195e-01
-4.094638228416442871e-01
5.880072116851806641e-01
1.543179005384445190e-01
-1.481033563613891602e-01
5.120818614959716797e-01
2.358751595020294189e-01
-7.839927077293395996e-02
-5.854114294052124023e-01
7.061583995819091797e-01
-1.756528913974761963e-01
1.264051079750061035e+00
5.246506929397583008e-01
-8.156190067529678345e-02
6.074560061097145081e-02
-3.802691996097564697e-01
1.522565722465515137e+00
-6.906770467758178711e-01
-2.123332470655441284e-01
6.978004574775695801e-01
-9.563412070274353027e-01
-2.888795733451843262e-02
-8.349120020866394043e-01
-6.685847789049148560e-02
-9.825108647346496582e-01
-2.773303985595703125e-01
1.473156094551086426e+00
4.066637158393859863e-02
-9.168408513069152832e-01
-6.218574047088623047e-01
5.638831257820129395e-01
-5.436758995056152344e-01
1.037506937980651855e+00
-5.282828807830810547e-01
-3.837992846965789795e-01
7.478308081626892090e-01
-5.979612469673156738e-01
9.521241784095764160e-01
1.128440022468566895e+00
-1.802053689956665039e+00
-3.547659516334533691e-01
4.580874443054199219e-01
9.875653982162475586e-01
-1.160107739269733429e-02
1.283212423324584961e+00
-7.335942238569259644e-02
-2.403604745864868164e+00
1.026813745498657227e+00
3.754497468471527100e-01
-5.612109303474426270e-01
-1.150915622711181641e+00
-1.322930574417114258e+00
-1.271010518074035645e+00
1.061949133872985840e+00
2.936256118118762970e-02
-1.180838108062744141e+00
4.562110304832458496e-01
-7.885420918464660645e-01
-9.318026900291442871e-01
-1.052889227867126465e+00
4.059984087944030762e-01
2.539408802986145020e-01
-4.088542163372039795e-01
3.981812298297882080e-01
1.109618425369262695e+00
6.736784577369689941e-01
4.583756327629089355e-01
-5.263394713401794434e-01
1.198887676000595093e-01
-5.722749233245849609e-01
-3.151573538780212402e-01
-1.229459881782531738e+00
1.487907320261001587e-01
7.306272983551025391e-01
-6.546865701675415039e-01
-4.129683971405029297e-01
1.496317744255065918e+00
4.771720170974731445e-01
1.173794791102409363e-01
-3.630633354187011719e-01
7.053766846656799316e-01
2.455945253372192383e+00
2.138201594352722168e-01
3.503280282020568848e-01
-2.378674000501632690e-01
3.201496973633766174e-02
1.304698467254638672e+00
1.540292352437973022e-01
1.501682877540588379e+00
6.047375202178955078e-01
8.279507607221603394e-02
-4.237540811300277710e-02
-1.180782914161682129e+00
5.307751893997192383e-01
-1.646826744079589844e+00
-3.543497323989868164e-01
-7.962645888328552246e-01
-2.074438780546188354e-01
2.576669156551361084e-01
1.026804208755493164e+00
5.316443443298339844e-01
1.342490434646606445e+00
3.552156388759613037e-01
1.063689827919006348e+00
-6.185991168022155762e-01
1.399951726198196411e-01
