-4.528650939464569092e-01
5.508353114128112793e-01
-3.901493549346923828e-02
-1.154058337211608887e+00
-3.054141402244567871e-01
1.210620880126953125e+00
-8.127918094396591187e-02
1.259386986494064331e-01
-2.054914236068725586e+00
3.562906980514526367e-01
4.359250366687774658e-01
-1.964786201715469360e-01
-8.009076714515686035e-01
-4.248685538768768311e-01
-4.688360914587974548e-02
-1.815362930297851562e+00
-9.154497981071472168e-01
-1.197475790977478027e+00
4.998367726802825928e-01
1.833882570266723633e+00
8.237607777118682861e-03
-6.815266013145446777e-01
1.459311008453369141e+00
-1.100945115089416504e+00
-3.665359914302825928e-01
-8.839023709297180176e-01
8.468438982963562012e-01
-4.402223527431488037e-01
-9.947136640548706055e-01
1.159892678260803223e+00
-6.242521405220031738e-01
1.641628146171569824e+00
-2.951979339122772217e-01
-5.267211198806762695e-01
7.776246666908264160e-01
8.112185634672641754e-03
-9.328888058662414551e-01
-1.425481319427490234e+00
-4.540853202342987061e-02
1.413359999656677246e+00
-7.665531039237976074e-01
-8.889278173446655273e-01
-1.024908423423767090e+00
2.089706063270568848e-01
-6.185736656188964844e-01
-1.872605681419372559e-01
9.970248490571975708e-02
-1.310264945030212402e+00
-1.267806649208068848e+00
1.435634642839431763e-01
-5.703089833259582520e-01
1.338847130537033081e-01
6.035431027412414551e-01
-1.031470775604248047e+00
-3.406350910663604736e-01
1.760098338127136230e+00
4.761182665824890137e-01
-1.932639181613922119e-01
8.172086477279663086e-01
1.186462759971618652e+00
9.111353158950805664e-01
-3.235251605510711670e-01
6.570268869400024414e-01
2.671154439449310303e-01
-3.171186894178390503e-02
-6.924825906753540039e-01
4.848654270172119141e-01
-6.298119425773620605e-01
4.908791184425354004e-02
-2.427145481109619141e+00
8.280983567237854004e-01
1.329162120819091797e+00
4.215665161609649658e-01
-6.113758087158203125e-01
2.137148618698120117e+00
-4.097169041633605957e-01
-1.280416548252105713e-01
1.045248135924339294e-01
9.325135946273803711e-01
5.644807815551757812e-01
6.109275221824645996e-01
7.700561285018920898e-01
-1.688456535339355469e+00
-6.426484584808349609e-01
-4.277570843696594238e-01
1.723110437393188477e+00
-7.186242341995239258e-01
-1.205238580703735352e+00
-2.657921314239501953e-01
-3.600479960441589355e-01
-2.060274034738540649e-01
-2.638912200927734375e+00
-5.386944413185119629e-01
3.924313485622406006e-01
-6.936935782432556152e-01
-3.788424730300903320e-01
1.584100008010864258e+00
3.394105732440948486e-01
-3.599446713924407959e-01
1.190967202186584473e+00
-6.148726940155029297e-01
-1.488876342773437500e+00
-1.825738996267318726e-01
-1.602356910705566406e+00
-1.607718467712402344e-01
-1.355119347572326660e+00
-7.243621349334716797e-02
6.381827592849731445e-01
-6.557808816432952881e-02
7.866416573524475098e-01
-3.191918432712554932e-01
7.034940719604492188e-01
7.964168190956115723e-01
-9.123110175132751465e-01
-1.881114840507507324e-01
2.694859206676483154e-01
-1.091116547584533691e+00
-1.736116647720336914e+00
8.957051634788513184e-01
1.406126737594604492e+00
-1.033580541610717773e+00
1.290900349617004395e+00
-2.899127483367919922e+00
-3.794186413288116455e-01
-1.497450619935989380e-01
7.413786649703979492e-01
1.525332212448120117e+00
-2.957486808300018311e-01
3.790796697139739990e-01
-1.407457351684570312e+00
9.858567714691162109e-01
-5.075647830963134766e-01
-1.199238970875740051e-01
-1.619996547698974609e+00
1.245166182518005371e+00
-5.594733357429504395e-01
4.821028113365173340e-01
-3.616467118263244629e-01
4.550448432564735413e-02
8.508481383323669434e-01
-8.945804238319396973e-01
2.008663415908813477e+00
-2.825436294078826904e-01
-6.984820961952209473e-01
2.013878822326660156e+00
-4.886437654495239258e-01
-2.214766442775726318e-01
8.111083507537841797e-01
6.894967555999755859e-01
1.024480462074279785e+00
-1.150650858879089355e+00
-8.744038939476013184e-01
-1.096294045448303223e+00
-3.123745322227478027e-01
1.685877561569213867e+00
-6.283031105995178223e-01
-2.618732452392578125e-01
5.124667286872863770e-01
-2.001481652259826660e-01
8.260381221771240234e-01
1.282275468111038208e-01
-6.548397541046142578e-01
3.522222042083740234e-01
-1.494448304176330566e+00
-2.333940714597702026e-01
-1.054900527000427246e+00
-5.540939569473266602e-01
1.193985119462013245e-01
5.181710124015808105e-01
-2.560138702392578125e-01
4.768833816051483154e-01
-1.388059020042419434e+00
-1.336981892585754395e+00
7.200829982757568359e-01
-9.371395707130432129e-01
1.150319874286651611e-01
-5.857715010643005371e-01
2.755898237228393555e-01
-1.492380052804946899e-01
2.558414697647094727e+00
-8.487826585769653320e-02
-7.941927909851074219e-01
-8.902496099472045898e-01
-1.739957809448242188e+00
1.390712022781372070e+00
6.913234293460845947e-02
-1.641636967658996582e+00
1.026473522186279297e+00
5.720090866088867188e-01
1.848792433738708496e-01
-5.281427502632141113e-01
5.321297422051429749e-02
-3.518097698688507080e-01
2.749428451061248779e-01
-9.967030286788940430e-01
3.613428771495819092e-01
-3.430694639682769775e-01
6.542128324508666992e-01
-1.652198433876037598e+00
-1.782574415206909180e+00
2.842271625995635986e-01
9.660701155662536621e-01
6.838510036468505859e-01
3.895313441753387451e-01
-5.441625714302062988e-01
-1.817037314176559448e-01
5.750982165336608887e-01
-6.386900544166564941e-01
7.283534407615661621e-01
-1.922749876976013184e-01
-6.670372188091278076e-02
7.316283583641052246e-01
-4.885990023612976074e-01
4.004928767681121826e-01
-4.176512062549591064e-01
5.765370130538940430e-01
-2.510994195938110352e+00
-1.579856514930725098e+00
-1.760121703147888184e+00
7.143518924713134766e-01
-3.371419906616210938e-01
1.017939209938049316e+00
-5.314461588859558105e-01
-1.375408530235290527e+00
7.350515127182006836e-01
2.914928495883941650e-01
4.289376549422740936e-03
6.566803455352783203e-01
1.546156555414199829e-01
3.468214720487594604e-02
1.244566440582275391e+00
-9.211021661758422852e-01
-6.607456207275390625e-01
-7.742593884468078613e-01
4.742715656757354736e-01
-1.934092789888381958e-01
8.708211779594421387e-01
-1.316986680030822754e+00
1.669403910636901855e+00
-1.601554751396179199e-01
-4.871083498001098633e-01
-1.258873343467712402e+00
-5.836430191993713379e-01
3.111986815929412842e-01
-8.566071987152099609e-01
-3.405118286609649658e-01
-1.051991358399391174e-01
7.992984056472778320e-01
-3.724218904972076416e-01
7.189657539129257202e-02
-9.373401999473571777e-01
-1.029626488685607910e+00
-6.571960449218750000e-01
-2.270220965147018433e-01
-5.485032200813293457e-01
1.213352203369140625e+00
1.730676770210266113e+00
-5.157781839370727539e-01
-5.100101828575134277e-01
-7.028586268424987793e-01
-5.630422234535217285e-01
1.437307894229888916e-01
-4.240566194057464600e-01
-5.719082951545715332e-01
-1.216291666030883789e+00
6.596912145614624023e-01
5.734010338783264160e-01
-8.135519623756408691e-01
2.483462810516357422e+00
-1.144430041313171387e+00
2.061022371053695679e-01
6.337617039680480957e-01
-8.683576583862304688e-01
6.657248139381408691e-01
-4.095341861248016357e-01
2.933700680732727051e-01
-4.172655344009399414e-01
-7.837011218070983887e-01
-7.613510489463806152e-01
-1.608808934688568115e-01
1.419020056724548340e+00
-2.666889429092407227e-01
-4.383208453655242920e-01
4.519650340080261230e-01
1.092667460441589355e+00
-1.699052900075912476e-01
2.677304446697235107e-01
-9.256269931793212891e-01
-1.229468107223510742e+00
-9.070146083831787109e-01
-1.850508749485015869e-01
-5.997222065925598145e-01
8.480073213577270508e-01
2.712549924850463867e+00
4.159570634365081787e-01
-9.493535757064819336e-01
2.595672905445098877e-01
-4.572726190090179443e-01
-3.281240463256835938e-01
-1.450600504875183105e+00
-9.618112444877624512e-01
-1.262598514556884766e+00
7.921300530433654785e-01
-2.990636229515075684e-01
1.239259481430053711e+00
2.153939306735992432e-01
4.558030664920806885e-01
6.364396214485168457e-01
-1.093263998627662659e-01
-2.551015913486480713e-01
-1.192793622612953186e-01
-1.188216134905815125e-01
2.154530882835388184e-01
9.181487560272216797e-01
-5.971609354019165039e-01
1.152434498071670532e-01
3.123001158237457275e-01
-6.171509027481079102e-01
1.419969320297241211e+00
8.196723461151123047e-01
-8.488032817840576172e-01
-1.058165073394775391e+00
7.913795858621597290e-02
-1.040769457817077637e+00
1.166068911552429199e-01
8.418152928352355957e-01
-4.119482263922691345e-02
-1.591804385185241699e+00
-2.730301320552825928e-01
8.645949363708496094e-01
-9.979541301727294922e-01
1.731133088469505310e-02
-6.619634628295898438e-01
-3.131338208913803101e-02
-2.605394721031188965e-01
1.624366641044616699e-02
4.794731736183166504e-01
-3.351310491561889648e-01
9.132244586944580078e-01
-3.966858386993408203e-01
-6.941398382186889648e-01
6.923884749412536621e-01
3.804931640625000000e-01
1.054217070341110229e-01
-3.286464214324951172e-01
4.627472758293151855e-01
-1.499651551246643066e+00
5.118865966796875000e-01
-6.778463125228881836e-01
-3.965317010879516602e-01
3.915194869041442871e-01
-1.160313934087753296e-01
-1.032724738121032715e+00
2.063824415206909180e+00
-1.091197967529296875e+00
-3.589780032634735107e-01
-2.340888082981109619e-01
-6.453416943550109863e-01
-3.567202687263488770e-01
1.208623886108398438e+00
-1.701150536537170410e-01
4.311459362506866455e-01
-5.336191058158874512e-01
-4.605013132095336914e-01
1.804929226636886597e-01
-2.004786729812622070e+00
2.113750696182250977e+00
1.413197517395019531e-01
1.977118700742721558e-01
1.037771701812744141e+00
-1.169824302196502686e-01
1.066735625267028809e+00
-8.124173432588577271e-02
7.462843656539916992e-01
4.018901884555816650e-01
-6.640766859054565430e-01
7.323364019393920898e-01
-8.858403563499450684e-01
-4.752182662487030029e-01
1.047393321990966797e+00
1.215576052665710449e+00
5.107048749923706055e-01
5.024729967117309570e-01
6.384648084640502930e-01
-4.295593500137329102e-02
-3.798659145832061768e-01
-9.564651846885681152e-01
-8.472872376441955566e-01
1.313264846801757812e+00
1.056766390800476074e+00
1.613755345344543457e+00
6.236732006072998047e-03
4.382434487342834473e-01
-2.106937319040298462e-01
8.600384742021560669e-02
3.586292266845703125e-01
-8.028722405433654785e-01
-8.343413472175598145e-01
-5.295909643173217773e-01
4.149639010429382324e-01
-3.251320421695709229e-01
-9.189089536666870117e-01
-2.269008308649063110e-01
-1.158988010138273239e-02
7.263476252555847168e-01
-5.268556624650955200e-02
-9.713164567947387695e-01
-6.286143660545349121e-01
-5.109169483184814453e-01
-8.592291474342346191e-01
-2.258320450782775879e-01
-1.728323288261890411e-02
9.040134549140930176e-01
4.585133492946624756e-01
9.096170067787170410e-01
1.811746716499328613e+00
2.925608456134796143e-01
-3.129564970731735229e-02
2.545575797557830811e-01
9.902188181877136230e-01
-7.385110855102539062e-01
-9.780650734901428223e-01
1.997050195932388306e-01
-3.768302798271179199e-01
-4.084701836109161377e-01
4.597072899341583252e-01
-3.308300375938415527e-01
1.479698866605758667e-01
-2.875271141529083252e-01
-8.805508613586425781e-01
-3.706318140029907227e-01
8.296985626220703125e-01
8.254637718200683594e-01
-6.335133910179138184e-01
4.691374301910400391e-01
1.623745083808898926e+00
-3.300017118453979492e-01
-1.180900353938341141e-02
4.147307574748992920e-02
2.168974578380584717e-01
-4.894286394119262695e-01
-2.478182502090930939e-02
-5.076613649725914001e-02
7.048347592353820801e-02
1.218707188963890076e-01
-1.701344102621078491e-01
4.432277977466583252e-01
-1.257824897766113281e+00
-3.898332118988037109e-01
-1.028452590107917786e-01
1.709548979997634888e-01
1.027627587318420410e+00
-5.853147432208061218e-02
-2.716203331947326660e-01
7.834575772285461426e-01
7.304235696792602539e-01
2.932942211627960205e-01
-8.697441220283508301e-01
-6.038370728492736816e-01
9.681283235549926758e-01
1.534161806106567383e+00
9.243257045745849609e-01
-3.475235104560852051e-01
-5.837908387184143066e-01
2.887687385082244873e-01
-5.098544061183929443e-02
2.392382174730300903e-01
-8.298865556716918945e-01
2.974699437618255615e-01
5.955534055829048157e-02
7.377040386199951172e-01
-2.652045488357543945e-01
-1.846050769090652466e-01
2.566830217838287354e-01
-1.236481189727783203e+00
-8.611299395561218262e-01
1.408427119255065918e+00
-1.004491925239562988e+00
-3.366079330444335938e-01
4.665006697177886963e-01
6.865092515945434570e-01
-1.566502302885055542e-01
-4.131707847118377686e-01
9.424418210983276367e-01
1.648099273443222046e-01
-1.603381037712097168e-01
-6.882969141006469727e-01
3.265792727470397949e-01
1.380381822586059570e+00
3.967604935169219971e-01
-1.228273153305053711e+00
1.113595128059387207e+00
5.985357165336608887e-01
2.663482725620269775e-01
5.095218494534492493e-02
4.188848733901977539e-01
-4.720723032951354980e-01
-1.713531017303466797e+00
-9.500192403793334961e-01
-2.754696607589721680e-01
-1.895287513732910156e+00
-7.528119683265686035e-01
-2.408384382724761963e-01
1.831392794847488403e-01
3.136363625526428223e-02
-4.923755303025245667e-02
-1.703556776046752930e-01
4.106818735599517822e-01
-5.467404127120971680e-01
5.096950531005859375e-01
6.944147348403930664e-01
-3.906249701976776123e-01
1.011196374893188477e+00
1.980260759592056274e-01
7.585385441780090332e-01
1.356336951255798340e+00
-1.350905656814575195e+00
5.578255653381347656e-01
5.287901163101196289e-01
-2.013251930475234985e-01
1.293303012847900391e+00
3.036664724349975586e-01
-1.577382922172546387e+00
-4.127667248249053955e-01
-7.439545989036560059e-01
7.640767693519592285e-01
-1.913979947566986084e-01
1.155197501182556152e+00
-1.785258889198303223e+00
-1.704172492027282715e+00
7.213036715984344482e-02
1.753004193305969238e+00
1.174958944320678711e+00
-1.029630303382873535e+00
4.872749745845794678e-01
1.770717650651931763e-01
1.768522262573242188e-01
-4.345920979976654053e-01
-3.277492225170135498e-01
-4.481239914894104004e-01
-1.725633442401885986e-02
1.342059254646301270e+00
-9.171472787857055664e-01
1.044959649443626404e-01
-1.022938117384910583e-01
-1.347322314977645874e-01
7.038056850433349609e-01
9.747644513845443726e-02
6.118938326835632324e-01
-6.194703578948974609e-01
6.939122676849365234e-01
-3.912331163883209229e-01
-1.452504038810729980e+00
-1.548931241035461426e+00
9.543022513389587402e-01
3.473014533519744873e-01
1.426280617713928223e+00
1.652004361152648926e+00
7.483960390090942383e-01
-5.268727242946624756e-02
6.055248379707336426e-01
9.739562273025512695e-01
-9.291328191757202148e-01
3.871070444583892822e-01
-2.926513850688934326e-01
6.989262700080871582e-01
2.168756872415542603e-01
3.212208151817321777e-01
1.318825840950012207e+00
-9.128270149230957031e-01
1.265530228614807129e+00
-6.532039642333984375e-01
8.727116584777832031e-01
-2.466751784086227417e-01
9.840524755418300629e-03
-7.670208811759948730e-02
9.128571152687072754e-01
-3.383141756057739258e-02
-5.767568945884704590e-01
-3.799375146627426147e-02
-1.085017085075378418e+00
1.360267281532287598e+00
5.883510112762451172e-01
-1.172422915697097778e-01
6.999805569648742676e-02
3.047470003366470337e-02
-1.066620349884033203e+00
-2.783210873603820801e-01
-1.558460444211959839e-01
1.312928915023803711e+00
3.917578160762786865e-01
2.354300022125244141e-01
-2.423781901597976685e-01
2.153087854385375977e-01
3.631820678710937500e-01
-5.684909224510192871e-01
5.236932039260864258e-01
-1.562547802925109863e+00
1.539762020111083984e-01
-1.108296066522598267e-01
3.845649659633636475e-01
-6.299484968185424805e-01
-1.028902053833007812e+00
1.188441276550292969e+00
-2.526504993438720703e-01
-4.477484226226806641e-01
-1.101754382252693176e-01
-9.311304688453674316e-01
-5.678631663322448730e-01
-3.612891435623168945e-01
1.332518309354782104e-01
2.455897033214569092e-01
-2.960304915904998779e-01
2.619405984878540039e-01
-1.767376542091369629e+00
1.652318388223648071e-01
8.336939215660095215e-01
-7.083608508110046387e-01
-4.497525691986083984e-01
5.966733098030090332e-01
4.974229633808135986e-01
-2.097706943750381470e-01
-6.451131701469421387e-01
-2.952052056789398193e-01
4.757980704307556152e-01
1.438570618629455566e+00
3.087496459484100342e-01
-1.728221476078033447e-01
1.560078144073486328e+00
-3.620401024818420410e-01
7.021064758300781250e-01
5.058937668800354004e-01
4.200486838817596436e-01
-6.214915774762630463e-03
7.350981831550598145e-01
4.803243279457092285e-01
-4.275469779968261719e-01
7.120062410831451416e-02
5.898991823196411133e-01
1.761099457740783691e+00
4.319120645523071289e-01
1.639359593391418457e-01
2.338556796312332153e-01
8.382699489593505859e-01
-1.373617053031921387e-01
-3.263740241527557373e-01
-1.505129933357238770e+00
-2.725670933723449707e-01
7.619580030441284180e-01
4.105758965015411377e-01
-7.050380110740661621e-01
1.526695340871810913e-01
-1.756723403930664062e+00
-3.875663280487060547e-01
2.384867668151855469e-01
2.118795365095138550e-01
2.121974825859069824e-01
1.536189019680023193e-01
6.603242158889770508e-01
-9.500104784965515137e-01
6.375040858983993530e-02
2.328928261995315552e-01
2.592210173606872559e-01
3.018665909767150879e-01
2.962562441825866699e-01
1.868268102407455444e-01
8.214388489723205566e-01
-2.207135707139968872e-01
6.951105594635009766e-01
-2.503055632114410400e-01
3.031821548938751221e-01
4.435201585292816162e-01
-2.712253630161285400e-01
1.138838768005371094e+00
1.287822484970092773e+00
6.644189357757568359e-02
-1.734349578619003296e-01
1.145341470837593079e-01
6.418257355690002441e-01
2.751803398132324219e-01
4.462244510650634766e-01
-9.753534197807312012e-01
3.619536161422729492e-01
5.381079912185668945e-01
3.637533262372016907e-02
-8.758196830749511719e-01
-1.097564771771430969e-01
1.521727293729782104e-01
-7.401396751403808594e+00
-4.345223009586334229e-01
-3.125923871994018555e-02
3.891375362873077393e-01
1.709314823150634766e+00
8.434084653854370117e-01
-7.355335950851440430e-01
1.325877785682678223e+00
-6.515574455261230469e-01
-1.239280581474304199e+00
3.449754416942596436e-01
2.581271648406982422e+00
-2.733964025974273682e-01
-1.839802622795104980e+00
-1.173748731613159180e+00
-1.337715685367584229e-01
1.008693933486938477e+00
5.162291526794433594e-01
2.595154047012329102e+00
-2.053522467613220215e-01
-4.240533351898193359e+00
2.029420614242553711e+00
7.599040865898132324e-01
1.717451512813568115e-01
3.851322457194328308e-02
-5.191560983657836914e-01
4.464235901832580566e-02
6.043177470564842224e-02
2.868035733699798584e-01
1.101534515619277954e-01
2.318716645240783691e-01
-1.724308252334594727e+00
-1.046804428100585938e+00
6.495783925056457520e-01
-2.613421678543090820e-01
1.875692456960678101e-01
3.134726285934448242e-01
-1.016565203666687012e+00
2.028608620166778564e-01
-4.205979704856872559e-01
3.393153250217437744e-01
-4.975517988204956055e-01
-1.058025121688842773e+00
-2.373744249343872070e+00
-6.243915855884552002e-02
2.293962426483631134e-02
9.820572137832641602e-01
-1.373462677001953125e+00
5.360665172338485718e-02
-8.457493185997009277e-01
-3.953857123851776123e-01
5.225392580032348633e-01
-3.275454044342041016e-01
-3.277094364166259766e-01
2.139634132385253906e+00
1.536251544952392578e+00
6.821602582931518555e-01
-1.183548331260681152e+00
8.035603165626525879e-01
-6.578837633132934570e-01
2.575186789035797119e-01
6.397895216941833496e-01
1.631325632333755493e-01
2.511229813098907471e-01
7.702377438545227051e-01
-1.328959017992019653e-01
-1.136031270027160645e+00
-8.299236297607421875e-01
2.658873498439788818e-01
-2.766865789890289307e-01
-2.641175031661987305e+00
5.463303923606872559e-01
2.924388349056243896e-01
-8.303740620613098145e-01
-2.444580793380737305e-01
1.320540785789489746e+00
-1.521736621856689453e+00
-4.675818979740142822e-01
-4.090227186679840088e-01
5.041294693946838379e-01
