1.079138517379760742e+00
7.178913950920104980e-01
-1.001317024230957031e+00
-7.715545892715454102e-01
-2.068556398153305054e-01
-1.212779998779296875e+00
-5.620231032371520996e-01
3.196012377738952637e-01
-1.682243108749389648e+00
4.272064268589019775e-01
1.956120133399963379e-01
-8.158906698226928711e-01
2.211751192808151245e-01
-8.455170989036560059e-01
4.602676033973693848e-01
-7.726738452911376953e-01
5.909068584442138672e-01
9.051275253295898438e-01
1.746625155210494995e-01
-2.500473260879516602e-01
6.498476266860961914e-01
-7.195810079574584961e-01
8.925121277570724487e-02
-3.621334210038185120e-02
1.576664686203002930e+00
-1.050368785858154297e+00
-2.656582295894622803e-01
2.733029425144195557e-01
-1.458994626998901367e+00
-3.951837494969367981e-02
-1.803372025489807129e+00
-1.594625711441040039e-01
-8.387748599052429199e-01
-1.632613778114318848e+00
-2.334040403366088867e-01
1.514647901058197021e-01
-4.897946417331695557e-01
-1.026089787483215332e+00
7.590001821517944336e-02
1.075913667678833008e+00
-1.923467397689819336e+00
-1.986650586128234863e+00
-9.856924414634704590e-01
4.468959271907806396e-01
2.877771854400634766e-01
1.428638577461242676e+00
-1.417706966400146484e+00
-6.303259730339050293e-01
-1.281458616256713867e+00
1.061932325363159180e+00
-8.505261540412902832e-01
-5.813044905662536621e-01
1.467046886682510376e-01
7.914113253355026245e-02
7.314603924751281738e-01
-1.054571866989135742e+00
1.446633189916610718e-01
1.402913127094507217e-02
5.349566787481307983e-02
5.599564909934997559e-01
9.381054639816284180e-01
2.805567979812622070e-01
4.927918314933776855e-01
-4.367349445819854736e-01
1.222895383834838867e-01
6.504485756158828735e-02
2.062448114156723022e-01
1.713139116764068604e-01
8.303758502006530762e-01
-8.741981983184814453e-01
6.293016672134399414e-01
6.123351454734802246e-01
-2.814197242259979248e-01
-6.756617426872253418e-01
2.331079095602035522e-01
1.947067379951477051e-01
-2.483970820903778076e-01
-3.088827729225158691e-01
-6.673673391342163086e-01
9.917839169502258301e-01
2.626094222068786621e-01
-9.231926500797271729e-02
-1.674717903137207031e+00
1.161942556500434875e-01
-1.011447191238403320e+00
-5.030313730239868164e-01
-1.649502962827682495e-01
5.713821575045585632e-02
-5.354820936918258667e-02
-5.481014847755432129e-01
-2.046743154525756836e+00
-4.642549157142639160e-01
-2.721538245677947998e-01
1.535562276840209961e+00
-8.385118246078491211e-01
5.359275937080383301e-01
4.506604671478271484e-01
9.390945434570312500e-01
-7.195247411727905273e-01
-1.724353283643722534e-01
-1.542997360229492188e-01
-1.893777959048748016e-02
1.775774508714675903e-01
5.600799322128295898e-01
-1.215840935707092285e+00
-2.148478180170059204e-01
-1.987328767776489258e+00
-3.582228124141693115e-01
2.325043082237243652e-01
5.311591029167175293e-01
-1.282537579536437988e-01
1.095427393913269043e+00
-1.286256194114685059e+00
-1.138195395469665527e+00
1.760560646653175354e-02
1.567699313163757324e-01
-4.106035828590393066e-01
5.979636311531066895e-01
2.798252105712890625e-01
6.686862707138061523e-01
-4.825308024883270264e-01
5.609545707702636719e-01
-2.475991249084472656e+00
1.385632514953613281e+00
1.116150140762329102e+00
-1.000554323196411133e+00
1.952369213104248047e-01
6.780738234519958496e-01
-1.122355222702026367e+00
-1.504840850830078125e-01
-4.634471237659454346e-01
-1.070234537124633789e+00
1.573016494512557983e-01
-1.680291891098022461e-01
-8.047036528587341309e-01
-3.621026873588562012e-02
3.998294100165367126e-02
-6.066970825195312500e-01
-1.602654695510864258e+00
-2.582993209362030029e-01
-4.097932577133178711e-02
7.801747322082519531e-01
8.619441390037536621e-01
-2.420447766780853271e-01
-1.257703781127929688e+00
1.004778385162353516e+00
-1.138054966926574707e+00
-1.117936730384826660e+00
-4.013149440288543701e-01
3.476247191429138184e-01
5.190886259078979492e-01
7.641728520393371582e-01
5.167906284332275391e-01
-1.575180739164352417e-01
7.215625643730163574e-01
-5.580188035964965820e-01
-1.250460743904113770e+00
3.012921214103698730e-01
-5.322355031967163086e-01
1.285285234451293945e+00
1.807403564453125000e-01
5.774099230766296387e-01
-2.806629240512847900e-02
-4.992727935314178467e-01
3.437376022338867188e-01
-7.866881489753723145e-01
-3.798139393329620361e-01
-1.980572789907455444e-01
4.347861111164093018e-01
5.379664301872253418e-01
-9.600177407264709473e-01
-7.163743972778320312e-01
-8.708053231239318848e-01
2.086624860763549805e+00
2.431532740592956543e-01
-1.263402551412582397e-01
6.725733876228332520e-01
6.286456584930419922e-01
-6.422197073698043823e-02
1.051173210144042969e+00
-1.452270507812500000e+00
-5.909167528152465820e-01
-2.110024541616439819e-01
1.350243091583251953e+00
1.209585219621658325e-01
-8.913251161575317383e-01
-5.348085165023803711e-01
-1.065482854843139648e+00
2.354696542024612427e-01
9.368989467620849609e-01
2.241160571575164795e-01
-7.615041136741638184e-01
-4.314700067043304443e-01
1.390241861343383789e+00
-6.671144962310791016e-01
-5.404344201087951660e-01
-2.201931923627853394e-01
-4.441398680210113525e-01
-1.932501196861267090e-01
1.190499439835548401e-01
3.750118911266326904e-01
1.537340879440307617e+00
1.271149516105651855e+00
-7.831647992134094238e-01
6.188064217567443848e-01
-3.896640241146087646e-01
2.148219347000122070e-01
-1.376067280769348145e+00
3.782355189323425293e-01
-1.255017239600419998e-02
-9.246929883956909180e-01
-4.811441004276275635e-01
6.335251927375793457e-01
-8.014300465583801270e-01
-9.009754061698913574e-01
2.832762897014617920e-01
-1.348110437393188477e+00
-1.660914719104766846e-01
-2.287890911102294922e-01
6.746903061866760254e-01
-3.693149387836456299e-01
7.957822680473327637e-01
-2.975882729515433311e-03
1.082758665084838867e+00
3.217527568340301514e-01
5.169665813446044922e-02
1.013484835624694824e+00
-2.370307483943179250e-04
-2.904891967773437500e-01
-6.090446710586547852e-01
-3.200080096721649170e-01
-5.987866520881652832e-01
-6.061770319938659668e-01
1.135356187820434570e+00
4.747668206691741943e-01
2.352907061576843262e-01
5.458137392997741699e-01
3.640592694282531738e-01
3.619493544101715088e-01
1.227744221687316895e+00
5.769076943397521973e-01
-1.588899455964565277e-02
-1.020104885101318359e+00
8.459702134132385254e-01
-1.715360283851623535e+00
-3.199307322502136230e-01
-3.382460474967956543e-01
8.244044780731201172e-01
5.409880280494689941e-01
-4.550147950649261475e-01
5.215459465980529785e-01
-4.819656014442443848e-01
-1.124654889106750488e+00
-4.165471494197845459e-01
1.366977334022521973e+00
-6.788043975830078125e-01
3.250842094421386719e-01
7.433892488479614258e-01
-2.856947779655456543e-01
1.637429893016815186e-01
-2.916120588779449463e-01
-4.657655060291290283e-01
1.347490549087524414e-01
-3.739908039569854736e-01
-1.178549289703369141e+00
2.066750079393386841e-01
1.031222820281982422e+00
-1.767260432243347168e-01
4.449428081512451172e+00
6.884688735008239746e-01
3.427100777626037598e-01
8.562253117561340332e-01
8.172441720962524414e-01
3.671360015869140625e-01
-1.057168602943420410e+00
1.755361080169677734e+00
1.184872746467590332e+00
-1.080743074417114258e+00
3.662113547325134277e-01
-9.806553125381469727e-01
9.218799322843551636e-02
-3.267724812030792236e-01
2.398321777582168579e-02
6.456106305122375488e-01
-3.767120540142059326e-01
-5.191230177879333496e-01
2.577159404754638672e-01
5.599195957183837891e-01
-4.014981389045715332e-01
-1.165269687771797180e-01
-8.385666608810424805e-01
6.616876125335693359e-01
-2.997616827487945557e-01
-1.834259986877441406e+00
6.629393696784973145e-01
-7.788072824478149414e-01
-2.240924835205078125e-01
-9.709169715642929077e-02
-1.193270161747932434e-01
-9.957472085952758789e-01
5.234590768814086914e-01
-8.503964543342590332e-01
6.298072338104248047e-01
2.465976625680923462e-01
7.806966304779052734e-01
1.320665359497070312e+00
7.440694421529769897e-02
-1.316233515739440918e+00
1.750407181680202484e-02
-2.438395917415618896e-01
-7.027368545532226562e-01
-1.627714395523071289e+00
-3.384186625480651855e-01
3.161434829235076904e-01
-6.239055991172790527e-01
3.422125875949859619e-01
1.932038307189941406e+00
2.109867781400680542e-01
9.861585497856140137e-01
4.661135077476501465e-01
-3.810503184795379639e-01
-2.171563506126403809e-01
1.085142612457275391e+00
-3.439477086067199707e-01
1.996974460780620575e-02
-3.706019744277000427e-02
-3.402838110923767090e-01
-3.970806673169136047e-02
-2.178362309932708740e-01
1.480425000190734863e+00
9.416370391845703125e-01
-2.882861196994781494e-01
1.619177937507629395e+00
6.344200968742370605e-01
1.568695306777954102e-01
-8.703112602233886719e-01
-5.070477724075317383e-01
-1.025568604469299316e+00
1.364948630332946777e+00
-8.520529866218566895e-01
-2.534632086753845215e-01
2.012193948030471802e-01
1.097752928733825684e+00
2.028776407241821289e-01
9.895354509353637695e-02
1.039249420166015625e+00
-1.006555438041687012e+00
2.575035691261291504e-01
-4.442716240882873535e-01
-3.521217703819274902e-01
-7.490514516830444336e-01
-3.853293359279632568e-01
8.774607181549072266e-01
4.395026564598083496e-01
-6.591793298721313477e-01
-2.599363029003143311e-01
-1.052796959877014160e+00
-2.507610917091369629e-01
-2.450702041387557983e-01
1.299052238464355469e+00
-6.620054244995117188e-01
-5.555634498596191406e-01
-7.992235422134399414e-01
7.534219622611999512e-01
-8.226912021636962891e-01
3.029098510742187500e-01
5.129316449165344238e-01
1.183509454131126404e-02
1.548200488090515137e+00
2.093930393457412720e-01
8.257811069488525391e-01
-3.084516823291778564e-01
-4.131201505661010742e-01
8.397279977798461914e-01
4.574184417724609375e-01
4.846678301692008972e-02
-6.789512038230895996e-01
-8.743104934692382812e-01
-2.530661523342132568e-01
4.751333296298980713e-01
2.111435383558273315e-01
1.636094927787780762e+00
-2.520330548286437988e-01
-1.110552787780761719e+00
-9.373943805694580078e-01
-1.372129283845424652e-02
4.600271582603454590e-01
-6.517371535301208496e-01
1.425356864929199219e+00
-9.365218877792358398e-02
1.164224863052368164e+00
-3.743136227130889893e-01
5.115805268287658691e-01
-2.608870744705200195e+00
1.237140178680419922e+00
7.363828420639038086e-01
-1.257056713104248047e+00
3.304891288280487061e-01
3.531971201300621033e-02
6.762958168983459473e-01
6.552879810333251953e-01
-9.839659333229064941e-01
-5.402424931526184082e-01
-1.586860060691833496e+00
-1.022376179695129395e+00
-4.883025884628295898e-01
-1.478894948959350586e-01
7.762277126312255859e-01
-7.250992059707641602e-01
-6.632161140441894531e-01
-8.899068832397460938e-01
-5.632500052452087402e-01
-1.037547111511230469e+00
4.739770889282226562e-01
1.149841547012329102e+00
8.084275722503662109e-01
6.605469584465026855e-01
6.015994548797607422e-01
-8.761490583419799805e-01
1.022377490997314453e+00
-2.241449430584907532e-02
-1.813619256019592285e+00
1.514188766479492188e+00
6.705366969108581543e-01
-9.314409494400024414e-01
4.088090360164642334e-01
-1.456948041915893555e+00
-4.776934385299682617e-01
-1.585270524024963379e+00
4.395347833633422852e-01
-3.867225646972656250e-01
3.945378363132476807e-01
1.652604818344116211e+00
-1.075719237327575684e+00
-9.306079745292663574e-01
9.486596584320068359e-01
-9.406433254480361938e-02
8.335663676261901855e-01
6.201082840561866760e-02
-4.662509858608245850e-01
1.047297358512878418e+00
2.288858890533447266e-01
-1.168600440025329590e+00
-3.943556919693946838e-02
2.223002314567565918e-01
-6.429369449615478516e-01
-8.783549666404724121e-01
-1.357844829559326172e+00
1.272909622639417648e-02
-1.146581649780273438e+00
-1.675252795219421387e+00
-1.192776322364807129e+00
1.430144906044006348e-01
-9.547491073608398438e-01
2.844343781471252441e-01
-4.537775814533233643e-01
-6.836361289024353027e-01
1.102622032165527344e+00
2.928035557270050049e-01
-1.418810486793518066e+00
2.119359523057937622e-01
-3.652144670486450195e-01
9.537535905838012695e-02
-9.932336211204528809e-02
1.229320317506790161e-01
-6.044086813926696777e-01
1.142016172409057617e+00
3.335392475128173828e-01
-6.575582027435302734e-01
2.385472059249877930e-01
1.802051663398742676e-01
6.740983724594116211e-01
-1.219019517302513123e-01
-6.233868598937988281e-01
3.893243372440338135e-01
-6.999951601028442383e-01
5.547164678573608398e-01
-1.711303293704986572e-01
-7.374227046966552734e-01
1.009647130966186523e+00
2.775904834270477295e-01
6.218150854110717773e-01
-1.096847653388977051e+00
1.080710411071777344e+00
5.799229741096496582e-01
5.589812248945236206e-02
-9.733040630817413330e-02
4.130522310733795166e-01
1.210030674934387207e+00
7.283764481544494629e-01
5.772123858332633972e-02
8.866225481033325195e-01
7.320123910903930664e-01
4.748418629169464111e-01
-5.300669074058532715e-01
-7.779136300086975098e-02
-1.411682009696960449e+00
-2.555934667587280273e+00
-6.576482653617858887e-01
-5.490189194679260254e-01
5.218222737312316895e-01
-1.585067808628082275e-02
-8.082953095436096191e-01
1.265795081853866577e-01
-1.065983891487121582e+00
1.711275577545166016e-01
-1.430233865976333618e-01
4.552771151065826416e-01
7.902070283889770508e-01
3.030267655849456787e-01
9.948734045028686523e-01
4.336917400360107422e-01
9.250280261039733887e-02
-2.763209119439125061e-02
-2.918894290924072266e-01
8.404285311698913574e-01
-7.543677091598510742e-01
3.039801418781280518e-01
-2.897701598703861237e-02
-8.517492413520812988e-01
-5.709522962570190430e-01
-5.035104155540466309e-01
-1.270905017852783203e+00
-7.646911144256591797e-01
4.780888855457305908e-01
5.822486281394958496e-01
-8.586986660957336426e-01
3.035696446895599365e-01
1.567433595657348633e+00
-6.634139418601989746e-01
4.663856327533721924e-01
1.245091781020164490e-01
4.755119681358337402e-01
1.838467121124267578e-01
-1.226454377174377441e+00
-1.787226796150207520e-01
6.555457711219787598e-01
-8.775798603892326355e-03
-2.853167057037353516e-01
-6.536206007003784180e-01
-9.899715185165405273e-01
1.161071777343750000e+00
1.676484644412994385e-01
2.971878349781036377e-01
3.784493505954742432e-01
-4.354219138622283936e-02
3.531476557254791260e-01
5.447344779968261719e-01
-3.499601185321807861e-01
1.206369977444410324e-02
5.261973142623901367e-01
-2.029352188110351562e-01
-3.383185267448425293e-01
-4.000368118286132812e-01
1.422418951988220215e+00
8.624534606933593750e-01
-3.167700469493865967e-01
9.029450416564941406e-01
-5.247879624366760254e-01
-2.023121565580368042e-01
9.598435163497924805e-01
1.072336077690124512e+00
-1.926624625921249390e-01
-9.584778547286987305e-01
-4.763371348381042480e-01
1.049230456352233887e+00
8.812026977539062500e-01
1.160521864891052246e+00
1.043600916862487793e+00
5.734258890151977539e-01
1.219832658767700195e+00
4.384422600269317627e-01
-1.402559161186218262e+00
-4.766012132167816162e-01
1.327233433723449707e+00
-3.669285029172897339e-02
6.054861545562744141e-01
-3.183436393737792969e-01
1.573425292968750000e+00
2.567780315876007080e-01
2.110617160797119141e-01
1.144164204597473145e+00
-1.072759404778480530e-01
4.392623007297515869e-01
1.779344677925109863e+00
-1.112338066101074219e+00
-1.503092288970947266e+00
-9.118747115135192871e-01
-1.544028162956237793e+00
2.407302856445312500e-01
-2.846741676330566406e-01
4.043511673808097839e-02
-8.188419938087463379e-01
7.062573432922363281e-01
-1.899325251579284668e-01
2.210483103990554810e-01
6.180663108825683594e-01
3.506717979907989502e-01
1.894063502550125122e-01
7.456080317497253418e-01
1.907610148191452026e-01
-9.346898198127746582e-01
1.753024905920028687e-01
-1.650132536888122559e-01
4.434279501438140869e-01
-6.573845148086547852e-01
-1.173130720853805542e-01
-2.200875520706176758e+00
4.791145324707031250e-01
5.498592257499694824e-01
-8.244509994983673096e-02
-5.706968531012535095e-02
3.515161573886871338e-01
-7.470765113830566406e-01
-8.518353104591369629e-01
5.600317846983671188e-03
-4.531909823417663574e-01
-6.212058067321777344e-01
3.240529596805572510e-01
1.334097146987915039e+00
-1.449220031499862671e-01
7.365149855613708496e-01
-1.475197672843933105e+00
2.603308916091918945e+00
-6.411033272743225098e-01
6.456433534622192383e-01
4.135006368160247803e-01
7.010489702224731445e-01
7.244165539741516113e-01
-8.288760185241699219e-01
8.229545354843139648e-01
-3.883688524365425110e-02
-2.091252952814102173e-01
1.330205917358398438e+00
4.865715801715850830e-01
5.142802596092224121e-01
1.554306745529174805e-01
-5.218951106071472168e-01
-1.004433274269104004e+00
1.123522400856018066e+00
-1.348625302314758301e+00
-2.963477373123168945e-01
-1.752967715263366699e+00
7.672820091247558594e-01
-9.808868169784545898e-01
-4.384342432022094727e-01
-1.360154628753662109e+00
4.275126755237579346e-01
9.312736392021179199e-01
-1.228507161140441895e+00
-4.294134080410003662e-01
-1.721925102174282074e-02
2.088899314403533936e-01
1.019426941871643066e+00
2.332144826650619507e-01
1.061657190322875977e+00
3.896678984165191650e-01
-2.060795724391937256e-01
1.806180238723754883e+00
3.988937735557556152e-01
6.266980767250061035e-01
-1.316931545734405518e-01
-7.551164627075195312e-01
-7.073264122009277344e-01
5.259246230125427246e-01
4.920823127031326294e-02
5.384877920150756836e-01
2.310379296541213989e-01
-4.659335687756538391e-02
-8.154892325401306152e-01
-7.060768008232116699e-01
-6.832134723663330078e-01
1.463221311569213867e+00
1.848429322242736816e+00
-2.705465555191040039e-01
-3.088149428367614746e-01
-2.944613695144653320e-01
-6.004137396812438965e-01
8.114647269248962402e-01
3.442975878715515137e-01
3.462643325328826904e-01
-5.589888095855712891e-01
2.178576737642288208e-01
1.327262401580810547e+00
-1.361795306205749512e+00
-1.103067398071289062e+00
-6.617206335067749023e-01
-3.311912715435028076e-01
7.030924558639526367e-01
-9.749777615070343018e-02
-2.474587410688400269e-01
-1.153266072273254395e+00
-2.586635649204254150e-01
-9.224459528923034668e-01
9.651723504066467285e-01
1.447752237319946289e+00
-9.495990872383117676e-01
-3.206055462360382080e-01
1.671072244644165039e-01
1.616921544075012207e+00
4.891018271446228027e-01
-1.553982198238372803e-01
6.485530734062194824e-02
-1.506264656782150269e-01
4.176984131336212158e-01
-9.660189151763916016e-01
1.153570890426635742e+00
-4.748476296663284302e-02
1.027665376663208008e+00
3.328361734747886658e-02
2.664377689361572266e-01
-1.067116737365722656e+00
-1.321773529052734375e-01
-4.815421402454376221e-01
-9.886917471885681152e-01
-5.252507328987121582e-01
-5.228081345558166504e-01
-1.195945143699645996e+00
1.134122490882873535e+00
-7.106550931930541992e-01
-4.692576825618743896e-01
1.710441112518310547e-01
-5.055451989173889160e-01
4.856074154376983643e-01
3.965540963690727949e-05
-7.436415553092956543e-01
-4.940607547760009766e-01
2.186201363801956177e-01
1.621396422386169434e+00
-8.162328004837036133e-01
6.016533374786376953e-01
-8.468751907348632812e-01
-2.025343924760818481e-01
-3.368427455425262451e-01
1.178777456283569336e+00
-5.257662534713745117e-01
1.705317199230194092e-01
1.071520090103149414e+00
7.535070776939392090e-01
-2.571964263916015625e-01
-3.521195054054260254e-01
-3.484226167201995850e-01
3.996261954307556152e-01
1.615736126899719238e+00
4.309261590242385864e-02
-8.033533692359924316e-01
3.720001876354217529e-01
-4.861565828323364258e-01
-4.041952267289161682e-02
-7.630401253700256348e-01
6.924043297767639160e-01
-4.755679517984390259e-03
-1.460835218429565430e+00
1.328026652336120605e-01
-7.909868955612182617e-01
1.012396335601806641e+00
-2.856285333633422852e+00
-3.621967509388923645e-02
5.272505879402160645e-01
-4.117951989173889160e-01
-6.975167393684387207e-01
2.949482202529907227e-01
5.577716827392578125e-01
1.166362166404724121e+00
1.275711655616760254e+00
-3.450895845890045166e-01
-4.575094282627105713e-01
5.019723176956176758e-01
