1.220244526863098145e+00
1.438817620277404785e+00
8.346502780914306641e-01
-6.086620092391967773e-01
3.826084136962890625e-01
2.115053385496139526e-01
-5.215268135070800781e-01
9.136578440666198730e-02
-2.841634750366210938e-01
1.636129468679428101e-01
6.433685421943664551e-01
-4.528648257255554199e-01
-3.016945123672485352e-01
6.109179854393005371e-01
1.168481707572937012e+00
-1.084652423858642578e+00
-1.084018588066101074e+00
2.057152688503265381e-01
1.210593461990356445e+00
-9.233899116516113281e-01
7.039456367492675781e-01
3.661790192127227783e-01
1.817542314529418945e-01
7.835363745689392090e-01
1.503984093666076660e+00
-9.764830470085144043e-01
2.386185824871063232e-01
4.917131662368774414e-01
-6.155871152877807617e-01
2.334005534648895264e-01
-4.944820106029510498e-01
-3.988620042800903320e-01
-1.204400897026062012e+00
4.394551515579223633e-01
-6.354491710662841797e-01
-1.021921277046203613e+00
-4.829096198081970215e-01
-3.548335731029510498e-01
-1.261043101549148560e-01
6.250748038291931152e-01
-1.117086052894592285e+00
-2.481484264135360718e-01
8.365983963012695312e-01
-1.185380443930625916e-01
3.918297588825225830e-01
2.975974380970001221e-01
-2.459607422351837158e-01
-5.335825085639953613e-01
-3.012039232999086380e-03
-1.052688062191009521e-01
-8.400842547416687012e-01
-2.583042681217193604e-01
7.121517062187194824e-01
9.220967888832092285e-01
7.557054758071899414e-01
-8.509929776191711426e-01
5.380724668502807617e-01
-1.066704511642456055e+00
-7.152443379163742065e-02
1.350370794534683228e-01
3.164870023727416992e+00
-4.413513839244842529e-01
1.689970850944519043e+00
1.638846397399902344e-01
3.306398391723632812e-01
-3.087355792522430420e-01
-7.547615766525268555e-01
-1.701507866382598877e-01
2.667745053768157959e-01
-1.119571272283792496e-02
-1.682423710823059082e+00
8.766824007034301758e-01
-5.989380478858947754e-01
-7.636330723762512207e-01
-4.447726905345916748e-01
1.552913546562194824e+00
-3.744290471076965332e-01
-5.124521851539611816e-01
-2.915173768997192383e-02
1.213493347167968750e+00
-3.986777961254119873e-01
-5.654307007789611816e-01
-6.645032763481140137e-01
-5.346051454544067383e-01
-9.256590008735656738e-01
8.175284266471862793e-01
1.690543740987777710e-01
-2.935070097446441650e-01
-8.344817161560058594e-01
-1.158496141433715820e+00
-8.047494888305664062e-01
-5.571338534355163574e-01
-1.180267572402954102e+00
9.400851130485534668e-01
5.855721831321716309e-01
4.860078543424606323e-02
-4.499998986721038818e-01
-1.750878840684890747e-01
-2.177416324615478516e+00
8.304597139358520508e-01
3.845207095146179199e-01
-3.620723485946655273e-01
-8.866324275732040405e-02
-1.020084381103515625e+00
-5.935755372047424316e-01
-9.264562278985977173e-02
-1.397648811340332031e+00
2.084284067153930664e+00
2.104479968547821045e-01
-4.281080067157745361e-01
-8.047719486057758331e-03
-1.761953681707382202e-01
-1.303776979446411133e+00
-1.446917414665222168e+00
-1.587525457143783569e-01
-2.072946429252624512e-01
-5.263988971710205078e-01
-1.734657645225524902e+00
7.278314232826232910e-01
1.523640394210815430e+00
-6.546515226364135742e-01
1.304588556289672852e+00
-1.826156497001647949e+00
9.610078930854797363e-01
-1.850283443927764893e-01
5.766692757606506348e-01
1.428513407707214355e+00
6.031254678964614868e-02
-4.412150084972381592e-01
5.469549298286437988e-01
3.240743577480316162e-01
-5.405004024505615234e-01
1.479231417179107666e-01
-4.180851578712463379e-01
-1.394794940948486328e+00
-4.674070775508880615e-01
4.044525623321533203e-01
-6.418474316596984863e-01
-1.722121834754943848e-01
2.085112333297729492e-01
-5.409299954771995544e-02
-3.174173533916473389e-01
6.738946437835693359e-01
-2.086388468742370605e-01
-5.869116783142089844e-01
1.286935657262802124e-01
5.192911624908447266e-01
-4.404638707637786865e-01
6.643794775009155273e-01
5.955910682678222656e-02
2.578039765357971191e-01
1.903106093406677246e+00
-4.196796417236328125e-01
2.880181372165679932e-01
1.778456270694732666e-01
1.381381899118423462e-01
-1.972911715507507324e+00
-7.209466695785522461e-01
-9.698648452758789062e-01
1.086462512612342834e-01
2.975203096866607666e-01
-5.624817013740539551e-01
7.569246292114257812e-01
-8.820474147796630859e-01
4.459051787853240967e-01
-4.500217437744140625e-01
2.645423412322998047e-01
3.283095061779022217e-01
-3.435490131378173828e-01
2.263634353876113892e-01
-2.824545502662658691e-01
-4.472937285900115967e-01
-2.108645915985107422e+00
1.234264135360717773e+00
5.693042874336242676e-01
1.264440894126892090e+00
-6.777904927730560303e-02
-9.392088055610656738e-01
-5.678261518478393555e-01
1.441645979881286621e+00
-3.479376137256622314e-01
-5.248925089836120605e-01
-3.675444424152374268e-01
-4.159129038453102112e-02
-7.094933390617370605e-01
-2.112236917018890381e-01
-7.352206707000732422e-01
-1.129272341728210449e+00
5.047361850738525391e-01
1.416637063026428223e+00
-2.340832203626632690e-01
6.086005568504333496e-01
-7.395070195198059082e-01
-2.095732986927032471e-01
3.173531964421272278e-02
-2.676597535610198975e-01
1.801558285951614380e-01
2.341828346252441406e+00
-2.578400969505310059e-01
-1.469186305999755859e+00
6.707811951637268066e-01
3.480683565139770508e-01
9.553356766700744629e-01
-5.568122267723083496e-01
8.795969486236572266e-01
-2.279218658804893494e-02
5.999550968408584595e-02
-2.254378497600555420e-01
2.216094732284545898e+00
-1.189772844314575195e+00
6.626477241516113281e-01
9.226194620132446289e-01
7.399193644523620605e-01
2.563629448413848877e-01
-3.040692806243896484e-01
8.881705999374389648e-02
-1.034726858139038086e+00
-3.548215627670288086e-01
-2.184177935123443604e-01
-6.546285748481750488e-01
-1.900039315223693848e-01
1.807710081338882446e-01
6.020412594079971313e-02
4.241078495979309082e-01
8.559356331825256348e-01
4.870890080928802490e-01
1.839900612831115723e+00
-4.111900031566619873e-01
3.978176712989807129e-01
-3.507613539695739746e-01
1.612892150878906250e-01
2.179589271545410156e-01
9.443968534469604492e-02
1.111943364143371582e+00
2.424325495958328247e-01
2.152946889400482178e-01
4.810688495635986328e-01
-6.759942173957824707e-01
-1.939165145158767700e-01
-8.143442273139953613e-01
-2.008830383419990540e-02
-6.456043124198913574e-01
-1.095362663269042969e+00
1.677588522434234619e-01
-8.397231698036193848e-01
2.228584289550781250e-01
3.444994091987609863e-01
1.086101174354553223e+00
6.759262084960937500e-01
2.357074618339538574e-01
-1.113705709576606750e-01
-5.866531133651733398e-01
-1.525793194770812988e+00
-8.260982632637023926e-01
7.142635583877563477e-01
-3.478979468345642090e-01
9.609559178352355957e-01
-1.146738171577453613e+00
-9.687220454216003418e-01
-1.870055645704269409e-01
1.168685182929039001e-01
3.536874353885650635e-01
3.762995302677154541e-01
-1.356991887092590332e+00
-1.122762560844421387e+00
-4.584351181983947754e-02
-1.856272965669631958e-01
5.597340464591979980e-01
3.023505210876464844e-01
-4.928949177265167236e-01
1.184621095657348633e+00
2.628657221794128418e-02
-2.029391378164291382e-01
7.713946700096130371e-01
3.951776325702667236e-01
-7.783112525939941406e-01
9.644147157669067383e-01
-1.224284768104553223e+00
-3.878220915794372559e-01
-4.877403378486633301e-01
-2.573341727256774902e-01
-1.020556688308715820e+00
4.105204343795776367e-01
-2.204354703426361084e-01
1.209058403968811035e+00
-1.070132374763488770e+00
-9.056807495653629303e-03
-5.877360701560974121e-01
-6.204494833946228027e-01
-5.753803253173828125e-01
-5.988690257072448730e-01
-4.825234413146972656e-01
-9.411405771970748901e-02
1.384194791316986084e-01
-1.421807240694761276e-02
-4.688530862331390381e-01
-3.146039843559265137e-01
-6.973260641098022461e-01
1.949068903923034668e-01
1.529553383588790894e-01
9.206598401069641113e-01
-1.909681797027587891e+00
7.116738557815551758e-01
5.460502505302429199e-01
6.398671865463256836e-01
6.541857123374938965e-01
-8.367429673671722412e-02
-3.508598208427429199e-01
1.111591327935457230e-02
2.601627409458160400e-01
-1.239561080932617188e+00
-7.964851856231689453e-01
-6.161141991615295410e-01
1.595933318138122559e+00
-4.299643933773040771e-01
-3.398621380329132080e-01
1.017239451408386230e+00
2.339201122522354126e-01
3.857726752758026123e-01
-1.646368652582168579e-01
-1.337889909744262695e+00
2.460384517908096313e-01
2.069117307662963867e+00
-8.181291818618774414e-01
-6.028120517730712891e-01
7.129633426666259766e-01
2.588782906532287598e-01
-1.353855878114700317e-01
-8.852975964546203613e-01
9.878256320953369141e-01
-3.747187927365303040e-02
-4.841060638427734375e-01
7.779790759086608887e-01
-5.388807058334350586e-01
-2.399847656488418579e-01
-2.665641605854034424e-01
-7.179205864667892456e-02
-8.806684017181396484e-01
3.646678030490875244e-01
-5.880885720252990723e-01
-2.177944481372833252e-01
-1.370064020156860352e+00
-6.517503857612609863e-01
2.539345622062683105e-01
3.774236440658569336e-01
2.430061548948287964e-01
-6.385110020637512207e-01
6.147286891937255859e-01
-2.698747515678405762e-01
-3.157350122928619385e-01
-1.228573799133300781e+00
-4.466204047203063965e-01
2.947400696575641632e-02
1.495833277702331543e+00
-4.860092997550964355e-01
3.801539540290832520e-01
-4.644818603992462158e-01
-1.528993129730224609e+00
-3.019169867038726807e-01
-5.795141309499740601e-02
-2.410466820001602173e-01
-1.095743417739868164e+00
5.093712806701660156e-01
-1.506283521652221680e+00
-8.880184888839721680e-01
-1.242791295051574707e+00
1.927213072776794434e+00
3.037359416484832764e-01
4.946563243865966797e-01
7.160027027130126953e-01
-2.932655215263366699e-01
4.742881357669830322e-01
-1.073365807533264160e+00
8.255294561386108398e-01
-2.695755958557128906e-01
-6.359977722167968750e-01
-6.352062225341796875e-01
2.716887556016445160e-02
1.620744913816452026e-01
7.062141895294189453e-01
7.710737586021423340e-01
5.720768570899963379e-01
1.234588027000427246e+00
8.971396684646606445e-01
-8.327074348926544189e-02
3.346572518348693848e-01
-4.195322990417480469e-01
-2.792268395423889160e-01
2.372028231620788574e-01
-2.379633486270904541e-01
2.025133609771728516e+00
4.951591789722442627e-01
3.266053497791290283e-01
4.589315056800842285e-01
7.596932053565979004e-01
-5.359784364700317383e-01
-1.051697134971618652e+00
-3.391470015048980713e-01
7.900142669677734375e-01
4.797727763652801514e-01
-9.609519839286804199e-01
-1.232938528060913086e+00
2.054960876703262329e-01
-5.757613778114318848e-01
-6.979717612266540527e-01
-4.411636292934417725e-01
-8.147604465484619141e-01
1.903260946273803711e-01
5.450570583343505859e-01
-1.623117476701736450e-01
6.284053623676300049e-02
3.396181464195251465e-01
-3.029172420501708984e-01
2.296524643898010254e-01
9.772843122482299805e-01
1.704076766967773438e+00
-4.425514936447143555e-01
1.331683546304702759e-01
-8.070904016494750977e-01
3.696223795413970947e-01
-7.533529996871948242e-01
-1.341123729944229126e-01
1.122122764587402344e+00
-5.143421292304992676e-01
-1.274418830871582031e+00
7.146618515253067017e-02
-5.561943054199218750e-01
-9.031575918197631836e-01
-3.656379878520965576e-01
-4.880228042602539062e-01
-8.587884306907653809e-01
5.855686664581298828e-01
9.168745875358581543e-01
-1.526487767696380615e-01
-1.207493305206298828e+00
3.158995509147644043e-01
4.262337386608123779e-01
6.815870404243469238e-01
2.910004854202270508e-01
5.156311392784118652e-01
-6.689170002937316895e-01
-1.712783813476562500e+00
-3.887318968772888184e-01
-6.620973944664001465e-01
-2.779574394226074219e-01
-2.336665540933609009e-01
-1.716736853122711182e-01
3.595188856124877930e-01
-4.947027266025543213e-01
-4.043585807085037231e-02
-7.769425511360168457e-01
-9.885343313217163086e-01
4.612717628479003906e-01
1.201487421989440918e+00
-5.640693008899688721e-03
4.178465008735656738e-01
1.714271187782287598e+00
-6.326574683189392090e-01
5.952357649803161621e-01
1.459459066390991211e+00
7.925757765769958496e-01
1.312783956527709961e-01
-7.624439597129821777e-01
9.225465059280395508e-01
-2.424061745405197144e-01
-7.556791901588439941e-01
-6.765106227248907089e-04
-3.283092081546783447e-01
-4.081985056400299072e-01
-6.198873519897460938e-01
-8.727567791938781738e-01
4.589593708515167236e-01
-8.992099165916442871e-01
-1.402546763420104980e+00
-5.238413810729980469e-01
-1.687569767236709595e-01
9.745770692825317383e-01
-2.746176719665527344e-01
-5.436292290687561035e-01
4.659024178981781006e-01
3.361079692840576172e-01
-6.600499153137207031e-01
-1.880251616239547729e-01
9.304430335760116577e-02
1.180578991770744324e-01
-9.200538694858551025e-02
9.767835736274719238e-01
-1.536086440086364746e+00
6.889724731445312500e-01
7.488284707069396973e-01
1.543623954057693481e-01
-1.260409504175186157e-01
-8.916456699371337891e-01
7.623984813690185547e-01
-1.508271098136901855e+00
-2.904596365988254547e-02
-6.531471014022827148e-01
-3.371841192245483398e+00
1.275255322456359863e+00
-1.089816242456436157e-01
1.625956036150455475e-02
-3.364728391170501709e-01
-1.285414546728134155e-01
8.593641966581344604e-02
-5.734151005744934082e-01
-6.474747061729431152e-01
2.942584753036499023e-01
9.246674180030822754e-02
-7.758902907371520996e-01
7.987068295478820801e-01
2.559117414057254791e-02
-6.993215680122375488e-01
-1.555209234356880188e-02
1.718143969774246216e-01
2.460484951734542847e-01
7.212558388710021973e-02
-5.874906182289123535e-01
-7.059502005577087402e-01
3.126569092273712158e-01
-7.323190569877624512e-01
5.136260017752647400e-02
-3.667850196361541748e-01
-1.088900327682495117e+00
-2.090473920106887817e-01
1.672472655773162842e-01
4.108150899410247803e-01
-1.264929652214050293e+00
-6.378751993179321289e-02
3.141455054283142090e-01
-6.908929347991943359e-01
-1.328949183225631714e-01
1.258350372314453125e+00
6.835694313049316406e-01
7.717873454093933105e-01
-5.510582327842712402e-01
-5.180528163909912109e-01
-5.244330167770385742e-01
6.299738883972167969e-01
-1.142884254455566406e+00
-1.227826699614524841e-01
-3.573163449764251709e-01
6.082140207290649414e-01
-7.554512619972229004e-01
-7.219409942626953125e-01
1.112292170524597168e+00
2.514076419174671173e-02
7.180802822113037109e-01
1.006887912750244141e+00
-5.887758135795593262e-01
-1.474128961563110352e-01
-1.067142128944396973e+00
1.180816963315010071e-01
-4.083577096462249756e-01
6.987286210060119629e-01
-5.066732764244079590e-01
1.155210018157958984e+00
5.672472715377807617e-01
7.275619506835937500e-01
-9.847719073295593262e-01
-9.794629216194152832e-01
5.520309805870056152e-01
4.787802994251251221e-01
-5.262300968170166016e-01
-2.644806206226348877e-01
-8.812410235404968262e-01
2.992082238197326660e-01
2.569345533847808838e-01
6.273283958435058594e-01
2.811318874359130859e+00
-4.863657057285308838e-01
-1.676845997571945190e-01
1.141479849815368652e+00
-4.573223292827606201e-01
-1.093142628669738770e+00
-2.466201633214950562e-01
-1.670720219612121582e+00
-4.675051569938659668e-01
1.325109124183654785e+00
5.378982424736022949e-01
5.121891498565673828e-01
-1.353033781051635742e+00
1.718586802482604980e+00
8.546916246414184570e-01
-4.274637997150421143e-01
-4.903187155723571777e-01
-4.110107123851776123e-01
-1.267794132232666016e+00
-6.330793499946594238e-01
-1.054111957550048828e+00
3.117057681083679199e-01
2.007913738489151001e-01
-1.359035134315490723e+00
1.917500197887420654e-01
4.483880400657653809e-01
-2.267746627330780029e-01
1.709460616111755371e-01
-2.356891781091690063e-01
-1.274124383926391602e-01
-5.211938619613647461e-01
1.216861248016357422e+00
5.261644124984741211e-01
-7.860750705003738403e-02
1.112088322639465332e+00
3.769246935844421387e-01
3.930227160453796387e-01
-1.084229230880737305e+00
-3.244936764240264893e-01
-1.129382967948913574e+00
-1.870503127574920654e-01
6.729553341865539551e-01
2.644644305109977722e-02
7.119981646537780762e-01
2.952485382556915283e-01
2.385800033807754517e-01
-1.301420569419860840e+00
-5.669186711311340332e-01
-5.711835026741027832e-01
-3.334148824214935303e-01
1.105826616287231445e+00
2.733618617057800293e-01
1.922655701637268066e-01
-3.276200890541076660e-01
-7.813144326210021973e-01
3.421335518360137939e-01
-6.188361048698425293e-01
1.002605438232421875e+00
2.449840009212493896e-01
3.534929454326629639e-01
9.925192594528198242e-01
-6.597514152526855469e-01
5.536820292472839355e-01
1.167718529701232910e+00
6.147420499473810196e-03
1.336059451103210449e+00
4.058820307254791260e-01
4.484820663928985596e-01
6.585921049118041992e-01
-1.122526764869689941e+00
1.051454186439514160e+00
1.660352110862731934e+00
1.110098242759704590e+00
3.464462459087371826e-01
-1.068625807762145996e+00
6.427060812711715698e-02
3.264275789260864258e-01
1.757305145263671875e+00
-9.351323246955871582e-01
8.680395483970642090e-01
1.846471905708312988e+00
-4.205521047115325928e-01
-1.142207622528076172e+00
6.595209985971450806e-02
-2.841096520423889160e-01
9.603708982467651367e-02
4.574451744556427002e-01
4.964056909084320068e-01
-2.741618156433105469e-01
-3.322889283299446106e-02
5.491122007369995117e-01
5.971177816390991211e-01
9.489151835441589355e-01
1.425400376319885254e+00
6.961531043052673340e-01
-4.412419795989990234e-01
-6.954757571220397949e-01
7.866403460502624512e-01
5.675022006034851074e-01
2.772066891193389893e-01
-1.849708855152130127e-01
-1.002238631248474121e+00
-6.605679988861083984e-01
-7.030621767044067383e-01
2.458960711956024170e-01
7.144066095352172852e-01
1.652884602546691895e+00
-6.707164645195007324e-01
-6.256317496299743652e-01
-3.158750236034393311e-01
5.932533368468284607e-02
-6.343148350715637207e-01
9.317040443420410156e-03
5.117067694664001465e-01
-3.858761489391326904e-01
-9.224914945662021637e-03
-3.673200905323028564e-01
4.981974363327026367e-01
-6.681889295578002930e-01
-6.963766217231750488e-01
-4.700065135955810547e+00
4.441951811313629150e-01
1.305764913558959961e-01
-1.793349087238311768e-01
8.848708271980285645e-01
3.195094466209411621e-01
-9.487510472536087036e-02
1.039093136787414551e+00
-8.930929899215698242e-01
1.114637851715087891e+00
-1.310836791992187500e+00
1.616410136222839355e+00
3.744976520538330078e-01
-3.544497489929199219e-01
-6.281493306159973145e-01
5.355185866355895996e-01
7.353453636169433594e-01
-1.295856758952140808e-02
-1.013637185096740723e-01
-4.724340140819549561e-01
-5.101081132888793945e-01
-5.881872773170471191e-02
2.346781492233276367e-01
-5.827882289886474609e-01
-4.372656941413879395e-01
-7.178568840026855469e-01
-1.103142261505126953e+00
9.249792248010635376e-02
7.405635714530944824e-01
-1.065049767494201660e+00
3.784199655055999756e-01
3.628407716751098633e-01
-1.408570289611816406e+00
-6.844414472579956055e-01
-4.729978144168853760e-01
7.153055667877197266e-01
9.677749872207641602e-01
-5.913275480270385742e-02
-4.098270535469055176e-01
5.533949658274650574e-02
1.286758422851562500e+00
-1.070774197578430176e+00
9.585933685302734375e-01
-8.865374326705932617e-01
-4.460669457912445068e-01
-1.569066345691680908e-01
-1.921435892581939697e-01
8.770446181297302246e-01
3.875559940934181213e-02
5.285876989364624023e-01
5.526311695575714111e-02
5.239999890327453613e-01
2.782470546662807465e-03
-1.250308156013488770e+00
1.532587528228759766e+00
1.028825759887695312e+00
-8.049236238002777100e-02
-8.639972805976867676e-01
-5.513549316674470901e-03
-1.605088710784912109e+00
1.065249323844909668e+00
-1.100039601325988770e+00
3.196760118007659912e-01
-2.372355759143829346e-01
1.636049151420593262e+00
-2.273534685373306274e-01
-3.737332820892333984e-01
1.094268918037414551e+00
1.229953527450561523e+00
-2.378962486982345581e-01
-1.164663076400756836e+00
-1.331778168678283691e-01
2.134267985820770264e-01
1.841489076614379883e+00
5.913021564483642578e-01
-1.214464783668518066e+00
8.349848389625549316e-01
3.642560839653015137e-01
-1.076299548149108887e+00
4.767927229404449463e-01
