-1.247109174728393555e+00
8.223869204521179199e-01
-2.859074771404266357e-01
-4.988057911396026611e-01
-5.987390875816345215e-01
3.529793024063110352e-01
7.182791829109191895e-01
-1.414585590362548828e+00
-2.256796121597290039e+00
8.591284155845642090e-01
5.640071034431457520e-01
3.861531317234039307e-01
-8.006964921951293945e-01
-6.666035652160644531e-01
-1.320400089025497437e-01
-9.699731469154357910e-01
-2.172457426786422729e-01
-1.104877829551696777e+00
4.736319184303283691e-01
1.151764392852783203e+00
1.641059643588960171e-03
-1.015917778015136719e+00
1.187017798423767090e+00
5.770367980003356934e-01
4.320598244667053223e-01
-5.995745062828063965e-01
7.804723083972930908e-02
-1.164546847343444824e+00
-1.893133163452148438e+00
1.375897288322448730e+00
9.907061457633972168e-01
-1.891179755330085754e-02
-8.028730750083923340e-01
-7.758015301078557968e-03
1.180154919624328613e+00
-3.122728168964385986e-01
-4.401914477348327637e-01
-1.489350557327270508e+00
-9.329359978437423706e-03
1.313135147094726562e+00
-1.925234556198120117e+00
-1.385895013809204102e+00
-9.360584616661071777e-01
1.469871997833251953e+00
6.023750901222229004e-01
-4.097781479358673096e-01
1.086220502853393555e+00
-9.079523086547851562e-01
-6.898419260978698730e-01
-8.142241835594177246e-01
4.208561778068542480e-01
2.413524687290191650e-01
-5.007039904594421387e-01
-1.889335751533508301e+00
1.171904802322387695e+00
-2.872099280357360840e-01
2.057670801877975464e-01
-5.122756361961364746e-01
3.787347078323364258e-01
-3.598673641681671143e-01
1.760860919952392578e+00
5.678076744079589844e-01
3.031341791152954102e+00
3.224666044116020203e-02
5.655591487884521484e-01
-3.682828322052955627e-02
-1.463712453842163086e+00
1.497460305690765381e-01
1.304701447486877441e+00
-1.066757917404174805e+00
3.188277781009674072e-01
1.556605100631713867e-01
3.484021425247192383e-01
-9.423028230667114258e-01
2.741434574127197266e+00
-3.376265764236450195e-01
-9.691964834928512573e-02
1.583322137594223022e-01
1.342723727226257324e+00
5.184695720672607422e-01
8.498991727828979492e-01
1.347513496875762939e-01
-1.531064510345458984e+00
-1.328353762626647949e+00
-2.620948076248168945e+00
1.093756079673767090e+00
-7.200024724006652832e-01
-7.267972826957702637e-01
-1.068159937858581543e+00
-1.561284661293029785e-01
-1.406587004661560059e+00
-2.206637382507324219e+00
-7.703240513801574707e-01
8.496524095535278320e-01
3.244802057743072510e-01
3.065679594874382019e-02
1.340056538581848145e+00
2.357678413391113281e-01
-1.022056862711906433e-01
-4.748272523283958435e-02
-1.868404150009155273e+00
-1.229209065437316895e+00
-4.834684133529663086e-01
-1.018581509590148926e+00
-1.353742122650146484e+00
-5.970356464385986328e-01
-2.474495396018028259e-02
1.086581826210021973e+00
3.938599824905395508e-01
2.757318615913391113e-01
-3.427057862281799316e-01
7.618404030799865723e-01
3.986397683620452881e-01
-4.838488623499870300e-02
-3.161951005458831787e-01
4.028731286525726318e-01
7.852969765663146973e-01
-2.107068061828613281e+00
-2.315486222505569458e-01
1.478236198425292969e+00
-6.808474659919738770e-01
1.143486857414245605e+00
-2.214498996734619141e+00
-3.251886963844299316e-01
-3.869178295135498047e-01
2.866993844509124756e-01
7.461709976196289062e-01
1.172737851738929749e-01
-5.915069580078125000e-02
-2.342477083206176758e+00
6.085996627807617188e-01
3.364430665969848633e-01
5.413091778755187988e-01
-2.024009943008422852e+00
2.247561365365982056e-01
-4.524677693843841553e-01
-4.955743253231048584e-01
-8.313124179840087891e-01
-1.755512058734893799e-01
-1.343966722488403320e-01
-1.104453563690185547e+00
1.209406137466430664e+00
4.700892567634582520e-01
7.417622804641723633e-01
1.396805644035339355e+00
-6.761670112609863281e-01
-1.121422886848449707e+00
2.948406040668487549e-01
9.650773555040359497e-02
8.805888891220092773e-01
-4.777173101902008057e-01
-6.335216760635375977e-02
-1.832896828651428223e+00
-9.333519339561462402e-01
3.907284438610076904e-01
8.814465403556823730e-01
5.564711689949035645e-01
5.383841395378112793e-01
-3.480425477027893066e-01
6.445304155349731445e-01
2.807802557945251465e-01
-6.222626566886901855e-01
-2.657508663833141327e-02
-1.554026961326599121e+00
2.022035121917724609e-01
-3.416894376277923584e-01
-8.795293569564819336e-01
7.452535629272460938e-02
-7.573096752166748047e-01
-9.635410904884338379e-01
-9.039092659950256348e-01
-1.821618080139160156e+00
-1.716628909111022949e+00
-2.112094312906265259e-01
2.423681616783142090e-01
-4.170961976051330566e-01
6.207809448242187500e-01
-8.174355030059814453e-01
-2.173390537500381470e-01
1.152907371520996094e+00
-7.110775113105773926e-01
-1.472126126289367676e+00
1.330173015594482422e+00
1.564481705427169800e-01
1.582196712493896484e+00
-8.602419495582580566e-01
-1.552188396453857422e+00
5.845624208450317383e-01
-1.414124131202697754e+00
1.383847475051879883e+00
-3.260174691677093506e-01
-7.601205110549926758e-01
-1.033211275935173035e-01
1.260460913181304932e-01
-1.085013270378112793e+00
2.710384428501129150e-01
-1.095963597297668457e+00
1.102717518806457520e+00
-1.475337028503417969e+00
-1.833600878715515137e+00
7.842513322830200195e-01
6.206901669502258301e-01
5.632137060165405273e-01
-7.296800613403320312e-02
3.779221475124359131e-01
9.874242544174194336e-02
2.874762713909149170e-01
-5.583464503288269043e-01
1.580211758613586426e+00
-6.979287266731262207e-01
-4.274453222751617432e-01
1.899434477090835571e-01
4.353146255016326904e-01
9.973935782909393311e-02
4.146843254566192627e-01
-8.133370429277420044e-02
-1.579848647117614746e+00
-7.685961723327636719e-01
-1.029462337493896484e+00
1.012104511260986328e+00
6.224318146705627441e-01
4.226903915405273438e-01
7.325028777122497559e-01
2.427336387336254120e-02
-8.537840843200683594e-01
-2.151844501495361328e-01
5.938461422920227051e-01
-6.019883155822753906e-01
-5.105291008949279785e-01
-3.842909634113311768e-01
-9.229090213775634766e-01
-7.894247770309448242e-01
-3.923180401325225830e-01
1.003229737281799316e+00
1.110948681831359863e+00
5.346829891204833984e-01
1.463058233261108398e+00
7.419522404670715332e-01
1.666438132524490356e-01
1.784222006797790527e+00
-8.136339187622070312e-01
-1.528693079948425293e+00
-1.346631407737731934e+00
-1.646598875522613525e-01
-1.860042452812194824e+00
7.483057379722595215e-01
1.108623862266540527e+00
3.994370400905609131e-01
5.405162572860717773e-01
-5.468379855155944824e-01
1.576248556375503540e-01
-2.012600183486938477e+00
-6.501795053482055664e-01
-2.416599094867706299e-01
6.337602138519287109e-01
3.108196496963500977e+00
2.608819007873535156e-01
1.029693722724914551e+00
-3.304536044597625732e-01
-2.984703779220581055e-01
-6.099567413330078125e-01
4.500336647033691406e-01
-1.276543855667114258e+00
-2.341259717941284180e-01
-2.288384437561035156e-01
1.234573245048522949e+00
-2.674247622489929199e-01
3.461550176143646240e-01
2.015086412429809570e+00
-7.746042013168334961e-01
1.408669710159301758e+00
7.176865339279174805e-01
8.236965537071228027e-01
1.100502535700798035e-01
-1.372345536947250366e-02
1.934140771627426147e-01
3.556379675865173340e-01
-6.223183125257492065e-02
5.725106596946716309e-01
7.861328870058059692e-02
9.939502477645874023e-01
7.810367941856384277e-01
-6.111694574356079102e-01
2.700715959072113037e-01
6.088808178901672363e-01
1.200100872665643692e-02
2.601905763149261475e-01
-2.603060901165008545e-01
1.129709601402282715e+00
-2.619283795356750488e-01
-9.855467081069946289e-01
-2.010400772094726562e+00
2.333103895187377930e+00
3.328685522079467773e+00
-1.528382301330566406e-01
-1.993057012557983398e+00
6.145551800727844238e-01
2.426259815692901611e-01
8.136790394783020020e-01
-1.059401273727416992e+00
-1.027963161468505859e+00
-2.502598762512207031e-01
-1.816362738609313965e-01
-1.164229869842529297e+00
7.393766045570373535e-01
1.178345680236816406e+00
8.159198760986328125e-01
1.025294139981269836e-01
-8.817263245582580566e-01
6.086491942405700684e-01
-8.971182256937026978e-02
-2.620210871100425720e-04
-3.747135102748870850e-01
4.953708350658416748e-01
-6.903991699218750000e-01
9.687704443931579590e-01
4.131120741367340088e-01
-2.886579334735870361e-01
7.769380211830139160e-01
-3.793520331382751465e-01
-6.142858266830444336e-01
-3.771508336067199707e-01
2.731686532497406006e-01
-1.387830853462219238e+00
7.209241390228271484e-01
1.214468479156494141e+00
-1.395286679267883301e+00
-1.642132639884948730e+00
-1.203920125961303711e+00
1.151095151901245117e+00
-2.674852609634399414e-01
3.954591453075408936e-01
-4.591811895370483398e-01
7.576180249452590942e-02
7.997719049453735352e-01
-1.370546460151672363e+00
2.121266722679138184e-01
2.528592944145202637e-01
5.046548694372177124e-02
-2.163110375404357910e-01
-9.340012073516845703e-01
-7.450977563858032227e-01
6.537311673164367676e-01
-1.592588275671005249e-01
7.624932378530502319e-02
-9.000368714332580566e-01
-1.542853832244873047e+00
1.087677359580993652e+00
-1.441054821014404297e+00
-1.335789561271667480e+00
-8.063156008720397949e-01
5.775262713432312012e-01
-4.593397080898284912e-01
2.091823101043701172e+00
-1.239901781082153320e+00
-5.700616240501403809e-01
7.703532278537750244e-02
-1.234300732612609863e+00
2.180385142564773560e-01
7.455139160156250000e-01
-2.147843539714813232e-01
6.121594309806823730e-01
-3.602375388145446777e-01
-1.133580088615417480e+00
6.746073365211486816e-01
-1.437048912048339844e+00
1.048498034477233887e+00
7.246284484863281250e-01
2.922408580780029297e-01
5.561379790306091309e-01
-7.752634882926940918e-01
3.475225865840911865e-01
-1.894010044634342194e-02
-1.721977442502975464e-01
-8.072342276573181152e-01
-2.844196259975433350e-01
5.813386440277099609e-01
-6.518611907958984375e-01
-3.984556496143341064e-01
1.504422664642333984e+00
1.352477073669433594e+00
1.019824147224426270e+00
-2.856590449810028076e-01
-2.584656000137329102e+00
-2.187514305114746094e-02
-4.225442707538604736e-01
-7.781689167022705078e-01
-8.397085666656494141e-01
1.356062173843383789e+00
1.567207336425781250e+00
2.404157876968383789e+00
8.698265552520751953e-01
1.109412670135498047e+00
-1.120761632919311523e+00
3.251777887344360352e-01
5.852599814534187317e-02
-2.254844307899475098e-01
5.680814757943153381e-02
-9.579280614852905273e-01
6.394015550613403320e-01
-4.072029888629913330e-01
-1.751917123794555664e+00
7.609403133392333984e-01
8.325119018554687500e-01
-3.134756386280059814e-01
1.119067668914794922e+00
-3.939692378044128418e-01
-1.516522467136383057e-01
-5.224260091781616211e-01
-2.101961374282836914e-01
-6.926847696304321289e-01
6.029856801033020020e-01
-1.237285971641540527e+00
4.631635248661041260e-01
9.495514631271362305e-02
1.470598101615905762e+00
1.599073857069015503e-01
-3.200597465038299561e-01
-9.395413994789123535e-01
2.146123200654983521e-01
-6.852789521217346191e-01
-1.188545376062393188e-01
-4.840147793292999268e-01
1.165723681449890137e+00
-4.695151150226593018e-01
4.104813337326049805e-01
4.721935093402862549e-01
8.025664687156677246e-01
7.037455439567565918e-01
-5.393111109733581543e-01
-7.066791653633117676e-01
7.029699683189392090e-01
8.047913908958435059e-01
-1.047213196754455566e+00
5.453445315361022949e-01
1.586294293403625488e+00
-1.453293710947036743e-01
8.208596110343933105e-01
-3.453113138675689697e-01
8.886222839355468750e-01
2.828977704048156738e-01
6.475986242294311523e-01
4.798021912574768066e-01
1.308340191841125488e+00
-3.390763998031616211e-01
-1.286416292190551758e+00
-4.945415854454040527e-01
3.370559811592102051e-01
-4.761975407600402832e-01
-4.599544107913970947e-01
6.478866934776306152e-01
1.052509546279907227e-01
1.458471547812223434e-02
3.537194728851318359e-01
8.274850249290466309e-02
-1.692259311676025391e+00
9.477641582489013672e-01
1.037061810493469238e+00
5.485479533672332764e-02
1.404437422752380371e+00
4.417932927608489990e-01
1.304186224937438965e+00
-4.989979565143585205e-01
-9.651169776916503906e-01
2.576479911804199219e-01
-5.521078705787658691e-01
-8.089236021041870117e-01
5.609979033470153809e-01
-5.622801184654235840e-01
4.586467146873474121e-01
3.269956409931182861e-01
-5.547400116920471191e-01
7.125692963600158691e-01
7.769377827644348145e-01
-1.177903056144714355e+00
-2.874869704246520996e-01
3.761614561080932617e-01
-4.222148954868316650e-01
-1.463181138038635254e+00
7.815341949462890625e-01
-5.011943578720092773e-01
8.048654198646545410e-01
-1.781102180480957031e+00
5.468394160270690918e-01
1.186081767082214355e+00
1.477628499269485474e-01
-9.557477831840515137e-01
-1.076177239418029785e+00
6.249876618385314941e-01
7.374894618988037109e-01
-9.466197490692138672e-01
1.419066190719604492e+00
1.025186657905578613e+00
4.026162028312683105e-01
-1.158689975738525391e+00
-5.257996320724487305e-01
-1.084558963775634766e+00
-3.897443532943725586e+00
8.347486257553100586e-01
-7.357493638992309570e-01
-8.502212166786193848e-01
8.149464726448059082e-01
-7.308282256126403809e-01
-3.371910750865936279e-01
-1.122776567935943604e-01
5.982787013053894043e-01
-6.316062808036804199e-01
1.145519912242889404e-01
-4.346088469028472900e-01
-6.437407135963439941e-01
1.214736938476562500e+00
1.796835213899612427e-01
2.412721633911132812e+00
4.527154862880706787e-01
-2.053768038749694824e-01
-1.705783605575561523e-01
-1.290701508522033691e+00
5.777065157890319824e-01
-3.334991633892059326e-01
-9.309416413307189941e-01
4.632107913494110107e-01
-8.647261187434196472e-03
-7.759755849838256836e-01
-7.080892324447631836e-01
2.160514295101165771e-01
8.576093912124633789e-01
-4.398437216877937317e-02
-2.103006392717361450e-01
-6.574156880378723145e-01
-2.328134536743164062e+00
-7.092911005020141602e-01
1.696191430091857910e+00
1.499778866767883301e+00
-6.975883245468139648e-01
1.135697364807128906e+00
1.517616361379623413e-01
-2.954791188240051270e-01
-4.281740784645080566e-01
-1.068988442420959473e+00
-1.279193162918090820e+00
7.628338336944580078e-01
2.050615549087524414e+00
1.933383196592330933e-01
-5.379099845886230469e-01
-1.797596067190170288e-01
-1.718935608863830566e+00
2.252750158309936523e+00
1.802706003189086914e+00
8.186109066009521484e-01
-1.521445363759994507e-01
6.595371365547180176e-01
-5.221248865127563477e-01
-1.593985915184020996e+00
-2.047868728637695312e+00
1.528203487396240234e+00
7.717397809028625488e-01
5.619632545858621597e-03
6.588578224182128906e-01
-8.852915763854980469e-01
4.480935335159301758e-01
8.690060377120971680e-01
3.047516047954559326e-01
-3.113226294517517090e-01
5.690597295761108398e-01
1.364542126655578613e+00
7.567592859268188477e-01
2.200729101896286011e-01
-3.959675431251525879e-01
1.749524950981140137e+00
-1.509334564208984375e+00
1.525377511978149414e+00
1.376705169677734375e-01
-6.989974975585937500e-01
4.028155207633972168e-01
1.669372059404850006e-02
8.053473234176635742e-01
6.097800135612487793e-01
3.829569518566131592e-01
-2.200560569763183594e+00
4.209198653697967529e-01
-1.393761754035949707e+00
9.543339014053344727e-01
1.422674775123596191e+00
3.887076973915100098e-01
2.049308121204376221e-01
4.499428905546665192e-03
-2.909563481807708740e-01
-6.642802953720092773e-01
-1.589892506599426270e-01
1.267801880836486816e+00
1.011374831199645996e+00
4.388147294521331787e-01
-1.399125576019287109e+00
-2.859124541282653809e-01
3.321904838085174561e-01
-1.219516023993492126e-01
7.232604026794433594e-01
2.262959927320480347e-01
-3.829776048660278320e-01
-4.778706729412078857e-01
-4.034957587718963623e-01
4.294014871120452881e-01
-1.241245865821838379e+00
3.467259407043457031e-01
-8.317175507545471191e-01
-1.413122296333312988e+00
-2.816769480705261230e-01
-1.131481289863586426e+00
-1.151304602622985840e+00
2.141094803810119629e-01
-6.396278142929077148e-01
-9.522186517715454102e-01
-8.595795035362243652e-01
-4.893162846565246582e-02
-2.504141330718994141e+00
-5.746484547853469849e-02
-1.511116772890090942e-01
-5.315745472908020020e-01
5.544047355651855469e-01
2.263773232698440552e-01
4.957486391067504883e-01
-7.225928902626037598e-01
-1.194332838058471680e+00
3.753263354301452637e-01
1.008451938629150391e+00
1.694540500640869141e+00
5.449405312538146973e-01
6.680341958999633789e-01
1.146451115608215332e+00
-1.519672125577926636e-01
1.173677802085876465e+00
3.132870197296142578e-01
-1.416298985481262207e+00
-1.612210571765899658e-01
6.856263875961303711e-01
-5.107139945030212402e-01
-1.569102048873901367e+00
6.739390492439270020e-01
4.753023087978363037e-01
1.829155445098876953e+00
1.054078698158264160e+00
4.391515254974365234e-02
-1.497305631637573242e-01
8.570183515548706055e-01
-1.415858566761016846e-01
3.254578113555908203e-01
-1.768261566758155823e-02
9.273248165845870972e-02
-4.617542922496795654e-01
3.109659254550933838e-01
-1.227769017219543457e+00
1.671526670455932617e+00
-2.169289112091064453e+00
-1.474842429161071777e+00
1.314328551292419434e+00
-8.239271044731140137e-01
-1.042738080024719238e+00
-6.878718137741088867e-01
-9.098685979843139648e-01
-3.517697453498840332e-01
1.239072084426879883e+00
-4.917344823479652405e-02
4.734087288379669189e-01
4.763602465391159058e-02
3.315764665603637695e-01
1.562103778123855591e-01
4.053257405757904053e-01
5.902638286352157593e-02
3.611342310905456543e-01
-1.274573087692260742e+00
4.242996275424957275e-01
6.091079711914062500e-01
1.288092136383056641e-01
3.446623980998992920e-01
1.157952189445495605e+00
8.937328457832336426e-01
-8.845096230506896973e-01
1.311484426259994507e-01
1.948297977447509766e+00
1.130742192268371582e+00
-2.451099306344985962e-01
2.115773558616638184e-01
-3.134483397006988525e-01
1.159120917320251465e+00
-7.583591341972351074e-01
-5.393581390380859375e-01
-3.293524682521820068e-01
9.423104673624038696e-02
-6.971395492553710938e+00
-4.420618712902069092e-01
-1.843703866004943848e+00
-4.089444279670715332e-01
1.876234173774719238e+00
1.032472133636474609e+00
-5.612272620201110840e-01
2.140519142150878906e+00
-1.928904056549072266e-01
-6.840875744819641113e-01
9.411080479621887207e-01
1.769997924566268921e-01
2.426122725009918213e-01
-3.345696926116943359e+00
-1.271827459335327148e+00
-2.471081763505935669e-01
3.377369642257690430e-01
8.683761358261108398e-01
1.758899211883544922e+00
-2.368133217096328735e-01
-2.993910074234008789e+00
1.863284945487976074e+00
4.747624695301055908e-01
-3.043482899665832520e-01
-1.531164627522230148e-02
-1.224612891674041748e-01
-1.335463285446166992e+00
7.569873332977294922e-01
1.217968940734863281e+00
-1.531944036483764648e+00
7.149019241333007812e-01
-1.428073406219482422e+00
-1.045662999153137207e+00
7.172294706106185913e-02
8.521271347999572754e-01
1.113580703735351562e+00
7.253971099853515625e-01
-5.064175128936767578e-01
-3.081680536270141602e-01
9.691546112298965454e-02
5.760459303855895996e-01
-1.443309545516967773e+00
4.029892086982727051e-01
-2.443779945373535156e+00
-8.133872598409652710e-02
-5.726354941725730896e-02
7.207325100898742676e-01
-9.210331737995147705e-02
9.500747323036193848e-01
2.436348050832748413e-01
1.022200465202331543e+00
1.212545514106750488e+00
2.313268184661865234e-01
-1.152227878570556641e+00
1.495797038078308105e+00
1.174404859542846680e+00
2.389681786298751831e-01
-6.772044897079467773e-01
1.044431924819946289e+00
-7.458916306495666504e-01
7.768267989158630371e-01
8.619624376296997070e-01
-1.803458780050277710e-01
-4.258381426334381104e-01
7.673930376768112183e-02
6.793764978647232056e-02
-9.632061719894409180e-01
-9.495518803596496582e-01
6.431349515914916992e-01
2.591166794300079346e-01
-1.762677788734436035e+00
4.521660208702087402e-01
1.123024582862854004e+00
-5.145448446273803711e-01
3.303912580013275146e-01
1.803641557693481445e+00
-5.369227528572082520e-01
-7.754071801900863647e-02
-4.561215043067932129e-01
-3.593792915344238281e-01
