1.074370503425598145e+00
1.059195995330810547e+00
1.044636487960815430e+00
-1.619434803724288940e-01
-2.879828512668609619e-01
-8.907312750816345215e-01
-1.013470768928527832e+00
8.619598746299743652e-01
-2.134786128997802734e+00
-8.941087722778320312e-01
6.512821912765502930e-01
-2.307105213403701782e-01
5.914201736450195312e-01
-4.234956502914428711e-01
-7.499869167804718018e-02
-1.009674191474914551e+00
-1.751444935798645020e-01
3.409213125705718994e-01
9.147384166717529297e-01
-8.478441089391708374e-02
9.391880035400390625e-01
1.170317977666854858e-01
5.274079442024230957e-01
-8.780660629272460938e-01
6.066742353141307831e-03
-6.417877078056335449e-01
-6.414496153593063354e-02
-2.188117802143096924e-01
-1.789715409278869629e+00
5.156193971633911133e-01
-1.000041961669921875e+00
1.751706749200820923e-01
-4.285425245761871338e-01
4.035933017730712891e-01
-5.630648732185363770e-01
-1.122342646121978760e-01
-9.076526761054992676e-01
-2.725825786590576172e+00
-8.172438293695449829e-02
4.141926467418670654e-01
-1.254199445247650146e-01
-3.028877079486846924e-01
3.212054669857025146e-01
-2.784992381930351257e-02
1.480093955993652344e+00
-1.110230609774589539e-01
-1.914001852273941040e-01
-3.698480725288391113e-01
-3.981873095035552979e-01
1.444254666566848755e-01
-7.594066858291625977e-01
-5.859677791595458984e-01
7.408809661865234375e-01
9.092923253774642944e-02
8.523160219192504883e-01
1.001629699021577835e-02
4.072480797767639160e-01
-6.358172297477722168e-01
-4.216018617153167725e-01
-9.671235084533691406e-01
6.811857819557189941e-01
-1.711115241050720215e-02
1.148628830909729004e+00
1.980409473180770874e-01
7.512483000755310059e-01
-5.829169154167175293e-01
-3.880476653575897217e-01
-9.068009257316589355e-01
1.216513514518737793e+00
-6.957803368568420410e-01
9.058952927589416504e-01
4.907404184341430664e-01
-3.550300598144531250e-01
-1.444730520248413086e+00
4.024463891983032227e-01
4.391922429203987122e-02
-4.260949492454528809e-01
-1.781975179910659790e-01
-5.512650012969970703e-01
9.923392534255981445e-01
5.512727499008178711e-01
4.800674617290496826e-01
-1.042232036590576172e+00
2.567800283432006836e-01
-8.679045438766479492e-01
8.336241841316223145e-01
-1.451498389244079590e+00
-5.296311378479003906e-01
4.874663054943084717e-01
-8.688059449195861816e-01
-1.039194941520690918e+00
-2.727360129356384277e-01
-9.279600381851196289e-01
1.492228865623474121e+00
1.102472186088562012e+00
5.629422664642333984e-01
-3.678911551833152771e-02
5.304347872734069824e-01
2.946854531764984131e-01
5.199920013546943665e-02
-7.831687331199645996e-01
-3.277454674243927002e-01
1.029403567314147949e+00
6.875938177108764648e-01
-6.472080349922180176e-01
-2.911692261695861816e-01
-1.234647035598754883e+00
7.379390597343444824e-01
3.757277429103851318e-01
-1.000729322433471680e+00
7.682113647460937500e-01
1.390870809555053711e+00
-1.626491069793701172e+00
-1.887402057647705078e+00
1.492123305797576904e-01
5.714781284332275391e-01
-3.126846253871917725e-01
-1.314268827438354492e+00
-3.578687012195587158e-01
1.086099520325660706e-01
-1.482681035995483398e-01
1.139735341072082520e+00
-2.450206279754638672e+00
2.104042172431945801e-01
-8.002980053424835205e-02
-5.820688605308532715e-02
6.033135652542114258e-01
-3.729997873306274414e-01
-8.039358258247375488e-01
-2.201057970523834229e-01
5.000231862068176270e-01
-1.503604352474212646e-01
-4.558859169483184814e-01
-5.228984951972961426e-01
-2.270031213760375977e+00
-3.749105036258697510e-01
3.576511740684509277e-01
-2.382221937179565430e+00
-6.901067495346069336e-01
8.706054091453552246e-01
-8.827148079872131348e-01
7.855093479156494141e-01
1.745981812477111816e+00
7.520952820777893066e-01
-9.148825407028198242e-01
5.051898360252380371e-01
-9.892149269580841064e-02
-3.681732714176177979e-01
7.342883944511413574e-01
4.538838267326354980e-01
5.064358711242675781e-01
7.818671874701976776e-03
4.305728077888488770e-01
9.970159735530614853e-04
1.074764490127563477e+00
1.329750120639801025e-01
-1.356543540954589844e+00
-6.780415177345275879e-01
-6.273150444030761719e-01
3.950865268707275391e-01
-6.402686983346939087e-02
-9.335625767707824707e-01
2.033645957708358765e-01
-1.242362141609191895e+00
-7.013825327157974243e-02
-1.103952765464782715e+00
-3.803971409797668457e-01
4.451815485954284668e-01
-2.827002406120300293e-01
3.519413992762565613e-02
-3.915111124515533447e-01
-1.676240444183349609e+00
-7.417845129966735840e-01
1.291530728340148926e+00
2.616509795188903809e-01
2.820662856101989746e-01
1.859865188598632812e-01
2.769168913364410400e-01
-7.666960358619689941e-01
1.202224493026733398e+00
-1.074294596910476685e-01
-1.972036361694335938e+00
3.388601541519165039e-01
-3.326757252216339111e-01
1.189319729804992676e+00
-4.425136744976043701e-01
-1.229568481445312500e+00
-4.525319486856460571e-02
-3.145781159400939941e-02
5.804812908172607422e-01
1.931771934032440186e-01
4.803850948810577393e-01
-3.432356417179107666e-01
8.235457539558410645e-01
-1.221116304397583008e+00
7.126927375793457031e-01
-1.757593303918838501e-01
-4.847788810729980469e-02
-1.200344413518905640e-01
-8.693963289260864258e-01
1.984731554985046387e-01
4.745009541511535645e-01
1.744115710258483887e+00
-1.101010918617248535e+00
7.375696301460266113e-01
-3.820899426937103271e-01
7.298104166984558105e-01
-5.728164911270141602e-01
2.023807525634765625e+00
-8.016040921211242676e-01
1.293453872203826904e-01
9.086724519729614258e-01
8.179140090942382812e-01
2.590524256229400635e-01
3.610967472195625305e-02
2.737048268318176270e-01
8.244091868400573730e-01
-9.399162977933883667e-02
-1.036397933959960938e+00
-4.216056764125823975e-01
-8.549826145172119141e-01
1.492290105670690536e-02
-5.852577462792396545e-02
-2.176976054906845093e-01
4.374853074550628662e-01
7.476161718368530273e-01
-2.412669658660888672e-01
-8.523411154747009277e-01
-6.576427817344665527e-01
-1.010676741600036621e+00
2.549655139446258545e-01
-9.907655715942382812e-01
-2.873690724372863770e-01
9.692748785018920898e-01
2.024865448474884033e-01
5.397366285324096680e-01
1.677499413490295410e-01
-5.877919867634773254e-02
-1.744422018527984619e-01
-3.566188514232635498e-01
6.434803456068038940e-02
-4.306494295597076416e-01
4.637116491794586182e-01
-1.921640932559967041e-01
-1.298174709081649780e-01
7.933726161718368530e-02
4.109394848346710205e-01
4.868578612804412842e-01
4.220661222934722900e-01
2.788318097591400146e-01
-2.303049340844154358e-02
-5.964009165763854980e-01
-1.073700428009033203e+00
1.782158017158508301e-01
8.729527890682220459e-02
-5.947917699813842773e-01
8.714786767959594727e-01
-1.502505391836166382e-01
3.874588906764984131e-01
-3.219354450702667236e-01
-2.347820848226547241e-01
1.120943784713745117e+00
-2.594891190528869629e-01
-1.131894588470458984e+00
3.827025294303894043e-01
4.332807958126068115e-01
5.434363484382629395e-01
-8.443512916564941406e-01
1.280548810958862305e+00
5.249878764152526855e-01
1.686586856842041016e+00
1.087444901466369629e+00
-2.914641499519348145e-01
8.740645051002502441e-01
-5.413793325424194336e-01
-7.660293579101562500e-02
1.409679204225540161e-01
-2.467551231384277344e-01
-4.089644551277160645e-01
2.983164042234420776e-03
2.438231259584426880e-01
-9.296165704727172852e-01
1.153887391090393066e+00
6.644206494092941284e-02
7.570297718048095703e-01
-2.618063390254974365e-01
-4.879015684127807617e-01
6.506826877593994141e-01
2.171697169542312622e-01
-9.411524534225463867e-01
-1.166671633720397949e+00
-6.617623567581176758e-01
-1.110553368926048279e-01
1.627426147460937500e+00
-1.081960722804069519e-01
-3.532768785953521729e-01
-5.040276050567626953e-01
-7.143174111843109131e-02
-4.853455424308776855e-01
4.462140202522277832e-01
-7.315534353256225586e-01
-7.746341228485107422e-01
5.928819775581359863e-01
-8.747965842485427856e-02
7.404426336288452148e-01
8.338881731033325195e-01
4.721597135066986084e-01
-4.034903049468994141e-01
-2.417137920856475830e-01
-3.319917619228363037e-01
-1.669673442840576172e+00
-7.479629516601562500e-01
-1.285874485969543457e+00
9.081665277481079102e-01
-8.516873121261596680e-01
8.375481367111206055e-01
3.173813819885253906e-01
1.041060328483581543e+00
5.998495221138000488e-01
-1.868578195571899414e-01
-4.602718651294708252e-01
-2.132339775562286377e-01
1.991005301475524902e+00
-4.888407289981842041e-01
-5.405994653701782227e-01
2.838926576077938080e-02
-6.242792606353759766e-01
-7.715052962303161621e-01
-4.090224206447601318e-01
-4.607224464416503906e-01
-1.154724836349487305e+00
1.795558482408523560e-01
1.335434615612030029e-02
-1.058153152465820312e+00
-6.583253145217895508e-01
-1.334161996841430664e+00
2.539703547954559326e-01
-4.873826205730438232e-01
1.094162821769714355e+00
-4.627272188663482666e-01
-1.034108638763427734e+00
-1.399372071027755737e-01
5.614187717437744141e-01
7.644526958465576172e-01
-1.124141067266464233e-01
4.094997048377990723e-01
-6.018791794776916504e-01
2.158566266298294067e-01
-1.944368720054626465e+00
-9.040133953094482422e-01
-1.089395761489868164e+00
-4.548023045063018799e-01
4.801928400993347168e-01
1.671061813831329346e-01
-3.662222921848297119e-01
-4.516172707080841064e-01
-7.014414072036743164e-01
-1.484575510025024414e+00
2.992665171623229980e-01
1.333587408065795898e+00
5.770158767700195312e-02
-1.782631129026412964e-01
-2.665457427501678467e-01
-4.206374883651733398e-01
-1.757709860801696777e+00
1.369502246379852295e-01
1.343842983245849609e+00
2.291814684867858887e-01
2.561025023460388184e-01
-1.194350197911262512e-01
-6.201446056365966797e-01
3.334757983684539795e-01
-1.334223270416259766e+00
7.799721360206604004e-01
-1.154851913452148438e-01
-9.524400532245635986e-02
-5.181305482983589172e-02
4.574101045727729797e-02
6.753458827733993530e-02
-9.508533477783203125e-01
1.430358529090881348e+00
1.858522742986679077e-01
-4.678619652986526489e-02
-4.340574443340301514e-01
-1.203940987586975098e+00
-9.576008468866348267e-02
-3.122705221176147461e-01
-5.528166890144348145e-01
2.059648036956787109e-01
6.551325917243957520e-01
1.830613136291503906e+00
1.125405788421630859e+00
7.454785108566284180e-01
2.709514796733856201e-01
2.034866333007812500e+00
-9.100016355514526367e-01
-6.530190706253051758e-01
-1.525528281927108765e-01
1.922225952148437500e-01
-7.957300543785095215e-02
-1.542622447013854980e-01
-1.138049125671386719e+00
-1.026811311021447182e-03
-2.658623456954956055e-01
-7.182681560516357422e-02
9.382315278053283691e-01
-3.046203553676605225e-01
1.042970657348632812e+00
7.555557489395141602e-01
-5.094409584999084473e-01
-8.527532815933227539e-01
-6.059469580650329590e-01
-2.553077042102813721e-01
4.275013506412506104e-01
5.912132859230041504e-01
1.758708477020263672e+00
-4.361288249492645264e-01
7.755266427993774414e-01
7.699780911207199097e-02
1.592608094215393066e+00
-9.006944298744201660e-01
-7.008606791496276855e-01
6.218935251235961914e-01
1.746331453323364258e-01
-1.066416859626770020e+00
-1.384186744689941406e-01
-1.233783960342407227e+00
3.532735705375671387e-01
-1.649597287178039551e+00
-9.525200128555297852e-01
-1.499084472656250000e+00
7.890529185533523560e-02
1.120393395423889160e+00
-8.506963849067687988e-01
-9.486569166183471680e-01
-1.830793619155883789e-01
5.505624413490295410e-01
8.030785918235778809e-01
-1.686529815196990967e-01
4.853898584842681885e-01
-4.741204530000686646e-02
-1.486926823854446411e-01
-7.194844484329223633e-01
5.326944217085838318e-02
4.455809295177459717e-01
-7.120052576065063477e-01
6.014694273471832275e-02
1.265860438346862793e+00
-6.549003720283508301e-01
-2.418054193258285522e-01
-4.090176522731781006e-02
-2.045447677373886108e-01
8.947601914405822754e-01
-3.432388603687286377e-01
-4.525691270828247070e-01
6.704579591751098633e-01
2.028346776962280273e+00
-5.771245434880256653e-02
-4.263894259929656982e-01
8.821788430213928223e-01
8.876410722732543945e-01
-9.076999425888061523e-01
2.026339173316955566e-01
8.903344869613647461e-01
-5.190621018409729004e-01
-1.061532378196716309e+00
3.314229846000671387e-01
-3.149757981300354004e-01
-1.016326427459716797e+00
-8.286931365728378296e-02
3.418948352336883545e-01
7.598120570182800293e-01
-5.428760871291160583e-02
-2.962429225444793701e-01
1.521345674991607666e-01
-3.080677986145019531e-01
9.400948882102966309e-01
1.009534373879432678e-01
-1.240148305892944336e+00
9.912092685699462891e-01
2.268639802932739258e-01
1.101632118225097656e+00
2.927299141883850098e-01
-2.807728052139282227e-01
3.163127005100250244e-01
3.010450899600982666e-01
6.501566767692565918e-01
3.938934504985809326e-01
4.006602764129638672e-01
3.036566078662872314e-01
-1.958588808774948120e-01
7.100799083709716797e-01
1.555307209491729736e-01
9.797500371932983398e-01
-1.162003755569458008e+00
5.125830173492431641e-01
-8.301157951354980469e-01
-3.506875753402709961e+00
5.709351897239685059e-01
-1.454814910888671875e+00
4.723269939422607422e-01
9.619408845901489258e-01
1.354653984308242798e-01
2.555349469184875488e-01
-1.097107648849487305e+00
6.681567430496215820e-01
2.609902620315551758e-01
-7.773554921150207520e-01
-1.077439904212951660e+00
9.870845079421997070e-01
4.088367521762847900e-01
-2.935497462749481201e-01
-5.381778478622436523e-01
-9.075967073440551758e-01
6.243337392807006836e-01
2.079018831253051758e+00
-4.914088249206542969e-01
1.797511130571365356e-01
6.737774610519409180e-01
-5.643799304962158203e-01
-4.391965568065643311e-01
-3.138655722141265869e-01
-5.607106685638427734e-01
-5.381739139556884766e-01
1.100224256515502930e+00
-3.854713141918182373e-01
-9.948605895042419434e-01
3.643400669097900391e-01
1.790436387062072754e+00
-1.030913114547729492e+00
-1.235638856887817383e+00
1.298211455345153809e+00
1.436758518218994141e+00
-1.410889625549316406e-01
-4.757929146289825439e-01
-1.033400654792785645e+00
-4.355823695659637451e-01
1.751566678285598755e-01
4.938588440418243408e-01
1.611330956220626831e-01
-2.316275089979171753e-01
-2.073476761579513550e-01
-3.659624755382537842e-01
-4.434950053691864014e-01
3.437485098838806152e-01
-3.280948698520660400e-01
1.518860459327697754e-01
2.550158798694610596e-01
-9.319649934768676758e-01
3.022881746292114258e-01
-2.191992402076721191e-01
-7.334685921669006348e-01
-9.528182744979858398e-01
-8.032905459403991699e-01
-3.262251019477844238e-01
6.311042308807373047e-01
-9.059569835662841797e-01
6.861439347267150879e-01
-1.120601654052734375e+00
-7.707173228263854980e-01
1.379254102706909180e+00
1.069733977317810059e+00
-4.015884101390838623e-01
-2.735039889812469482e-01
-2.396233826875686646e-01
2.853431999683380127e-01
1.069222807884216309e+00
1.443819642066955566e+00
3.556464433670043945e+00
-9.480287432670593262e-01
6.406918764114379883e-01
1.101271957159042358e-01
2.758584730327129364e-02
-7.864440083503723145e-01
-1.048063874244689941e+00
-3.698930442333221436e-01
4.567310214042663574e-02
1.222942471504211426e+00
1.112700223922729492e+00
-8.682336211204528809e-01
-6.095451116561889648e-01
5.329038500785827637e-01
9.506344795227050781e-01
-2.849127948284149170e-01
-3.584142625331878662e-01
-4.117258787155151367e-01
-9.442985057830810547e-01
-1.141246557235717773e+00
-1.104255914688110352e+00
1.957907825708389282e-01
4.363702535629272461e-01
-3.284910619258880615e-01
-1.052912831306457520e+00
7.806987166404724121e-01
-1.570788860321044922e+00
-1.239132061600685120e-01
-1.617276221513748169e-01
4.596128761768341064e-01
-2.384221106767654419e-01
5.594014003872871399e-02
-2.160157635807991028e-02
-1.121385097503662109e+00
2.283334881067276001e-01
-1.474076062440872192e-01
1.517904639244079590e+00
-1.128365620970726013e-01
-5.095651149749755859e-01
-1.236686706542968750e+00
6.995739042758941650e-02
-6.209477186203002930e-01
-3.480940163135528564e-01
-1.237110018730163574e+00
1.876666188240051270e+00
-5.267397165298461914e-01
-5.276862382888793945e-01
-7.486863732337951660e-01
3.882494568824768066e-01
2.188095599412918091e-01
6.625664234161376953e-01
2.528633177280426025e-01
1.139878258109092712e-01
-7.670424580574035645e-01
-6.259600520133972168e-01
8.028311133384704590e-01
-8.093095421791076660e-01
9.438088536262512207e-01
7.069255113601684570e-01
-1.978960447013378143e-02
2.864364981651306152e-01
-1.190250277519226074e+00
3.274223208427429199e-01
9.825894236564636230e-01
8.558123111724853516e-01
5.818188190460205078e-01
1.284702062606811523e+00
-6.144291758537292480e-01
1.184379160404205322e-01
5.819069743156433105e-01
9.669976234436035156e-01
3.072932362556457520e-01
9.012669920921325684e-01
-8.142477273941040039e-01
-1.475365161895751953e+00
9.118737578392028809e-01
6.058084368705749512e-01
3.558866262435913086e+00
-1.951705217361450195e+00
2.006461620330810547e-01
1.346805572509765625e+00
-1.408948749303817749e-01
2.197014987468719482e-01
1.752975881099700928e-01
-9.446414113044738770e-01
1.475691080093383789e+00
8.870609998703002930e-01
-3.282986283302307129e-01
-1.040902256965637207e+00
-4.237851500511169434e-01
7.058587670326232910e-01
5.604072809219360352e-01
1.703291237354278564e-01
1.217747926712036133e+00
7.624087929725646973e-01
2.247978746891021729e-01
-7.151322904974222183e-03
1.803134679794311523e+00
-3.397932946681976318e-01
2.101923376321792603e-01
-4.425865709781646729e-01
-6.945774555206298828e-01
-5.895083546638488770e-01
1.602949798107147217e-01
-2.059279382228851318e-01
1.610006809234619141e+00
1.622239947319030762e+00
-7.858279347419738770e-01
-3.127872049808502197e-01
-7.386027574539184570e-01
7.932609319686889648e-01
3.750331699848175049e-01
-1.610929816961288452e-01
-9.202695488929748535e-01
-1.305100172758102417e-01
5.313093662261962891e-01
-1.052911758422851562e+00
-4.826130867004394531e-01
1.096537351608276367e+00
-1.707038164138793945e+00
-3.191690444946289062e+00
4.238489270210266113e-01
-1.738258719444274902e+00
8.666644692420959473e-01
4.964630603790283203e-01
8.298356533050537109e-01
2.889620661735534668e-01
8.972802162170410156e-01
1.875266805291175842e-02
4.515188336372375488e-01
-7.925716638565063477e-01
7.211042642593383789e-01
-7.734516859054565430e-01
-1.074118733406066895e+00
-8.440400958061218262e-01
-4.262562096118927002e-01
1.955319195985794067e-02
-6.854508519172668457e-01
-7.692531943321228027e-01
-1.040845751762390137e+00
-5.559555292129516602e-01
3.446120023727416992e-01
-6.123915314674377441e-02
1.389600038528442383e-01
-8.317836523056030273e-01
-9.111686944961547852e-01
-1.075732827186584473e+00
-2.302789501845836639e-02
1.434440851211547852e+00
-1.769754290580749512e+00
3.281210362911224365e-01
8.395146727561950684e-01
3.073942661285400391e-01
5.139285922050476074e-01
-1.309717535972595215e+00
1.053260207176208496e+00
6.908363103866577148e-01
-8.368729352951049805e-01
-4.088606238365173340e-01
9.698755741119384766e-01
4.122538566589355469e-01
-7.823167443275451660e-01
-1.552143096923828125e-01
9.527982026338577271e-02
3.690047562122344971e-01
-3.136577550321817398e-03
-9.436521679162979126e-02
7.094987034797668457e-01
7.192603945732116699e-01
-4.540187418460845947e-01
-2.356378883123397827e-01
-3.279376626014709473e-01
2.258999645709991455e-01
-1.071475982666015625e+00
1.004940867424011230e+00
1.103167176246643066e+00
6.880707144737243652e-01
-2.029588460922241211e+00
-1.989134103059768677e-01
-1.069574058055877686e-01
1.424601674079895020e+00
-1.598495721817016602e+00
5.758683681488037109e-01
1.011737942695617676e+00
1.391808539628982544e-01
2.068069577217102051e-01
-1.532729983329772949e+00
-1.340916305780410767e-01
1.476386904716491699e+00
-7.893289327621459961e-01
-1.147423461079597473e-01
-4.525541663169860840e-01
1.019347235560417175e-01
7.580409049987792969e-01
-4.664680734276771545e-02
7.924925088882446289e-01
-1.949850082397460938e+00
-1.953100599348545074e-02
-1.394684761762619019e-01
-1.193367093801498413e-01
