3.030298650264739990e-01
1.814103722572326660e+00
7.296109199523925781e-01
-2.226664870977401733e-02
4.394646286964416504e-01
-3.628715276718139648e-01
-1.213856339454650879e+00
-3.861961364746093750e-01
-5.743325948715209961e-01
1.577605485916137695e+00
6.872826814651489258e-01
-1.135733723640441895e+00
1.010466337203979492e+00
4.888975620269775391e-01
3.979462683200836182e-01
-6.582758426666259766e-01
-9.064559936523437500e-01
3.930325210094451904e-01
-1.937322497367858887e+00
3.017312586307525635e-01
1.080212712287902832e+00
7.540247589349746704e-02
3.069489896297454834e-01
-8.918843269348144531e-01
1.010275363922119141e+00
-5.863665938377380371e-01
7.578095048666000366e-02
-1.194105446338653564e-01
-1.503682971000671387e+00
5.205212831497192383e-01
-3.542034327983856201e-01
2.166215181350708008e-01
-1.180436611175537109e+00
1.037508964538574219e+00
-7.027882337570190430e-01
4.062199592590332031e-01
-4.874663054943084717e-01
-3.756288051605224609e+00
-5.767335742712020874e-02
5.287609696388244629e-01
-1.374513506889343262e-01
-8.228271603584289551e-01
-5.164326429367065430e-01
-7.202455401420593262e-02
7.813337445259094238e-01
5.937168002128601074e-01
-2.609054148197174072e-01
-4.316285848617553711e-01
6.960260123014450073e-02
1.306881189346313477e+00
3.933398053050041199e-02
2.627636194229125977e-01
3.385473489761352539e-01
8.242381215095520020e-01
1.194636225700378418e+00
-5.489044189453125000e-01
1.491492688655853271e-01
-6.164422631263732910e-01
2.010637223720550537e-01
-1.328078061342239380e-01
2.242077440023422241e-01
-1.618465059436857700e-03
1.062716364860534668e+00
-1.923761963844299316e+00
8.591338992118835449e-01
-1.024243608117103577e-01
1.005251780152320862e-01
1.282419562339782715e-01
8.708643913269042969e-01
-5.291672348976135254e-01
9.400913715362548828e-01
-1.779674291610717773e-01
-4.242004752159118652e-01
-9.817263484001159668e-01
-3.753316402435302734e-01
1.002919077873229980e+00
-3.047179281711578369e-01
-2.659657895565032959e-01
-5.445817708969116211e-01
-1.949816942214965820e-01
-2.154444009065628052e-01
3.071058392524719238e-01
-1.578877806663513184e+00
3.021021485328674316e-01
1.975413225591182709e-02
1.353060960769653320e+00
-5.730979442596435547e-01
2.475942485034465790e-02
2.206360697746276855e-01
-1.281084418296813965e+00
-1.193206071853637695e+00
-6.191041469573974609e-01
-9.541334509849548340e-01
8.547339439392089844e-01
-1.694823503494262695e-01
5.670400261878967285e-01
-4.267676472663879395e-01
1.091309547424316406e+00
-8.263865113258361816e-01
7.825510501861572266e-01
1.162269040942192078e-01
-7.787712216377258301e-01
6.493539810180664062e-01
-9.423928856849670410e-01
-2.348972558975219727e+00
-3.415251970291137695e-01
-1.646614074707031250e+00
6.675410270690917969e-01
1.002865672111511230e+00
-3.571661114692687988e-01
1.392252743244171143e-01
6.370457410812377930e-01
-6.064673662185668945e-01
-1.024121284484863281e+00
-6.067594289779663086e-01
3.749711215496063232e-01
-1.047006130218505859e+00
-4.973291158676147461e-01
3.345099389553070068e-01
6.852123141288757324e-01
6.086092591285705566e-01
6.653205752372741699e-01
-5.497632622718811035e-01
3.438636064529418945e-01
4.296364784240722656e-01
7.125121355056762695e-01
1.362302780151367188e+00
-6.592437028884887695e-01
-6.636463999748229980e-01
-3.919254839420318604e-01
4.306420385837554932e-01
-8.336552977561950684e-01
1.322312951087951660e-01
-3.359777033329010010e-01
-2.062067270278930664e+00
2.492378354072570801e-01
9.870196580886840820e-01
-1.113010287284851074e+00
-4.762383699417114258e-01
3.942612409591674805e-01
-1.295481473207473755e-01
1.494374155998229980e+00
1.398246526718139648e+00
2.691470682621002197e-01
-1.149725198745727539e+00
7.372854351997375488e-01
1.050488829612731934e+00
-7.730163335800170898e-01
-6.077951788902282715e-01
-1.189347147941589355e+00
-6.895763278007507324e-01
-1.500514149665832520e-01
3.499759733676910400e-01
-1.671720862388610840e+00
1.180512666702270508e+00
-3.792583942413330078e-01
-1.363078236579895020e+00
3.417251110076904297e-01
-1.522372514009475708e-01
3.169119358062744141e-01
9.539810419082641602e-01
-1.409629225730895996e+00
1.256972074508666992e+00
-6.958446502685546875e-01
5.720461010932922363e-01
-1.090175509452819824e+00
-1.303733438253402710e-01
6.510862708091735840e-01
-7.267951965332031250e-01
7.067564725875854492e-01
-3.259351849555969238e-01
-1.325752258300781250e+00
-4.819308817386627197e-01
5.819265842437744141e-01
5.351470708847045898e-01
-8.356114476919174194e-02
2.058207839727401733e-01
-2.993814945220947266e-01
-1.441383212804794312e-01
3.181462734937667847e-02
-4.646126627922058105e-01
-1.533044695854187012e+00
-9.910035729408264160e-01
-3.092467486858367920e-01
6.769647002220153809e-01
-4.682599306106567383e-01
3.199563175439834595e-02
9.226866364479064941e-01
1.594585776329040527e+00
1.430220007896423340e-01
9.510891139507293701e-02
1.559900790452957153e-01
4.931895062327384949e-02
8.480668067932128906e-01
-7.611760497093200684e-01
4.575021862983703613e-01
-1.667172908782958984e-01
5.346636772155761719e-01
-4.037212580442428589e-02
-2.887083590030670166e-01
6.098634600639343262e-01
1.182445406913757324e+00
1.195505857467651367e+00
-8.533171415328979492e-01
1.281914114952087402e+00
-3.350156247615814209e-01
3.835160136222839355e-01
-7.351140975952148438e-01
1.331239938735961914e+00
-1.817580819129943848e+00
-4.260537922382354736e-01
2.619111537933349609e-01
5.590575337409973145e-01
2.917462885379791260e-01
-4.559049308300018311e-01
7.875173687934875488e-01
-1.110402703285217285e+00
-2.847647964954376221e-01
-5.660483837127685547e-01
-7.078345119953155518e-02
-7.527261376380920410e-01
3.930288851261138916e-01
5.286178588867187500e-01
-2.670220434665679932e-01
9.093808531761169434e-01
2.225335091352462769e-01
2.950863838195800781e-01
-9.098615050315856934e-01
-1.247733950614929199e+00
-9.562382102012634277e-01
8.914539217948913574e-01
-8.520469069480895996e-01
9.926706552505493164e-02
5.746430531144142151e-02
4.186374843120574951e-01
7.504329681396484375e-01
2.260495185852050781e+00
6.814407706260681152e-01
-1.287342309951782227e+00
-9.636845588684082031e-01
8.341792821884155273e-01
-6.200156807899475098e-01
-1.254206150770187378e-01
-4.232391715049743652e-02
-1.781291842460632324e+00
-7.411526441574096680e-01
3.454355001449584961e-01
1.417040705680847168e+00
4.591173529624938965e-01
-2.563205063343048096e-01
-1.185844659805297852e+00
-1.385227143764495850e-01
-1.242908000946044922e+00
-3.804780542850494385e-01
2.989329099655151367e-01
-9.215769767761230469e-01
6.298587322235107422e-01
-7.040172219276428223e-01
1.273662149906158447e-01
-7.110560536384582520e-01
-8.642166852951049805e-02
-1.131335616111755371e+00
6.607697606086730957e-01
-1.263727545738220215e+00
-9.979273080825805664e-01
5.971552133560180664e-01
2.181485146284103394e-01
-9.573724865913391113e-01
1.061005115509033203e+00
1.348254442214965820e+00
5.813135504722595215e-01
7.785359025001525879e-01
6.463326215744018555e-01
1.246006131172180176e+00
-1.680639266967773438e+00
-5.913603305816650391e-01
-7.343080043792724609e-01
-7.128165364265441895e-01
-6.468892097473144531e-02
-7.981824129819869995e-02
1.639670878648757935e-01
4.562385380268096924e-01
1.086486220359802246e+00
9.521205425262451172e-01
1.474066019058227539e+00
-1.910222917795181274e-01
-8.778992891311645508e-01
2.524870932102203369e-01
7.165529131889343262e-01
-9.772782325744628906e-01
-1.199177622795104980e+00
1.073992066085338593e-02
-1.768262833356857300e-01
-1.049425363540649414e+00
-2.045680731534957886e-01
-2.899125218391418457e-01
-6.415988802909851074e-01
3.391207456588745117e-01
-3.374464064836502075e-02
-4.396581947803497314e-01
-7.654684185981750488e-01
-7.844514250755310059e-01
5.927671790122985840e-01
3.182089924812316895e-01
2.034171819686889648e+00
-7.177352160215377808e-02
1.413912415504455566e+00
-1.848417520523071289e+00
1.696648955345153809e+00
-5.831070244312286377e-03
-1.408725380897521973e+00
-7.330192923545837402e-01
-7.844514250755310059e-01
7.688708305358886719e-01
-2.512460649013519287e-01
5.797723531723022461e-01
1.235866665840148926e+00
9.161179065704345703e-01
6.519643664360046387e-01
-1.951098740100860596e-01
-7.046115994453430176e-01
-5.993155241012573242e-01
1.381039738655090332e+00
1.011916249990463257e-01
-4.761642515659332275e-01
2.252688556909561157e-01
-4.763129651546478271e-01
-8.908579945564270020e-01
-1.300222039222717285e+00
-1.656766384840011597e-01
-1.741054892539978027e+00
-7.534301280975341797e-01
1.023517251014709473e-01
-1.799265737645328045e-03
5.743004083633422852e-01
9.254625439643859863e-02
-1.539043188095092773e-01
-2.179516851902008057e-01
9.535642862319946289e-01
-6.615726351737976074e-01
3.239406645298004150e-01
5.901291966438293457e-02
1.207455873489379883e+00
8.923344314098358154e-02
1.037980556488037109e+00
-1.496111750602722168e-01
-1.584310412406921387e+00
8.358580470085144043e-01
1.359151154756546021e-01
-2.324077636003494263e-01
-1.007207870483398438e+00
-5.132402181625366211e-01
4.918385446071624756e-01
-8.626154661178588867e-01
-7.268621325492858887e-01
-9.135858714580535889e-02
-1.082645654678344727e+00
-1.769721508026123047e+00
-6.386347413063049316e-01
1.115996360778808594e+00
6.151072308421134949e-02
-4.499049782752990723e-01
-2.206950075924396515e-02
-1.194187760353088379e+00
-1.032382011413574219e+00
-6.526204943656921387e-01
1.094640374183654785e+00
9.572993516921997070e-01
-1.182718575000762939e-01
-1.128554105758666992e+00
2.075412869453430176e-01
6.762329936027526855e-01
-6.168274283409118652e-01
-5.222271084785461426e-01
-2.309255301952362061e-01
8.587285876274108887e-01
9.375420957803726196e-02
6.407549381256103516e-01
-8.785378187894821167e-02
-3.554207980632781982e-01
9.631877541542053223e-01
8.665994405746459961e-01
7.050029188394546509e-02
-5.183001756668090820e-01
-9.705932736396789551e-01
5.821758508682250977e-01
-2.654041647911071777e-01
-3.661853373050689697e-01
1.007320642471313477e+00
1.010165333747863770e+00
3.267423391342163086e+00
5.420587658882141113e-01
1.039004564285278320e+00
3.742284327745437622e-02
7.731648683547973633e-01
-5.321094989776611328e-01
-1.204590320587158203e+00
-1.276555299758911133e+00
4.362102448940277100e-01
4.552198946475982666e-01
6.519939899444580078e-01
-8.054873347282409668e-01
6.000543236732482910e-01
-4.606371223926544189e-01
-8.498024940490722656e-02
6.294104456901550293e-01
-4.256401956081390381e-01
1.081904888153076172e+00
-7.548697292804718018e-02
-5.536188483238220215e-01
-8.623387813568115234e-01
3.025638163089752197e-01
5.153452977538108826e-02
1.136507272720336914e+00
-5.799223203212022781e-03
1.669641137123107910e+00
-7.517404556274414062e-01
1.168600842356681824e-01
-2.753481268882751465e-01
1.192519307136535645e+00
-1.375678539276123047e+00
4.578724969178438187e-03
4.887809753417968750e-01
1.037269234657287598e+00
-1.512834072113037109e+00
3.572540879249572754e-01
-5.945898890495300293e-01
-7.105866670608520508e-01
-1.839564561843872070e+00
-1.108076691627502441e+00
-7.438790798187255859e-01
-8.213321864604949951e-02
-1.140681654214859009e-01
-5.378233790397644043e-01
-1.134016871452331543e+00
1.454722043126821518e-02
1.067829608917236328e+00
3.375853300094604492e-01
1.049767374992370605e+00
7.283623814582824707e-01
1.437463164329528809e-01
-3.562386631965637207e-01
-2.129892349243164062e+00
-4.414618611335754395e-01
1.238278746604919434e+00
1.919717490673065186e-01
-5.499190092086791992e-01
9.631319046020507812e-01
-1.349583745002746582e+00
-1.004381299018859863e+00
-7.102017998695373535e-01
1.262566447257995605e-01
1.060562610626220703e+00
-2.054256647825241089e-01
-5.730199217796325684e-01
-1.296523958444595337e-01
1.540564537048339844e+00
5.312654972076416016e-01
-5.389886498451232910e-01
5.650528073310852051e-01
5.599693059921264648e-01
-3.826923668384552002e-01
4.486724734306335449e-01
3.839548528194427490e-01
-3.607909381389617920e-01
5.562538504600524902e-01
1.145610928535461426e+00
-2.188136726617813110e-01
-6.128695011138916016e-01
2.699148952960968018e-01
1.343703269958496094e-01
7.610862255096435547e-01
-7.634333372116088867e-01
-2.282370805740356445e+00
-6.588180065155029297e-01
-1.115472167730331421e-01
1.280263066291809082e+00
-7.787290811538696289e-01
-1.676793098449707031e-01
1.174818158149719238e+00
8.875158429145812988e-01
1.111986041069030762e+00
1.425037533044815063e-01
1.262394070625305176e+00
-2.404545992612838745e-02
-2.575153112411499023e-01
1.010769724845886230e+00
-4.826858043670654297e-01
1.530134230852127075e-01
-7.039703726768493652e-01
6.783177256584167480e-01
-2.754825949668884277e-01
-2.194018959999084473e-01
5.775632262229919434e-01
-1.158053159713745117e+00
1.630801081657409668e+00
-8.100244402885437012e-01
-4.155015468597412109e+00
9.089245200157165527e-01
-1.876118540763854980e+00
9.093927592039108276e-02
1.220658943057060242e-01
-3.691678941249847412e-01
9.420711994171142578e-01
-2.230570316314697266e+00
-7.985495030879974365e-02
-2.716369628906250000e-01
-6.261145472526550293e-01
4.760217666625976562e-01
1.877151578664779663e-01
3.990106582641601562e-01
-5.283851623535156250e-01
-2.152060568332672119e-01
2.546566426753997803e-01
9.322577118873596191e-01
1.089976310729980469e+00
1.099530309438705444e-01
-1.855066061019897461e+00
8.915818333625793457e-01
5.885251760482788086e-01
-1.372235417366027832e-01
-4.104851782321929932e-01
3.927438855171203613e-01
-9.179224371910095215e-01
-2.001780271530151367e-02
7.751687765121459961e-01
-1.272828459739685059e+00
4.626959264278411865e-01
1.288146734237670898e+00
-1.219286918640136719e+00
-1.718697994947433472e-01
1.152678489685058594e+00
1.615914344787597656e+00
-8.783559203147888184e-01
-5.757605656981468201e-02
-6.672115325927734375e-01
-9.672309756278991699e-01
-4.521882236003875732e-01
-2.789806388318538666e-02
2.260775119066238403e-01
-5.278884768486022949e-01
3.631247580051422119e-01
5.714315548539161682e-02
-7.541117072105407715e-02
-1.754261255264282227e-01
-1.565186381340026855e+00
3.525474667549133301e-01
1.121608257293701172e+00
-1.265307307243347168e+00
5.893486142158508301e-01
-9.892707467079162598e-01
-6.625012159347534180e-01
-4.776155576109886169e-02
-1.532195359468460083e-01
-5.938364267349243164e-01
3.313764631748199463e-01
-4.078638553619384766e-01
-2.766689062118530273e-01
-7.925125956535339355e-01
-8.864831924438476562e-01
1.709408879280090332e+00
9.676203131675720215e-01
-9.866263866424560547e-01
2.357626110315322876e-01
-4.130639135837554932e-01
-3.609240651130676270e-01
9.719392061233520508e-01
2.783033370971679688e+00
3.445555448532104492e+00
-9.545615911483764648e-01
1.977978110313415527e+00
-5.742120742797851562e-02
-4.320648014545440674e-01
-8.745370507240295410e-01
-9.318397641181945801e-01
-1.827820897102355957e+00
1.329899549484252930e+00
-1.190302073955535889e-01
8.165954351425170898e-01
-4.438474308699369431e-03
-9.713977575302124023e-01
3.699253499507904053e-01
7.538720965385437012e-01
2.542077302932739258e-01
2.451838552951812744e-01
1.250559091567993164e-01
-1.305088043212890625e+00
-5.928299427032470703e-01
1.021634936332702637e-01
2.760021686553955078e-01
-3.856918215751647949e-01
-1.907913088798522949e-01
-2.169388532638549805e-01
-3.249465823173522949e-01
-1.106550991535186768e-01
3.386756479740142822e-01
3.312552869319915771e-01
9.678297042846679688e-01
4.390598088502883911e-02
-6.064670905470848083e-02
-1.176198601722717285e+00
-2.368438482284545898e+00
1.777723073959350586e+00
6.052009463310241699e-01
5.113977193832397461e-01
3.821733891963958740e-01
-3.077971935272216797e-01
-1.216011524200439453e+00
6.939830631017684937e-02
1.487852215766906738e+00
1.513191163539886475e-01
-9.632337093353271484e-01
1.915938735008239746e+00
4.404278993606567383e-01
4.002892374992370605e-01
-1.540986418724060059e+00
4.668038189411163330e-01
1.410815119743347168e-01
3.463268280029296875e-01
-2.477834224700927734e-01
5.167408585548400879e-01
-1.131217032670974731e-01
-8.665367960929870605e-01
-3.237876892089843750e-01
-2.477254718542098999e-01
1.192350149154663086e+00
-2.050501853227615356e-01
4.871914982795715332e-01
1.053970575332641602e+00
-1.907997012138366699e+00
6.951888203620910645e-01
1.411674022674560547e+00
5.002316832542419434e-01
1.520437836647033691e+00
3.730936646461486816e-01
-2.612017095088958740e-01
3.373558819293975830e-01
-2.880658805370330811e-01
-2.568086385726928711e-01
7.642275094985961914e-01
6.280466318130493164e-01
2.897716462612152100e-01
-1.825538158416748047e+00
8.728745579719543457e-01
1.191550865769386292e-01
4.026340961456298828e+00
-8.387069702148437500e-01
-4.711237251758575439e-01
3.522503972053527832e-01
-4.464869499206542969e-01
-9.557019472122192383e-01
3.271602392196655273e-01
-1.951644271612167358e-01
1.836557269096374512e+00
3.954756259918212891e-01
-5.471836328506469727e-01
1.033453866839408875e-01
-1.212005138397216797e+00
-3.926669061183929443e-01
8.214774131774902344e-01
3.343421220779418945e-02
1.126261234283447266e+00
1.898455321788787842e-01
1.514512151479721069e-01
7.848886847496032715e-01
1.289012789726257324e+00
-5.523672699928283691e-01
1.046256899833679199e+00
-2.436696887016296387e-01
-3.060881495475769043e-01
-1.269063472747802734e+00
-3.059006631374359131e-01
-2.667982364073395729e-03
2.507063627243041992e+00
2.561313509941101074e-01
-7.512115836143493652e-01
-7.457690685987472534e-02
-1.619952559471130371e+00
1.317861914634704590e+00
-1.331907153129577637e+00
5.769239068031311035e-01
2.797526717185974121e-01
-1.343640089035034180e+00
-2.510377168655395508e-01
-9.107864499092102051e-01
8.198637515306472778e-02
-1.285775780677795410e+00
-8.658166527748107910e-01
-8.515239953994750977e-01
4.100674986839294434e-01
-7.836365699768066406e-01
6.800583004951477051e-01
1.358536601066589355e+00
3.656111061573028564e-01
-1.089769154787063599e-01
5.035625696182250977e-01
-8.770503997802734375e-01
-1.095775723457336426e+00
-5.085464119911193848e-01
3.134488761425018311e-01
-4.095878005027770996e-01
-8.547526001930236816e-01
-1.567880809307098389e-01
-8.949571251869201660e-01
3.583935797214508057e-01
3.024339675903320312e-04
-6.353061199188232422e-01
-5.635508894920349121e-01
-1.171064496040344238e+00
3.691559135913848877e-01
-8.847354054450988770e-01
-1.020650863647460938e+00
-5.159913301467895508e-01
-9.090702533721923828e-01
-1.170748949050903320e+00
1.754247099161148071e-01
-8.258562088012695312e-01
-1.722539067268371582e-01
6.072464585304260254e-01
1.145082116127014160e-01
-4.079792797565460205e-01
-1.412185311317443848e+00
-1.600432634353637695e+00
5.122414827346801758e-01
8.475821018218994141e-01
-5.780979990959167480e-01
-5.793817639350891113e-01
4.178199470043182373e-01
4.868503808975219727e-01
-2.216828346252441406e+00
6.039432883262634277e-01
-8.206974864006042480e-01
-1.440788984298706055e+00
1.139074265956878662e-01
2.205661088228225708e-01
6.274653673171997070e-01
-6.316840052604675293e-01
-5.099202394485473633e-01
2.088595479726791382e-01
-5.609817504882812500e-01
5.642394423484802246e-01
-1.271720170974731445e+00
9.686173796653747559e-01
1.046413421630859375e+00
6.457273960113525391e-01
-7.956048250198364258e-01
-2.226170748472213745e-01
2.703559100627899170e-01
8.408201336860656738e-01
-5.725379586219787598e-01
5.881797075271606445e-01
-2.628862857818603516e-01
-3.635419607162475586e-01
-2.296893000602722168e-01
-7.905437350273132324e-01
6.729809641838073730e-01
4.982610940933227539e-01
-5.687328577041625977e-01
-4.851472377777099609e-01
-3.123355507850646973e-01
6.695612072944641113e-01
9.752450585365295410e-01
1.299701184034347534e-01
1.195894122123718262e+00
-2.083250284194946289e-01
-6.371300816535949707e-01
3.181772828102111816e-01
-1.230167523026466370e-01
