-1.519560813903808594e+00
-1.360716018825769424e-02
-6.730584502220153809e-01
-1.469635128974914551e+00
2.357064336538314819e-01
6.026284694671630859e-01
1.093056440353393555e+00
-1.814496666193008423e-01
-2.439230233430862427e-01
-1.650779098272323608e-01
4.510148465633392334e-01
-6.587505340576171875e-02
-2.188568711280822754e-01
2.068583369255065918e-01
2.220447808504104614e-01
-1.472146987915039062e+00
-8.369547873735427856e-02
-7.174127697944641113e-01
-9.419297575950622559e-01
8.098413944244384766e-01
1.282025814056396484e+00
1.342077623121440411e-03
1.072521209716796875e+00
-1.495657488703727722e-02
7.591001391410827637e-01
-8.444274067878723145e-01
8.839224576950073242e-01
-5.513364672660827637e-01
-4.198727309703826904e-01
8.419995903968811035e-01
-5.286980867385864258e-01
4.432207942008972168e-01
-4.676088690757751465e-01
-3.144595026969909668e-01
8.263608217239379883e-01
-3.956106305122375488e-01
-7.053984403610229492e-01
-5.281953215599060059e-01
1.067361086606979370e-01
8.118439912796020508e-01
-9.740135669708251953e-01
-5.261403322219848633e-01
2.731297910213470459e-01
-7.099203467369079590e-01
-3.581513166427612305e-01
2.278199672698974609e+00
-5.070341825485229492e-01
9.899284243583679199e-01
-1.576976537704467773e+00
6.862925291061401367e-01
7.668634653091430664e-01
5.611007213592529297e-01
-3.655333220958709717e-01
-3.318233042955398560e-02
-7.945652008056640625e-01
-1.993254125118255615e-01
6.662490367889404297e-01
-6.569488048553466797e-01
-5.973297953605651855e-01
9.994025528430938721e-02
-2.416200190782546997e-01
-5.841115489602088928e-02
5.131406709551811218e-02
3.442374467849731445e-01
-2.191988937556743622e-02
-4.154799282550811768e-01
-3.238857090473175049e-01
3.035502433776855469e-01
-4.454056322574615479e-01
-6.842161417007446289e-01
4.297218024730682373e-01
1.138398289680480957e+00
-8.295506834983825684e-01
-1.335555613040924072e-01
1.481101274490356445e+00
-1.027184367179870605e+00
1.243932619690895081e-01
-9.165509343147277832e-01
9.300730824470520020e-01
2.129205226898193359e+00
-1.275605261325836182e-01
4.449820220470428467e-01
-3.104721605777740479e-01
-4.251704216003417969e-01
-7.293007373809814453e-01
-6.940168142318725586e-02
9.084303975105285645e-01
9.019524604082107544e-02
6.636397242546081543e-01
-2.101029455661773682e-01
3.553020209074020386e-02
-5.288287997245788574e-01
-5.122375488281250000e-01
1.299677252769470215e+00
6.432496905326843262e-01
1.576282978057861328e-01
3.916511833667755127e-01
5.276120826601982117e-02
2.770128846168518066e-01
2.398052930831909180e+00
-5.633144378662109375e-01
-8.595480918884277344e-01
-4.640049766749143600e-03
1.833653450012207031e-01
-4.026217758655548096e-01
-1.101082444190979004e+00
-5.007773041725158691e-01
3.830584585666656494e-01
8.634858727455139160e-01
1.755096134729683399e-03
-3.002585172653198242e-01
-8.665037751197814941e-01
-5.029957890510559082e-01
-2.014055550098419189e-01
5.407223701477050781e-01
-6.437584757804870605e-01
-3.250421881675720215e-01
3.206188231706619263e-02
5.367951393127441406e-01
-5.817887783050537109e-01
-1.009213253855705261e-01
1.022663831710815430e+00
-1.286857962608337402e+00
5.880606770515441895e-01
8.458651900291442871e-01
1.203716278076171875e+00
2.838007509708404541e-01
-4.050244763493537903e-02
-1.565962880849838257e-01
-1.818512193858623505e-02
1.044855237007141113e+00
-9.014152884483337402e-01
4.403310120105743408e-01
3.162191808223724365e-01
1.430770456790924072e-01
-7.480849623680114746e-01
-9.183663874864578247e-02
1.105281949043273926e+00
1.136655092239379883e+00
1.034879922866821289e+00
-4.102998375892639160e-01
8.619933724403381348e-01
1.012912988662719727e+00
-5.559912323951721191e-01
3.972457945346832275e-01
7.767934799194335938e-01
-4.302031397819519043e-01
2.431846857070922852e+00
1.956886500120162964e-01
5.071452260017395020e-01
4.319429993629455566e-01
-1.078947663307189941e+00
-1.222032010555267334e-01
2.359750121831893921e-01
1.364986300468444824e+00
-7.973001599311828613e-01
-6.159636378288269043e-01
3.393493592739105225e-01
-5.255073308944702148e-01
6.669911742210388184e-01
6.723885536193847656e-01
-2.026064991950988770e-01
-5.999994277954101562e-01
-1.085933685302734375e+00
-8.636041879653930664e-01
-1.333675861358642578e+00
2.942753136157989502e-01
4.086222350597381592e-01
1.106242895126342773e+00
2.182815968990325928e-01
4.149730131030082703e-02
-7.973266243934631348e-01
2.333944737911224365e-01
1.117622375488281250e+00
6.546401232481002808e-02
1.781690716743469238e-01
3.768929839134216309e-01
8.577752113342285156e-01
9.011835791170597076e-03
9.237875938415527344e-01
-4.826461672782897949e-01
3.625904321670532227e-01
3.589394390583038330e-01
6.386504769325256348e-01
-4.270394444465637207e-01
-1.459730029106140137e+00
-6.240063905715942383e-01
-2.128081768751144409e-01
2.352562695741653442e-01
-6.021618843078613281e-01
3.755841776728630066e-02
6.472622752189636230e-01
-6.137370467185974121e-01
8.375321626663208008e-01
-8.195013999938964844e-01
-2.196542769670486450e-01
-6.741248965263366699e-01
1.270562857389450073e-01
1.773659884929656982e-01
-1.336864352226257324e+00
-9.790449403226375580e-03
1.107563018798828125e+00
1.155792355537414551e+00
-1.748867481946945190e-01
-1.810577064752578735e-01
1.082964777946472168e+00
-7.062970101833343506e-02
-2.115714550018310547e-01
-7.207890152931213379e-01
-2.407238334417343140e-01
-1.792090296745300293e+00
-3.810429200530052185e-02
4.545333683490753174e-01
-3.471775054931640625e-01
-2.284125983715057373e-01
7.499201297760009766e-01
-1.710665583610534668e+00
-1.436349987983703613e+00
-1.300311088562011719e+00
2.910419404506683350e-01
3.729070127010345459e-01
8.048927187919616699e-01
-1.743058562278747559e-01
-3.532130122184753418e-01
-2.920376360416412354e-01
3.965499401092529297e-01
5.962436795234680176e-01
4.430716633796691895e-01
-1.509465336799621582e+00
-1.341458439826965332e+00
-9.719717502593994141e-01
3.871755599975585938e-01
-1.157871007919311523e+00
5.662050247192382812e-01
1.376191496849060059e+00
1.745055079460144043e+00
-2.090449184179306030e-01
9.882999062538146973e-01
4.541830122470855713e-01
1.174066066741943359e+00
-8.613454550504684448e-02
-3.915655240416526794e-02
-1.499648213386535645e+00
1.827383518218994141e+00
-5.767294168472290039e-01
-6.579902768135070801e-01
-9.232196956872940063e-02
8.346523642539978027e-01
-1.200354024767875671e-01
-2.052376419305801392e-01
-1.599223613739013672e+00
-1.312530338764190674e-01
-1.223968029022216797e+00
-5.813857913017272949e-01
4.467318058013916016e-01
-1.335342079401016235e-01
-6.950895190238952637e-01
1.799317002296447754e+00
1.607792973518371582e-01
9.082625508308410645e-01
3.209953755140304565e-02
-4.642530083656311035e-01
-1.406669616699218750e-01
1.119906663894653320e+00
3.629135191440582275e-01
1.116798758506774902e+00
4.885018765926361084e-01
-1.580046534538269043e+00
4.682986259460449219e+00
-3.521082103252410889e-01
-5.002637580037117004e-02
6.817456483840942383e-01
2.551491856575012207e-01
-4.008338153362274170e-01
-8.814485073089599609e-01
8.844360113143920898e-01
2.792395651340484619e-01
-3.749129474163055420e-01
-5.828572511672973633e-01
-1.204076528549194336e+00
-1.445711851119995117e-01
-8.541992306709289551e-02
-9.012359976768493652e-01
5.821328163146972656e-01
1.693599522113800049e-01
-6.027875542640686035e-01
-3.762412965297698975e-01
6.820144653320312500e-01
-1.186251044273376465e+00
2.596580982208251953e-01
1.240769326686859131e-01
3.836096078157424927e-02
5.134649872779846191e-01
7.654808759689331055e-01
-2.463218569755554199e-01
3.157011270523071289e-01
-1.083708286285400391e+00
-1.183891594409942627e-01
4.985311329364776611e-01
-2.153566360473632812e+00
9.080827236175537109e-01
-6.297426819801330566e-01
1.305808544158935547e+00
-1.202721595764160156e+00
1.657996535301208496e+00
1.224225759506225586e+00
7.504987120628356934e-01
-9.607664346694946289e-01
-7.960381507873535156e-01
5.813263356685638428e-02
4.371350705623626709e-01
1.819288544356822968e-02
-4.467676579952239990e-01
1.863717675209045410e+00
-6.836448907852172852e-01
1.019897937774658203e+00
-3.422680795192718506e-01
2.180702388286590576e-01
6.958691477775573730e-01
-6.686723977327346802e-02
-2.735060453414916992e-01
-9.542427211999893188e-02
-3.459192812442779541e-01
-3.390446901321411133e-01
-4.951207339763641357e-01
1.217577099800109863e+00
1.795362681150436401e-01
-2.952031195163726807e-01
-1.132120043039321899e-01
1.409352898597717285e+00
-1.078240752220153809e+00
-2.720262408256530762e-01
-4.128823578357696533e-01
-3.696369826793670654e-01
6.723508238792419434e-01
-5.866178274154663086e-01
-6.917906403541564941e-01
-1.101693272590637207e+00
9.001249074935913086e-01
-7.876480370759963989e-02
-1.923917531967163086e-01
-5.397003293037414551e-01
-7.398203015327453613e-01
5.695673823356628418e-01
-1.505185246467590332e+00
-1.270151853561401367e+00
-3.507347702980041504e-01
-2.918819189071655273e-01
-8.085792511701583862e-02
-6.820138692855834961e-01
-1.265849024057388306e-01
-3.600119352340698242e-01
5.376672148704528809e-01
3.083207607269287109e-01
-2.593779861927032471e-01
3.056524395942687988e-01
1.952593564987182617e+00
-1.355959892272949219e+00
1.389696151018142700e-01
5.469289422035217285e-01
7.439734339714050293e-01
1.139440387487411499e-01
5.011192560195922852e-01
1.660752743482589722e-01
-2.821877002716064453e-01
-3.157939314842224121e-01
5.452088117599487305e-01
5.012448430061340332e-01
-5.980063676834106445e-01
-1.765951663255691528e-01
-2.952719032764434814e-01
-6.107847094535827637e-01
8.533914685249328613e-01
-2.848776876926422119e-01
-4.777732118964195251e-02
-4.074241220951080322e-01
1.343073993921279907e-01
-8.251550197601318359e-01
-8.159014582633972168e-01
4.186508059501647949e-01
1.364873170852661133e+00
8.756512403488159180e-01
1.832289576530456543e+00
2.797900736331939697e-01
-7.644715905189514160e-01
4.057756066322326660e-01
2.937326133251190186e-01
-8.049273490905761719e-01
3.961763978004455566e-01
3.805397152900695801e-01
2.606207728385925293e-01
1.750042915344238281e+00
3.184713721275329590e-01
-1.371644973754882812e+00
1.203624129295349121e+00
3.017986416816711426e-01
-9.754601716995239258e-01
7.370125651359558105e-01
-6.151367425918579102e-01
-1.536944359540939331e-01
2.840532660484313965e-01
-1.233077049255371094e-01
-2.690858542919158936e-01
-9.788977503776550293e-01
-1.769317865371704102e+00
1.314792484045028687e-01
-1.243998765945434570e+00
-1.039537191390991211e-01
2.050012797117233276e-01
-3.608069121837615967e-01
-1.174169421195983887e+00
2.053244352340698242e+00
-3.681769371032714844e-01
-8.530698418617248535e-01
4.484940320253372192e-02
3.269480466842651367e-01
3.991100490093231201e-01
-6.571915745735168457e-01
-1.025995373725891113e+00
4.310739636421203613e-01
-5.848516225814819336e-01
-9.049717783927917480e-01
-7.614151239395141602e-01
-5.623083710670471191e-01
-1.226352006196975708e-01
-2.185848504304885864e-01
-4.362427592277526855e-01
2.743177115917205811e-01
-1.372962355613708496e+00
-1.249857902526855469e+00
4.129334390163421631e-01
9.165800213813781738e-01
6.538149714469909668e-01
-8.503834605216979980e-01
3.033250570297241211e-01
-9.437654167413711548e-02
2.478125095367431641e-01
1.402029275894165039e+00
-2.526393234729766846e-01
7.939826846122741699e-01
-1.939338445663452148e-01
1.630396723747253418e+00
-1.712741851806640625e-01
-1.272377252578735352e+00
6.884700804948806763e-02
-5.737150907516479492e-01
-4.847120344638824463e-01
1.192060232162475586e+00
1.266892552375793457e+00
9.123926283791661263e-04
-1.150698184967041016e+00
-2.769629359245300293e-01
-7.473567724227905273e-01
9.706643223762512207e-01
1.033561944961547852e+00
4.309941455721855164e-02
3.819535672664642334e-01
-1.088475361466407776e-01
-5.416718721389770508e-01
2.561072409152984619e-01
5.160093903541564941e-01
3.689521849155426025e-01
-1.147548034787178040e-01
-1.076138317584991455e-01
-3.773013651371002197e-01
-1.391765356063842773e+00
-4.724873304367065430e-01
-7.169723510742187500e-01
-4.180135726928710938e-01
1.950195878744125366e-01
7.030897736549377441e-01
-5.709386467933654785e-01
-2.858294844627380371e-01
1.184383273124694824e+00
-7.257944941520690918e-01
-5.964114665985107422e-01
1.096738595515489578e-02
2.341431975364685059e-01
-1.287186890840530396e-01
9.641066789627075195e-01
3.422817885875701904e-01
1.471767663955688477e+00
-5.965597629547119141e-01
2.865235209465026855e-01
7.289062142372131348e-01
2.329869866371154785e-01
-1.335527300834655762e+00
9.296101331710815430e-02
6.191728711128234863e-01
3.945602476596832275e-01
-1.172974348068237305e+00
9.901070594787597656e-01
3.409692049026489258e-01
-3.735154867172241211e-02
7.186573743820190430e-01
-1.487338304519653320e+00
-1.021605134010314941e+00
-9.548709392547607422e-01
4.827994108200073242e-01
7.119565606117248535e-01
8.195743560791015625e-01
-9.152534604072570801e-01
-1.686702966690063477e+00
3.343382179737091064e-01
-2.103366136550903320e+00
-4.968771710991859436e-02
-2.563938796520233154e-01
-1.262353777885437012e+00
4.594593048095703125e-01
1.564829707145690918e+00
-8.610075712203979492e-01
1.920355483889579773e-02
3.704670667648315430e-01
-1.073208093643188477e+00
-2.228577286005020142e-01
2.426925748586654663e-01
7.248616814613342285e-01
-3.415399789810180664e-01
5.808836817741394043e-01
-3.243559896945953369e-01
3.512516617774963379e-01
-6.652807444334030151e-02
-1.497037410736083984e-01
-5.548960566520690918e-01
1.888555437326431274e-01
-2.589061157777905464e-03
1.000873327255249023e+00
6.471778750419616699e-01
1.083686590194702148e+00
-4.498605057597160339e-02
6.840439438819885254e-01
1.165786743164062500e+00
3.891093730926513672e-01
6.614999771118164062e-01
3.257546126842498779e-01
-3.154883086681365967e-01
5.451148152351379395e-01
-9.434978961944580078e-01
3.174880743026733398e-01
-1.154871582984924316e+00
-7.751215994358062744e-02
9.719617366790771484e-01
-6.615697145462036133e-01
3.983445763587951660e-01
1.096922606229782104e-01
-7.386751174926757812e-01
-7.637913823127746582e-01
8.687828667461872101e-03
-1.769459009170532227e+00
1.933112740516662598e-03
-8.083879351615905762e-01
-1.201478242874145508e+00
-1.726931214332580566e+00
3.413133025169372559e-01
1.114145398139953613e+00
3.400968611240386963e-01
8.804666250944137573e-02
1.206995129585266113e+00
5.245420932769775391e-01
-9.340922832489013672e-01
2.418792396783828735e-01
8.230299949645996094e-01
-2.224367856979370117e-01
-2.164725810289382935e-01
1.982929855585098267e-01
-4.079494774341583252e-01
6.205233335494995117e-01
4.856069087982177734e-01
1.880955457687377930e+00
-9.125508069992065430e-01
7.583313435316085815e-02
-5.105879157781600952e-03
4.458103179931640625e-01
-3.734613955020904541e-01
-3.198437690734863281e-01
8.106003403663635254e-01
-1.310897469520568848e+00
-2.232491821050643921e-01
-1.020197391510009766e+00
-1.998593211174011230e-01
-2.667036652565002441e-01
2.414778620004653931e-01
-6.342567205429077148e-01
1.167048096656799316e+00
1.177344799041748047e+00
-1.574323922395706177e-01
-1.279755949974060059e+00
-6.153647899627685547e-01
-2.325462996959686279e-01
1.557492911815643311e-01
2.076030820608139038e-01
6.073427796363830566e-01
8.119419217109680176e-03
-2.757713794708251953e-01
-2.162130922079086304e-01
-5.289412140846252441e-01
4.236779212951660156e-01
-4.804984629154205322e-01
4.129968285560607910e-01
9.331434369087219238e-01
-1.005880832672119141e+00
-1.203103065490722656e+00
-4.550705850124359131e-01
9.494005441665649414e-01
4.624102711677551270e-01
-8.975040912628173828e-01
1.490042656660079956e-01
-3.559517562389373779e-01
3.424914181232452393e-01
6.734589934349060059e-01
3.868603408336639404e-01
1.216515675187110901e-01
-7.896852493286132812e-02
1.353039383888244629e+00
-1.142863988876342773e+00
-1.843137443065643311e-01
3.064228594303131104e-01
-2.556194365024566650e-01
4.615718126296997070e-01
7.961138486862182617e-01
1.024106621742248535e+00
-6.862613558769226074e-01
-3.526790812611579895e-02
-5.046138763427734375e-01
3.945652246475219727e-01
1.124729990959167480e+00
7.745415568351745605e-01
1.861565709114074707e-01
-9.923280477523803711e-01
-5.191190242767333984e-01
2.130537778139114380e-01
-9.968832731246948242e-01
7.776983380317687988e-01
2.042410373687744141e-01
2.508581578731536865e-01
3.379490971565246582e-01
6.332731246948242188e-01
-8.627232313156127930e-01
1.274770975112915039e+00
-1.176366448402404785e+00
5.228613615036010742e-01
-4.165355265140533447e-01
7.226971983909606934e-01
5.795028209686279297e-01
-6.397812962532043457e-01
-1.816385388374328613e-01
-9.804801940917968750e-01
-3.128751218318939209e-01
6.072440743446350098e-01
-3.268926963210105896e-02
-8.484581112861633301e-01
1.027589738368988037e-01
-3.474069833755493164e-01
-1.185801744461059570e+00
5.895741051062941551e-04
1.503762364387512207e+00
2.895398139953613281e-01
1.296512365341186523e+00
-1.792639642953872681e-01
-6.264551281929016113e-01
-1.711024343967437744e-01
-7.832503914833068848e-01
6.191666722297668457e-01
2.436493039131164551e-01
-7.164815664291381836e-01
5.403813719749450684e-01
7.394873499870300293e-01
-1.030390784144401550e-01
2.563743591308593750e-01
1.362447291612625122e-01
-2.418632805347442627e-01
3.260409235954284668e-01
4.615638256072998047e-01
2.190550565719604492e+00
5.915005207061767578e-01
3.410478234291076660e-01
-1.050739765167236328e+00
2.565762996673583984e-01
4.043867886066436768e-01
-1.732778787612915039e+00
-5.219777822494506836e-01
-8.526448607444763184e-01
-7.748181372880935669e-02
-5.064496304839849472e-03
1.166567280888557434e-01
-3.779420852661132812e-01
-1.192498803138732910e-01
7.014117240905761719e-01
-5.929296493530273438e+00
-1.150899529457092285e+00
7.228635549545288086e-01
-1.143147468566894531e+00
8.778935670852661133e-01
1.782032847404479980e-01
-2.983162701129913330e-01
1.215985774993896484e+00
-1.949550628662109375e+00
-9.261587262153625488e-01
7.273821532726287842e-02
1.341163992881774902e+00
-2.234648764133453369e-01
9.872863441705703735e-02
5.678846836090087891e-01
3.923019468784332275e-01
9.588049054145812988e-01
-4.355965256690979004e-01
1.302915692329406738e+00
-8.580465316772460938e-01
-2.325165510177612305e+00
1.568444609642028809e+00
9.970033168792724609e-01
9.594115018844604492e-01
9.883558005094528198e-02
-8.376052379608154297e-01
-5.952509045600891113e-01
2.582793822512030602e-03
-1.893329471349716187e-01
-1.346785902976989746e+00
-2.987641990184783936e-01
-8.394762128591537476e-02
-3.586513102054595947e-01
-2.602818906307220459e-01
-7.402045279741287231e-02
-6.729275584220886230e-01
3.823916614055633545e-01
-1.189562916755676270e+00
-4.503066837787628174e-01
-6.365984678268432617e-01
-9.895127266645431519e-02
1.349443048238754272e-01
-8.006809651851654053e-02
-1.615264177322387695e+00
-1.393116831779479980e+00
-1.077163338661193848e+00
2.820768654346466064e-01
-7.215394377708435059e-01
3.621629476547241211e-01
-7.509058117866516113e-01
6.337202787399291992e-01
1.113055944442749023e+00
-6.911583542823791504e-01
-5.402406677603721619e-02
2.672906517982482910e-01
1.515923976898193359e+00
7.285106778144836426e-01
-1.161644577980041504e+00
8.016949295997619629e-01
1.663191467523574829e-01
4.730456173419952393e-01
1.227767094969749451e-01
6.311313062906265259e-02
-2.607932388782501221e-01
-9.864523261785507202e-02
6.895203590393066406e-01
-3.094482898712158203e+00
-9.709006547927856445e-01
-9.059019088745117188e-01
2.366929501295089722e-02
-1.969817161560058594e+00
-1.270393729209899902e+00
-1.958690136671066284e-01
-4.725216031074523926e-01
1.002884656190872192e-01
4.088375270366668701e-01
2.786093056201934814e-01
-2.480598986148834229e-01
-6.661085486412048340e-01
6.183022856712341309e-01
