3.277245163917541504e-01
1.211741685867309570e+00
-2.488216310739517212e-01
-4.243011176586151123e-01
5.157148241996765137e-01
2.361023984849452972e-02
-8.848591446876525879e-01
-3.087986409664154053e-01
-2.468964010477066040e-01
-1.420897543430328369e-01
-3.733786642551422119e-01
-4.876411557197570801e-01
3.912673592567443848e-01
6.941699981689453125e-01
1.850588470697402954e-01
-1.392522811889648438e+00
-8.084477186203002930e-01
9.141094237565994263e-02
-3.976201415061950684e-01
-6.606600284576416016e-01
8.397330641746520996e-01
-1.455335170030593872e-01
6.871856451034545898e-01
5.632247924804687500e-01
4.334352612495422363e-01
-1.044731855392456055e+00
1.843534260988235474e-01
5.417714118957519531e-01
-8.751634359359741211e-01
7.187613844871520996e-01
-1.474276900291442871e+00
2.330318838357925415e-01
-1.030333995819091797e+00
-1.792129427194595337e-01
-7.972931265830993652e-01
-1.278092861175537109e+00
-2.126105874776840210e-02
-1.039837121963500977e+00
-1.689809747040271759e-02
1.511080712080001831e-01
-4.135305583477020264e-01
-7.291416525840759277e-01
-4.867796003818511963e-01
-6.162828207015991211e-01
4.387768208980560303e-01
7.164805531501770020e-01
2.075724452733993530e-01
-1.039544582366943359e+00
5.506795644760131836e-01
7.824289798736572266e-01
-5.780460238456726074e-01
-5.384037494659423828e-01
2.535126507282257080e-01
1.621632575988769531e-01
5.372658967971801758e-01
-5.112001895904541016e-01
-6.587777733802795410e-01
-1.280404776334762573e-01
-5.220379233360290527e-01
-1.067024022340774536e-01
2.153810977935791016e+00
-1.696268171072006226e-01
-1.213259622454643250e-01
-2.147958278656005859e-01
9.968382716178894043e-01
-1.021378517150878906e+00
-7.477053999900817871e-01
4.781435132026672363e-01
1.077047467231750488e+00
8.523231148719787598e-01
-3.846425414085388184e-01
-3.444293141365051270e-01
-1.185971975326538086e+00
-6.865696310997009277e-01
-7.003498077392578125e-01
1.515214323997497559e+00
-6.167657300829887390e-02
6.486531496047973633e-01
6.015457510948181152e-01
4.504802078008651733e-02
8.092758059501647949e-02
-7.716656923294067383e-01
-2.616837739944458008e+00
1.635334342718124390e-01
-6.213840842247009277e-01
2.569226361811161041e-02
8.245076052844524384e-03
-5.654069185256958008e-01
-1.796335726976394653e-02
-7.762760668992996216e-02
-1.886254996061325073e-01
-1.887553334236145020e+00
-1.378272891044616699e+00
7.336273789405822754e-01
-1.129374861717224121e+00
7.533770799636840820e-02
5.397197091951966286e-04
4.764703810214996338e-01
-1.719219923019409180e+00
9.495222568511962891e-01
3.140076398849487305e-01
-3.814258575439453125e-01
7.702508568763732910e-01
-9.519519209861755371e-01
-8.088637590408325195e-01
-9.379746317863464355e-01
-2.052237987518310547e+00
3.311039805412292480e-01
-8.985458314418792725e-02
3.044217824935913086e-01
-4.238672256469726562e-01
6.044462323188781738e-01
-3.212802112102508545e-01
-2.225336432456970215e-01
-7.505553308874368668e-03
4.747888743877410889e-01
-3.489788472652435303e-01
-1.536587238311767578e+00
9.899830818176269531e-01
8.296036720275878906e-01
8.057746887207031250e-01
7.337247729301452637e-01
-1.312638998031616211e+00
1.032804727554321289e+00
7.988472580909729004e-01
-3.255096077919006348e-01
1.008634448051452637e+00
-4.344795644283294678e-01
-9.089269638061523438e-01
-6.106416583061218262e-01
-4.415269494056701660e-01
-1.049296140670776367e+00
1.547407954931259155e-01
-9.922790527343750000e-01
-2.001013606786727905e-01
7.776632308959960938e-01
-8.625727146863937378e-02
-3.204144537448883057e-01
4.081014171242713928e-02
-3.734853565692901611e-01
1.288012266159057617e-01
6.511812210083007812e-01
1.934227228164672852e+00
8.477283408865332603e-04
-7.796290516853332520e-01
-4.463349655270576477e-02
-1.102903671562671661e-02
-8.378805518150329590e-01
-2.708578407764434814e-01
-6.780159473419189453e-01
4.852065145969390869e-01
-4.209512770175933838e-01
4.601037502288818359e-01
-7.862966060638427734e-01
5.604464411735534668e-01
-2.540329694747924805e-01
-5.307973623275756836e-01
-2.563286125659942627e-01
5.991480946540832520e-01
1.093210577964782715e+00
7.316672205924987793e-01
2.784715034067630768e-02
-5.305238962173461914e-01
-1.020975112915039062e+00
1.499767415225505829e-02
-1.028837561607360840e+00
-7.182964682579040527e-01
3.723336150869727135e-03
-4.748684540390968323e-02
8.870040774345397949e-01
-4.444615170359611511e-02
-8.138648867607116699e-01
-1.299296498298645020e+00
1.027194976806640625e+00
-1.532918065786361694e-01
-7.452082633972167969e-01
-6.791995763778686523e-01
-9.655650705099105835e-02
-1.546016216278076172e+00
9.307175874710083008e-01
-1.108684241771697998e-01
-1.732247471809387207e-01
-5.777908563613891602e-01
3.211575150489807129e-01
2.669398784637451172e-01
-4.893507063388824463e-01
-5.890923142433166504e-01
2.368916869163513184e-01
8.989767432212829590e-01
4.007858932018280029e-01
4.240728616714477539e-01
8.876344561576843262e-02
-1.670659333467483521e-01
1.166938170790672302e-01
-5.325222015380859375e-01
4.415217041969299316e-01
-1.004192233085632324e-01
7.980754971504211426e-01
3.970479369163513184e-01
-8.278591036796569824e-01
-3.706882596015930176e-01
1.391519069671630859e+00
1.469968795776367188e+00
-1.139968395233154297e+00
3.172793984413146973e-01
9.476690292358398438e-01
1.301523745059967041e-01
-6.601153612136840820e-01
6.682751178741455078e-01
-5.603318810462951660e-01
1.973290145397186279e-01
-7.918296754360198975e-02
6.717091202735900879e-01
-9.992625713348388672e-01
3.356263339519500732e-01
1.710614204406738281e+00
1.429060459136962891e+00
-1.739709451794624329e-02
-1.032495312392711639e-02
1.817453354597091675e-01
4.684411883354187012e-01
-1.400301158428192139e-01
-4.581736028194427490e-01
2.553492188453674316e-01
1.255737662315368652e+00
2.036933153867721558e-01
6.760093569755554199e-01
3.734423518180847168e-01
8.151870220899581909e-02
-6.309701204299926758e-01
3.088969588279724121e-01
1.422822773456573486e-01
-1.104874536395072937e-01
-2.507075294852256775e-02
1.451812237501144409e-01
7.094802260398864746e-01
-2.122966796159744263e-01
-1.195783734321594238e+00
-7.433858513832092285e-01
4.474320113658905029e-01
1.074137091636657715e+00
-5.591889023780822754e-01
-6.545385122299194336e-01
4.384152293205261230e-01
-5.018195509910583496e-01
7.428175956010818481e-02
2.740596532821655273e-01
1.103508353233337402e+00
5.796469449996948242e-01
4.346972703933715820e-01
3.729447722434997559e-01
-7.620839029550552368e-02
-1.132543206214904785e+00
-7.180918455123901367e-01
8.568702936172485352e-01
-1.438498497009277344e-01
-2.461045682430267334e-01
-1.036610007286071777e+00
-9.241130948066711426e-01
2.635765373706817627e-01
1.789684891700744629e-01
5.618340373039245605e-01
3.082138299942016602e-01
-7.100275158882141113e-01
-1.233793973922729492e+00
9.878643751144409180e-01
6.367484331130981445e-01
1.027437210083007812e+00
2.038696765899658203e+00
2.561312317848205566e-01
5.542718172073364258e-01
2.394894324243068695e-02
1.707895994186401367e-01
2.596447169780731201e-01
-1.373945951461791992e+00
8.260726928710937500e-01
4.413433074951171875e-01
5.294378399848937988e-01
-1.341672539710998535e-01
-5.118636488914489746e-01
2.135287374258041382e-01
-6.811587810516357422e-01
-1.297374367713928223e-01
3.762029111385345459e-01
4.735837578773498535e-01
-7.279447913169860840e-01
7.327762991189956665e-02
-1.202889811247587204e-02
1.514904379844665527e+00
-1.757527887821197510e-01
-7.534009218215942383e-01
2.243038862943649292e-01
-5.004452466964721680e-01
-1.835910320281982422e+00
1.017729163169860840e+00
-4.363077580928802490e-01
1.097801327705383301e+00
-3.526218533515930176e-01
9.060610532760620117e-01
-1.142536044120788574e+00
-1.684863865375518799e-01
-5.590857267379760742e-01
5.660776495933532715e-01
-9.666611440479755402e-03
6.795398076064884663e-04
-1.151581853628158569e-01
-6.396862268447875977e-01
1.878778934478759766e-01
1.479011774063110352e+00
9.847654104232788086e-01
-1.026372313499450684e+00
8.566761761903762817e-02
-1.239829778671264648e+00
-1.597364842891693115e-01
-8.758739233016967773e-01
-1.734039336442947388e-01
7.396848201751708984e-01
1.031448006629943848e+00
7.293566316366195679e-02
2.665853798389434814e-01
-1.359454989433288574e+00
-6.501548290252685547e-01
-1.358160376548767090e-01
3.882031142711639404e-01
8.045779541134834290e-03
-1.993512362241744995e-01
-6.248423457145690918e-01
3.826110363006591797e-01
-2.794437110424041748e-01
3.832348585128784180e-01
-1.001461029052734375e+00
-3.150758445262908936e-01
8.428400754928588867e-01
-2.194637209177017212e-01
7.879157066345214844e-01
-5.369570851325988770e-01
-3.978294134140014648e-01
-2.889894843101501465e-01
1.042810559272766113e+00
-8.008723855018615723e-01
7.701811790466308594e-01
3.983107507228851318e-01
4.736471474170684814e-01
-1.162585914134979248e-01
3.398091346025466919e-02
-2.472576349973678589e-01
-6.809660196304321289e-01
5.674201846122741699e-01
-7.770833373069763184e-01
-5.522260069847106934e-01
-1.310825467109680176e+00
-2.333044260740280151e-01
2.207799442112445831e-02
-2.879823148250579834e-01
-2.121920436620712280e-01
-7.463217526674270630e-02
-8.757119178771972656e-01
2.286668568849563599e-01
-9.982610940933227539e-01
8.254905343055725098e-01
-3.895862698554992676e-01
-1.023487567901611328e+00
6.817277669906616211e-01
-4.580354094505310059e-01
6.835018396377563477e-01
-1.311724334955215454e-01
1.002914786338806152e+00
1.144863724708557129e+00
-3.718946501612663269e-02
6.940296292304992676e-01
-1.345925480127334595e-01
5.163541436195373535e-01
-4.365244209766387939e-01
8.696559071540832520e-01
1.360688656568527222e-01
-2.566315829753875732e-01
1.133100092411041260e-01
5.453841090202331543e-01
-6.228370070457458496e-01
4.895122051239013672e-01
9.630632400512695312e-01
1.063468456268310547e+00
3.094436526298522949e-01
-1.026327729225158691e+00
-4.785287976264953613e-01
-3.640967905521392822e-01
3.945395052433013916e-01
-4.034833610057830811e-02
1.014080047607421875e+00
1.747503876686096191e+00
1.165858030319213867e+00
-3.017929196357727051e-01
3.897304236888885498e-01
2.421633154153823853e-01
4.970399737358093262e-01
-1.933058798313140869e-01
-3.463325202465057373e-01
2.234025299549102783e-01
-5.611371994018554688e-01
7.389482855796813965e-01
9.184275269508361816e-01
-1.068330645561218262e+00
3.458765149116516113e-01
-7.834172844886779785e-01
-3.076526820659637451e-01
2.786470949649810791e-01
-5.944364666938781738e-01
2.324977517127990723e-01
-3.644326701760292053e-02
-8.929713070392608643e-02
6.556621938943862915e-02
-3.940678834915161133e-01
-1.405237793922424316e+00
2.283897101879119873e-01
-3.092932747676968575e-03
1.370253920555114746e+00
1.800005733966827393e-01
3.914285302162170410e-01
-1.072621226310729980e+00
8.050477504730224609e-01
-5.155119299888610840e-01
-1.505290985107421875e+00
5.375782847404479980e-01
4.868803620338439941e-01
-1.293759465217590332e+00
4.629790410399436951e-02
-1.108753085136413574e+00
4.906168878078460693e-01
-6.461085677146911621e-01
-1.316425919532775879e+00
-2.291189730167388916e-01
3.602678179740905762e-01
3.013276457786560059e-01
-3.701340258121490479e-01
-4.160640835762023926e-01
7.280880212783813477e-01
6.652674823999404907e-02
9.339422583580017090e-01
6.146978735923767090e-01
-2.886356413364410400e-01
3.844602704048156738e-01
6.969394627958536148e-03
-2.533134520053863525e-01
-8.584421277046203613e-01
5.881628394126892090e-01
-3.112706243991851807e-01
-6.645765304565429688e-01
-7.814603298902511597e-02
-7.986177206039428711e-01
-6.701765060424804688e-01
-1.272722244262695312e+00
-8.756906390190124512e-01
7.640019655227661133e-01
-1.052196621894836426e+00
-2.380446344614028931e-01
-1.008971929550170898e+00
1.291754364967346191e+00
5.212704539299011230e-01
-4.645078778266906738e-01
-2.492739558219909668e-01
-1.768119782209396362e-01
-9.257227182388305664e-01
9.420002102851867676e-01
5.905158519744873047e-01
3.780769184231758118e-02
-9.926994442939758301e-01
7.502257227897644043e-01
7.907087206840515137e-01
-1.072466447949409485e-01
5.713340044021606445e-01
-6.898509860038757324e-01
-4.873358830809593201e-02
-8.865001797676086426e-01
-4.675287306308746338e-01
-3.229225277900695801e-01
3.710198104381561279e-01
8.746314048767089844e-01
-6.651449203491210938e-01
-9.824293851852416992e-01
4.643490016460418701e-01
1.563066124916076660e+00
-2.985336482524871826e-01
2.362027615308761597e-01
1.120779871940612793e+00
7.265645861625671387e-01
3.038215637207031250e-01
1.989330351352691650e-01
-9.544757008552551270e-01
-2.662706077098846436e-01
3.663342297077178955e-01
-3.059955239295959473e-01
1.109129190444946289e+00
-3.054388463497161865e-01
1.341853857040405273e+00
-1.031111121177673340e+00
-5.785415172576904297e-01
-3.883717358112335205e-01
-2.726812124252319336e+00
-5.315954685211181641e-01
1.157380416989326477e-01
-3.202542364597320557e-01
-8.384054899215698242e-02
4.334025084972381592e-01
1.525177836418151855e+00
-7.600476145744323730e-01
-1.408393532037734985e-01
-5.644463300704956055e-01
-1.947554796934127808e-01
-3.925658166408538818e-01
5.523589253425598145e-01
3.277845680713653564e-01
-5.988965556025505066e-02
1.312701869755983353e-02
2.170353531837463379e-01
-1.913801133632659912e-01
5.453500151634216309e-01
-1.284087657928466797e+00
-6.695700287818908691e-01
7.193021774291992188e-01
2.887621223926544189e-01
-2.222018092870712280e-01
-1.086575746536254883e+00
-1.465918540954589844e+00
3.635211288928985596e-02
4.583036899566650391e-02
3.474949896335601807e-01
-1.065298676490783691e+00
1.735793203115463257e-01
3.561474010348320007e-02
-6.160809397697448730e-01
6.155596971511840820e-01
1.577120900154113770e+00
-1.884250156581401825e-02
-4.227111339569091797e-01
-3.234752714633941650e-01
-9.891631603240966797e-01
-1.094555109739303589e-01
-3.806012868881225586e-01
-8.765559792518615723e-01
2.553136944770812988e-01
8.645478487014770508e-01
3.340610861778259277e-01
-7.630584239959716797e-01
7.941635847091674805e-01
5.680559873580932617e-01
3.594864606857299805e-01
7.717027664184570312e-01
6.097856760025024414e-01
3.680563345551490784e-02
-1.949141621589660645e-01
-2.010624557733535767e-01
-2.542097819969058037e-03
-3.944541513919830322e-01
-5.791375041007995605e-01
8.945404887199401855e-01
1.480437755584716797e+00
3.832427263259887695e-01
1.952333599328994751e-01
2.493567019701004028e-01
-1.325027585029602051e+00
1.241550818085670471e-01
8.746038675308227539e-01
-1.327346801757812500e+00
-1.783070862293243408e-01
-4.553736150264739990e-01
5.777248740196228027e-01
3.708925843238830566e-02
8.800569176673889160e-01
9.040614962577819824e-01
2.265853732824325562e-01
-9.482509493827819824e-01
6.712005734443664551e-01
-8.501878380775451660e-01
-6.015750765800476074e-01
5.121101140975952148e-01
-3.275237977504730225e-01
-4.730750992894172668e-02
3.856732845306396484e-01
4.498501121997833252e-02
-1.102265156805515289e-02
-5.733608603477478027e-01
1.175553679466247559e+00
1.637246757745742798e-01
3.043417930603027344e-01
4.884964786469936371e-03
5.231068730354309082e-01
-7.890931367874145508e-01
-2.471840828657150269e-01
3.696504533290863037e-01
-7.154127955436706543e-01
-4.293264448642730713e-02
6.860089302062988281e-01
-1.864664703607559204e-01
7.651369273662567139e-02
8.706461191177368164e-01
-9.347429275512695312e-01
7.666174173355102539e-01
-5.335975438356399536e-02
1.504794508218765259e-01
-1.677281111478805542e-01
3.872083723545074463e-01
-8.532441258430480957e-01
3.578291535377502441e-01
9.166759252548217773e-01
5.673057436943054199e-01
-1.119417190551757812e+00
-4.613840579986572266e-01
-6.756772994995117188e-01
-7.499378323554992676e-01
-4.464274346828460693e-01
-6.807027459144592285e-01
1.274092942476272583e-01
8.635321259498596191e-02
-3.904950916767120361e-01
-1.352214336395263672e+00
-5.478212237358093262e-01
-9.693470597267150879e-01
-2.383169680833816528e-01
5.203052163124084473e-01
3.445628285408020020e-01
-1.463652402162551880e-01
3.913756906986236572e-01
-7.380097508430480957e-01
6.380861997604370117e-01
-4.700556099414825439e-01
8.362694978713989258e-01
-9.476236701011657715e-01
1.058660387992858887e+00
1.111366748809814453e+00
-9.353755116462707520e-01
5.841864943504333496e-01
9.180733561515808105e-01
1.315264582633972168e+00
1.161591887474060059e+00
3.772528469562530518e-01
-1.028131008148193359e+00
-3.765445947647094727e-01
-1.034516334533691406e+00
-5.098308250308036804e-02
7.448759675025939941e-01
6.592468023300170898e-01
6.355676800012588501e-02
-7.210901379585266113e-01
-7.595136165618896484e-01
6.886372715234756470e-02
3.097558736801147461e+00
-8.905852437019348145e-01
9.003664553165435791e-02
6.006625890731811523e-01
-4.253931939601898193e-01
9.815578460693359375e-01
5.431999564170837402e-01
9.654653817415237427e-02
8.132303357124328613e-01
1.732565015554428101e-01
-1.046087622642517090e+00
-4.140946567058563232e-01
-6.488333344459533691e-01
-4.893574118614196777e-01
8.377146124839782715e-01
-7.321673035621643066e-01
5.614340305328369141e-01
-5.891117453575134277e-01
-6.909178495407104492e-01
2.400130033493041992e-01
-2.125672698020935059e-01
7.115049362182617188e-01
-6.125882640480995178e-02
6.684429198503494263e-02
-3.533614277839660645e-01
-1.240345954895019531e+00
3.719632327556610107e-01
4.741909801959991455e-01
8.552188873291015625e-01
1.905471086502075195e-01
-6.287579536437988281e-01
-6.497628092765808105e-01
-9.660413265228271484e-01
1.087793827056884766e+00
-1.901636123657226562e-01
5.143634676933288574e-01
2.344207912683486938e-01
5.957679823040962219e-02
4.136610329151153564e-01
-4.020425677299499512e-01
3.506380319595336914e-01
-8.772418498992919922e-01
5.811744332313537598e-01
-2.729905843734741211e+00
1.514131575822830200e-01
-7.072003483772277832e-01
-2.241896092891693115e-01
9.730936884880065918e-01
-4.656891897320747375e-02
9.557501673698425293e-01
2.079536318778991699e-01
4.589895308017730713e-01
-4.617847502231597900e-01
-2.858982682228088379e-01
3.468119800090789795e-01
-9.797487407922744751e-02
-5.350789427757263184e-01
-6.264477372169494629e-01
1.294023036956787109e+00
1.463713288307189941e+00
1.184896588325500488e+00
1.445008158683776855e+00
3.398301079869270325e-02
-2.343122243881225586e+00
2.935230433940887451e-01
-6.738437414169311523e-01
-1.401474833488464355e+00
-4.156074523925781250e-01
-1.480660200119018555e+00
1.378387361764907837e-01
9.802472591400146484e-01
4.766117036342620850e-01
-6.040749549865722656e-01
4.980528950691223145e-01
-4.219425618648529053e-01
1.174770146608352661e-01
1.528345584869384766e+00
5.870288014411926270e-01
1.148980140686035156e+00
3.850061818957328796e-02
-9.343211650848388672e-01
-1.156034827232360840e+00
-6.141186952590942383e-01
7.111361026763916016e-01
-1.373137831687927246e-01
5.997260808944702148e-01
-1.398135423660278320e+00
-1.075641989707946777e+00
1.093997716903686523e+00
4.781323075294494629e-01
9.796552658081054688e-01
8.377020061016082764e-02
6.124420166015625000e-01
1.253633499145507812e+00
5.155450701713562012e-01
-4.157638847827911377e-01
-6.652277112007141113e-01
1.360230445861816406e+00
1.581176638603210449e+00
-7.282540202140808105e-01
-4.770106673240661621e-01
-1.741063594818115234e+00
-1.008719563484191895e+00
7.101808190345764160e-01
2.017621248960494995e-01
-3.052710592746734619e-01
-1.969175636768341064e-01
-8.372012972831726074e-01
-5.798171758651733398e-01
-4.532743096351623535e-01
6.160781979560852051e-01
-1.312506556510925293e+00
-3.702983558177947998e-01
-9.568190574645996094e-01
7.431809306144714355e-01
2.883813977241516113e-01
6.798815131187438965e-01
4.110766351222991943e-01
1.712119817733764648e+00
3.454838693141937256e-01
-1.155734658241271973e+00
-4.721647799015045166e-01
4.901092946529388428e-01
