1.022043228149414062e+00
1.151028394699096680e+00
6.497699022293090820e-01
5.826718807220458984e-01
-1.068940088152885437e-01
-1.071331262588500977e+00
-5.199266076087951660e-01
2.114641368389129639e-01
-1.444352746009826660e+00
7.811736464500427246e-01
-2.244234383106231689e-01
2.282866090536117554e-01
1.156850814819335938e+00
-1.825699210166931152e-01
4.027070999145507812e-01
-3.705709576606750488e-01
3.812169730663299561e-01
1.203108549118041992e+00
2.597573027014732361e-02
9.298156201839447021e-02
6.101332306861877441e-01
1.628526449203491211e-01
3.557338416576385498e-01
-7.073079943656921387e-01
-2.395558059215545654e-01
-1.785102635622024536e-01
7.080604434013366699e-01
-6.854178905487060547e-01
-2.509100198745727539e+00
4.080651104450225830e-01
-9.779346585273742676e-01
3.805693387985229492e-01
2.347327321767807007e-01
3.202430903911590576e-01
-1.270436763763427734e+00
-1.294414550065994263e-01
-4.376699030399322510e-01
-2.770676374435424805e+00
-1.282055228948593140e-01
9.092568755149841309e-01
-6.454616189002990723e-01
-1.038430631160736084e-01
-5.446671843528747559e-01
-9.800871461629867554e-02
5.913618803024291992e-01
9.535720944404602051e-02
-4.261844232678413391e-02
-6.981726884841918945e-01
2.206033468246459961e-01
-2.215989083051681519e-01
2.232511639595031738e-01
-2.933004498481750488e-01
6.660842895507812500e-01
-2.413246035575866699e-02
6.552916169166564941e-01
-3.982794880867004395e-01
2.715975940227508545e-01
2.987316064536571503e-02
-3.989376723766326904e-01
-4.270754754543304443e-02
-2.505196034908294678e-01
1.662221252918243408e-01
1.579639554023742676e+00
-4.212151765823364258e-01
-1.080043762922286987e-01
-1.703858256340026855e+00
-2.658080160617828369e-01
2.295102328062057495e-01
7.483599185943603516e-01
-3.242906630039215088e-01
7.307358384132385254e-01
6.178692579269409180e-01
-6.223139166831970215e-01
-1.485731005668640137e+00
8.654135465621948242e-01
-1.670085787773132324e-01
-3.414969444274902344e-01
-3.156595826148986816e-01
-8.217532932758331299e-02
1.306275576353073120e-01
4.970731437206268311e-01
4.163940250873565674e-02
-1.828167200088500977e+00
1.344537734985351562e-01
-6.291736364364624023e-01
1.896400213241577148e+00
-2.328139543533325195e+00
-3.905092477798461914e-01
1.304833292961120605e-01
-9.170603156089782715e-01
-4.760146141052246094e-01
-8.253595232963562012e-01
8.956384658813476562e-02
1.534887552261352539e+00
1.348594784736633301e+00
8.699064701795578003e-02
4.810525178909301758e-01
1.175627470016479492e+00
8.381016254425048828e-01
2.873719334602355957e-01
-5.327038764953613281e-01
-7.964021563529968262e-01
2.103988230228424072e-01
1.150063425302505493e-01
-4.853621125221252441e-01
9.561296105384826660e-01
-7.903851866722106934e-01
7.590464353561401367e-01
1.130353331565856934e+00
-1.145088911056518555e+00
3.889008238911628723e-02
9.636345505714416504e-01
-1.238977670669555664e+00
-1.308568716049194336e+00
-4.773713275790214539e-02
-6.202276051044464111e-02
-4.060453176498413086e-01
-2.216482877731323242e+00
6.106616854667663574e-01
6.975686550140380859e-02
-4.202191233634948730e-01
1.057981729507446289e+00
-2.475359201431274414e+00
2.717783749103546143e-01
-2.923265993595123291e-01
-5.558452010154724121e-02
6.775114536285400391e-01
-1.092626214027404785e+00
-1.285591006278991699e+00
5.231554508209228516e-01
7.992448210716247559e-01
5.214432626962661743e-02
1.656179428100585938e-01
-9.222142696380615234e-01
-1.779842495918273926e+00
5.438102036714553833e-02
-1.318216621875762939e-01
-2.422749519348144531e+00
-7.814229726791381836e-01
4.800043106079101562e-01
-7.665538191795349121e-01
1.434265375137329102e+00
7.390960454940795898e-01
3.683482408523559570e-01
-1.566678583621978760e-01
9.991763830184936523e-01
5.732626467943191528e-02
-3.681089878082275391e-01
8.523697257041931152e-01
-4.042500257492065430e-01
3.309082090854644775e-01
3.731361031532287598e-01
3.031933009624481201e-01
7.827466726303100586e-02
5.794471502304077148e-01
2.585929930210113525e-01
-1.929340124130249023e+00
-7.229138016700744629e-01
2.034726142883300781e-01
9.689232707023620605e-02
2.260944098234176636e-01
-1.338301301002502441e+00
1.253452301025390625e+00
-8.561885952949523926e-01
-2.291642129421234131e-02
-8.936142921447753906e-02
-2.485129237174987793e-02
4.527664780616760254e-01
2.554213069379329681e-02
-3.952967524528503418e-01
-7.388850450515747070e-01
-8.862478733062744141e-01
-1.175209283828735352e+00
7.609695792198181152e-01
3.203932344913482666e-01
1.336396187543869019e-01
2.265738509595394135e-02
-1.380477994680404663e-01
1.032567620277404785e-01
4.373914003372192383e-01
-1.410429179668426514e-01
-1.405385255813598633e+00
6.899817585945129395e-01
-7.663252949714660645e-01
1.092560291290283203e+00
-5.207160711288452148e-01
-7.438759803771972656e-01
2.371895909309387207e-01
-2.077696621417999268e-01
1.366563141345977783e-01
-8.519147336483001709e-02
5.064603872597217560e-03
-1.051743984222412109e+00
-3.888351619243621826e-01
-1.125993013381958008e+00
8.786932826042175293e-01
-2.747559547424316406e-01
1.138777732849121094e-01
-5.704010725021362305e-01
-5.506759285926818848e-01
-9.227988868951797485e-02
5.227296613156795502e-03
4.360990226268768311e-01
-7.563291192054748535e-01
7.191200256347656250e-01
-5.648232102394104004e-01
7.543799281120300293e-01
-4.000991955399513245e-02
1.380954742431640625e+00
-1.153817534446716309e+00
-3.853741586208343506e-01
8.265149593353271484e-01
6.113980412483215332e-01
-2.118613868951797485e-01
-6.679190993309020996e-01
1.261146306991577148e+00
3.145112991333007812e-01
-6.734421253204345703e-01
-1.661183953285217285e+00
-1.449407935142517090e-01
-1.520772427320480347e-01
4.124273359775543213e-01
-5.509091615676879883e-01
4.719040170311927795e-02
2.858344912528991699e-01
1.323580145835876465e+00
-3.522565960884094238e-01
-4.572426676750183105e-01
-1.485485315322875977e+00
-1.410042047500610352e+00
-2.155089974403381348e-01
-6.955003142356872559e-01
-9.915458410978317261e-02
9.209664463996887207e-01
6.187544465065002441e-01
1.346348643302917480e+00
7.787342667579650879e-01
1.531803905963897705e-01
-1.633951783180236816e+00
-3.463964536786079407e-02
-2.885095775127410889e-01
-7.575297951698303223e-01
-1.807297021150588989e-01
2.393337786197662354e-01
1.204598397016525269e-01
4.441420137882232666e-01
3.234739005565643311e-01
6.974843144416809082e-02
7.360931038856506348e-01
2.113015204668045044e-01
3.685986995697021484e-01
-1.567287802696228027e+00
-1.536373615264892578e+00
7.105100750923156738e-01
-6.491125822067260742e-01
-3.980840444564819336e-01
-1.804148554801940918e-01
-9.437754750251770020e-01
8.496057987213134766e-01
-2.313472479581832886e-01
2.842637300491333008e-01
8.873947262763977051e-01
3.837758600711822510e-01
-6.961376070976257324e-01
5.311837792396545410e-01
9.732621908187866211e-02
7.169515490531921387e-01
-5.727039575576782227e-01
1.271806597709655762e+00
2.558679282665252686e-01
1.389784574508666992e+00
8.208178877830505371e-01
-1.248872399330139160e+00
8.514462113380432129e-01
-1.741932928562164307e-01
-8.946946263313293457e-01
5.498040318489074707e-01
-1.352829933166503906e-01
-2.120659649372100830e-01
1.957859992980957031e-01
3.964401781558990479e-02
-1.075478553771972656e+00
1.399177074432373047e+00
9.882774949073791504e-01
8.344436883926391602e-01
-3.528237342834472656e-01
-1.151922702789306641e+00
5.681244656443595886e-02
-3.816898763179779053e-01
-9.759018421173095703e-01
-1.353426218032836914e+00
-1.154671549797058105e+00
1.044220477342605591e-01
1.811340451240539551e+00
7.126826643943786621e-01
-6.101475954055786133e-01
-5.340449213981628418e-01
3.062693774700164795e-01
1.083901897072792053e-01
5.356772541999816895e-01
-1.281678557395935059e+00
-8.267717361450195312e-01
4.376105070114135742e-01
-8.703964948654174805e-01
9.822736382484436035e-01
3.050801530480384827e-02
-5.252917408943176270e-01
-1.219092488288879395e+00
5.495226383209228516e-01
8.509458601474761963e-02
-1.412973284721374512e+00
-1.203771010041236877e-01
-1.150237441062927246e+00
1.963313817977905273e-01
-6.867955923080444336e-01
7.982717752456665039e-01
6.275551915168762207e-01
8.704759478569030762e-01
7.537060976028442383e-01
-7.293432950973510742e-01
-6.279190182685852051e-01
-1.861732304096221924e-01
2.119535207748413086e+00
-5.890805125236511230e-01
-4.267137348651885986e-01
2.022854983806610107e-01
-5.848149061203002930e-01
-5.905416607856750488e-01
-8.050562143325805664e-01
-3.272233605384826660e-01
-1.515946626663208008e+00
2.108571827411651611e-01
-5.570873618125915527e-01
7.634004950523376465e-01
-2.749599516391754150e-01
-2.918098866939544678e-01
5.572912096977233887e-01
1.918115615844726562e-01
4.933702945709228516e-01
-1.987052708864212036e-01
-9.545452594757080078e-01
-2.383331954479217529e-01
5.845705866813659668e-01
-1.488589048385620117e-01
2.705425024032592773e-01
-1.567965596914291382e-01
-1.858544051647186279e-01
6.653739809989929199e-01
-1.050054073333740234e+00
-7.043174002319574356e-03
-1.225069403648376465e+00
-3.017524480819702148e-01
4.681537151336669922e-01
-9.051212668418884277e-01
-4.122877120971679688e-01
-2.796541750431060791e-01
-1.263610124588012695e-01
-8.419851660728454590e-01
-2.449199110269546509e-01
6.612511873245239258e-01
-6.165531873703002930e-01
2.174729555845260620e-01
-4.175232350826263428e-01
-5.754640102386474609e-01
-1.638139843940734863e+00
7.558022439479827881e-02
8.190244436264038086e-01
1.115314513444900513e-01
2.385897487401962280e-01
-3.554298728704452515e-02
5.036418884992599487e-02
8.329970240592956543e-01
-9.179088473320007324e-01
8.767158985137939453e-01
-1.021588325500488281e+00
-2.082688510417938232e-01
1.221708655357360840e-01
-1.240613088011741638e-01
-7.018867731094360352e-01
-3.835171759128570557e-01
7.857516407966613770e-01
2.638034820556640625e-01
-3.066245019435882568e-01
-6.066140532493591309e-01
-9.929402470588684082e-01
-6.376858055591583252e-02
-3.656860291957855225e-01
-7.126306295394897461e-01
-1.416924446821212769e-01
7.862643003463745117e-01
1.736281156539916992e+00
5.331078171730041504e-01
5.999492853879928589e-02
1.274755895137786865e-01
8.907732963562011719e-01
-1.323743820190429688e+00
-1.196739673614501953e+00
-5.210192203521728516e-01
2.557201683521270752e-01
-7.130283862352371216e-02
4.706468433141708374e-02
-7.958535552024841309e-01
6.018414497375488281e-01
-3.415452241897583008e-01
-4.503064751625061035e-01
1.231560036540031433e-01
-2.512872815132141113e-01
4.680363833904266357e-01
5.064532160758972168e-01
-1.312950611114501953e+00
-3.757933676242828369e-01
-6.675888895988464355e-01
-5.145096778869628906e-01
-3.621509075164794922e-01
1.773768812417984009e-01
2.101649284362792969e+00
-9.554714560508728027e-01
4.087069928646087646e-01
-7.892784476280212402e-01
1.358715891838073730e+00
-6.377792954444885254e-01
-9.278346896171569824e-01
-1.531877964735031128e-01
6.606575846672058105e-02
-1.374862313270568848e+00
2.867135107517242432e-01
-2.211425751447677612e-01
3.254776597023010254e-01
-9.803733229637145996e-01
-9.537751078605651855e-01
-7.118785381317138672e-01
-4.129839837551116943e-01
8.508213162422180176e-01
-4.104878306388854980e-01
-2.769900262355804443e-01
1.387294083833694458e-01
-4.156112298369407654e-02
1.066636681556701660e+00
-2.702282071113586426e-01
4.829037487506866455e-01
-3.254434093832969666e-02
-8.818706125020980835e-02
-6.672300100326538086e-01
-3.647544980049133301e-01
9.241449832916259766e-01
-9.143269658088684082e-01
-3.808122873306274414e-01
1.361020088195800781e+00
-3.933376073837280273e-01
-5.522574186325073242e-01
-2.543183565139770508e-01
5.138432383537292480e-01
1.984082341194152832e+00
2.775529026985168457e-01
-4.026080369949340820e-01
2.488300800323486328e-01
1.972337245941162109e+00
1.373405754566192627e-01
-6.976225972175598145e-01
7.889898419380187988e-01
1.117196917533874512e+00
1.348503082990646362e-01
5.650923848152160645e-01
5.974665284156799316e-01
-7.096431255340576172e-01
-8.812158107757568359e-01
4.009683430194854736e-01
-5.008683204650878906e-01
-7.334436178207397461e-01
2.287279814481735229e-01
3.978176712989807129e-01
7.835472226142883301e-01
2.936254441738128662e-01
-1.242848873138427734e+00
2.660675346851348877e-01
-6.166105866432189941e-01
4.328975975513458252e-01
-1.600473523139953613e-01
1.692530810832977295e-01
7.423554062843322754e-01
6.792638301849365234e-01
6.969939470291137695e-01
4.387831389904022217e-01
-4.964868724346160889e-01
1.503105014562606812e-01
6.551794409751892090e-01
-1.846843212842941284e-01
-5.214751958847045898e-01
1.397078633308410645e-01
7.726338505744934082e-01
-7.489237189292907715e-01
2.257717251777648926e-01
2.811987102031707764e-01
1.127913951873779297e+00
-1.217730641365051270e+00
5.085694193840026855e-01
6.306861639022827148e-01
-4.086732387542724609e+00
1.752073168754577637e+00
-1.364959716796875000e+00
1.852463744580745697e-02
7.247808575630187988e-01
-4.790196716785430908e-01
6.468246579170227051e-01
-1.515620589256286621e+00
6.762017607688903809e-01
-1.148932337760925293e+00
-7.011031508445739746e-01
-6.964157223701477051e-01
5.577900409698486328e-01
7.601921558380126953e-01
-2.078125476837158203e-01
-1.281669288873672485e-01
-6.102606058120727539e-01
1.052955031394958496e+00
2.884071588516235352e+00
-7.195565104484558105e-01
-8.469150960445404053e-02
6.847400069236755371e-01
-1.266203969717025757e-01
-4.237158894538879395e-01
3.535032272338867188e-01
-1.417257905006408691e+00
-4.150776267051696777e-01
-2.683630287647247314e-01
4.179329574108123779e-01
-1.734374046325683594e+00
5.066046714782714844e-01
1.582312226295471191e+00
-1.022116065025329590e+00
-5.436537861824035645e-01
1.495685577392578125e+00
1.097551822662353516e+00
-6.475591659545898438e-02
3.038005232810974121e-01
-8.894857168197631836e-01
7.002022862434387207e-02
-2.240153849124908447e-01
1.226440072059631348e+00
8.138809800148010254e-01
1.228579878807067871e+00
9.720991849899291992e-01
-4.119168817996978760e-01
9.879777207970619202e-03
3.926716446876525879e-01
3.604939579963684082e-01
7.224462926387786865e-02
3.113201856613159180e-01
-4.046888053417205811e-01
1.258051991462707520e+00
-1.657316535711288452e-01
-1.158716320991516113e+00
-4.724770486354827881e-01
-5.127595067024230957e-01
5.844835638999938965e-01
1.049424886703491211e+00
-5.084648728370666504e-01
1.067662477493286133e+00
-3.377149403095245361e-01
4.340188205242156982e-01
1.213602304458618164e+00
1.482602477073669434e+00
-6.183527708053588867e-01
-1.913279145956039429e-01
-1.173004031181335449e+00
9.394714832305908203e-01
2.649806439876556396e-01
1.744028329849243164e+00
2.733725070953369141e+00
-4.800152182579040527e-01
2.130111455917358398e-01
8.024985790252685547e-01
3.062729835510253906e-01
-1.374905347824096680e+00
-1.191126108169555664e+00
-6.943014264106750488e-01
4.293829947710037231e-02
8.721736073493957520e-01
2.696679532527923584e-01
-3.199157714843750000e-01
-1.099795624613761902e-01
4.433724880218505859e-01
6.726153492927551270e-01
-1.477326899766921997e-01
-7.214516997337341309e-01
-4.067559242248535156e-01
-5.328775644302368164e-01
-6.467077732086181641e-01
3.227971866726875305e-02
5.650311708450317383e-01
5.240589752793312073e-02
3.655667304992675781e-01
-1.586648821830749512e+00
1.265466451644897461e+00
-5.982758402824401855e-01
5.700062513351440430e-01
-2.382773607969284058e-01
-8.537372350692749023e-01
7.665917873382568359e-01
8.577474355697631836e-01
-2.500746250152587891e-01
-1.196622729301452637e+00
4.330782890319824219e-01
-2.097149640321731567e-01
1.304819464683532715e+00
-5.797457695007324219e-01
-4.728425145149230957e-01
-8.236030340194702148e-01
-1.046421676874160767e-01
3.428062200546264648e-01
6.461695432662963867e-01
-8.809687495231628418e-01
1.383250236511230469e+00
-1.105867791920900345e-02
7.914756238460540771e-02
-1.619918584823608398e+00
4.694947004318237305e-01
2.561805248260498047e-01
-2.009737789630889893e-01
-1.575932651758193970e-01
-4.152712225914001465e-01
-1.186844110488891602e+00
-6.376874446868896484e-01
1.077102795243263245e-01
-6.835429668426513672e-01
1.059812068939208984e+00
1.116407990455627441e+00
-7.770753651857376099e-02
-2.240336388349533081e-01
-1.283154010772705078e+00
6.535612344741821289e-01
6.560639142990112305e-01
3.181993067264556885e-01
2.658826410770416260e-01
2.955926954746246338e-01
-6.002778410911560059e-01
-4.783604443073272705e-01
9.893220663070678711e-01
7.189199328422546387e-01
-2.628982663154602051e-01
6.979779601097106934e-01
-8.374078273773193359e-01
-1.308364868164062500e+00
1.253413677215576172e+00
1.285471916198730469e+00
3.884425163269042969e+00
-1.546300411224365234e+00
-3.547107568010687828e-03
6.533322930335998535e-01
-6.704779863357543945e-01
-4.246806800365447998e-01
1.233827397227287292e-01
-8.910754919052124023e-01
7.148672938346862793e-01
1.091047406196594238e+00
-5.363166928291320801e-01
-7.784073948860168457e-01
-5.810008645057678223e-01
-1.907427608966827393e-01
-1.423237323760986328e-01
-6.601663231849670410e-01
8.017862439155578613e-01
2.867233753204345703e-01
5.277999639511108398e-01
3.663800656795501709e-01
2.473520040512084961e+00
-1.010580539703369141e+00
2.476427005603909492e-03
-8.269962072372436523e-01
2.703376300632953644e-02
-1.220307588577270508e+00
4.868341386318206787e-01
-1.268052607774734497e-01
1.227181196212768555e+00
1.279572367668151855e+00
-4.739720821380615234e-01
-6.574675440788269043e-01
-4.886499047279357910e-01
8.486023545265197754e-02
-3.629982769489288330e-01
4.389054775238037109e-01
-1.133111357688903809e+00
-2.746821045875549316e-01
5.458747744560241699e-01
-4.392356574535369873e-01
-7.490416765213012695e-01
2.120883911848068237e-01
-3.518362641334533691e-01
-4.773263931274414062e+00
-1.112862974405288696e-01
-5.499824881553649902e-01
1.061464905738830566e+00
4.309234321117401123e-01
3.968964144587516785e-02
-1.394852638244628906e+00
2.909084558486938477e-01
4.022025167942047119e-01
4.981646314263343811e-02
1.235131639987230301e-02
1.716276705265045166e-01
-1.573674559593200684e+00
-8.488553762435913086e-01
-1.602995991706848145e+00
-6.630188226699829102e-01
-5.951705947518348694e-02
-3.310942053794860840e-01
4.455504715442657471e-01
-1.771655440330505371e+00
-1.602821350097656250e+00
5.203492641448974609e-01
-1.267575025558471680e-01
-5.417397618293762207e-01
-1.404914140701293945e+00
-4.139960110187530518e-01
-3.324873149394989014e-01
1.459632515907287598e-01
8.450409173965454102e-01
-1.360883474349975586e+00
3.822974860668182373e-01
1.103457927703857422e+00
-2.074582427740097046e-01
5.931361317634582520e-01
-1.377008795738220215e+00
7.997844815254211426e-01
1.244806289672851562e+00
-1.256546378135681152e+00
-5.212231874465942383e-01
1.855603754520416260e-01
2.343314290046691895e-01
-5.810621380805969238e-01
2.209652513265609741e-01
-1.837191432714462280e-01
-1.138765811920166016e+00
5.846152901649475098e-01
2.118778675794601440e-01
7.542491555213928223e-01
8.574668169021606445e-01
8.520257472991943359e-02
1.133953928947448730e+00
-7.263285517692565918e-01
5.643290281295776367e-01
-1.112690448760986328e+00
1.197124481201171875e+00
1.344693303108215332e+00
7.659105658531188965e-01
-9.071144461631774902e-01
1.188899129629135132e-01
1.960680484771728516e-01
-3.633722662925720215e-01
-1.046236634254455566e+00
1.030286312103271484e+00
6.456233263015747070e-01
-1.827694624662399292e-01
-4.593361914157867432e-01
-1.107817769050598145e+00
7.917261123657226562e-01
1.482575535774230957e+00
-7.502174973487854004e-01
-2.298006713390350342e-01
2.871466577053070068e-01
7.249564528465270996e-01
4.547729790210723877e-01
8.487605452537536621e-01
7.389365434646606445e-01
-1.152168393135070801e+00
-1.507422626018524170e-01
2.840781509876251221e-01
-5.584760904312133789e-01
