-1.823294043540954590e+00
3.707462251186370850e-01
1.784271895885467529e-01
-3.528379499912261963e-01
-1.068748354911804199e+00
-2.033944278955459595e-01
-6.399458646774291992e-02
1.372339725494384766e-01
-3.760644793510437012e-01
-1.771327376365661621e+00
4.356943964958190918e-01
-4.332916140556335449e-01
6.098113656044006348e-01
1.038419842720031738e+00
-4.197949767112731934e-01
-1.856388926506042480e+00
-6.513839960098266602e-02
-7.583868503570556641e-01
-1.164307832717895508e+00
2.874931991100311279e-01
9.046422839164733887e-01
-3.322903215885162354e-01
-3.591657876968383789e-01
-1.865696609020233154e-01
-2.556738257408142090e-01
5.563614964485168457e-01
-1.262746304273605347e-01
8.287017941474914551e-01
-1.267394781112670898e+00
4.604612290859222412e-01
1.087794303894042969e+00
2.821294367313385010e-01
-6.463165283203125000e-01
-6.876978874206542969e-01
-9.245660305023193359e-01
-3.072505630552768707e-02
-7.336391210556030273e-01
-2.722985506057739258e+00
-5.200846865773200989e-02
7.268813848495483398e-01
-5.936893820762634277e-01
-6.831526756286621094e-01
5.155325680971145630e-02
3.313056230545043945e-01
5.377228260040283203e-01
-7.193138599395751953e-01
1.346160471439361572e-01
-2.889093458652496338e-01
-7.040992975234985352e-01
1.406355738639831543e+00
-8.725724816322326660e-01
-1.030025839805603027e+00
4.427056610584259033e-01
1.109349727630615234e+00
-1.770986318588256836e+00
-1.108810901641845703e-01
4.248247742652893066e-01
5.473638772964477539e-01
2.133472263813018799e-01
5.787277221679687500e-01
3.141821861267089844e+00
1.071035981178283691e+00
1.978982925415039062e+00
4.451764225959777832e-01
-5.163831710815429688e-01
-1.123242974281311035e+00
-5.558552742004394531e-01
-4.171073138713836670e-01
1.265029311180114746e+00
-3.876777887344360352e-01
-8.718337416648864746e-01
-2.982088625431060791e-01
1.354371905326843262e+00
-1.067467093467712402e+00
-1.462336350232362747e-02
2.045727968215942383e+00
-2.699872292578220367e-02
8.469488024711608887e-01
-1.846581101417541504e+00
-1.137712836265563965e+00
1.377914547920227051e-01
-6.878990530967712402e-01
2.075127512216567993e-01
8.938988447189331055e-01
-1.865452766418457031e+00
1.023507356643676758e+00
-9.050157666206359863e-01
-1.370470970869064331e-02
8.129250407218933105e-01
2.020881883800029755e-02
1.703425794839859009e-01
-1.294448018074035645e+00
-1.620590806007385254e+00
2.080301523208618164e+00
6.706057786941528320e-01
1.405567675828933716e-01
3.279921710491180420e-01
6.754379272460937500e-01
-1.464485824108123779e-01
-4.934793710708618164e-01
6.326620280742645264e-02
-4.408395886421203613e-01
6.627490520477294922e-01
-1.075744032859802246e+00
-2.111195802688598633e+00
-3.368227183818817139e-01
-6.758995652198791504e-01
-2.695918679237365723e-01
1.038608789443969727e+00
-7.414667606353759766e-01
9.537140280008316040e-02
-1.229149460792541504e+00
1.330376267433166504e+00
-6.790065765380859375e-01
-8.583080768585205078e-02
1.858515143394470215e-01
-2.872041463851928711e-01
-2.103811979293823242e+00
2.484874874353408813e-01
2.849455177783966064e-01
-1.013214230537414551e+00
2.276719547808170319e-02
-4.489918649196624756e-01
-8.168186545372009277e-01
-8.518608212471008301e-01
9.031847119331359863e-01
1.163407921791076660e+00
4.034592807292938232e-01
1.613517522811889648e+00
-2.263573110103607178e-01
3.039292395114898682e-01
-1.225871741771697998e-01
1.218573093414306641e+00
-1.799210667610168457e+00
-6.155957579612731934e-01
-3.417141735553741455e-01
-4.969558119773864746e-01
-2.295724630355834961e+00
1.193625330924987793e+00
-7.742589116096496582e-01
-6.984353065490722656e-01
-1.031290769577026367e+00
-3.149009048938751221e-01
-2.382514812052249908e-02
-6.278991103172302246e-01
-7.253834009170532227e-01
-5.134102702140808105e-01
7.116065025329589844e-01
1.708068132400512695e+00
-6.345529109239578247e-02
-1.038298606872558594e+00
3.634166717529296875e-01
-9.921282529830932617e-01
4.719696938991546631e-02
1.078507155179977417e-01
-9.130788594484329224e-02
-9.391147494316101074e-01
5.305525064468383789e-01
-1.287929773330688477e+00
1.042426228523254395e-01
9.571679234504699707e-01
-1.494303941726684570e-01
1.563535630702972412e-01
-1.023313999176025391e+00
3.993465602397918701e-01
-8.579052053391933441e-03
2.153999805450439453e-01
1.706750750541687012e+00
1.609411120414733887e+00
-3.168304860591888428e-01
-1.860171914100646973e+00
3.629321455955505371e-01
-1.435387134552001953e-01
1.019626736640930176e+00
-7.244412899017333984e-01
6.957376003265380859e-01
-2.641202509403228760e-01
-1.545108795166015625e+00
-4.411083757877349854e-01
7.331854104995727539e-02
6.151172518730163574e-01
-2.476115226745605469e+00
-1.400719732046127319e-01
-5.448766350746154785e-01
7.095001935958862305e-01
7.978652715682983398e-01
-8.181368708610534668e-01
-7.425255775451660156e-01
8.472112417221069336e-01
2.813594341278076172e-01
-1.078714430332183838e-01
-1.720652580261230469e-01
-8.110667467117309570e-01
-2.104211330413818359e+00
-8.995689153671264648e-01
-6.253942847251892090e-01
-1.200307726860046387e+00
-4.385211467742919922e-01
-3.400925397872924805e-01
3.686896264553070068e-01
1.274174451828002930e+00
2.815505564212799072e-01
5.683147311210632324e-01
-8.280725777149200439e-02
3.010302484035491943e-01
1.042729094624519348e-01
4.135171473026275635e-01
1.266076445579528809e+00
2.605084657669067383e+00
4.696362018585205078e-01
5.524464845657348633e-01
-8.135306239128112793e-01
1.913838386535644531e+00
-2.210623770952224731e-01
4.524599388241767883e-02
5.193895846605300903e-02
1.726505905389785767e-01
-1.324061393737792969e+00
7.287550568580627441e-01
4.730573296546936035e-01
1.163579896092414856e-01
4.397974312305450439e-01
2.397410869598388672e-01
6.918869018554687500e-01
7.704311013221740723e-01
-5.895892381668090820e-01
3.205389976501464844e-01
3.188845217227935791e-01
-6.929764747619628906e-01
6.065489724278450012e-02
-1.373519301414489746e-01
6.756060719490051270e-01
-1.471086740493774414e+00
-2.950175702571868896e-01
8.398264050483703613e-01
9.503752589225769043e-01
8.878968954086303711e-01
1.655681610107421875e+00
-8.573992848396301270e-01
-4.853590130805969238e-01
-6.866260766983032227e-01
-1.713626384735107422e+00
-6.029486060142517090e-01
-3.492803499102592468e-02
1.111813426017761230e+00
3.134241700172424316e-01
1.489497184753417969e+00
5.892335772514343262e-01
5.353284478187561035e-01
9.262301921844482422e-01
2.074152469635009766e+00
-8.564510345458984375e-01
-3.033247031271457672e-02
-2.394148588180541992e+00
-6.769739389419555664e-01
-1.690045595169067383e-01
1.077051088213920593e-01
-4.086804389953613281e-01
3.642939031124114990e-02
-1.090351268649101257e-01
-1.384282261133193970e-01
7.509650588035583496e-01
1.026615858078002930e+00
7.710674405097961426e-02
-9.158691167831420898e-01
-3.619725406169891357e-01
5.064598321914672852e-01
1.414893388748168945e+00
2.712567090988159180e+00
-2.155736684799194336e+00
2.289892584085464478e-01
-1.102097555994987488e-01
6.675806045532226562e-01
1.087378263473510742e+00
-8.347032070159912109e-01
-1.062854886054992676e+00
8.993346691131591797e-01
-1.696953535079956055e+00
7.091531157493591309e-01
9.891536831855773926e-01
4.585994482040405273e-01
-1.367482900619506836e+00
1.006880164146423340e+00
-3.703279793262481689e-02
1.517431616783142090e+00
-2.440418899059295654e-01
3.943546712398529053e-01
-1.162143111228942871e+00
1.315524339675903320e+00
1.255119144916534424e-01
-1.863604664802551270e+00
9.302138686180114746e-01
-4.049741849303245544e-02
5.643391609191894531e-01
9.394189119338989258e-01
-1.637220978736877441e-01
-5.704206228256225586e-01
-9.619100093841552734e-01
3.231219351291656494e-01
-4.626020193099975586e-01
7.711179256439208984e-01
-7.751157879829406738e-01
7.010173797607421875e-02
-4.849622026085853577e-02
-2.093908935785293579e-02
-6.976879239082336426e-01
3.290942609310150146e-01
-1.263408184051513672e+00
1.992174983024597168e+00
-8.079245686531066895e-01
-1.067752957344055176e+00
1.559025168418884277e+00
1.619479209184646606e-01
9.379162192344665527e-01
-1.187867298722267151e-01
2.760309934616088867e+00
-9.722253084182739258e-01
-1.230241507291793823e-01
1.470466613769531250e+00
-8.139644265174865723e-01
-1.148457050323486328e+00
-4.179186522960662842e-01
-1.086050748825073242e+00
-5.043231844902038574e-01
7.992244958877563477e-01
1.682397603988647461e+00
1.393987685441970825e-01
-4.471356272697448730e-01
-9.786418825387954712e-02
6.914766430854797363e-01
-1.301124930381774902e+00
1.246806025505065918e+00
9.229198098182678223e-01
-5.908632278442382812e-01
-1.800846457481384277e-01
5.095932483673095703e-01
7.780354022979736328e-01
1.899308115243911743e-01
4.031545817852020264e-01
-1.228262186050415039e+00
-3.899990618228912354e-01
3.301225900650024414e-01
-4.006827771663665771e-01
-7.945206165313720703e-01
6.033540889620780945e-02
3.651771545410156250e-01
5.316652655601501465e-01
-1.075801849365234375e+00
-5.028110742568969727e-01
-1.878244280815124512e+00
-1.107386469841003418e+00
-3.565223217010498047e-01
-4.339068233966827393e-01
1.871001839637756348e+00
-2.819679081439971924e-01
-1.420242935419082642e-01
-1.212423205375671387e+00
-8.261119723320007324e-01
-4.791540503501892090e-01
3.904507756233215332e-01
-1.287776589393615723e+00
-1.499586105346679688e+00
3.910016417503356934e-01
-6.538891792297363281e-01
-9.977142810821533203e-01
1.407116293907165527e+00
2.002011060714721680e+00
4.727318137884140015e-02
-4.530154168605804443e-01
-6.399793028831481934e-01
1.076072216033935547e+00
8.779459446668624878e-02
-1.353062748908996582e+00
6.927791237831115723e-01
4.071107804775238037e-01
2.884159386157989502e-01
1.192611694335937500e+00
-2.181539833545684814e-01
-1.161112666130065918e+00
-9.231834113597869873e-02
5.076001286506652832e-01
8.277286291122436523e-01
9.013108015060424805e-01
9.211526513099670410e-01
-1.172553420066833496e+00
-1.905604079365730286e-02
9.826762676239013672e-01
-8.081066608428955078e-02
1.059750318527221680e+00
2.141943216323852539e+00
1.966569423675537109e+00
-6.760821342468261719e-01
1.192179441452026367e+00
8.123960494995117188e-01
1.110157370567321777e+00
4.142911434173583984e-01
-7.506152987480163574e-01
-1.288069635629653931e-01
-8.083194494247436523e-01
6.522133350372314453e-01
-1.136636018753051758e+00
4.331661164760589600e-01
-5.344076156616210938e-01
-3.643625378608703613e-01
7.592615485191345215e-01
-3.986303508281707764e-01
-4.370432496070861816e-01
-8.167359828948974609e-01
1.564276665449142456e-01
5.945878848433494568e-02
5.209039449691772461e-01
5.637453794479370117e-01
6.802650541067123413e-02
1.610926389694213867e-01
-4.189461171627044678e-01
1.065164566040039062e+00
-8.959154486656188965e-01
9.026483297348022461e-01
9.614741206169128418e-01
6.054084300994873047e-01
1.246405243873596191e-01
-9.904645681381225586e-01
-6.461856961250305176e-01
2.207061052322387695e+00
-9.545555710792541504e-01
1.496060967445373535e+00
-1.647670120000839233e-01
3.453098833560943604e-01
-1.464522719383239746e+00
-1.882656335830688477e+00
2.448965013027191162e-01
-8.224478960037231445e-01
3.281661868095397949e-01
2.119348496198654175e-01
-1.392341554164886475e-01
1.068111777305603027e+00
-3.244352340698242188e-01
5.020932555198669434e-01
4.477674067020416260e-01
4.226322472095489502e-01
2.027762651443481445e+00
-8.369052410125732422e-01
-7.545130252838134766e-01
-7.620698958635330200e-02
-7.311315536499023438e-01
-1.610987067222595215e+00
2.126868218183517456e-01
-1.075079083442687988e+00
6.249192953109741211e-01
-8.815023303031921387e-01
-1.722917437553405762e+00
5.411610603332519531e-01
9.642710089683532715e-01
-2.253294549882411957e-02
-8.159512281417846680e-01
6.946243047714233398e-01
3.428047001361846924e-01
9.408842772245407104e-03
-6.312063932418823242e-01
-6.536315679550170898e-01
4.245743453502655029e-01
-1.297857999801635742e+00
1.146970316767692566e-01
4.802601933479309082e-01
2.176317721605300903e-01
-1.800435781478881836e+00
9.285814762115478516e-01
-3.011827766895294189e-01
-1.831002473831176758e+00
7.913652062416076660e-01
7.086602449417114258e-01
1.906870305538177490e-01
-3.447362482547760010e-01
1.117759570479393005e-01
1.445862293243408203e+00
6.932725906372070312e-01
1.105135306715965271e-01
-2.365401387214660645e-01
-9.258796572685241699e-01
1.183036804199218750e+00
4.112786948680877686e-01
6.357239484786987305e-01
-5.689764022827148438e-01
-8.774692416191101074e-01
3.601397573947906494e-02
-1.846154965460300446e-02
-6.610669493675231934e-01
2.389387041330337524e-01
2.955379709601402283e-02
-4.510552585124969482e-01
-2.054214179515838623e-01
8.355993032455444336e-01
1.180311441421508789e+00
-3.790495991706848145e-01
-4.602240324020385742e-01
6.582012772560119629e-01
-3.229980230331420898e+00
-3.430957794189453125e+00
2.324052900075912476e-01
3.395610153675079346e-01
1.381649821996688843e-01
3.420348465442657471e-01
-3.848003968596458435e-02
-8.439331054687500000e-01
1.063977241516113281e+00
3.505095541477203369e-01
-5.377152562141418457e-01
1.263982534408569336e+00
-2.906882762908935547e-01
6.091430783271789551e-01
6.531044840812683105e-01
4.162195026874542236e-01
6.233401298522949219e-01
-1.033162713050842285e+00
-1.665364950895309448e-01
1.574740052223205566e+00
-2.790841460227966309e-01
-6.072297096252441406e-01
-1.039571166038513184e-01
4.654887914657592773e-01
-8.172019720077514648e-01
-3.331857323646545410e-01
-3.895047307014465332e-01
-2.623205780982971191e-01
6.398258805274963379e-01
-6.118308305740356445e-01
-7.004047036170959473e-01
-9.820625782012939453e-01
1.449037194252014160e+00
-1.579297900199890137e+00
-1.102892637252807617e+00
-5.950553417205810547e-01
-1.721839427947998047e+00
-1.830493927001953125e+00
9.421381354331970215e-02
-1.334098458290100098e+00
-1.271240115165710449e-01
-1.281201720237731934e+00
-3.488979935646057129e-01
-6.185349822044372559e-01
3.736606538295745850e-01
6.836146712303161621e-01
-5.444120168685913086e-01
-1.067878961563110352e+00
9.680001735687255859e-01
-1.118698477745056152e+00
2.276467323303222656e+00
-1.065274551510810852e-01
4.527321159839630127e-01
1.793423056602478027e+00
-5.206836462020874023e-01
-6.472048163414001465e-02
-1.275834739208221436e-01
-5.623376369476318359e-01
-4.684605002403259277e-01
9.272376894950866699e-01
1.096051692962646484e+00
2.998210489749908447e-01
1.572985351085662842e-01
1.661820411682128906e+00
8.205429911613464355e-01
2.202231884002685547e+00
-4.447600245475769043e-01
5.567973852157592773e-01
-1.094843894243240356e-01
1.931280195713043213e-01
-3.703584372997283936e-01
-1.456587910652160645e-01
6.271693706512451172e-01
8.616807460784912109e-01
7.179942131042480469e-01
4.389728009700775146e-01
-1.385928392410278320e-01
-6.381516456604003906e-01
3.599271178245544434e-01
-4.667630195617675781e-01
-4.581387042999267578e-01
2.399574518203735352e+00
-1.073949217796325684e+00
1.001111030578613281e+00
-4.616636335849761963e-01
1.003194928169250488e+00
8.710358738899230957e-01
-1.427014589309692383e+00
-1.005395174026489258e+00
2.199257463216781616e-01
-5.805856585502624512e-01
-4.587200284004211426e-01
-8.366135954856872559e-01
-1.071067333221435547e+00
-1.056918501853942871e-01
1.256042361259460449e+00
-5.186285376548767090e-01
9.959256052970886230e-01
8.363010287284851074e-01
1.508127599954605103e-01
6.398986577987670898e-01
4.385581910610198975e-01
-6.876310706138610840e-01
1.407626032829284668e+00
-5.156931281089782715e-01
-2.786591351032257080e-01
-1.427138209342956543e+00
-7.531822919845581055e-01
6.152456402778625488e-01
-3.883010745048522949e-01
-1.076303720474243164e+00
-1.404512286186218262e+00
-1.227153614163398743e-01
-2.014506310224533081e-01
2.717371881008148193e-01
-4.525478482246398926e-01
-3.533234447240829468e-02
9.672552943229675293e-01
-1.128147959709167480e+00
6.843484640121459961e-01
-1.057145670056343079e-01
-8.389974832534790039e-01
6.814339756965637207e-02
5.760868191719055176e-01
4.985306411981582642e-02
8.553609848022460938e-01
-1.137213110923767090e+00
7.468219995498657227e-01
-6.805533170700073242e-01
1.175663769245147705e-01
1.960856765508651733e-01
1.948859691619873047e-01
7.121798992156982422e-01
-1.868050336837768555e+00
9.921765923500061035e-01
-5.542088747024536133e-01
-1.081952452659606934e+00
-4.363656342029571533e-01
-1.506449133157730103e-01
-7.477572560310363770e-01
1.051861606538295746e-02
3.348126411437988281e-01
5.221815034747123718e-02
-1.270781636238098145e+00
8.052580952644348145e-01
4.303092360496520996e-01
-2.250803947448730469e+00
1.667102813720703125e+00
8.689050078392028809e-01
3.798357248306274414e+00
-1.433507919311523438e+00
2.045448720455169678e-01
-3.394616651348769665e-04
1.155753850936889648e+00
8.471911549568176270e-01
1.310670137405395508e+00
-1.022810578346252441e+00
-9.151409268379211426e-01
2.906985282897949219e-01
-1.195564746856689453e+00
-1.823404431343078613e-01
-1.942315340042114258e+00
1.432894021272659302e-01
1.806539595127105713e-01
-6.006849408149719238e-01
7.514870166778564453e-02
9.627147316932678223e-01
1.797913163900375366e-01
-6.283896416425704956e-02
1.100222468376159668e+00
-4.040620326995849609e-01
-2.388954907655715942e-02
-6.218136548995971680e-01
-6.330173611640930176e-01
-2.403621673583984375e-01
3.580153882503509521e-01
-3.619251549243927002e-01
-1.671876311302185059e+00
8.014400005340576172e-01
-1.439031362533569336e+00
1.053195238113403320e+00
6.761516332626342773e-01
2.750744819641113281e-01
-7.619633674621582031e-01
-3.358965218067169189e-01
1.261541604995727539e+00
8.470547199249267578e-01
-9.885567426681518555e-01
-1.973524570465087891e+00
1.781189441680908203e-01
-2.598178572952747345e-03
-1.204092860221862793e+00
-5.834799289703369141e+00
2.188771665096282959e-01
-2.296825885772705078e+00
-2.097216546535491943e-01
9.692339301109313965e-01
-3.627420067787170410e-01
-9.788359403610229492e-01
9.897280335426330566e-01
4.212256968021392822e-01
-1.031515717506408691e+00
-7.928448319435119629e-01
3.964449092745780945e-02
-6.557996869087219238e-01
4.716812372207641602e-01
-8.992516398429870605e-01
-3.801200091838836670e-01
1.297888875007629395e+00
2.906759083271026611e-01
1.497389435768127441e+00
1.676825582981109619e-01
-3.227675437927246094e+00
1.198222160339355469e+00
-1.943382143974304199e+00
-1.617090702056884766e+00
-6.654917597770690918e-01
1.192413091659545898e+00
-1.363187789916992188e+00
1.824343204498291016e-02
7.425463795661926270e-01
-9.888467192649841309e-01
8.823013305664062500e-01
-4.084809422492980957e-01
-4.034714400768280029e-01
2.104398965835571289e+00
6.249133944511413574e-01
2.652442455291748047e-02
1.149450421333312988e+00
7.925341725349426270e-01
-5.946822166442871094e-01
-2.367628514766693115e-01
7.526797801256179810e-02
-1.814546138048171997e-01
5.844668149948120117e-01
-2.691364288330078125e-01
6.825056672096252441e-01
1.588213741779327393e-01
-1.311938911676406860e-01
2.467949628829956055e+00
-6.461943984031677246e-01
1.958019733428955078e+00
1.115725040435791016e+00
2.399412691593170166e-01
-3.370879292488098145e-01
-2.911030352115631104e-01
1.803544759750366211e+00
1.383629560470581055e+00
1.250044107437133789e+00
-8.179009556770324707e-01
-7.532413005828857422e-01
3.084348440170288086e-01
1.855733543634414673e-01
8.045560121536254883e-01
6.417987942695617676e-01
2.159140557050704956e-01
-3.310188055038452148e-01
-8.494802713394165039e-01
-9.309391975402832031e-01
4.690852165222167969e-01
1.210811972618103027e+00
1.061606764793395996e+00
-1.286411583423614502e-01
-6.262301802635192871e-01
4.926457107067108154e-01
8.072203993797302246e-01
-1.125573039054870605e+00
5.910391211509704590e-01
-9.701351523399353027e-01
7.394314557313919067e-02
-1.035618782043457031e+00
9.108657240867614746e-01
