-1.564366929233074188e-02
4.587073028087615967e-01
-7.555793523788452148e-01
-4.003915786743164062e-01
5.135885477066040039e-01
-7.912434339523315430e-01
3.884920477867126465e-01
-1.030279397964477539e-01
-4.652356505393981934e-01
3.407818078994750977e-01
8.468908816576004028e-02
-5.193676352500915527e-01
2.190027236938476562e-01
7.087938189506530762e-01
-3.464460372924804688e-01
-1.978166580200195312e+00
-1.883385896682739258e+00
-4.206374585628509521e-01
4.179572761058807373e-01
-3.726887106895446777e-01
1.327277541160583496e+00
1.823221743106842041e-01
1.141580581665039062e+00
1.267970085144042969e+00
3.628052473068237305e-01
-7.370218038558959961e-01
-2.568505108356475830e-01
9.670345187187194824e-01
-8.226817846298217773e-01
3.039999604225158691e-01
-1.438151955604553223e+00
-1.345234036445617676e+00
-1.436867117881774902e+00
2.444912940263748169e-01
-1.416762828826904297e+00
-2.131136655807495117e+00
1.219784989953041077e-01
-1.243100643157958984e+00
8.236129768192768097e-03
-5.127443075180053711e-01
5.633993148803710938e-01
-2.565388679504394531e+00
-4.207724332809448242e-01
7.909379899501800537e-02
1.185384020209312439e-01
4.926966428756713867e-01
-2.604389786720275879e-01
-2.873536944389343262e-01
-1.344512701034545898e+00
3.031317889690399170e-01
8.042261004447937012e-03
1.166959553956985474e-01
-1.670119047164916992e+00
2.301484048366546631e-01
-6.206440329551696777e-01
-7.058696746826171875e-01
-1.178611874580383301e+00
-2.120790779590606689e-01
-9.525372982025146484e-01
9.288071095943450928e-02
2.087016344070434570e+00
-8.249170780181884766e-01
4.592042267322540283e-01
-4.328300654888153076e-01
-5.552883744239807129e-01
1.952389180660247803e-01
-1.492882609367370605e+00
8.727759718894958496e-01
9.144214987754821777e-01
1.263581156730651855e+00
-8.587442040443420410e-01
7.506647109985351562e-01
-1.070844292640686035e+00
-8.511766791343688965e-01
-4.079002439975738525e-01
4.056666791439056396e-01
3.900581598281860352e-01
-5.729589462280273438e-01
-6.045550704002380371e-01
-3.690148591995239258e-01
5.529671311378479004e-01
-7.951573133468627930e-01
-2.729541063308715820e+00
4.478135704994201660e-01
-1.758940964937210083e-01
2.711477279663085938e-01
-1.017765641212463379e+00
-4.594427347183227539e-01
-9.331407397985458374e-02
2.433716207742691040e-01
1.613983362913131714e-01
-1.834957361221313477e+00
-2.725100517272949219e-01
6.472926139831542969e-01
-1.008159279823303223e+00
1.224648118019104004e+00
3.855439722537994385e-01
4.575884938240051270e-01
-1.710502862930297852e+00
2.186753451824188232e-01
-9.634090065956115723e-01
-1.137420296669006348e+00
8.839519619941711426e-01
-8.177342414855957031e-01
-5.419220328330993652e-01
-1.315543532371520996e+00
-1.274373412132263184e+00
-1.207257866859436035e+00
-1.604545563459396362e-01
-8.932762145996093750e-01
1.375112086534500122e-01
1.185718417167663574e+00
4.626249969005584717e-01
-2.767389714717864990e-01
6.337807774543762207e-01
5.209503769874572754e-01
7.311874032020568848e-01
-2.544953346252441406e+00
1.278427839279174805e+00
1.059371232986450195e+00
8.456737995147705078e-01
2.790467739105224609e-01
-1.189524292945861816e+00
-3.157015740871429443e-01
9.673659205436706543e-01
-8.810832351446151733e-02
2.146999359130859375e+00
1.763735115528106689e-01
-1.545153260231018066e+00
-9.376193284988403320e-01
2.269005924463272095e-01
-1.114709138870239258e+00
-7.709562182426452637e-01
1.363216042518615723e-01
1.441792249679565430e-01
6.270475983619689941e-01
8.197674155235290527e-02
-8.203535079956054688e-01
5.863170698285102844e-02
-8.540624976158142090e-01
2.297203391790390015e-01
1.447069793939590454e-01
9.295599460601806641e-01
8.266020417213439941e-01
-7.399588227272033691e-01
-7.654147744178771973e-01
-9.924823045730590820e-01
3.406446874141693115e-01
-1.061464324593544006e-01
-1.075583338737487793e+00
1.031458616256713867e+00
1.419294029474258423e-01
9.560372233390808105e-01
-1.249054312705993652e+00
4.122048318386077881e-01
-1.001109361648559570e+00
-9.328939914703369141e-01
-4.223356544971466064e-01
9.084573388099670410e-02
5.305466651916503906e-01
9.622776508331298828e-01
7.212356477975845337e-02
6.029763817787170410e-01
-8.239708542823791504e-01
-1.366972088813781738e+00
8.347386121749877930e-02
-8.452090620994567871e-01
-1.368798166513442993e-01
-2.435224652290344238e-01
1.039490461349487305e+00
-4.683963358402252197e-01
1.238788571208715439e-02
-3.749759495258331299e-01
1.383805632591247559e+00
3.562825918197631836e-02
-3.160584270954132080e-01
9.090966582298278809e-01
-1.703239418566226959e-02
-1.708821296691894531e+00
8.404871821403503418e-01
1.819696873426437378e-01
8.780366182327270508e-02
-1.628531217575073242e-01
1.041281342506408691e+00
-5.384973287582397461e-01
-1.425374865531921387e+00
1.058760583400726318e-01
9.244954586029052734e-01
-1.308143287897109985e-01
1.422132730484008789e+00
8.465586602687835693e-02
-3.038100898265838623e-01
1.386570632457733154e-01
-6.143195033073425293e-01
-2.567481696605682373e-01
-5.223674774169921875e-01
2.206912338733673096e-01
4.055487215518951416e-01
2.972876727581024170e-01
1.034962460398674011e-01
-3.753307759761810303e-01
9.064207077026367188e-01
5.721033215522766113e-01
-6.614345908164978027e-01
8.431273698806762695e-01
1.156075954437255859e+00
1.030866384506225586e+00
2.864687442779541016e-01
1.995684027671813965e+00
-1.004608869552612305e+00
-2.479758709669113159e-01
-2.298345416784286499e-01
9.990193843841552734e-01
8.929268717765808105e-01
8.240436911582946777e-01
1.170073866844177246e+00
6.061599254608154297e+00
-5.868057012557983398e-01
1.291830182075500488e+00
3.920486271381378174e-01
6.041992083191871643e-02
9.778583049774169922e-01
8.709681034088134766e-01
3.903324306011199951e-01
2.118224091827869415e-02
-4.270879924297332764e-01
4.050197005271911621e-01
3.980932533740997314e-01
2.146191447973251343e-01
-9.502063989639282227e-01
1.446323037147521973e+00
-1.021884202957153320e+00
-1.283391237258911133e+00
-2.101172059774398804e-01
1.695349335670471191e+00
2.903281450271606445e-01
3.270308673381805420e-01
-2.771866023540496826e-01
3.245530882850289345e-03
3.636513948440551758e-01
6.618602871894836426e-01
-6.483146548271179199e-01
-3.033391833305358887e-01
1.449926733970642090e+00
-3.136634528636932373e-01
5.593785047531127930e-01
5.739977359771728516e-01
7.491108775138854980e-01
1.134634256362915039e+00
5.224937796592712402e-01
5.311226844787597656e-01
-1.592924237251281738e+00
-4.142431318759918213e-01
-8.918261528015136719e-01
4.764427542686462402e-01
-5.393866822123527527e-02
-7.244555950164794922e-01
-1.359958767890930176e+00
-1.285077810287475586e+00
-5.420233607292175293e-01
-5.103111863136291504e-01
1.051997244358062744e-01
-1.743874400854110718e-01
-1.199417233467102051e+00
-8.655515909194946289e-01
9.997574090957641602e-01
1.345699787139892578e+00
9.305019974708557129e-01
1.898130416870117188e+00
-4.480542838573455811e-01
1.638133645057678223e+00
6.667501479387283325e-02
-3.093538582324981689e-01
3.557236194610595703e-01
-1.061080098152160645e+00
4.011078476905822754e-01
3.710921406745910645e-01
-3.969804346561431885e-01
6.473603248596191406e-01
2.573468983173370361e-01
-4.566712975502014160e-01
-6.014405488967895508e-01
9.822842478752136230e-02
1.354754328727722168e+00
1.004455804824829102e+00
-1.351583480834960938e+00
-1.742972619831562042e-02
5.675087571144104004e-01
4.456552565097808838e-01
-4.416736066341400146e-01
-6.378822326660156250e-01
2.207536399364471436e-01
-3.202695250511169434e-01
-2.503793314099311829e-02
1.778840541839599609e+00
-5.356130599975585938e-01
-8.479509949684143066e-01
-2.984156608581542969e-01
2.076831310987472534e-01
-1.203979611396789551e+00
2.220296710729598999e-01
-9.584580659866333008e-01
1.079850912094116211e+00
2.715297341346740723e-01
-1.742070168256759644e-01
7.013014554977416992e-01
-3.633550107479095459e-01
-3.456196784973144531e-01
2.171163707971572876e-01
1.185502037405967712e-01
-6.445889472961425781e-01
-7.659185528755187988e-01
-7.540204524993896484e-01
-4.739583730697631836e-01
-1.684047877788543701e-01
-1.697410941123962402e-01
1.602067470550537109e+00
-1.139194518327713013e-02
-8.410791307687759399e-02
-8.162199854850769043e-01
-1.436266183853149414e+00
1.958183944225311279e-02
1.160990118980407715e+00
-1.754087805747985840e-01
9.789988398551940918e-01
5.570005774497985840e-01
-1.819344758987426758e+00
7.067421674728393555e-01
6.200526952743530273e-01
9.227106571197509766e-01
-9.353808164596557617e-01
-6.599565744400024414e-01
7.769210636615753174e-02
-2.359299212694168091e-01
-6.424238681793212891e-01
5.260231494903564453e-01
2.132554799318313599e-01
-3.849431872367858887e-01
3.388524353504180908e-01
-1.141227841377258301e+00
-1.941824853420257568e-01
-7.601027488708496094e-01
5.929054021835327148e-01
-1.607620716094970703e-01
-8.654993027448654175e-02
-7.883626818656921387e-01
-1.097557306289672852e+00
-7.062671333551406860e-02
3.837825357913970947e-01
-8.040732741355895996e-01
-1.140605926513671875e+00
4.370621144771575928e-01
-1.348695904016494751e-01
-1.783495903015136719e+00
-1.066682934761047363e+00
6.676490902900695801e-01
-6.754869595170021057e-03
-1.093697309494018555e+00
-2.985919117927551270e-01
1.164548873901367188e+00
-1.344577312469482422e+00
-1.844972670078277588e-01
1.673056006431579590e+00
4.194198548793792725e-01
8.063531517982482910e-01
3.532249331474304199e-01
1.122117996215820312e+00
7.345839738845825195e-01
-7.612004280090332031e-01
1.530773490667343140e-01
7.059999555349349976e-02
1.328172326087951660e+00
-3.956014290452003479e-02
9.413411617279052734e-01
-9.102394431829452515e-02
-2.579472027719020844e-03
-3.175863251090049744e-02
4.546284973621368408e-01
1.814287751913070679e-01
-1.196088269352912903e-01
4.671222567558288574e-01
2.335630416870117188e+00
6.904108524322509766e-01
-9.845645427703857422e-01
-8.704071640968322754e-01
-1.104091405868530273e+00
3.687752485275268555e-01
-2.119345217943191528e-01
6.558409333229064941e-01
1.734961152076721191e+00
-6.474446058273315430e-01
9.267686009407043457e-01
9.816957712173461914e-01
1.568751692771911621e+00
1.082342982292175293e+00
5.222281217575073242e-01
-1.514585137367248535e+00
-7.036232948303222656e-01
5.460685491561889648e-01
-2.976720035076141357e-01
-3.857484161853790283e-01
-1.503449440002441406e+00
-5.318276286125183105e-01
-1.025059461593627930e+00
1.606004953384399414e+00
7.333492487668991089e-02
-6.986213922500610352e-01
5.488644838333129883e-01
3.550080358982086182e-01
-6.616570949554443359e-01
-1.108395099639892578e+00
-2.728506922721862793e-02
-1.575018167495727539e+00
-6.404983401298522949e-01
-4.553534090518951416e-01
1.791611313819885254e+00
3.663319945335388184e-01
-8.726223707199096680e-01
6.037204861640930176e-01
3.528062403202056885e-01
-2.334385216236114502e-01
-2.525464296340942383e+00
1.363399267196655273e+00
1.234026074409484863e+00
-1.354265213012695312e+00
4.647999405860900879e-01
3.357547521591186523e-01
9.711579084396362305e-01
-2.950347363948822021e-01
-3.364263772964477539e-01
-4.514442086219787598e-01
-5.454905033111572266e-01
-1.628965735435485840e+00
-1.033512711524963379e+00
2.380251735448837280e-01
7.219572067260742188e-01
2.352005839347839355e-01
1.243123412132263184e+00
4.598715901374816895e-01
4.927173554897308350e-01
8.900155425071716309e-01
2.324217408895492554e-01
4.773092269897460938e-01
-3.700965344905853271e-01
5.915654897689819336e-01
-9.003787636756896973e-01
7.199016809463500977e-01
-8.453178405761718750e-01
-9.903786778450012207e-01
-1.778176069259643555e+00
1.669223755598068237e-01
2.906450331211090088e-01
1.392999291419982910e+00
-1.408943176269531250e+00
5.455948412418365479e-02
-4.208090603351593018e-01
6.180698871612548828e-01
1.397699713706970215e+00
-9.322071671485900879e-01
-1.562838196754455566e+00
-3.123952746391296387e-01
-7.842083573341369629e-01
3.201531767845153809e-01
1.983450651168823242e-01
5.780056715011596680e-01
-6.212615370750427246e-01
2.641306817531585693e-01
9.323591589927673340e-01
1.708719320595264435e-02
6.489202976226806641e-01
-1.081948757171630859e+00
1.276000440120697021e-01
-1.116389513015747070e+00
-1.035654067993164062e+00
-2.634877264499664307e-01
-4.073947966098785400e-01
6.431497931480407715e-01
2.459324002265930176e-01
-1.091166138648986816e+00
5.247872471809387207e-01
6.980987787246704102e-01
6.403545290231704712e-02
8.119714446365833282e-03
1.234655618667602539e+00
-3.394370079040527344e-01
6.194154620170593262e-01
-1.095402717590332031e+00
-9.864566922187805176e-01
-2.761267125606536865e-01
2.767724692821502686e-01
-3.784242570400238037e-01
6.012147068977355957e-01
5.996952056884765625e-01
1.047843933105468750e+00
1.870242655277252197e-01
-4.084650427103042603e-02
-1.884870290756225586e+00
-2.063009500503540039e+00
-1.162602186203002930e+00
5.414229035377502441e-01
7.480077147483825684e-01
-1.070368409156799316e+00
1.826037764549255371e-01
1.342747569084167480e+00
-2.191539555788040161e-01
-6.526769399642944336e-01
-1.353814125061035156e+00
-5.144990682601928711e-01
-5.307702422142028809e-01
3.647991120815277100e-01
1.788972616195678711e-01
8.694221824407577515e-02
4.927268922328948975e-01
5.699517130851745605e-01
-2.955763041973114014e-01
3.993281722068786621e-01
-5.964912176132202148e-01
-6.060540080070495605e-01
-4.684133529663085938e-01
1.562578439712524414e+00
-1.747238188982009888e-01
-8.251195549964904785e-01
9.231280684471130371e-01
-1.103825688362121582e+00
2.321291118860244751e-01
1.183256134390830994e-01
-1.245007395744323730e+00
6.960253715515136719e-01
-6.925675272941589355e-01
-2.035917282104492188e+00
-1.783306002616882324e-01
8.156881332397460938e-01
1.572941392660140991e-01
-1.212993785738945007e-01
-1.117257848381996155e-01
-1.249389052391052246e+00
5.253425836563110352e-01
-2.780696153640747070e-01
-1.310514926910400391e+00
3.199893236160278320e-01
2.538071155548095703e+00
4.447817206382751465e-01
-6.767205893993377686e-02
1.726741343736648560e-01
7.666356116533279419e-02
9.703179001808166504e-01
3.866157233715057373e-01
2.881615161895751953e-01
-1.283548831939697266e+00
1.723168194293975830e-01
-7.414641976356506348e-01
-5.411303043365478516e-01
-1.393336951732635498e-01
-1.289593130350112915e-01
1.160376071929931641e+00
9.386385679244995117e-01
1.114585399627685547e+00
3.301421999931335449e-01
-1.302839536219835281e-02
-8.294741511344909668e-01
-1.416344940662384033e-01
1.658652067184448242e+00
-3.335640728473663330e-01
-2.656483352184295654e-01
4.538439512252807617e-01
-5.654734969139099121e-01
-6.775311827659606934e-01
6.079719662666320801e-01
-1.082957625389099121e+00
-7.915996015071868896e-02
-5.856587886810302734e-01
1.951623335480690002e-02
-9.211282134056091309e-01
-1.149988293647766113e+00
4.875180721282958984e-01
-2.631232142448425293e-01
1.177563965320587158e-01
3.074587583541870117e-01
1.193469762802124023e+00
-1.270743757486343384e-01
-6.415539979934692383e-01
3.639301955699920654e-01
-3.636820614337921143e-01
1.043810486793518066e+00
8.812707662582397461e-02
3.466532826423645020e-01
-1.055511593818664551e+00
-1.258213162422180176e+00
-7.009078562259674072e-02
-1.084341883659362793e+00
-3.852100372314453125e-01
1.803486704826354980e+00
5.743592977523803711e-01
3.409039974212646484e-01
2.371394872665405273e+00
6.599096655845642090e-01
1.952718853950500488e+00
3.372991383075714111e-01
-2.199845761060714722e-01
-3.631597757339477539e-01
1.944336444139480591e-01
6.109357252717018127e-02
2.490454018115997314e-01
5.757471323013305664e-01
6.403305530548095703e-01
-5.957862362265586853e-03
1.080972775816917419e-01
-8.714492321014404297e-01
-1.282310962677001953e+00
3.426660085096955299e-03
-2.558878362178802490e-01
5.564671158790588379e-01
7.687469571828842163e-02
3.748323768377304077e-02
-1.205567479133605957e+00
-6.306310892105102539e-01
-2.015582799911499023e+00
-1.473281383514404297e+00
1.828353554010391235e-01
3.380918409675359726e-03
-2.114468663930892944e-01
4.148590564727783203e-01
-1.110605001449584961e+00
1.083137512207031250e+00
-1.314618438482284546e-01
-5.319083929061889648e-01
1.621684581041336060e-01
1.644282817840576172e+00
1.250250458717346191e+00
-7.681088447570800781e-01
-6.615434885025024414e-01
2.706791162490844727e-01
1.057177901268005371e+00
3.327906131744384766e-01
-4.525938332080841064e-01
-2.011890172958374023e+00
-7.385015487670898438e-01
-2.902383208274841309e-01
7.798587679862976074e-01
-3.923258483409881592e-01
8.597022294998168945e-01
-3.191590011119842529e-01
-4.951711595058441162e-01
3.726022541522979736e-01
4.720377027988433838e-01
2.093774557113647461e+00
-1.163108706474304199e+00
-1.617593318223953247e-01
3.488764762878417969e-01
-4.266314953565597534e-02
9.564856290817260742e-01
1.182177960872650146e-01
4.717037081718444824e-01
8.355349898338317871e-01
2.724184691905975342e-01
-8.466885089874267578e-01
2.879136614501476288e-02
-1.932448863983154297e+00
2.165656164288520813e-02
-3.105171322822570801e-01
-8.704391866922378540e-02
-5.839614197611808777e-02
-8.112518191337585449e-01
1.158198267221450806e-01
1.206706285476684570e+00
1.034910440444946289e+00
4.949458539485931396e-01
8.327987790107727051e-01
-3.644091542810201645e-03
1.563433408737182617e-01
-7.158966064453125000e-01
7.407981157302856445e-01
-5.364286899566650391e-01
4.455828964710235596e-01
1.639392733573913574e+00
-1.142192244529724121e+00
8.717471361160278320e-01
-1.561254143714904785e+00
3.717888519167900085e-02
-9.391440153121948242e-01
3.036706447601318359e-01
9.067706018686294556e-02
1.360521167516708374e-01
-6.533093750476837158e-02
-7.869765162467956543e-02
-1.079785823822021484e-01
-8.668146729469299316e-01
1.388110041618347168e+00
-5.713636398315429688e+00
1.262821912765502930e+00
-1.396430850028991699e+00
-1.029904484748840332e+00
1.952123999595642090e+00
7.379183769226074219e-01
3.911117315292358398e-01
9.533183276653289795e-02
-6.696950197219848633e-01
-7.262541651725769043e-01
-4.313769340515136719e-01
-9.688626043498516083e-03
-1.145511507987976074e+00
-4.206214547157287598e-01
-1.381712317466735840e+00
1.519148349761962891e+00
1.675156474113464355e+00
8.422589302062988281e-01
3.258546590805053711e+00
7.458435297012329102e-01
-3.077961921691894531e+00
1.924518704414367676e+00
-2.070599934086203575e-03
1.075243711471557617e+00
-1.444559812545776367e+00
-1.011346817016601562e+00
8.893181085586547852e-01
9.350633025169372559e-01
-9.405040144920349121e-01
-1.327951908111572266e+00
5.831892490386962891e-01
-5.067814588546752930e-01
-9.855293035507202148e-01
5.853208899497985840e-01
-3.755982518196105957e-01
5.554493144154548645e-02
7.318795919418334961e-01
-3.711097240447998047e-01
-9.425245523452758789e-01
-7.594439983367919922e-01
1.151204943656921387e+00
-2.078026533126831055e-01
-4.311076700687408447e-01
-1.121922969818115234e+00
-7.599403262138366699e-01
3.897798359394073486e-01
8.946334123611450195e-01
2.150399923324584961e+00
6.201100945472717285e-01
1.018261909484863281e+00
2.200518131256103516e+00
-3.058056533336639404e-01
5.665866732597351074e-01
-1.167830109596252441e+00
5.432275533676147461e-01
1.707494378089904785e+00
-1.232703924179077148e+00
3.595289289951324463e-01
-1.374709248542785645e+00
2.402175664901733398e-01
1.477100372314453125e+00
1.129064485430717468e-01
8.139016032218933105e-01
7.827679812908172607e-02
-6.053366884589195251e-02
-1.216003298759460449e+00
1.434023976325988770e-01
7.122994661331176758e-01
-1.229242205619812012e+00
-3.393465280532836914e-01
-1.245033502578735352e+00
2.363771051168441772e-01
-2.908531725406646729e-01
5.611453056335449219e-01
-7.011462450027465820e-01
2.496379375457763672e+00
4.864442944526672363e-01
-1.284421324729919434e+00
4.672242701053619385e-01
5.205062031745910645e-01
