-1.873745024204254150e-01
1.448896884918212891e+00
2.692851424217224121e-01
-1.075990721583366394e-01
-7.301508784294128418e-01
-3.635410666465759277e-01
3.944791257381439209e-01
-1.089339375495910645e+00
-2.288171648979187012e-01
2.301649749279022217e-01
-7.623663544654846191e-02
7.796897292137145996e-01
-7.571134716272354126e-02
-1.074883460998535156e+00
-5.767523646354675293e-01
-2.644830755889415741e-02
-1.508284807205200195e+00
-4.007140100002288818e-01
7.029771804809570312e-01
-1.633306294679641724e-01
-9.674970060586929321e-02
8.628396391868591309e-01
1.501425653696060181e-01
9.173403978347778320e-01
-3.792789578437805176e-02
1.200691703706979752e-02
-9.346547126770019531e-01
8.609489202499389648e-01
-1.536748707294464111e-01
2.019363641738891602e+00
-5.582198500633239746e-01
1.410196185111999512e+00
4.593161046504974365e-01
1.688663721084594727e+00
7.917889952659606934e-01
-1.050118654966354370e-01
-2.091381698846817017e-01
-8.676409125328063965e-01
4.814020916819572449e-02
1.235088706016540527e+00
-7.691572904586791992e-01
1.910124719142913818e-01
2.809294313192367554e-02
-9.672748297452926636e-02
-7.339225411415100098e-01
1.618947088718414307e-02
1.080787181854248047e+00
5.319394469261169434e-01
1.286405920982360840e+00
-7.412948608398437500e-01
-6.390820145606994629e-01
-5.703023076057434082e-02
1.675205379724502563e-01
-1.436911821365356445e+00
4.150123596191406250e-01
8.239302039146423340e-01
-5.241654068231582642e-02
-8.331933021545410156e-01
-4.856139719486236572e-01
1.813804626464843750e+00
-6.734526157379150391e-01
-5.806671977043151855e-01
5.038040280342102051e-01
-4.051408171653747559e-02
9.222583174705505371e-01
-9.808912873268127441e-02
-7.402241826057434082e-01
-1.251613020896911621e+00
1.189043641090393066e+00
1.992472767829895020e+00
-7.195533514022827148e-01
2.119975805282592773e+00
-7.256978750228881836e-01
-1.202921718358993530e-01
-7.509306818246841431e-02
-1.055120706558227539e+00
-3.965845406055450439e-01
1.606744155287742615e-02
-1.066205143928527832e+00
-1.601030826568603516e-01
-2.426009476184844971e-01
1.743336468935012817e-01
3.594019412994384766e-01
-1.110168099403381348e+00
-4.760554432868957520e-01
3.583470582962036133e-01
7.249661535024642944e-02
7.150878906250000000e-01
1.761996150016784668e-01
4.247751832008361816e-02
-1.278049349784851074e-01
-2.873218953609466553e-01
-1.899022936820983887e+00
2.952820062637329102e-01
4.747804701328277588e-01
4.347172379493713379e-01
9.936466068029403687e-02
2.860753238201141357e-01
-4.126993119716644287e-01
-3.855009377002716064e-01
-6.364361047744750977e-01
2.409572452306747437e-01
3.931903839111328125e-01
-1.203476786613464355e+00
-5.165173411369323730e-01
-7.043437566608190536e-03
-1.164923086762428284e-01
2.634630799293518066e-01
1.494496822357177734e+00
2.673410177230834961e-01
-4.496158361434936523e-01
2.922188997268676758e+00
1.205291152000427246e+00
1.790400028228759766e+00
6.709235906600952148e-01
1.742825806140899658e-01
-3.233496844768524170e-01
5.971029400825500488e-01
7.157406806945800781e-01
2.603661119937896729e-01
-7.853077650070190430e-01
3.804590404033660889e-01
-7.129318714141845703e-01
5.479930043220520020e-01
-6.386145353317260742e-01
1.790724396705627441e+00
1.128558039665222168e+00
-1.717922389507293701e-01
-1.293596029281616211e+00
-2.896806597709655762e-01
7.924461364746093750e-01
-2.451429218053817749e-01
3.173118829727172852e-01
-1.160250544548034668e+00
-9.525210261344909668e-01
6.262074112892150879e-01
-1.729427129030227661e-01
-1.935095638036727905e-01
1.123593688011169434e+00
2.306487560272216797e-01
-5.036059021949768066e-01
-6.906793713569641113e-01
-1.196087360382080078e+00
6.090141534805297852e-01
5.710822939872741699e-01
-2.029898881912231445e+00
-5.715673789381980896e-02
1.280727267265319824e+00
-8.519544452428817749e-02
-5.603189468383789062e-01
-9.098433703184127808e-02
-7.905275821685791016e-01
4.339836537837982178e-01
-2.576963603496551514e-01
1.654431223869323730e+00
7.110565304756164551e-01
1.074785459786653519e-02
1.288128048181533813e-01
8.116802573204040527e-01
1.079188346862792969e+00
-3.362404108047485352e-01
6.727557778358459473e-01
5.115642547607421875e-01
-3.846419751644134521e-01
6.738170981407165527e-01
-3.259982764720916748e-01
-4.077999666333198547e-02
8.155459165573120117e-02
4.620912671089172363e-01
-8.200158178806304932e-02
6.009138226509094238e-01
-9.522542953491210938e-01
-6.512430906295776367e-01
6.432027220726013184e-01
-2.794399298727512360e-02
6.637892127037048340e-01
9.255018085241317749e-02
-8.170013427734375000e-01
-2.931445538997650146e-01
1.369589447975158691e+00
5.869460701942443848e-01
-2.232293486595153809e-01
-3.378534913063049316e-01
-1.800808310508728027e-01
-3.550815284252166748e-01
-1.349826097488403320e+00
-1.018608689308166504e+00
2.732714414596557617e-01
9.997510910034179688e-01
1.087565347552299500e-01
3.455303907394409180e-01
6.914755105972290039e-01
-4.126948118209838867e-01
6.001568865031003952e-03
-1.336321592330932617e+00
1.047476530075073242e+00
-4.210265576839447021e-01
-8.646973371505737305e-01
2.111397683620452881e-01
4.370016157627105713e-01
-4.318968355655670166e-01
2.847568690776824951e-01
5.956714749336242676e-01
-5.081802606582641602e-01
4.277189373970031738e-01
-7.621086239814758301e-01
3.183635771274566650e-01
4.592351019382476807e-01
1.274550676345825195e+00
-2.032600045204162598e-01
7.185117006301879883e-01
-4.781943261623382568e-01
4.050385951995849609e-01
-6.049118041992187500e-01
8.658818602561950684e-01
-6.466652154922485352e-01
-1.202811241149902344e+00
1.754680395126342773e+00
-1.066170096397399902e+00
9.005345106124877930e-01
1.137502789497375488e+00
3.079995810985565186e-01
5.264370441436767578e-01
4.398533105850219727e-01
-3.068817853927612305e-01
-8.556282520294189453e-01
9.362242221832275391e-01
9.036288261413574219e-01
1.411436647176742554e-01
-1.090252995491027832e+00
-3.991352915763854980e-01
-3.498944342136383057e-01
2.434699833393096924e-01
-1.391004920005798340e+00
8.049125075340270996e-01
1.298304796218872070e-01
1.259744524955749512e+00
-2.915219664573669434e-01
-1.526882797479629517e-01
3.197557926177978516e-01
-1.351597905158996582e+00
1.248197481036186218e-01
-1.186109542846679688e+00
9.552481174468994141e-01
6.561650037765502930e-01
-2.943865023553371429e-02
2.840400040149688721e-01
1.479331403970718384e-01
6.538453698158264160e-02
1.019806385040283203e+00
7.750381827354431152e-01
-4.853372275829315186e-01
-1.127006709575653076e-01
2.649867832660675049e-01
3.494834303855895996e-01
-6.251391172409057617e-01
1.503515839576721191e+00
9.438114762306213379e-01
2.091400623321533203e-01
-3.981784284114837646e-01
6.209620237350463867e-01
7.152041196823120117e-01
-5.898627638816833496e-01
-6.428814530372619629e-01
5.876284837722778320e-01
-6.072285771369934082e-01
1.405518293380737305e+00
9.033325314521789551e-01
-9.742673635482788086e-01
-5.251570045948028564e-02
4.491563886404037476e-02
-7.291911244392395020e-01
4.740287661552429199e-01
-5.128902792930603027e-01
-2.675281167030334473e-01
-1.462523698806762695e+00
8.665746450424194336e-01
3.292531892657279968e-02
7.665753960609436035e-01
-1.084699392318725586e+00
-2.554627954959869385e-01
-3.145866990089416504e-01
-3.310148417949676514e-01
2.460852861404418945e-01
7.781358957290649414e-01
-2.768561840057373047e-01
-1.747166663408279419e-01
-1.174820542335510254e+00
8.467537760734558105e-01
1.500016748905181885e-01
-1.296682476997375488e+00
7.142584770917892456e-03
8.887084722518920898e-01
3.667497336864471436e-01
-6.721530854701995850e-02
3.810556530952453613e-01
-2.166498661041259766e+00
4.586721956729888916e-01
1.994000673294067383e-01
1.488075405359268188e-01
-7.184725403785705566e-01
-9.486238956451416016e-01
2.930392026901245117e-01
-5.891559123992919922e-01
-1.393396139144897461e+00
-1.064334034919738770e+00
1.379126310348510742e+00
7.466515302658081055e-01
-1.802407741546630859e+00
1.573403120040893555e+00
-8.726715445518493652e-01
9.065588712692260742e-01
-4.382216036319732666e-01
-2.173293113708496094e+00
-2.474745273590087891e+00
2.483540326356887817e-01
-2.514898478984832764e-01
1.678907871246337891e+00
4.782840237021446228e-02
-2.195134758949279785e-01
1.022248744964599609e+00
4.416443407535552979e-01
1.942850649356842041e-01
-1.766388893127441406e+00
-4.240776598453521729e-01
-4.750772714614868164e-01
-1.350801229476928711e+00
-5.247108340263366699e-01
-1.018286347389221191e+00
-3.952088654041290283e-01
3.669972419738769531e-01
-1.060469269752502441e+00
-1.627017110586166382e-01
2.066451311111450195e-01
-2.426727265119552612e-01
-5.852970480918884277e-01
-2.347701042890548706e-01
-4.434775412082672119e-01
3.682916611433029175e-02
4.678351879119873047e-01
8.607959747314453125e-01
-1.335603952407836914e+00
-3.105852305889129639e-01
-1.773797035217285156e+00
-7.281455397605895996e-01
2.044957429170608521e-01
3.302386999130249023e-01
-5.839692801237106323e-02
-1.198251843452453613e-01
5.519561767578125000e-01
-7.230572104454040527e-01
-1.286514282226562500e+00
7.053015828132629395e-01
-1.786684751510620117e+00
-9.364369511604309082e-01
4.631477296352386475e-01
1.122083291411399841e-01
-1.187829017639160156e+00
-3.348051309585571289e-01
8.701977133750915527e-01
5.537968277931213379e-01
-1.137404084205627441e+00
-9.819766283035278320e-01
-5.331919193267822266e-01
3.540432453155517578e-01
-6.815796494483947754e-01
-1.815512627363204956e-01
7.729978561401367188e-01
-7.153141498565673828e-01
1.296326279640197754e+00
2.330234507098793983e-03
8.207134008407592773e-01
-5.798774957656860352e-01
6.495959758758544922e-01
5.012282133102416992e-01
-1.714248396456241608e-02
1.123687505722045898e+00
3.086607754230499268e-01
-9.596844315528869629e-01
1.925759762525558472e-02
-3.303517401218414307e-01
2.230513572692871094e+00
6.479829549789428711e-01
-1.090855836868286133e+00
-2.970356047153472900e-01
-6.982442140579223633e-01
5.196074247360229492e-01
6.283966898918151855e-01
2.438996315002441406e+00
4.811773896217346191e-01
-8.758733272552490234e-01
-4.470136463642120361e-01
-3.441318497061729431e-02
-6.945637464523315430e-01
-1.041147708892822266e+00
-4.774554967880249023e-01
-1.277841567993164062e+00
-2.047246932983398438e+00
1.993277311325073242e+00
-7.449570298194885254e-01
-5.303363800048828125e-01
-1.334793090820312500e+00
9.390869736671447754e-01
-6.286357045173645020e-01
7.011080384254455566e-01
7.870072126388549805e-01
-4.799472391605377197e-01
-1.058204412460327148e+00
-7.153150439262390137e-01
-5.535041093826293945e-01
-6.800058484077453613e-01
4.931591153144836426e-01
-2.139510631561279297e+00
7.960682511329650879e-01
-2.698301970958709717e-01
5.099738836288452148e-01
3.961346298456192017e-02
3.535056412220001221e-01
-3.201299309730529785e-01
2.065278962254524231e-02
-7.587343454360961914e-01
-1.154469609260559082e+00
1.349832773208618164e+00
7.185123562812805176e-01
-1.335590958595275879e+00
3.911763131618499756e-01
6.772125512361526489e-02
-1.406424343585968018e-01
-3.658955693244934082e-01
4.474776089191436768e-01
-1.210220217704772949e+00
-1.142208576202392578e+00
2.613959647715091705e-02
-4.383051097393035889e-01
-7.470723986625671387e-02
6.046534180641174316e-01
4.249275624752044678e-01
1.059974074363708496e+00
-4.560212790966033936e-01
2.842509746551513672e-01
7.212241291999816895e-01
-9.613834023475646973e-01
-1.201700046658515930e-01
-1.044272184371948242e+00
4.141224622726440430e-01
-1.030757501721382141e-01
9.114304780960083008e-01
3.285482525825500488e-01
2.303032130002975464e-01
-3.786680400371551514e-01
1.740219593048095703e-01
-2.130184471607208252e-01
8.744966983795166016e-01
-6.442786455154418945e-01
-7.643561363220214844e-01
-2.626469917595386505e-02
7.473452687263488770e-01
1.109050273895263672e+00
-6.697826981544494629e-01
-2.284214735031127930e+00
-9.184511303901672363e-01
-2.312924414873123169e-01
-7.106245756149291992e-01
1.386614441871643066e+00
1.249683737754821777e+00
-1.731929540634155273e+00
-2.460722029209136963e-01
3.757227957248687744e-01
-6.883068084716796875e-01
1.200121402740478516e+00
-4.914909303188323975e-01
-1.003224134445190430e+00
-9.621001482009887695e-01
-1.520358175039291382e-01
-9.156345725059509277e-01
-1.281292885541915894e-01
-4.543247818946838379e-01
-2.091041952371597290e-02
-2.030670940876007080e-01
-2.223432064056396484e-03
-1.059999540448188782e-01
-3.811472654342651367e-01
6.766048669815063477e-01
1.375212967395782471e-01
-4.883348941802978516e-02
6.601659655570983887e-01
2.275055944919586182e-01
-1.173338174819946289e+00
-2.226997166872024536e-01
-3.490120768547058105e-01
7.087958455085754395e-01
8.047688007354736328e-01
1.805583685636520386e-01
-4.087517857551574707e-01
-2.113990932703018188e-01
-6.309081912040710449e-01
1.765550255775451660e+00
-4.594239234924316406e+00
8.161571621894836426e-01
-9.289515614509582520e-01
-7.992172241210937500e-01
1.011777997016906738e+00
-2.134731560945510864e-01
5.075483918190002441e-01
-3.174699544906616211e-01
7.138189077377319336e-01
-7.852150201797485352e-01
6.676559150218963623e-02
1.090036407113075256e-01
7.994879484176635742e-01
-1.748563945293426514e-01
-7.211220264434814453e-01
-4.621108472347259521e-01
1.017529129981994629e+00
6.311817765235900879e-01
-9.724466800689697266e-01
2.320139408111572266e-01
-4.462727606296539307e-01
3.336834609508514404e-01
-1.266214609146118164e+00
2.234016954898834229e-01
-1.257159948348999023e+00
-4.049355387687683105e-01
-1.404487788677215576e-01
5.625823140144348145e-01
-5.738908648490905762e-01
-8.042138814926147461e-01
3.039233684539794922e-01
5.067934393882751465e-01
-7.331244349479675293e-01
-1.251128077507019043e+00
1.759365320205688477e+00
8.427619934082031250e-01
1.423237562179565430e+00
-7.522214651107788086e-01
2.706071138381958008e-01
4.014521241188049316e-01
7.430359125137329102e-01
-3.062768220901489258e+00
1.423069387674331665e-01
1.422518491744995117e-01
-6.938058733940124512e-01
-3.670837879180908203e-01
-4.303722381591796875e-01
8.206675648689270020e-01
6.057417392730712891e-01
-1.149193048477172852e+00
1.227024272084236145e-01
-1.067967772483825684e+00
8.195707201957702637e-01
1.202070862054824829e-01
-1.798571087419986725e-02
-4.588368833065032959e-01
-1.004449844360351562e+00
-1.642783880233764648e+00
2.395431101322174072e-01
-5.159476399421691895e-01
6.657857894897460938e-01
-2.841883599758148193e-01
4.256508350372314453e-01
1.142058491706848145e+00
9.969742298126220703e-01
-7.508723735809326172e-01
5.752834081649780273e-01
4.289481043815612793e-01
1.718324065208435059e+00
-2.961468100547790527e-01
1.513433814048767090e+00
9.063308835029602051e-01
-1.414622306823730469e+00
5.005089640617370605e-01
5.480337422341108322e-03
-9.824666380882263184e-01
3.533631563186645508e-01
-9.671344757080078125e-01
-4.579054415225982666e-01
1.244528889656066895e+00
1.187124475836753845e-01
1.074111461639404297e+00
-4.326300695538520813e-02
-1.322921752929687500e+00
9.886197447776794434e-01
-3.529346287250518799e-01
-4.516313374042510986e-01
-9.498879313468933105e-01
-4.840841591358184814e-01
9.576711654663085938e-01
-1.286335945129394531e+00
1.115525886416435242e-01
9.886414408683776855e-01
-2.361552119255065918e-01
2.942279577255249023e+00
1.399472713470458984e+00
-2.719072103500366211e-01
-2.266440838575363159e-01
9.718493223190307617e-01
1.103485941886901855e+00
-5.684282183647155762e-01
5.158835053443908691e-01
1.490100026130676270e+00
8.031150102615356445e-01
-2.117320448160171509e-01
3.811199665069580078e-01
1.305926203727722168e+00
-5.133973360061645508e-01
-3.419094383716583252e-01
4.391171336174011230e-01
-1.284842729568481445e+00
-1.100681304931640625e+00
-2.826506495475769043e-01
-7.082808017730712891e-01
4.123348593711853027e-01
-1.509543210268020630e-01
4.214089810848236084e-01
-9.501316398382186890e-02
3.798849582672119141e-01
-2.594332993030548096e-01
-4.118751883506774902e-01
-1.138643771409988403e-01
-5.906394720077514648e-01
-1.101333022117614746e+00
2.863868176937103271e-01
1.371845602989196777e-01
2.460532933473587036e-01
-1.373335719108581543e+00
-3.739716708660125732e-01
-1.852192878723144531e-01
1.894845962524414062e+00
2.537235915660858154e-01
1.881064623594284058e-01
-1.117682754993438721e-01
1.138549685478210449e+00
1.351304173469543457e+00
7.937697172164916992e-01
7.683408856391906738e-01
2.672765851020812988e-01
-1.303453087806701660e+00
-3.687515556812286377e-01
-2.390430569648742676e-01
-1.091778516769409180e+00
1.036460041999816895e+00
5.588105320930480957e-01
-1.020002007484436035e+00
1.506405025720596313e-01
5.036146640777587891e-01
4.010300159454345703e+00
-4.646174311637878418e-01
1.295887231826782227e+00
-6.372859477996826172e-01
1.139396190643310547e+00
1.970681428909301758e+00
5.984218716621398926e-01
1.401238441467285156e-01
-9.415503144264221191e-01
3.418009877204895020e-01
-4.379464089870452881e-01
9.661169350147247314e-02
-3.288912534713745117e+00
1.792725175619125366e-01
-1.094478845596313477e+00
-3.170706629753112793e-01
1.207465771585702896e-02
-6.479887962341308594e-01
-4.170877039432525635e-01
1.148783802986145020e+00
1.201717972755432129e+00
6.781043410301208496e-01
1.760868787765502930e+00
4.188818112015724182e-02
1.056871712207794189e-01
-1.761486411094665527e+00
1.543971300125122070e-01
-1.333124756813049316e+00
1.037587285041809082e+00
-1.233194139786064625e-03
-5.206627249717712402e-01
5.604606270790100098e-01
2.668208777904510498e-01
-6.244084332138299942e-03
-6.206497550010681152e-01
4.140217602252960205e-01
8.267444968223571777e-01
1.876972056925296783e-02
5.967617034912109375e-01
8.406427502632141113e-01
2.917026281356811523e-01
-1.159323930740356445e+00
7.672484964132308960e-02
-3.108291625976562500e+00
4.538586437702178955e-01
-1.803843736648559570e+00
-1.599183082580566406e-01
7.460349798202514648e-01
2.357585877180099487e-01
2.604706287384033203e-01
6.603668928146362305e-01
-1.663211584091186523e+00
-1.241912722587585449e+00
-1.249720811843872070e+00
-5.272859707474708557e-02
-4.069763422012329102e-01
-1.133693814277648926e+00
-1.019214749336242676e+00
-2.094760090112686157e-01
4.152629673480987549e-01
1.728884130716323853e-01
1.143743395805358887e+00
1.222698856145143509e-02
5.112807154655456543e-01
-1.761425882577896118e-01
7.855985760688781738e-01
5.993025302886962891e-01
4.468727707862854004e-01
-1.703776597976684570e+00
-1.172721505165100098e+00
8.576915413141250610e-02
-9.813082218170166016e-02
-1.230717897415161133e+00
9.194461107254028320e-01
5.818471908569335938e-01
8.608818650245666504e-01
-1.201904177665710449e+00
-1.219310283660888672e+00
5.930780172348022461e-01
1.036562442779541016e+00
7.778203487396240234e-01
-1.514547586441040039e+00
2.674663625657558441e-02
1.148880362510681152e+00
-1.290471851825714111e-01
-4.459936618804931641e-01
-2.098205089569091797e+00
5.193303227424621582e-01
-2.419077605009078979e-01
7.021390795707702637e-01
3.216297328472137451e-01
-3.415305614471435547e-01
-1.169617697596549988e-01
4.957218170166015625e-01
-3.651716113090515137e-01
3.256902098655700684e-01
-1.303667187690734863e+00
-1.322765052318572998e-01
1.071277499198913574e+00
-6.788887381553649902e-01
-2.373416349291801453e-02
-3.564991354942321777e-01
-1.845871210098266602e-01
4.378673434257507324e-01
3.145073354244232178e-01
4.313167929649353027e-01
-3.487140685319900513e-02
9.983370900154113770e-01
-1.030198216438293457e+00
2.152607142925262451e-01
-5.618552565574645996e-01
-1.219942688941955566e+00
-8.455646038055419922e-01
-3.407098650932312012e-01
-2.439758032560348511e-01
-1.387364268302917480e-01
-1.757068037986755371e-01
-3.367525935173034668e-01
1.128639101982116699e+00
6.820126771926879883e-01
-2.326335906982421875e+00
-6.857346296310424805e-01
2.661148607730865479e-01
