-1.154918298125267029e-01
-2.631637267768383026e-03
1.389922499656677246e-01
-1.506926774978637695e+00
-7.485877871513366699e-01
8.191195726394653320e-01
8.629733920097351074e-01
-1.884001344442367554e-01
-1.199706792831420898e+00
8.040928244590759277e-01
9.460465908050537109e-01
2.498134821653366089e-01
6.185313463211059570e-01
6.396259665489196777e-01
7.676669955253601074e-01
-2.394163608551025391e+00
-7.150036096572875977e-02
-3.066902756690979004e-01
-1.101579785346984863e+00
5.641229748725891113e-01
-2.851269766688346863e-02
-1.586134433746337891e-01
1.162821128964424133e-01
6.655050814151763916e-02
9.213828444480895996e-01
-5.419895052909851074e-01
7.434211373329162598e-01
-1.248215794563293457e+00
-4.941604137420654297e-01
1.630685687065124512e+00
-2.269651591777801514e-01
5.572946667671203613e-01
-8.744108676910400391e-01
-5.870977044105529785e-02
4.357482492923736572e-01
-5.345275998115539551e-01
-3.949220478534698486e-01
-1.480216860771179199e+00
4.531433433294296265e-02
3.136996328830718994e-01
-1.855923533439636230e+00
-1.819101423025131226e-01
1.852506101131439209e-01
-2.358816117048263550e-01
-3.813934624195098877e-01
1.727100133895874023e+00
-1.523197889328002930e-01
1.271103262901306152e+00
-1.428655266761779785e+00
1.836139082908630371e+00
5.422484278678894043e-01
1.006792068481445312e+00
-3.316100835800170898e-01
-5.455048084259033203e-01
-1.141735196113586426e+00
-5.626596137881278992e-02
5.953990817070007324e-01
-9.296270608901977539e-01
-1.882503330707550049e-01
8.735325932502746582e-02
6.137988567352294922e-01
2.914333343505859375e-01
1.215607762336730957e+00
9.294923394918441772e-02
-3.961741626262664795e-01
-1.853895306587219238e+00
-6.187142729759216309e-01
-3.649137020111083984e-01
3.393060564994812012e-01
-4.132165387272834778e-02
-8.308568596839904785e-01
9.561480879783630371e-01
-9.192551970481872559e-01
-1.019182085990905762e+00
1.979891061782836914e+00
-1.195958852767944336e+00
2.443702220916748047e-01
-1.345661520957946777e+00
6.051869988441467285e-01
2.046614885330200195e+00
-3.280451595783233643e-01
-9.371604025363922119e-02
-7.765085697174072266e-01
-5.057799816131591797e-01
-4.154456257820129395e-01
6.439739465713500977e-02
4.706010222434997559e-01
-4.900773465633392334e-01
1.574605554342269897e-01
3.532485663890838623e-01
-3.687608242034912109e-01
3.793245255947113037e-01
-1.142641901969909668e+00
5.486964583396911621e-01
5.756365060806274414e-01
8.794446587562561035e-01
8.041182756423950195e-01
8.986744284629821777e-01
-1.012749075889587402e+00
2.028275012969970703e+00
-1.176669716835021973e+00
-5.872023105621337891e-01
4.198693037033081055e-01
3.862563371658325195e-01
-4.813407957553863525e-01
-4.901859760284423828e-01
-2.405902743339538574e-01
7.308655381202697754e-01
6.005439162254333496e-01
-8.419811129570007324e-01
-3.954365383833646774e-03
-2.067712545394897461e-01
-2.016687840223312378e-01
-5.708674788475036621e-01
-3.820667266845703125e-01
-2.279684841632843018e-01
3.565814793109893799e-01
9.896108508110046387e-01
-4.105217456817626953e-01
-2.050063163042068481e-01
6.968595087528228760e-02
1.060922145843505859e+00
-1.797381639480590820e+00
4.353378117084503174e-01
3.229839503765106201e-01
9.720978885889053345e-02
3.588668107986450195e-01
-2.378913909196853638e-01
-1.063157677650451660e+00
-2.019716501235961914e-01
2.588708102703094482e-01
-1.151687860488891602e+00
3.485547602176666260e-01
1.659494787454605103e-01
-2.887741327285766602e-01
-1.088127493858337402e+00
2.052759826183319092e-01
1.127138733863830566e+00
1.080294847488403320e+00
2.031135559082031250e+00
3.911958634853363037e-01
1.887983798980712891e+00
5.240992307662963867e-01
-1.111578106880187988e+00
1.031521320343017578e+00
-1.300743967294692993e-01
-1.144963741302490234e+00
1.689763069152832031e+00
1.049307268112897873e-02
2.684769630432128906e-01
-3.364213183522224426e-02
-1.635244011878967285e+00
1.358439028263092041e-01
-2.875285744667053223e-01
1.852651596069335938e+00
-7.840154767036437988e-01
-8.706313967704772949e-01
7.313628792762756348e-01
-3.341047763824462891e-01
7.697541117668151855e-01
5.496870875358581543e-01
-7.697897553443908691e-01
-6.670825481414794922e-01
-1.873589277267456055e+00
-9.690847396850585938e-01
-1.477241367101669312e-01
-7.434096932411193848e-02
1.035994529724121094e+00
4.277169704437255859e-01
7.352409511804580688e-02
-7.534106373786926270e-01
-1.687566876411437988e+00
1.073484681546688080e-02
1.646080732345581055e+00
5.151137113571166992e-01
8.982048630714416504e-01
9.067623615264892578e-01
1.086256623268127441e+00
-5.688827037811279297e-01
1.491523146629333496e+00
-1.223251104354858398e+00
5.287533998489379883e-01
4.140200316905975342e-01
8.562383055686950684e-02
2.600099742412567139e-01
-1.491408824920654297e+00
-1.848685443401336670e-01
7.252520918846130371e-01
2.379416823387145996e-01
-1.366287827491760254e+00
-1.924665719270706177e-01
4.848354458808898926e-01
-5.213832259178161621e-01
4.563185274600982666e-01
-1.474560737609863281e+00
-2.715886831283569336e-01
4.329194724559783936e-01
-3.429913222789764404e-01
-7.496679425239562988e-01
-1.494283914566040039e+00
9.466131776571273804e-02
1.295926809310913086e+00
7.425861805677413940e-02
-8.785095065832138062e-02
-4.901455640792846680e-01
7.017570137977600098e-01
-7.533016800880432129e-01
-4.109633266925811768e-01
-6.249436140060424805e-01
-9.017735123634338379e-01
-1.092210769653320312e+00
-5.704359412193298340e-01
1.934911370277404785e+00
-3.991023898124694824e-01
-9.617534279823303223e-01
8.608541488647460938e-01
-4.236962795257568359e+00
-2.047339200973510742e+00
-1.542341113090515137e+00
1.200307086110115051e-01
-6.630991399288177490e-02
1.502927064895629883e+00
1.108345746994018555e+00
-2.731685638427734375e-01
-1.166778579354286194e-01
1.646396964788436890e-01
-1.060716956853866577e-01
2.806236147880554199e-01
-1.103822827339172363e+00
-1.250692129135131836e+00
-9.576729536056518555e-01
-8.209224343299865723e-01
-1.547814369201660156e+00
1.255090236663818359e+00
1.987669229507446289e+00
1.230755567550659180e+00
-8.957621455192565918e-01
1.297545313835144043e+00
5.729227066040039062e-01
9.951740503311157227e-02
-8.782742079347372055e-04
-2.144131213426589966e-01
-1.373530864715576172e+00
1.003827571868896484e+00
-1.601695656776428223e+00
-8.243527412414550781e-01
-1.140291690826416016e-01
9.322336316108703613e-01
3.627016395330429077e-02
2.645757794380187988e-01
-7.978644371032714844e-01
-1.101954102516174316e+00
-1.367443323135375977e+00
1.103452086448669434e+00
8.995535224676132202e-02
4.376654028892517090e-01
-4.789133369922637939e-01
1.003944039344787598e+00
-1.461300253868103027e-01
1.246949434280395508e+00
1.008294001221656799e-01
-3.791554570198059082e-01
-6.330826878547668457e-01
6.871250867843627930e-01
4.165868088603019714e-02
1.311269164085388184e+00
8.929972052574157715e-01
-1.351526498794555664e+00
4.736050128936767578e+00
-8.617655634880065918e-01
-2.768564224243164062e-01
6.618379950523376465e-01
6.539772748947143555e-01
3.282412886619567871e-01
-6.806508898735046387e-01
2.223808020353317261e-01
-3.373616933822631836e-01
-3.964189291000366211e-01
-5.928303599357604980e-01
-1.505048274993896484e+00
4.273918569087982178e-01
-5.256121046841144562e-03
3.699514269828796387e-01
1.702038198709487915e-01
-4.675874114036560059e-02
-2.716387808322906494e-01
5.385271310806274414e-01
-1.318555235862731934e+00
-9.674555063247680664e-01
1.625904738903045654e-01
-3.280905783176422119e-01
-1.488735556602478027e+00
3.772444427013397217e-01
1.879525661468505859e+00
-9.256977438926696777e-01
9.526599645614624023e-01
-5.562859177589416504e-01
-1.058091744780540466e-01
2.396283596754074097e-01
-1.968942403793334961e+00
1.177650094032287598e+00
-1.179029464721679688e+00
9.724293947219848633e-01
-6.750246882438659668e-01
1.217392802238464355e+00
1.348828315734863281e+00
6.707405447959899902e-01
-1.410030007362365723e+00
1.189333498477935791e-01
-4.610592499375343323e-02
2.311196774244308472e-01
-2.027024179697036743e-01
2.752614915370941162e-01
1.482148170471191406e+00
-9.301632642745971680e-01
2.263217687606811523e+00
7.076955586671829224e-02
2.653576433658599854e-02
1.660370826721191406e+00
4.470627605915069580e-01
-4.130766689777374268e-01
-1.728737801313400269e-01
4.627544581890106201e-01
2.053996920585632324e-01
-7.140682339668273926e-01
5.836295485496520996e-01
-1.668691635131835938e-01
-8.970010876655578613e-01
-5.924965143203735352e-01
1.546485066413879395e+00
-1.155081152915954590e+00
-8.981242775917053223e-01
3.523038625717163086e-01
-1.984148621559143066e-01
8.225763440132141113e-01
9.662266075611114502e-02
-7.501580715179443359e-01
-7.510486841201782227e-01
7.237062603235244751e-02
-1.347600817680358887e-01
3.010270893573760986e-01
-7.340146899223327637e-01
-1.027674317359924316e+00
-9.168877005577087402e-01
-2.320848464965820312e+00
-2.035527706146240234e+00
-1.205959796905517578e+00
7.751198410987854004e-01
-1.064581513404846191e+00
-2.237770557403564453e-01
-4.750852286815643311e-01
-6.818313598632812500e-01
5.100346803665161133e-01
8.094319701194763184e-01
-2.249669730663299561e-01
-1.647758185863494873e-01
1.815600872039794922e+00
-2.064467668533325195e+00
3.621384799480438232e-01
-7.249457836151123047e-01
7.127071619033813477e-01
3.278914093971252441e-01
8.908339738845825195e-01
3.235008418560028076e-01
1.591798543930053711e+00
-4.460395872592926025e-01
6.503384709358215332e-01
2.582700252532958984e-01
-9.689455032348632812e-01
6.825608611106872559e-01
-1.260585784912109375e-01
-3.176689147949218750e-01
-5.619390606880187988e-01
-2.619943618774414062e-01
2.511971294879913330e-01
-8.034995198249816895e-01
-1.271230578422546387e-01
1.982927024364471436e-01
-1.871066689491271973e+00
5.089971423149108887e-01
1.075342774391174316e+00
8.562008142471313477e-01
2.087090969085693359e+00
1.537445783615112305e-01
-6.395460963249206543e-01
3.439634740352630615e-01
3.001701831817626953e-01
-1.422411441802978516e+00
9.465104341506958008e-02
-2.172422856092453003e-01
9.941166043281555176e-01
1.375402450561523438e+00
8.232216238975524902e-01
-1.673649787902832031e+00
1.516027450561523438e+00
7.693617045879364014e-02
-9.270484447479248047e-01
6.095091104507446289e-01
-8.253386020660400391e-01
1.287050098180770874e-01
-1.045236945152282715e+00
-4.377554059028625488e-01
1.359469741582870483e-01
-2.469075024127960205e-01
-1.185079574584960938e+00
-4.469743743538856506e-02
5.915569141507148743e-02
2.582054734230041504e-01
-3.011668324470520020e-01
1.250195950269699097e-01
-1.178408503532409668e+00
1.870240211486816406e+00
-4.157023429870605469e-01
-5.927291512489318848e-01
1.790085792541503906e+00
5.379509925842285156e-01
7.930498123168945312e-01
-1.416032552719116211e+00
-1.948827028274536133e+00
1.752465814352035522e-01
1.251098886132240295e-02
-1.556347489356994629e+00
-2.741923034191131592e-01
-1.418222904205322266e+00
2.626788914203643799e-01
6.207117438316345215e-02
1.659407913684844971e-01
-7.773168683052062988e-01
-7.344251275062561035e-01
-2.600658178329467773e+00
-6.168345734477043152e-02
-6.214423105120658875e-02
5.487822890281677246e-01
-1.266083240509033203e+00
-2.108659297227859497e-01
-8.648792505264282227e-01
-8.457310795783996582e-01
5.306936502456665039e-01
4.314434155821800232e-02
-1.911022067070007324e-01
-3.307007551193237305e-01
2.381147384643554688e+00
-4.922643005847930908e-01
-1.490355610847473145e+00
7.101454138755798340e-01
-4.418487846851348877e-01
-1.439178705215454102e+00
1.358526229858398438e+00
6.498587131500244141e-01
-8.024643063545227051e-01
-5.347516536712646484e-01
-1.269435524940490723e+00
-2.115647345781326294e-01
1.305151462554931641e+00
-1.607423722743988037e-01
8.120927810668945312e-01
4.094407334923744202e-02
1.339505553245544434e+00
5.009955763816833496e-01
6.487071514129638672e-01
1.215081214904785156e+00
5.300485491752624512e-01
-1.243387937545776367e+00
-4.402425885200500488e-02
-3.007887005805969238e-01
-1.729359388351440430e+00
-3.175687491893768311e-01
-4.509632885456085205e-01
-6.578003168106079102e-01
5.924476385116577148e-01
-2.813911139965057373e-01
-7.759245038032531738e-01
-7.188075780868530273e-01
7.108027935028076172e-01
4.075859487056732178e-01
7.469254732131958008e-02
2.003715038299560547e-01
2.994523346424102783e-01
-6.701458692550659180e-01
5.518582463264465332e-01
-1.482381463050842285e+00
1.377644658088684082e+00
-7.948057651519775391e-01
-7.098217606544494629e-01
6.286448836326599121e-01
5.227384567260742188e-01
-5.742498636245727539e-01
-5.457524657249450684e-01
1.405640363693237305e+00
1.100744247436523438e+00
-1.278812408447265625e+00
8.051734566688537598e-01
1.183406233787536621e+00
1.622060984373092651e-01
-8.793624043464660645e-01
-1.571321249008178711e+00
-5.149180889129638672e-01
-1.760724902153015137e+00
9.941969513893127441e-01
1.203999400138854980e+00
1.457683145999908447e-01
-9.750253558158874512e-01
-2.253398180007934570e+00
6.449425220489501953e-01
-1.315246939659118652e+00
-1.946575492620468140e-01
-4.996199607849121094e-01
-1.817375183105468750e+00
-9.249120950698852539e-02
1.786862373352050781e+00
-4.592758417129516602e-01
-1.436420679092407227e+00
6.298003196716308594e-01
-1.840470880270004272e-01
4.855861142277717590e-02
2.975097596645355225e-01
1.582849144935607910e+00
7.831035256385803223e-01
-6.179259717464447021e-02
-4.619385302066802979e-01
6.757266074419021606e-02
-8.434015512466430664e-01
-1.286543846130371094e+00
3.512929677963256836e-01
4.785825014114379883e-01
8.845724910497665405e-02
1.355867624282836914e+00
-1.127484142780303955e-01
1.216152906417846680e+00
-8.203852772712707520e-01
-1.219253316521644592e-01
1.421417951583862305e+00
7.818593382835388184e-01
6.894143819808959961e-01
6.903281807899475098e-01
2.367134392261505127e-02
2.274465858936309814e-01
-7.297400236129760742e-01
1.558290481567382812e+00
-7.084512710571289062e-01
1.740910261869430542e-01
3.801909387111663818e-01
-1.164360523223876953e+00
5.563042163848876953e-01
-2.560951747000217438e-02
-7.530019879341125488e-01
1.232597306370735168e-01
3.401278257369995117e-01
-1.373436927795410156e+00
5.650695562362670898e-01
-7.438548207283020020e-01
-9.587917923927307129e-01
-1.544179558753967285e+00
-4.371516406536102295e-01
1.013456225395202637e+00
-1.581330746412277222e-01
3.057924509048461914e-01
1.235573887825012207e+00
3.753741085529327393e-01
-1.155314683914184570e+00
4.642695561051368713e-02
4.823316261172294617e-02
-1.612068533897399902e+00
1.096572577953338623e-01
1.047211170196533203e+00
-1.192474484443664551e+00
2.778317928314208984e-01
5.312965512275695801e-01
2.370044946670532227e+00
-1.007929205894470215e+00
1.584129691123962402e+00
1.376653313636779785e+00
6.982662081718444824e-01
-8.789664506912231445e-01
-1.712193936109542847e-01
1.001708149909973145e+00
-1.186456441879272461e+00
4.596891701221466064e-01
6.353021264076232910e-01
2.721599675714969635e-02
-9.557251334190368652e-01
1.381851196289062500e+00
5.273338034749031067e-02
3.865824341773986816e-01
1.011130332946777344e+00
1.492874026298522949e-01
-1.990750789642333984e+00
3.074572235345840454e-02
-2.694124579429626465e-01
-1.740597486495971680e-01
1.024832963943481445e+00
4.047647714614868164e-01
-8.664245717227458954e-03
9.393467903137207031e-01
5.662361979484558105e-01
1.103787899017333984e+00
4.555518627166748047e-01
-3.985361158847808838e-01
3.627756237983703613e-01
1.470349431037902832e+00
-6.640943288803100586e-01
-5.805346369743347168e-01
-1.703991144895553589e-01
1.459178924560546875e+00
7.335965037345886230e-01
-1.093810915946960449e+00
-2.297853678464889526e-01
-2.613471150398254395e-01
2.620985507965087891e-01
2.306472063064575195e+00
6.091382503509521484e-01
-3.563901782035827637e-01
2.586412727832794189e-01
2.198524713516235352e+00
-1.786024451255798340e+00
-1.117916822433471680e+00
9.747300297021865845e-02
-6.603333950042724609e-01
-6.982024312019348145e-01
6.560067534446716309e-01
-1.625081300735473633e-01
-1.233932971954345703e+00
1.021007895469665527e+00
-2.309348136186599731e-01
1.209615588188171387e+00
1.566748857498168945e+00
6.056174039840698242e-01
-7.096004486083984375e-02
-4.526836872100830078e-01
-5.547083616256713867e-01
-3.112983703613281250e-01
-7.138021588325500488e-01
-3.825505971908569336e-01
-2.046363949775695801e-01
2.402740716934204102e-01
-1.785635948181152344e-02
1.651458978652954102e+00
-7.832183502614498138e-03
1.729355454444885254e+00
-9.370949268341064453e-01
1.230020076036453247e-01
-3.735504746437072754e-01
7.165193557739257812e-01
7.650827169418334961e-01
-6.386827826499938965e-01
7.776471972465515137e-01
-7.070072889328002930e-01
9.278759956359863281e-01
2.070754528045654297e+00
4.302000105381011963e-01
-6.368962526321411133e-01
1.296864271163940430e+00
-6.222603321075439453e-01
1.409537792205810547e-01
5.231003165245056152e-01
1.213200569152832031e+00
6.781986355781555176e-02
1.271982312202453613e+00
1.804292798042297363e-01
2.120014727115631104e-01
1.225046634674072266e+00
8.353646844625473022e-02
-4.563577771186828613e-01
-2.390852570533752441e-01
-2.215448766946792603e-01
1.732635021209716797e+00
8.754028677940368652e-01
6.261509656906127930e-01
6.083298325538635254e-01
-6.834044456481933594e-01
-4.009528756141662598e-01
4.247999191284179688e-01
1.638021469116210938e-01
1.666862964630126953e+00
9.453508257865905762e-01
-1.563127338886260986e-01
2.120613902807235718e-01
1.217964589595794678e-01
-3.471787571907043457e-01
-1.769353985786437988e+00
-1.350577950477600098e+00
-1.489964962005615234e+00
-7.767420411109924316e-01
-2.073641717433929443e-01
4.288118798285722733e-03
-3.428327739238739014e-01
-7.187464833259582520e-01
1.222788810729980469e+00
-5.737028598785400391e+00
-1.024742484092712402e+00
1.416943192481994629e+00
-2.910342514514923096e-01
1.275109410285949707e+00
-4.234228730201721191e-01
-7.258671522140502930e-01
1.206103414297103882e-01
-9.306839704513549805e-01
-4.461018145084381104e-01
7.932034134864807129e-01
4.236235916614532471e-01
-8.828952312469482422e-01
-4.104552865028381348e-01
-1.521690636873245239e-01
1.150870800018310547e+00
1.141921997070312500e+00
5.108834505081176758e-01
1.848350405693054199e+00
-1.535928726196289062e+00
-3.206223487854003906e+00
1.743776440620422363e+00
1.350806474685668945e+00
1.043097734451293945e+00
1.281072795391082764e-01
-1.189832806587219238e+00
-1.291294217109680176e+00
4.405762553215026855e-01
-5.853840112686157227e-01
-1.204923868179321289e+00
-2.721272706985473633e-01
5.803965330123901367e-01
-3.555396497249603271e-01
-2.225552797317504883e-01
8.513382077217102051e-01
-5.698081851005554199e-01
4.959304034709930420e-01
-6.969989538192749023e-01
-8.927989006042480469e-01
-1.273840188980102539e+00
8.018327951431274414e-01
9.243741631507873535e-03
-1.994931548833847046e-01
-2.884327173233032227e+00
-4.214489758014678955e-01
-1.658680200576782227e+00
1.431432485580444336e+00
-1.564523726701736450e-01
-1.900379210710525513e-01
-4.172186851501464844e-01
1.789084076881408691e+00
8.080999255180358887e-01
-2.822349667549133301e-01
-8.616358041763305664e-01
1.300046443939208984e-01
2.002350568771362305e+00
1.540995836257934570e+00
-5.333507657051086426e-01
1.492563962936401367e+00
-2.432598173618316650e-02
5.595818161964416504e-01
-7.210455834865570068e-02
-7.314198613166809082e-01
-2.554683089256286621e-01
6.720309257507324219e-01
5.979409813880920410e-01
-2.442150354385375977e+00
-2.355171591043472290e-01
-1.158813834190368652e+00
-2.650378048419952393e-01
-1.685692548751831055e+00
2.202258706092834473e-01
2.095910608768463135e-01
2.783213853836059570e-01
3.189007043838500977e-01
-9.560266137123107910e-01
6.438255906105041504e-01
-1.404798507690429688e+00
1.499761343002319336e-01
1.469133973121643066e+00
