-1.746734738349914551e+00
1.962423205375671387e+00
1.338414192199707031e+00
-5.977622866630554199e-01
-3.959176838397979736e-01
6.752275228500366211e-01
-1.590928792953491211e+00
8.051837682723999023e-01
-5.750918388366699219e-01
2.923379540443420410e-01
1.217251062393188477e+00
6.271010637283325195e-01
-2.495281934738159180e+00
-2.869559824466705322e-01
-1.039024829864501953e+00
-1.748484849929809570e+00
-1.752204298973083496e+00
-1.290173292160034180e+00
-1.595675051212310791e-01
6.886575818061828613e-01
8.621894568204879761e-02
-9.557178616523742676e-01
8.216498419642448425e-03
1.464534878730773926e+00
3.077596426010131836e-01
-1.524346619844436646e-01
-1.151843547821044922e+00
5.253047347068786621e-01
-3.022575616836547852e+00
8.608450293540954590e-01
1.584353089332580566e+00
5.673378705978393555e-01
-1.233379244804382324e+00
8.529756665229797363e-01
9.873263835906982422e-01
2.311424165964126587e-01
-2.984835505485534668e-01
-1.064610123634338379e+00
1.559691578149795532e-01
1.338822126388549805e+00
-2.182665586471557617e+00
-1.601990699768066406e+00
-6.538961529731750488e-01
1.341176629066467285e+00
-1.355318546295166016e+00
-2.982898652553558350e-01
1.487642049789428711e+00
-1.230792403221130371e+00
4.713063240051269531e-01
-1.001541495323181152e+00
-4.688288867473602295e-01
-4.349352121353149414e-01
-9.720221161842346191e-02
-4.430845081806182861e-01
4.201785475015640259e-02
-1.058064326643943787e-01
3.145233690738677979e-01
5.400804877281188965e-01
-3.760088980197906494e-01
6.220574378967285156e-01
7.690060138702392578e-01
1.752158552408218384e-01
1.439155817031860352e+00
2.056645393371582031e+00
-7.860460877418518066e-01
-1.127408623695373535e+00
-4.728787764906883240e-02
5.068364143371582031e-01
-7.027214765548706055e-01
2.129386812448501587e-01
5.566913485527038574e-01
-5.899394750595092773e-01
-1.411650657653808594e+00
-3.970162570476531982e-01
8.512411713600158691e-01
-1.612060666084289551e-01
-6.788524985313415527e-01
1.017897844314575195e+00
1.377393364906311035e+00
1.016955256462097168e+00
6.791895031929016113e-01
-8.697695136070251465e-01
-1.254219532012939453e+00
-2.009918689727783203e+00
-1.638732314109802246e+00
1.694546937942504883e+00
5.631250739097595215e-01
4.653076231479644775e-01
-6.253994107246398926e-01
1.274730801582336426e+00
-1.598107218742370605e+00
-9.778732061386108398e-01
-2.625019311904907227e+00
6.976088881492614746e-01
9.664664268493652344e-01
-9.720517396926879883e-01
1.470534443855285645e+00
5.212690830230712891e-01
-1.465433478355407715e+00
-6.572585105895996094e-01
-6.659430861473083496e-01
-1.044729828834533691e+00
7.641924023628234863e-01
-2.172937870025634766e+00
-7.773409485816955566e-01
-5.808808207511901855e-01
-4.454759061336517334e-01
9.481228590011596680e-01
1.616443634033203125e+00
1.057009339332580566e+00
-2.508131861686706543e-01
-1.776634454727172852e+00
-3.458525538444519043e-01
-1.762596130371093750e+00
1.986322402954101562e+00
1.916714310646057129e-01
4.372896254062652588e-01
-2.204335212707519531e+00
1.603857278823852539e+00
1.070936441421508789e+00
-2.509342432022094727e+00
3.304912447929382324e-01
-2.405892610549926758e+00
-3.751154989004135132e-02
1.643380045890808105e+00
8.724601268768310547e-01
8.430216908454895020e-01
2.792954742908477783e-01
-1.332028627395629883e+00
-2.184092521667480469e+00
9.295834898948669434e-01
-2.287567555904388428e-01
-7.000587582588195801e-01
-9.908856749534606934e-01
-4.119161665439605713e-01
-6.200287938117980957e-01
5.051155686378479004e-01
6.516852974891662598e-01
-1.317525386810302734e+00
5.246150493621826172e-01
-1.479299068450927734e-01
5.539667010307312012e-01
-4.655145108699798584e-01
-5.055083036422729492e-01
2.089519023895263672e+00
5.736629962921142578e-01
-9.457118576392531395e-04
-1.892548054456710815e-02
-1.568311214447021484e+00
2.512281835079193115e-01
-7.843810319900512695e-01
-1.336791366338729858e-01
-9.282214939594268799e-02
2.837806008756160736e-03
3.203704655170440674e-01
7.484205365180969238e-01
-4.266473352909088135e-01
1.455121397972106934e+00
-6.413291692733764648e-01
9.183357357978820801e-01
1.029807090759277344e+00
-2.005278110504150391e+00
-6.939958930015563965e-01
-3.305101692676544189e-01
1.257017254829406738e+00
5.661763623356819153e-02
6.716819852590560913e-02
-6.594749689102172852e-01
-1.057744979858398438e+00
2.792085409164428711e-01
-1.590053677558898926e+00
-8.468530178070068359e-01
-7.150478959083557129e-01
8.077709674835205078e-01
-1.578503131866455078e+00
-6.711891889572143555e-01
2.121254205703735352e-01
1.208774805068969727e+00
-9.943742752075195312e-01
7.530260682106018066e-01
-2.590531706809997559e-01
1.271094560623168945e+00
-6.929638236761093140e-02
7.927570939064025879e-01
8.018011450767517090e-01
-1.330576777458190918e+00
-2.552781105041503906e+00
-1.431218981742858887e+00
6.608301773667335510e-03
-8.532749861478805542e-02
-1.037779673933982849e-01
-1.290051817893981934e+00
-4.518130049109458923e-02
-1.766161322593688965e+00
6.043581366539001465e-01
-1.027040928602218628e-01
3.665672838687896729e-01
-9.339677095413208008e-01
-1.228354334831237793e+00
-9.057688117027282715e-01
-3.338653147220611572e-01
1.830671906471252441e+00
7.289290428161621094e-01
-1.043271660804748535e+00
1.151533126831054688e-01
7.450174093246459961e-01
3.426401317119598389e-01
-1.030759215354919434e+00
4.267280995845794678e-01
-2.142281770706176758e+00
-4.658746123313903809e-01
3.807983100414276123e-01
-4.057869911193847656e-01
-1.622667670249938965e+00
2.840838432312011719e-01
-8.315923810005187988e-01
-1.602774143218994141e+00
-1.049488425254821777e+00
-1.477180957794189453e+00
-6.901150345802307129e-01
7.684590816497802734e-01
5.438365936279296875e-01
8.009999394416809082e-01
-4.558849334716796875e-01
-4.815103411674499512e-01
3.709018826484680176e-01
-7.065565586090087891e-01
-4.378795027732849121e-01
-1.051333546638488770e+00
-1.736242651939392090e+00
1.069645047187805176e+00
1.681729257106781006e-01
2.684368491172790527e-01
-6.217481940984725952e-02
3.957022428512573242e-01
1.570802927017211914e-01
1.287248134613037109e+00
9.443422555923461914e-01
1.197314500808715820e+00
-2.837916836142539978e-02
-3.131307959556579590e-01
-5.669617652893066406e-01
-1.045404896140098572e-01
-3.518189191818237305e-01
-1.173723220825195312e+00
8.563526868820190430e-01
1.223715066909790039e+00
8.900036215782165527e-01
9.772341847419738770e-01
2.736577689647674561e-01
-5.708218812942504883e-01
9.252200722694396973e-01
-1.794145107269287109e+00
-1.121605992317199707e+00
-5.288859605789184570e-01
2.672485828399658203e+00
-9.541065245866775513e-02
-3.114913105964660645e-01
-3.220205903053283691e-01
7.406229525804519653e-02
-5.395097732543945312e-01
8.131809234619140625e-01
-1.622015595436096191e+00
-2.999374829232692719e-02
-1.563999503850936890e-01
5.255914330482482910e-01
4.305603206157684326e-01
-2.176484614610671997e-01
3.755960226058959961e+00
8.982791006565093994e-02
9.786664843559265137e-01
3.121927380561828613e-01
-1.889058828353881836e+00
8.889400959014892578e-01
6.837209463119506836e-01
1.807727813720703125e-01
3.214658498764038086e-01
7.481071949005126953e-01
4.726020395755767822e-01
-1.441657543182373047e+00
1.760810762643814087e-01
2.018159151077270508e+00
3.261815309524536133e-01
-9.434813857078552246e-01
-3.576329648494720459e-01
-4.444717466831207275e-01
-1.201877593994140625e+00
-2.424091339111328125e+00
9.863119721412658691e-01
6.026729345321655273e-01
-8.753412365913391113e-01
1.146705523133277893e-01
6.930130720138549805e-01
2.142176628112792969e+00
2.243794351816177368e-01
-2.118168592453002930e+00
3.145103693008422852e+00
9.301723837852478027e-01
5.703730583190917969e-01
-8.777733445167541504e-01
5.263453722000122070e-02
-5.135089159011840820e-01
5.051766633987426758e-01
-9.014416337013244629e-01
4.451096653938293457e-01
3.021890223026275635e-01
9.262241125106811523e-01
-2.920046746730804443e-01
-7.263740897178649902e-01
-1.904585957527160645e-01
1.072502210736274719e-01
7.739408016204833984e-01
3.804750144481658936e-01
-1.346457362174987793e+00
-3.035044372081756592e-01
8.936114907264709473e-01
1.114258170127868652e+00
-8.264043182134628296e-02
1.060325026512145996e+00
2.052612602710723877e-01
2.007023394107818604e-01
-5.821953341364860535e-02
1.248685717582702637e+00
-4.506114125251770020e-01
-2.599346041679382324e-01
6.189112663269042969e-01
-1.306146621704101562e+00
-1.925387501716613770e+00
-6.571998000144958496e-01
5.389367938041687012e-01
-4.127111732959747314e-01
7.031913399696350098e-01
3.806877434253692627e-01
4.905650317668914795e-01
-2.589299380779266357e-01
2.985467314720153809e-01
8.581025898456573486e-02
-2.913173474371433258e-02
1.234627485275268555e+00
-1.009810090065002441e+00
-9.378523379564285278e-02
-4.593271315097808838e-01
6.146060228347778320e-01
-4.828886985778808594e-01
-5.002558827400207520e-01
-1.133171319961547852e+00
-6.198937296867370605e-01
1.741858124732971191e+00
2.705229043960571289e+00
-6.789335012435913086e-01
-1.115041017532348633e+00
9.781690835952758789e-01
9.291211962699890137e-01
1.944118976593017578e+00
8.634833246469497681e-02
-2.419128894805908203e+00
-1.346465110778808594e+00
-1.585157990455627441e+00
4.123898446559906006e-01
3.301104009151458740e-01
5.069234222173690796e-02
-9.778055548667907715e-01
-1.275583952665328979e-01
-1.036685347557067871e+00
3.345229327678680420e-01
1.194970533251762390e-01
4.529977440834045410e-01
-7.259421348571777344e-01
-3.158417642116546631e-01
4.342020153999328613e-01
9.061608314514160156e-01
2.383233159780502319e-01
3.279618024826049805e-01
9.830087423324584961e-01
-8.342440426349639893e-02
2.008544467389583588e-02
3.281054198741912842e-01
-3.920009359717369080e-02
-6.601321697235107422e-01
1.731828093528747559e+00
1.521290063858032227e+00
-4.190329909324645996e-01
9.159601926803588867e-01
9.546233415603637695e-01
-1.052374362945556641e+00
9.850947856903076172e-01
-7.111267447471618652e-01
-9.345304369926452637e-01
1.577804088592529297e+00
1.226080536842346191e+00
1.653038382530212402e+00
3.340840339660644531e-01
1.424002766609191895e+00
-5.485255718231201172e-01
1.794744133949279785e-01
-2.330324240028858185e-02
-2.186953723430633545e-01
3.967333734035491943e-01
4.182280972599983215e-02
6.856738924980163574e-01
-7.408321499824523926e-01
-1.867206245660781860e-01
4.506081044673919678e-01
-3.440874814987182617e-01
8.614217042922973633e-01
4.171022176742553711e-01
1.227859854698181152e+00
2.449820004403591156e-02
9.730126857757568359e-01
-3.960105776786804199e-01
1.652250289916992188e-01
1.432725936174392700e-01
-2.518614768981933594e+00
5.609766840934753418e-01
1.253468513488769531e+00
1.466428399085998535e+00
5.773862600326538086e-01
8.111342191696166992e-01
1.278153061866760254e+00
2.708922624588012695e-01
-7.064477801322937012e-01
1.998873651027679443e-01
-2.044465690851211548e-01
-4.542358815670013428e-01
1.119077324867248535e+00
-2.474074661731719971e-01
5.731025338172912598e-01
1.338484525680541992e+00
9.538592100143432617e-01
-1.471821125596761703e-02
-2.341752797365188599e-01
-6.712489128112792969e-01
-7.061976790428161621e-01
-2.858295571058988571e-03
-8.391574025154113770e-02
6.185851693153381348e-01
1.285642623901367188e+00
3.732936978340148926e-01
-4.357113242149353027e-01
4.206485450267791748e-01
-4.364031851291656494e-01
1.525203943252563477e+00
-1.085353970527648926e+00
3.351535201072692871e-01
-5.377315282821655273e-01
-2.286513805389404297e+00
-1.702629804611206055e+00
9.445632100105285645e-01
-1.570886969566345215e+00
-2.481339722871780396e-01
4.832486212253570557e-01
4.725633263587951660e-01
1.162442326545715332e+00
-6.798087954521179199e-01
-1.859126091003417969e-01
-7.333279848098754883e-01
8.826124668121337891e-01
-1.552145600318908691e+00
-2.787683904170989990e-01
2.162520170211791992e+00
9.441221952438354492e-01
2.120012998580932617e+00
1.339133977890014648e+00
-1.097097039222717285e+00
3.643308877944946289e-01
-3.023599863052368164e+00
-2.715538144111633301e-01
-7.446097135543823242e-01
-1.686677455902099609e+00
1.410058736801147461e+00
3.343929052352905273e-01
-4.987066984176635742e-01
1.733332872390747070e-01
1.019882678985595703e+00
-9.129936099052429199e-01
1.285219907760620117e+00
9.289529919624328613e-01
2.058357447385787964e-01
-1.634140491485595703e+00
5.458701848983764648e-01
6.995053887367248535e-01
-3.508965671062469482e-01
-1.798752546310424805e+00
1.535362958908081055e+00
3.150682449340820312e-01
-4.379889369010925293e-01
-1.875271797180175781e-01
5.472167581319808960e-02
8.839774727821350098e-01
-1.619770288467407227e+00
-1.558009386062622070e+00
1.772940397262573242e+00
7.746249437332153320e-01
8.519078046083450317e-02
7.242323160171508789e-01
4.279214143753051758e-01
-1.278096318244934082e+00
-1.420727849006652832e+00
-9.042189121246337891e-01
-2.246280610561370850e-01
5.400466918945312500e-01
-2.134410738945007324e-01
-4.224258661270141602e-02
-4.637359082698822021e-01
-1.125207304954528809e+00
1.079082041978836060e-01
1.601659804582595825e-01
2.007345438003540039e+00
7.015438377857208252e-02
1.411492943763732910e+00
-6.677358150482177734e-01
3.186973631381988525e-01
2.316268444061279297e+00
4.313238263130187988e-01
7.396919280290603638e-02
-4.860786497592926025e-01
-2.761785507202148438e+00
-1.408613443374633789e+00
1.942570567131042480e+00
1.789661943912506104e-01
-4.964164793491363525e-01
-2.568982839584350586e-01
5.591651797294616699e-01
-1.020336151123046875e+00
1.216845393180847168e+00
2.222735136747360229e-01
-6.570492982864379883e-01
3.972810208797454834e-01
-1.206850171089172363e+00
-3.262281417846679688e+00
-1.364443302154541016e+00
3.327122688293457031e+00
1.924134612083435059e+00
-1.570040822029113770e+00
-6.278111338615417480e-01
-9.639021158218383789e-01
4.093015789985656738e-01
-3.513347804546356201e-01
-5.916320160031318665e-02
-1.766889810562133789e+00
1.491112351417541504e+00
2.277085065841674805e+00
-4.682021439075469971e-01
9.255051612854003906e-01
2.652951478958129883e-01
-1.054880142211914062e+00
5.605661869049072266e-01
1.284605860710144043e+00
1.144420981407165527e+00
-2.440551519393920898e-01
9.297756552696228027e-01
-6.295840144157409668e-01
2.737446427345275879e-01
-9.321777224540710449e-01
1.603204965591430664e+00
7.095704078674316406e-01
2.705143094062805176e-01
-3.932047784328460693e-01
3.636204898357391357e-01
3.941025137901306152e-01
1.094129323959350586e+00
-1.385359168052673340e+00
-7.634086608886718750e-01
-8.069805800914764404e-02
2.040940761566162109e+00
8.955895304679870605e-01
-4.105170369148254395e-01
2.701314210891723633e+00
5.992467999458312988e-01
-1.076853513717651367e+00
1.199197769165039062e+00
6.881578564643859863e-01
-1.070041134953498840e-01
-5.151166766881942749e-02
1.087447643280029297e+00
6.037217751145362854e-02
-1.707491636276245117e+00
-1.278403103351593018e-01
-1.121087908744812012e+00
1.385753899812698364e-01
-3.509839177131652832e-01
1.535159707069396973e+00
1.228563308715820312e+00
-5.660105347633361816e-01
-7.654787302017211914e-01
-5.119522809982299805e-01
-2.379226446151733398e+00
-1.992093682289123535e+00
-1.593804121017456055e+00
-6.426011025905609131e-02
1.073792353272438049e-01
-6.372236013412475586e-01
-2.100808620452880859e+00
8.547754883766174316e-01
1.571209728717803955e-01
2.080843150615692139e-01
1.028526902198791504e+00
5.655040740966796875e-01
1.768234014511108398e+00
-6.769431233406066895e-01
1.337706893682479858e-01
-3.575702905654907227e-01
-5.077499151229858398e-01
7.978309988975524902e-01
-5.186055898666381836e-01
-1.194382905960083008e+00
2.680358588695526123e-01
1.180753111839294434e-01
1.382929980754852295e-01
-6.088037490844726562e-01
-9.035512804985046387e-02
-1.142548561096191406e+00
-2.502888202667236328e+00
-2.781116664409637451e-01
-1.932369351387023926e+00
-3.366744816303253174e-01
1.221864819526672363e-01
-4.466889798641204834e-01
2.068054676055908203e+00
7.428688406944274902e-01
-4.400909841060638428e-01
-4.359522759914398193e-01
-3.345155417919158936e-01
1.056961178779602051e+00
-6.229771971702575684e-01
1.040548607707023621e-01
3.381517231464385986e-01
1.535061240196228027e+00
1.655970573425292969e+00
2.161205261945724487e-01
2.223256349563598633e+00
1.095153391361236572e-01
-7.877881526947021484e-01
-1.752701550722122192e-01
1.897935420274734497e-01
-1.751189708709716797e+00
-1.712182641029357910e+00
1.268181204795837402e+00
-6.557130217552185059e-01
1.452282428741455078e+00
1.504060626029968262e+00
-1.398490190505981445e+00
-8.288224339485168457e-01
-2.475837171077728271e-01
-1.026041865348815918e+00
-6.344872713088989258e-01
-1.931332051753997803e-01
8.949813246726989746e-01
4.476368129253387451e-01
1.386932849884033203e+00
-2.413046598434448242e+00
1.365098118782043457e+00
-2.566006898880004883e+00
-6.660689711570739746e-01
-1.958954483270645142e-01
1.336199283599853516e+00
2.289005927741527557e-02
-8.168091177940368652e-01
9.482887983322143555e-01
1.620396822690963745e-01
-4.036650359630584717e-01
-3.224526941776275635e-01
6.669814586639404297e-01
1.046200275421142578e+00
-2.670041918754577637e-01
6.008071303367614746e-01
-7.738463878631591797e-01
1.318801164627075195e+00
6.387515664100646973e-01
-4.447652697563171387e-01
-6.759544014930725098e-01
1.068511128425598145e+00
-3.590808510780334473e-01
1.908868074417114258e+00
-1.733141541481018066e-01
1.399687975645065308e-01
-5.120740532875061035e-01
-6.397742629051208496e-01
-1.548078060150146484e-01
7.937697172164916992e-01
-8.451842069625854492e-01
-1.687223911285400391e-01
-2.806849963963031769e-02
3.436927199363708496e-01
-2.133342981338500977e+00
3.558085262775421143e-01
-1.021354556083679199e+00
-3.162930011749267578e-01
-6.466332435607910156e+00
7.143083214759826660e-01
-1.963948369026184082e+00
3.364170193672180176e-01
-9.982760995626449585e-03
1.505769252777099609e+00
1.200377047061920166e-01
2.738763809204101562e+00
-3.552511334419250488e-01
-2.511841058731079102e+00
7.039583921432495117e-01
8.250705599784851074e-01
4.482202827930450439e-01
-2.068418025970458984e+00
2.214480638504028320e-01
-4.333819448947906494e-01
1.093968749046325684e+00
-9.786708354949951172e-01
3.876625061035156250e+00
-4.186473786830902100e-01
-2.597595691680908203e+00
8.554539084434509277e-01
8.836300969123840332e-01
5.852359533309936523e-01
1.051959514617919922e+00
-1.853749513626098633e+00
1.156242847442626953e+00
-9.727624058723449707e-02
4.015013575553894043e-01
1.852767467498779297e-01
6.657183766365051270e-01
8.586897253990173340e-01
-2.504461765289306641e+00
5.550581589341163635e-02
1.324259996414184570e+00
4.394887089729309082e-01
1.596884012222290039e+00
-1.632597684860229492e+00
-1.275709390640258789e+00
-2.439532756805419922e+00
1.275488376617431641e+00
4.785875082015991211e-01
-1.225931525230407715e+00
-2.782547712326049805e+00
-8.460740447044372559e-01
-1.086316823959350586e+00
-6.219379976391792297e-02
-1.097960099577903748e-01
-3.810042738914489746e-01
1.582761406898498535e+00
1.165846586227416992e+00
2.281573295593261719e+00
7.110794782638549805e-01
-5.693871378898620605e-01
1.118607997894287109e+00
5.195549726486206055e-01
-4.482325017452239990e-01
-1.997513882815837860e-02
1.244432210922241211e+00
-1.272457122802734375e+00
1.095954298973083496e+00
-5.254123210906982422e-01
1.126011490821838379e+00
1.216448426246643066e+00
-8.696910142898559570e-01
1.205498337745666504e+00
-3.761986196041107178e-01
6.431550383567810059e-01
-1.605238676071166992e+00
-3.799145817756652832e-01
-2.749145030975341797e-01
1.299792528152465820e-01
7.637996077537536621e-01
-8.971985578536987305e-01
1.185087203979492188e+00
1.344784975051879883e+00
-2.113343238830566406e+00
-3.861347138881683350e-01
-5.980646014213562012e-01
3.657289445400238037e-01
