5.554464459419250488e-01
1.275519013404846191e+00
1.210230886936187744e-01
2.878840565681457520e-01
-8.420814573764801025e-02
-1.711982190608978271e-01
-1.503931760787963867e+00
-5.941666364669799805e-01
-6.511659622192382812e-01
2.962561324238777161e-03
-5.298435688018798828e-01
-3.669507801532745361e-01
6.624562144279479980e-01
-5.690030381083488464e-02
2.795509099960327148e-01
-1.738155722618103027e+00
-5.548795461654663086e-01
1.464472115039825439e-01
3.199693560600280762e-01
-1.346482038497924805e-01
6.537542939186096191e-01
-4.558440744876861572e-01
3.594106435775756836e-01
8.044160604476928711e-01
5.720254778861999512e-01
-1.063829660415649414e+00
-2.027932554483413696e-02
2.225705146789550781e+00
-2.329515457153320312e+00
2.461389452219009399e-01
-1.582537591457366943e-01
4.620082974433898926e-01
1.534128785133361816e+00
-5.520240068435668945e-01
-1.427737951278686523e+00
-1.274689435958862305e+00
-1.754175126552581787e-02
-1.263568401336669922e+00
3.854350745677947998e-02
3.236252069473266602e-01
-2.564568221569061279e-01
-1.033116936683654785e+00
3.898085355758666992e-01
-9.412924051284790039e-01
-3.942664563655853271e-01
-2.679889798164367676e-01
-1.928527355194091797e+00
-2.679051458835601807e-01
-1.073471903800964355e+00
1.484988182783126831e-01
7.140447497367858887e-01
4.572741687297821045e-01
3.425647616386413574e-01
1.461454153060913086e+00
5.419421792030334473e-01
-3.315128684043884277e-01
-2.019516825675964355e-01
2.370862066745758057e-01
7.920026034116744995e-02
-1.008554697036743164e+00
1.918910026550292969e+00
-3.493295609951019287e-01
1.108566641807556152e+00
3.180581331253051758e-02
-4.382271468639373779e-01
-9.179359078407287598e-01
8.296611905097961426e-01
7.887939214706420898e-01
9.521247744560241699e-01
-3.319782316684722900e-01
3.368355333805084229e-01
6.606593728065490723e-01
-2.012245804071426392e-01
-1.951956152915954590e+00
5.726816058158874512e-01
2.813255786895751953e-01
3.941262960433959961e-01
5.467004776000976562e-01
1.156707167625427246e+00
-6.019028425216674805e-01
-2.555117569863796234e-02
5.578575730323791504e-01
-7.096201926469802856e-02
-8.282933831214904785e-01
-4.053277969360351562e-01
1.662016034126281738e+00
-1.450107574462890625e+00
7.813297510147094727e-01
-1.260563611984252930e+00
-2.181178629398345947e-01
-8.386787176132202148e-01
-7.359470129013061523e-01
-9.026544690132141113e-01
1.516745686531066895e+00
3.924135267734527588e-01
-8.024140596389770508e-01
-1.853792667388916016e-01
4.441589415073394775e-01
-7.977678775787353516e-01
5.551707744598388672e-01
-8.478267192840576172e-01
7.763442993164062500e-01
1.684511452913284302e-02
-1.046233773231506348e+00
-5.594622492790222168e-01
-5.641850829124450684e-01
-1.369073152542114258e+00
1.562345623970031738e+00
6.091644167900085449e-01
-1.445690631866455078e+00
-2.950248420238494873e-01
2.009033262729644775e-01
-1.853472948074340820e+00
-4.358465671539306641e-01
-8.613213896751403809e-02
-3.542448878288269043e-01
-8.285401761531829834e-02
-2.014284849166870117e+00
1.165959835052490234e-01
5.524361133575439453e-01
4.848770797252655029e-02
4.604620635509490967e-01
-1.729097485542297363e+00
3.791996240615844727e-01
4.215570092201232910e-01
-7.529691457748413086e-01
1.248798131942749023e+00
4.054978191852569580e-01
-2.713459730148315430e+00
-6.561821103096008301e-01
4.492440223693847656e-01
-5.309771895408630371e-01
-3.927211165428161621e-01
6.796621084213256836e-01
-1.167054176330566406e+00
-7.760139107704162598e-01
9.340304732322692871e-01
-8.096973299980163574e-01
-7.436901926994323730e-01
-3.303093612194061279e-01
2.142762988805770874e-01
4.518999457359313965e-01
2.415852695703506470e-01
6.954405903816223145e-01
3.400883376598358154e-01
1.553888171911239624e-01
-2.487908750772476196e-01
-2.428414821624755859e+00
-1.274507164955139160e+00
-1.429814219474792480e+00
-4.062829315662384033e-01
1.027090549468994141e+00
6.683294773101806641e-01
-4.178149625658988953e-02
1.261912226676940918e+00
-1.414608061313629150e-01
-2.624320268630981445e+00
-1.719875037670135498e-01
9.736179113388061523e-01
2.610524594783782959e-01
-9.169123950414359570e-04
-1.335012912750244141e+00
-6.322946548461914062e-01
-1.729822158813476562e-01
9.010546803474426270e-01
5.173344612121582031e-01
1.757180243730545044e-01
-3.545483946800231934e-01
2.120201140642166138e-01
9.807352423667907715e-01
-2.809501886367797852e-01
-3.896687924861907959e-01
-1.436513662338256836e+00
3.218959569931030273e-01
6.657226681709289551e-01
2.348023802042007446e-01
9.659920334815979004e-01
-8.758753538131713867e-01
-3.864163160324096680e-01
9.036846160888671875e-01
-1.195437908172607422e+00
8.160240650177001953e-01
-6.577861905097961426e-01
-6.177762746810913086e-01
5.913332700729370117e-01
-1.472331643104553223e+00
-6.551541090011596680e-01
-1.918059736490249634e-01
5.704216361045837402e-01
-1.356869190931320190e-01
-3.344446048140525818e-02
-5.902021527290344238e-01
-1.062718987464904785e+00
1.059068068861961365e-01
-4.586043357849121094e-01
-2.687751054763793945e-01
-9.105866551399230957e-01
8.898997902870178223e-01
-5.343226343393325806e-02
-1.741042852401733398e+00
-4.366397857666015625e-01
1.079631328582763672e+00
1.537899613380432129e+00
-1.166128516197204590e+00
1.275212526321411133e+00
-1.069407463073730469e-01
1.283368229866027832e+00
-7.475321292877197266e-01
8.813062906265258789e-01
-1.798130035400390625e+00
-2.808901071548461914e-01
-7.989740371704101562e-02
1.367221921682357788e-01
-6.680836081504821777e-01
-8.614531159400939941e-01
1.125133395195007324e+00
3.314898312091827393e-01
-6.155066490173339844e-01
3.271434903144836426e-01
-6.416309624910354614e-02
5.436907410621643066e-01
2.200617492198944092e-01
-1.938691139221191406e-01
1.429641366004943848e+00
1.646972775459289551e+00
-2.605382800102233887e-01
1.288377523422241211e+00
-3.112958371639251709e-01
-4.113536328077316284e-02
-1.161995649337768555e+00
-4.300183802843093872e-02
1.051185727119445801e+00
5.432548522949218750e-01
-2.934685945510864258e-01
-7.807361483573913574e-01
6.061872839927673340e-01
7.746185064315795898e-01
-8.246998190879821777e-01
-6.940818428993225098e-01
-1.742968261241912842e-01
1.169457077980041504e+00
-2.469017058610916138e-01
-2.709736824035644531e+00
7.386468648910522461e-01
1.696243137121200562e-01
9.094043970108032227e-01
1.308452188968658447e-01
2.292436361312866211e+00
1.332207918167114258e+00
-5.632607340812683105e-01
-5.255089998245239258e-01
-1.737238168716430664e-01
-1.110152602195739746e+00
-1.475789666175842285e+00
3.520230054855346680e-01
-5.053511857986450195e-01
-6.665430665016174316e-01
-9.981067180633544922e-01
-3.860889077186584473e-01
-5.550566911697387695e-01
1.021862387657165527e+00
-4.123814702033996582e-01
1.613564848899841309e+00
-8.007757067680358887e-01
-1.795779764652252197e-01
3.623292744159698486e-01
-4.991766214370727539e-01
1.312265812885016203e-04
2.378438711166381836e+00
-6.391895562410354614e-02
1.051149129867553711e+00
3.026614189147949219e-01
4.959279596805572510e-01
1.096970677375793457e+00
-9.925092458724975586e-01
-6.449726223945617676e-01
-2.570970356464385986e-01
-1.567025542259216309e+00
5.448175668716430664e-01
-1.507600903511047363e+00
-1.047059774398803711e+00
1.256416440010070801e-01
1.918236494064331055e+00
7.458655238151550293e-01
9.736398458480834961e-01
-7.647500634193420410e-01
1.145628452301025391e+00
-1.144859194755554199e+00
8.705397248268127441e-01
-2.537801861763000488e-01
-2.387853622436523438e+00
-9.502029418945312500e-02
-8.348451852798461914e-01
-1.269030809402465820e+00
-3.881453573703765869e-01
-1.733767241239547729e-01
1.377602458000183105e+00
-3.684045374393463135e-01
2.306206703186035156e+00
-3.933311402797698975e-01
1.000030755996704102e+00
-8.963518142700195312e-01
8.808357715606689453e-01
8.709346652030944824e-01
-4.011189341545104980e-01
1.536431610584259033e-01
2.230863869190216064e-01
-5.968105196952819824e-01
-1.548791974782943726e-01
6.505421400070190430e-01
-9.676643610000610352e-01
-1.022040247917175293e+00
-1.256046772003173828e+00
5.564920902252197266e-01
2.313339859247207642e-01
8.529281020164489746e-01
-1.061953827738761902e-01
1.412696123123168945e+00
3.541775047779083252e-01
-9.166830778121948242e-01
-1.336406230926513672e+00
-9.200864434242248535e-01
2.294834613800048828e+00
-2.969528734683990479e-02
-6.464309692382812500e-01
1.809610128402709961e-01
-6.417143940925598145e-01
-5.393250584602355957e-01
-1.038471221923828125e+00
-1.503025889396667480e-01
2.220596000552177429e-02
-2.411075979471206665e-01
1.538991332054138184e+00
7.861505746841430664e-01
-3.394325077533721924e-01
8.593547344207763672e-02
1.758729666471481323e-02
-7.671048641204833984e-01
9.840238094329833984e-02
-5.626394748687744141e-01
1.056812763214111328e+00
-3.188560605049133301e-01
4.731876254081726074e-01
4.907244443893432617e-01
-1.053693652153015137e+00
-6.580483913421630859e-01
-8.129284381866455078e-01
5.273119211196899414e-01
1.342149376869201660e-01
3.862626850605010986e-01
-1.086801409721374512e+00
-4.512274563312530518e-01
-9.685381054878234863e-01
-8.605027794837951660e-01
-9.487905502319335938e-01
2.840109467506408691e-01
-6.214478015899658203e-01
1.026899218559265137e-01
-2.372191250324249268e-01
6.067418456077575684e-01
4.324741661548614502e-01
-2.991651892662048340e-01
2.072943210601806641e+00
-8.343207836151123047e-01
1.708696335554122925e-01
-4.348725974559783936e-01
1.472126483917236328e+00
-2.188129127025604248e-01
-2.669798135757446289e-01
1.046728014945983887e+00
7.707697749137878418e-01
6.228936910629272461e-01
-1.480569601058959961e+00
9.768239855766296387e-01
-3.447890579700469971e-01
2.425263449549674988e-02
5.320950150489807129e-01
-6.267048120498657227e-01
4.542729556560516357e-01
7.509945631027221680e-01
-1.539969146251678467e-01
-1.316089153289794922e+00
5.976346731185913086e-01
-2.734221816062927246e-01
-1.136925458908081055e+00
6.272780895233154297e-01
1.218509003520011902e-01
-1.794205456972122192e-01
2.713682949542999268e-01
2.142877690494060516e-02
3.473506212234497070e+00
-2.217132896184921265e-01
-1.102519035339355469e-01
1.000089406967163086e+00
1.654764413833618164e+00
-9.671596437692642212e-02
-6.142320632934570312e-01
3.352356851100921631e-01
6.450760364532470703e-01
-1.045310139656066895e+00
1.267692893743515015e-01
-1.230982899665832520e+00
4.008423686027526855e-01
-1.135530591011047363e+00
2.679252028465270996e-01
-8.513184785842895508e-01
7.731456756591796875e-01
-4.677822589874267578e-01
-3.158598840236663818e-01
1.963843405246734619e-01
-5.520342588424682617e-01
-4.605748355388641357e-01
-9.497975111007690430e-01
4.526523351669311523e-01
-9.412967562675476074e-01
1.008380770683288574e+00
-2.711981534957885742e-01
-6.145173907279968262e-01
-4.136095643043518066e-01
9.220869541168212891e-01
-8.171507716178894043e-01
1.889912039041519165e-01
-4.448667466640472412e-01
5.914313197135925293e-01
-5.584031939506530762e-01
2.163599878549575806e-01
5.595124959945678711e-01
4.422637447714805603e-02
3.856905698776245117e-01
-5.486514568328857422e-01
-1.103192567825317383e+00
5.082028508186340332e-01
-7.405717372894287109e-01
5.625882148742675781e-01
-7.976682782173156738e-01
5.642070174217224121e-01
1.081000089645385742e+00
8.051563501358032227e-01
1.041073083877563477e+00
1.991181969642639160e-01
7.745317220687866211e-01
-9.007849693298339844e-01
2.521896064281463623e-01
-1.177499651908874512e+00
6.495997309684753418e-01
3.906084597110748291e-01
-6.849058270454406738e-01
-4.466303288936614990e-01
-1.725691080093383789e+00
-1.178598999977111816e+00
-6.478508710861206055e-01
-1.175748929381370544e-01
1.225115776062011719e+00
8.549273610115051270e-01
-7.085668444633483887e-01
-1.177638292312622070e+00
1.078377962112426758e+00
-4.142394065856933594e-01
-2.378363162279129028e-03
1.664711713790893555e+00
4.999872446060180664e-01
-1.929882168769836426e-01
1.476007550954818726e-01
8.030807971954345703e-01
-6.688663363456726074e-02
6.744861602783203125e-01
1.328605175018310547e+00
6.367367506027221680e-01
-8.575529456138610840e-01
3.303941786289215088e-01
1.064773559570312500e+00
-9.401299990713596344e-03
-1.456263184547424316e+00
-1.170498609542846680e+00
-7.342430949211120605e-01
6.817696094512939453e-01
8.536955118179321289e-01
-1.143535971641540527e+00
2.692978382110595703e-01
8.221278190612792969e-01
1.118195414543151855e+00
6.734033823013305664e-01
-4.834657311439514160e-01
1.241788148880004883e+00
5.400516390800476074e-01
-2.433664947748184204e-01
1.524311661720275879e+00
-1.557989597320556641e+00
1.821707338094711304e-01
1.177724525332450867e-01
-6.324833631515502930e-01
-7.141388654708862305e-01
-1.190203785896301270e+00
1.136934533715248108e-01
-1.378880381584167480e+00
-4.285232126712799072e-01
-1.028496265411376953e+00
-3.180862903594970703e+00
-2.632650434970855713e-01
4.161810874938964844e-02
-7.378416061401367188e-01
5.468473434448242188e-01
2.496181987226009369e-03
3.786266446113586426e-01
-1.138724088668823242e+00
-2.335713505744934082e-01
-4.063042998313903809e-02
-7.879090905189514160e-01
2.434778213500976562e-02
-2.974243462085723877e-02
1.537330269813537598e+00
-9.783555865287780762e-01
6.564871221780776978e-02
4.713640511035919189e-01
4.265266656875610352e-01
1.879071712493896484e+00
-1.768502146005630493e-01
-1.232913255691528320e+00
1.073560953140258789e+00
5.055474042892456055e-01
-5.678098201751708984e-01
9.318261742591857910e-01
-2.116501331329345703e+00
-1.914889574050903320e+00
-4.283641576766967773e-01
5.859615802764892578e-01
-2.010677576065063477e+00
3.624688386917114258e-01
-1.675090342760086060e-01
-1.266223311424255371e+00
8.572739362716674805e-01
2.837774276733398438e+00
1.010460376739501953e+00
-2.198288962244987488e-02
1.178404927253723145e+00
-8.423776179552078247e-02
8.218440413475036621e-01
1.184220910072326660e+00
-8.684065341949462891e-01
2.601765394210815430e-01
1.696694344282150269e-01
2.462629675865173340e-01
-3.980747461318969727e-01
-2.412561476230621338e-01
1.400920867919921875e+00
3.186091780662536621e-02
-5.658812522888183594e-01
1.536170840263366699e+00
-5.124020576477050781e-01
2.478399723768234253e-01
-1.554457396268844604e-01
8.614359498023986816e-01
9.595245867967605591e-02
6.699483990669250488e-01
-3.900488838553428650e-02
1.951170414686203003e-01
6.352703571319580078e-01
5.032125711441040039e-01
7.686313986778259277e-02
-8.244782686233520508e-01
7.016432881355285645e-01
1.607698500156402588e-01
-1.966745018959045410e+00
3.157778084278106689e-01
1.257068812847137451e-01
2.182758003473281860e-01
-2.498250603675842285e-01
1.298304677009582520e+00
1.767471194267272949e+00
3.750711083412170410e-01
2.187835425138473511e-01
1.293775796890258789e+00
-4.029448330402374268e-01
-1.611127018928527832e+00
2.780062258243560791e-01
-1.731783509254455566e+00
-8.490191698074340820e-01
-5.975931882858276367e-01
-8.060474693775177002e-02
-1.218867421150207520e+00
-1.690813153982162476e-01
1.420871496200561523e+00
4.604673683643341064e-01
3.144004046916961670e-01
1.519723832607269287e-01
2.470166087150573730e-01
-6.333051323890686035e-01
9.815715998411178589e-02
4.859399795532226562e-01
-1.448297947645187378e-01
-3.446297645568847656e-01
-5.928960442543029785e-01
5.442612767219543457e-01
5.060958266258239746e-01
-1.242793917655944824e+00
2.121624797582626343e-01
4.315474629402160645e-01
1.798915416002273560e-01
2.726306021213531494e-01
7.706806063652038574e-02
1.089962959289550781e+00
-1.702278017997741699e+00
-3.958388790488243103e-02
-3.974331319332122803e-01
4.379038512706756592e-01
5.513917207717895508e-01
-8.946452140808105469e-01
-1.098258018493652344e+00
-1.243955731391906738e+00
3.225151598453521729e-01
4.249673187732696533e-01
-1.866080462932586670e-01
5.021147131919860840e-01
6.245664954185485840e-01
2.227361202239990234e-01
-1.136912703514099121e+00
3.258814215660095215e-01
-1.940437555313110352e-01
8.205277919769287109e-01
5.543462559580802917e-02
-4.298247098922729492e-01
5.744367241859436035e-01
-5.735702514648437500e-01
4.376564919948577881e-01
2.722949385643005371e-01
-1.619536802172660828e-02
-3.635685145854949951e-01
-3.211064934730529785e-01
9.738246202468872070e-01
-1.408512830734252930e+00
1.674977660179138184e+00
9.613457322120666504e-01
2.465679645538330078e-01
8.603079915046691895e-01
-4.086631536483764648e-01
-3.959630131721496582e-01
2.828367352485656738e-01
-7.382569909095764160e-01
-1.122466921806335449e-01
2.921726107597351074e-01
1.309561848640441895e+00
-1.010392427444458008e+00
-1.561920642852783203e+00
9.563265442848205566e-01
7.047742009162902832e-01
2.485996961593627930e+00
-1.374373078346252441e+00
7.664688229560852051e-01
1.121541261672973633e+00
3.681326508522033691e-01
-3.354116976261138916e-01
1.342564672231674194e-01
2.629049420356750488e-01
-3.335791528224945068e-01
1.307187229394912720e-01
3.631213903427124023e-01
1.528430879116058350e-01
-1.102650463581085205e-01
5.987587571144104004e-01
1.104585289955139160e+00
-4.367663860321044922e-01
1.093083500862121582e+00
-1.103085875511169434e+00
-5.718533396720886230e-01
-1.073565602302551270e+00
5.959017947316169739e-02
6.099458336830139160e-01
1.197383761405944824e+00
2.992478609085083008e-01
-1.160370945930480957e+00
-9.404982924461364746e-01
-9.430521726608276367e-01
5.123419761657714844e-01
1.706825613975524902e+00
7.348004579544067383e-01
7.990554571151733398e-01
4.110651612281799316e-01
-6.607903242111206055e-01
4.180011451244354248e-01
-8.785865306854248047e-01
1.320176959037780762e+00
9.091219305992126465e-02
-4.733385443687438965e-01
2.510589361190795898e-01
-2.513753771781921387e-01
6.958436965942382812e-01
-5.841607451438903809e-01
-1.014737606048583984e+00
-2.648879528045654297e+00
5.189564824104309082e-01
9.164981842041015625e-01
4.080658555030822754e-01
5.701780915260314941e-01
4.796942770481109619e-01
-5.530987381935119629e-01
4.854286611080169678e-01
-1.263883709907531738e+00
-1.269986331462860107e-01
-2.045895814895629883e+00
1.055627942085266113e+00
-3.655105829238891602e-01
-7.422892451286315918e-01
2.722603380680084229e-01
4.410714805126190186e-01
-5.338777229189872742e-02
-9.333484172821044922e-01
2.113640308380126953e+00
-4.127803444862365723e-01
-2.334638357162475586e+00
8.151597380638122559e-01
4.463418126106262207e-01
-1.691505789756774902e+00
3.201097249984741211e-01
-8.242084383964538574e-01
-9.804711341857910156e-01
5.601773858070373535e-01
9.354634881019592285e-01
3.251137733459472656e-01
4.584467709064483643e-01
-2.505694627761840820e-01
-1.263267636299133301e+00
-2.402985692024230957e-01
2.110657989978790283e-01
-1.201313495635986328e+00
-3.463737964630126953e-01
-2.340538978576660156e+00
-9.775745272636413574e-01
-2.980989813804626465e-01
6.197713613510131836e-01
-9.760593622922897339e-02
1.683208197355270386e-01
-7.950604557991027832e-01
-1.965464591979980469e+00
2.043256759643554688e+00
-2.193238139152526855e-01
-9.883692264556884766e-01
-5.997025370597839355e-01
-4.484011530876159668e-01
-2.224004119634628296e-01
-1.055233120918273926e+00
8.470784872770309448e-02
-7.953675985336303711e-01
1.510274887084960938e+00
1.661163687705993652e+00
-4.705738425254821777e-01
-4.888596534729003906e-01
1.320962548255920410e+00
-4.031754434108734131e-01
1.036527395248413086e+00
7.047134041786193848e-01
9.363797307014465332e-02
-2.331808358430862427e-01
3.658989816904067993e-02
-1.387273430824279785e+00
2.236426472663879395e-01
2.071672439575195312e+00
2.139809131622314453e+00
5.277350544929504395e-01
-1.114366531372070312e+00
5.518200993537902832e-01
7.755487561225891113e-01
6.660043597221374512e-01
-2.529615759849548340e-01
5.988408923149108887e-01
2.623297214508056641e+00
-4.542855322360992432e-01
6.220536231994628906e-01
-4.532735049724578857e-01
