-1.084262207150459290e-01
2.418188095092773438e+00
-2.416111156344413757e-02
-1.275993108749389648e+00
8.558584749698638916e-02
4.729163050651550293e-01
-2.954643666744232178e-01
1.838262081146240234e-01
-4.911240041255950928e-01
3.532907664775848389e-01
4.051619470119476318e-01
-1.086997509002685547e+00
2.764646336436271667e-02
-2.263435721397399902e-01
1.090720534324645996e+00
-1.008734822273254395e+00
-1.489925533533096313e-01
3.621187806129455566e-01
-5.585438609123229980e-01
6.857818365097045898e-01
4.275502264499664307e-01
6.399266719818115234e-01
1.211269974708557129e+00
1.081259489059448242e+00
-4.747141897678375244e-01
-8.382087349891662598e-01
3.386401534080505371e-01
7.934771180152893066e-01
-2.480761528015136719e+00
5.907135605812072754e-01
-1.546291541308164597e-02
1.219797372817993164e+00
-1.031055927276611328e+00
-4.733412265777587891e-01
9.137753248214721680e-01
-3.443738222122192383e-01
1.096555516123771667e-01
-1.424195170402526855e+00
1.782071962952613831e-02
1.857786536216735840e+00
-4.933520257472991943e-01
-1.142717480659484863e+00
8.016891032457351685e-02
-4.224063456058502197e-01
6.082624793052673340e-01
7.754389643669128418e-01
-1.080934524536132812e+00
-1.010661721229553223e+00
7.107266038656234741e-02
3.743826150894165039e-01
-8.683082461357116699e-01
2.988592088222503662e-01
-1.971712410449981689e-01
-5.520081520080566406e-01
-1.498803496360778809e-01
-7.659167051315307617e-01
5.926383137702941895e-01
-6.886045932769775391e-01
-7.928069829940795898e-01
-5.912569165229797363e-01
-9.692054390907287598e-01
2.224795222282409668e-01
1.488365292549133301e+00
3.901695013046264648e-01
-2.567186057567596436e-01
3.403938412666320801e-01
-2.530046105384826660e-01
-2.590869367122650146e-01
2.936234772205352783e-01
-1.782435029745101929e-01
-6.082779169082641602e-01
1.011810824275016785e-01
-1.254843950271606445e+00
-3.084130883216857910e-01
1.009971857070922852e+00
6.927900910377502441e-01
-5.963461399078369141e-01
-5.431450009346008301e-01
-9.386288933455944061e-03
1.332019090652465820e+00
-3.646665215492248535e-01
8.308303356170654297e-01
-1.015415549278259277e+00
3.268482089042663574e-01
-2.630032598972320557e-01
2.330920193344354630e-03
-1.196146249771118164e+00
6.909098625183105469e-01
7.022929191589355469e-01
-2.679518759250640869e-01
9.974825382232666016e-02
-2.481313794851303101e-01
-6.972097158432006836e-01
6.939834952354431152e-01
-8.985735476016998291e-02
2.912225127220153809e-01
8.631510734558105469e-01
9.794579818844795227e-03
-3.683700263500213623e-01
1.688023686408996582e+00
-1.424420922994613647e-01
-4.539757668972015381e-01
-3.464083746075630188e-02
-1.987858265638351440e-01
-5.463498830795288086e-01
-1.215916275978088379e+00
-1.532166004180908203e+00
5.048597604036331177e-02
3.563403189182281494e-01
-9.314239770174026489e-02
3.616478145122528076e-01
8.648939728736877441e-01
-1.676812022924423218e-01
-7.353419661521911621e-01
-6.144223734736442566e-02
2.695896327495574951e-01
-4.379194378852844238e-01
1.599915027618408203e-01
1.572187542915344238e-01
-2.851228117942810059e-01
-1.520345062017440796e-01
1.473234593868255615e-01
-2.356585264205932617e+00
-2.423503845930099487e-01
2.519591450691223145e-01
1.842663586139678955e-01
1.200356245040893555e+00
-9.491540789604187012e-01
-9.978597164154052734e-01
-4.749532043933868408e-02
1.237450838088989258e+00
-5.035600662231445312e-01
-2.097069025039672852e-01
-2.898074686527252197e-01
-6.652387380599975586e-01
-1.187061786651611328e+00
6.360167264938354492e-01
3.739255964756011963e-01
-6.415971517562866211e-01
3.975980877876281738e-01
-1.427762866020202637e+00
1.922316789627075195e+00
1.109091639518737793e+00
-8.476763963699340820e-02
-5.645297765731811523e-01
2.588349878787994385e-01
-5.112143158912658691e-01
-9.727822542190551758e-01
-7.990301251411437988e-01
-4.224738478660583496e-01
-4.055267572402954102e-01
6.410245299339294434e-01
-6.162726283073425293e-01
-2.133486121892929077e-01
1.053049206733703613e+00
-4.094452261924743652e-01
-1.701578736305236816e+00
7.754991054534912109e-01
-6.313081979751586914e-01
4.048658907413482666e-01
6.413384079933166504e-01
-5.193873643875122070e-01
7.083100080490112305e-01
-2.602376937866210938e-01
-2.223218083381652832e-01
-1.546499282121658325e-01
-5.606109499931335449e-01
-1.101911440491676331e-01
-7.091924548149108887e-01
9.155740141868591309e-01
-9.829793572425842285e-01
-4.587213993072509766e-01
-2.079703062772750854e-01
8.791714906692504883e-01
-4.464728236198425293e-01
5.477162003517150879e-01
4.910488724708557129e-01
-1.429785490036010742e+00
8.207839131355285645e-01
-4.391662776470184326e-01
-8.793914914131164551e-01
-7.470774650573730469e-01
-4.198825657367706299e-01
-2.737466692924499512e-01
3.764985799789428711e-01
-1.425901412963867188e+00
-1.510219216346740723e+00
1.336553692817687988e-01
2.202848911285400391e+00
6.732740998268127441e-02
-1.158013939857482910e+00
5.460129976272583008e-01
-1.492462605237960815e-01
6.397717595100402832e-01
-1.131293699145317078e-01
3.069856204092502594e-02
-2.787676453590393066e-01
4.039179384708404541e-01
1.776810735464096069e-01
-7.454492449760437012e-01
1.155944839119911194e-01
4.613983631134033203e-01
9.674743413925170898e-01
3.150564134120941162e-01
2.667182683944702148e-01
-2.896494567394256592e-01
1.200179606676101685e-01
-3.970416784286499023e-01
-1.727576851844787598e-01
-9.728564023971557617e-01
-1.084690093994140625e+00
3.566361665725708008e-01
1.386317372322082520e+00
-5.243040919303894043e-01
2.024280279874801636e-01
1.445451617240905762e+00
-2.113106012344360352e+00
-1.627640962600708008e+00
-8.450806140899658203e-01
6.003236770629882812e-01
-5.497316643595695496e-02
4.331503510475158691e-01
3.924386501312255859e-01
-8.557757139205932617e-01
7.326986789703369141e-01
-5.200704932212829590e-01
1.063433170318603516e+00
-4.129627645015716553e-01
-2.314006984233856201e-01
-7.706681489944458008e-01
1.585806131362915039e+00
-1.282530874013900757e-01
-1.135155081748962402e+00
7.895494699478149414e-01
1.328837394714355469e+00
7.441418617963790894e-02
-2.262209355831146240e-02
3.144682049751281738e-01
1.100408062338829041e-01
-1.851640641689300537e-01
1.198499724268913269e-01
-6.838487982749938965e-01
-1.791995167732238770e+00
8.784284591674804688e-01
-1.134021878242492676e+00
-3.440716266632080078e-01
-7.485659718513488770e-01
6.563594937324523926e-01
7.508209347724914551e-01
6.717867851257324219e-01
-2.044465243816375732e-01
2.126350300386548042e-03
-1.639473795890808105e+00
1.157213374972343445e-01
-6.116498112678527832e-01
-5.600234866142272949e-01
-1.378815919160842896e-01
2.053606659173965454e-01
1.463550329208374023e+00
6.765810251235961914e-01
-9.721979498863220215e-01
-8.057038187980651855e-01
1.314837038516998291e-01
-1.689569801092147827e-01
1.162606328725814819e-01
7.318470478057861328e-01
1.455066442489624023e+00
1.055298671126365662e-01
1.659362435340881348e+00
-1.389361768960952759e-01
1.583501845598220825e-01
2.903686463832855225e-01
3.621046543121337891e-01
1.021464705467224121e+00
-6.777392625808715820e-01
2.562269866466522217e-01
3.583406656980514526e-02
-8.736295700073242188e-01
-7.267431169748306274e-02
-5.536795854568481445e-01
1.588456779718399048e-01
2.680893056094646454e-02
6.610603332519531250e-01
-8.929157257080078125e-01
8.579474687576293945e-01
-6.609795689582824707e-01
1.016900062561035156e+00
-6.343218088150024414e-01
-4.510965943336486816e-01
-3.401381671428680420e-01
-4.673103392124176025e-01
6.349996328353881836e-01
-3.864307329058647156e-02
9.541246891021728516e-01
-8.184517025947570801e-01
-1.419485956430435181e-01
4.013473391532897949e-01
-9.337294697761535645e-01
4.241161942481994629e-01
-1.013805985450744629e+00
2.789638638496398926e-01
-4.262579679489135742e-01
8.302475214004516602e-01
3.533425331115722656e-01
7.369213104248046875e-01
-2.675477266311645508e-01
8.069565296173095703e-01
-1.116215705871582031e+00
1.240499854087829590e+00
2.458137273788452148e-01
-2.758680880069732666e-01
2.595056593418121338e-01
-2.046593278646469116e-01
1.588737368583679199e-01
-6.954665184020996094e-01
4.928880929946899414e-01
1.006142497062683105e+00
1.281387329101562500e+00
1.470956504344940186e-01
-7.188702933490276337e-03
-1.141311407089233398e+00
-1.711764782667160034e-01
1.103893280029296875e+00
-3.742627203464508057e-01
-5.510925054550170898e-01
-8.913967609405517578e-01
-8.949697613716125488e-01
-1.099506139755249023e+00
-1.347306966781616211e+00
4.883122444152832031e-02
-8.781296610832214355e-01
-3.639682829380035400e-01
-3.000818490982055664e-01
2.064902782440185547e-01
3.340240716934204102e-01
-6.517570018768310547e-01
-5.330018997192382812e-01
3.286807239055633545e-01
2.914620935916900635e-01
1.478422433137893677e-01
-5.113816261291503906e-02
-1.057602524757385254e+00
5.661075115203857422e-01
1.169765740633010864e-01
-1.556121259927749634e-01
-6.563798524439334869e-03
-9.863678812980651855e-01
-3.517613410949707031e-01
-1.196581795811653137e-01
1.693113446235656738e-01
-1.251046299934387207e+00
-3.223368525505065918e-01
5.133837461471557617e-02
-3.226800560951232910e-01
-2.793154418468475342e-01
8.200518488883972168e-01
3.480677008628845215e-01
-1.619118332862854004e+00
8.447129726409912109e-01
9.101108312606811523e-01
1.104612708091735840e+00
-4.628881216049194336e-01
-4.089596271514892578e-01
-1.142687082290649414e+00
4.824061095714569092e-01
-3.174299299716949463e-01
1.625688791275024414e+00
7.478299140930175781e-01
1.111422657966613770e+00
7.093108892440795898e-01
5.269489288330078125e-01
6.726124882698059082e-01
-3.768990635871887207e-01
-1.107430458068847656e-01
-6.528494358062744141e-01
5.790324807167053223e-01
2.584905028343200684e-01
-1.434877812862396240e-01
-3.389363586902618408e-01
-2.664468064904212952e-02
-5.490779504179954529e-02
9.185893535614013672e-01
9.211287498474121094e-01
-8.209620714187622070e-01
-3.527035117149353027e-01
-3.181740939617156982e-01
-3.013952970504760742e-01
-6.680409908294677734e-01
-2.284969389438629150e-01
6.427137851715087891e-01
1.153943896293640137e+00
6.746242046356201172e-01
1.041260719299316406e+00
-8.577804565429687500e-01
1.441403985023498535e+00
-5.598418116569519043e-01
-7.019930481910705566e-01
-1.539522781968116760e-02
-2.475944459438323975e-01
2.487110644578933716e-01
5.727216005325317383e-01
-1.339597702026367188e+00
-1.794195771217346191e-01
-5.657939314842224121e-01
-5.169168710708618164e-01
3.084181845188140869e-01
-1.930871158838272095e-01
9.625171422958374023e-01
8.364944458007812500e-01
-1.034540057182312012e+00
-3.268306255340576172e-01
1.170197248458862305e+00
-1.853588968515396118e-02
1.515778005123138428e-01
7.615417242050170898e-02
7.478303313255310059e-01
2.297992259263992310e-01
1.679341793060302734e-01
-1.260384798049926758e+00
9.906398653984069824e-01
-2.062129080295562744e-01
-4.245954751968383789e-01
7.746788859367370605e-01
-5.790669322013854980e-01
-6.878486275672912598e-01
2.666866481304168701e-01
-8.747228980064392090e-01
-7.561829090118408203e-01
-8.171595335006713867e-01
-1.737777948379516602e+00
-5.281308889389038086e-01
3.237251937389373779e-01
-4.442501366138458252e-01
-2.275165081024169922e+00
6.484772562980651855e-01
-3.941987752914428711e-01
-8.450430035591125488e-01
1.280254602432250977e+00
1.680287122726440430e-01
4.019754230976104736e-01
-1.741594374179840088e-01
1.063499450683593750e+00
-7.333685159683227539e-01
-9.004362821578979492e-01
1.657133102416992188e+00
9.063021540641784668e-01
3.569318354129791260e-01
1.370760798454284668e+00
2.460334599018096924e-01
-1.664633303880691528e-01
2.486340254545211792e-01
-6.057236790657043457e-01
9.735474586486816406e-01
-4.600476622581481934e-01
6.537627577781677246e-01
-3.553197979927062988e-01
-4.490769207477569580e-01
1.953643187880516052e-02
-3.715710937976837158e-01
1.807180404663085938e+00
1.247676491737365723e+00
-6.291176080703735352e-01
-4.804970920085906982e-01
6.694308519363403320e-01
-2.267803810536861420e-02
-7.202161103487014771e-02
2.190277576446533203e-01
-2.728415429592132568e-01
4.518270120024681091e-02
1.306407332420349121e+00
5.041900277137756348e-01
9.132326245307922363e-01
-1.150171041488647461e+00
-1.232141852378845215e+00
-7.721698284149169922e-01
3.990380167961120605e-01
-2.180344462394714355e-01
2.818679064512252808e-02
-8.363922126591205597e-03
1.011942028999328613e+00
-7.086841464042663574e-01
1.259756565093994141e+00
-8.683654665946960449e-01
-5.319035649299621582e-01
-1.492544710636138916e-01
3.745513856410980225e-01
1.398821473121643066e-01
-7.414342761039733887e-01
1.457336992025375366e-01
-7.674221396446228027e-01
-2.339484691619873047e-01
1.286775946617126465e+00
2.873693108558654785e-01
9.018520116806030273e-01
-9.542489647865295410e-01
6.749141216278076172e-01
-2.639780342578887939e-01
-3.214353084564208984e+00
8.059440851211547852e-01
-3.212349116802215576e-01
4.758072495460510254e-01
-1.438679844141006470e-01
-2.494318336248397827e-01
1.169004559516906738e+00
-4.316813871264457703e-02
3.870249390602111816e-01
-6.031932234764099121e-01
2.023894488811492920e-01
-7.647618651390075684e-01
3.289729058742523193e-01
-6.998968869447708130e-02
4.510122165083885193e-02
5.300313234329223633e-01
9.859504699707031250e-01
-8.161354064941406250e-01
-6.246556639671325684e-01
-4.516914188861846924e-01
-1.110890626907348633e+00
6.755569577217102051e-01
-6.321424245834350586e-01
-7.671675831079483032e-02
6.176170706748962402e-01
-2.190493106842041016e+00
-5.693328380584716797e-01
1.434590369462966919e-01
-1.068954765796661377e-01
-1.105695739388465881e-01
-3.207888603210449219e-01
1.188446044921875000e+00
-2.247378826141357422e+00
-1.405646800994873047e-01
8.309379816055297852e-01
1.181305527687072754e+00
-1.263116002082824707e+00
5.634793043136596680e-01
-2.064646035432815552e-01
2.505275905132293701e-01
1.544913947582244873e-01
-2.320017069578170776e-01
-6.155640259385108948e-02
1.323136594146490097e-02
1.793555319309234619e-01
-1.557125896215438843e-01
-5.390224456787109375e-01
1.704357385635375977e+00
1.221226677298545837e-01
2.029345512390136719e+00
1.302424192428588867e+00
-8.795873522758483887e-01
5.573908090591430664e-01
-9.522174596786499023e-01
7.792199850082397461e-01
-1.145987987518310547e+00
-2.823845148086547852e-01
1.513614058494567871e-01
1.175147414207458496e+00
7.002983093261718750e-01
5.862604975700378418e-01
-2.511701285839080811e-01
-1.752159714698791504e+00
3.283902704715728760e-01
1.342966318130493164e+00
-4.713771045207977295e-01
-4.471494257450103760e-01
-4.525118470191955566e-01
7.032355666160583496e-01
7.990500926971435547e-01
-7.892783731222152710e-02
2.621079444885253906e+00
-1.119115829467773438e+00
5.827667117118835449e-01
1.100890040397644043e+00
-8.031821250915527344e-01
-7.973901629447937012e-01
-6.426274180412292480e-01
-3.104430437088012695e-01
-8.435697853565216064e-02
4.197289701551198959e-03
4.632494747638702393e-01
-1.422101706266403198e-01
-1.295518636703491211e+00
1.100952386856079102e+00
2.139173001050949097e-01
-8.389101624488830566e-01
4.391881525516510010e-01
-1.212786078453063965e+00
-7.598048448562622070e-01
-4.880248010158538818e-01
-5.470237731933593750e-01
3.680616021156311035e-01
-6.565688550472259521e-02
-7.192518711090087891e-01
3.712966740131378174e-01
-1.019338667392730713e-01
1.240943551063537598e+00
5.973438620567321777e-01
1.572177290916442871e+00
1.226622223854064941e+00
-4.035286307334899902e-01
7.908695936203002930e-01
-1.638132333755493164e+00
-1.560664772987365723e+00
1.172885298728942871e+00
9.212216138839721680e-01
1.380897283554077148e+00
-4.927181079983711243e-02
-2.949571311473846436e-01
-1.782655835151672363e+00
7.225090637803077698e-03
1.136580705642700195e+00
4.441936314105987549e-01
-8.066033571958541870e-02
8.476736545562744141e-01
9.535580277442932129e-01
-6.105908751487731934e-01
-1.440611481666564941e+00
-1.356657147407531738e-01
-1.895719915628433228e-01
4.258229434490203857e-01
6.591629981994628906e-01
-3.189062476158142090e-01
-7.883155345916748047e-01
-4.159305691719055176e-01
3.762030601501464844e-01
-1.485313653945922852e+00
9.411615878343582153e-02
2.806203365325927734e-01
1.618128865957260132e-01
7.205973267555236816e-01
-1.618637084960937500e+00
3.274902403354644775e-01
3.984294235706329346e-01
8.600416183471679688e-01
9.061616063117980957e-01
5.043071508407592773e-01
1.827787607908248901e-01
-4.168976545333862305e-01
3.028282225131988525e-01
7.751447558403015137e-01
9.021312594413757324e-01
6.581372022628784180e-01
6.819948554039001465e-01
-1.899008989334106445e+00
2.869637906551361084e-01
2.544892728328704834e-01
2.045255661010742188e+00
-1.651370897889137268e-02
9.580235481262207031e-01
6.825315952301025391e-01
-1.398639678955078125e+00
1.277108788490295410e-01
1.300991773605346680e+00
-1.339550137519836426e+00
1.584318399429321289e+00
2.578300535678863525e-01
3.715518414974212646e-01
-7.765803337097167969e-01
-1.224683046340942383e+00
3.999770879745483398e-01
8.360723853111267090e-01
5.938569903373718262e-01
5.709179639816284180e-01
-1.355363577604293823e-01
1.096820473670959473e+00
-2.960853278636932373e-01
1.533406853675842285e+00
-1.543085873126983643e-01
1.803852081298828125e+00
-1.695331186056137085e-01
-1.179985046386718750e+00
-5.777012109756469727e-01
5.730560421943664551e-01
5.906205177307128906e-01
2.043483972549438477e+00
1.037722468376159668e+00
-2.028878778219223022e-01
7.989254593849182129e-01
4.438517391681671143e-01
4.617043137550354004e-01
1.953083276748657227e-01
5.570157766342163086e-01
-1.144886314868927002e-01
-7.814875245094299316e-02
3.785685300827026367e-01
9.329621680080890656e-03
-1.222914218902587891e+00
-6.188541054725646973e-01
-4.399483501911163330e-01
-2.457817316055297852e+00
-1.598958112299442291e-02
-4.251905977725982666e-01
7.714142650365829468e-02
4.437086582183837891e-01
2.900955975055694580e-01
-9.998701214790344238e-01
-4.283158481121063232e-01
-9.827030301094055176e-01
-8.097784221172332764e-02
2.257298827171325684e-01
-5.747161339968442917e-03
-8.280476331710815430e-01
-4.314326941967010498e-01
1.121972575783729553e-01
7.000919580459594727e-01
1.114586472511291504e+00
-3.930517137050628662e-01
9.707236289978027344e-01
-7.961550951004028320e-01
-7.404600977897644043e-01
1.079196214675903320e+00
3.591012358665466309e-01
-6.510215401649475098e-01
-1.058589935302734375e+00
-2.654325366020202637e-01
-1.143920063972473145e+00
1.257988572120666504e+00
8.754032850265502930e-02
-1.629667162895202637e+00
6.602051258087158203e-01
1.021191835403442383e+00
-1.873401641845703125e+00
-5.640560984611511230e-01
-8.851019144058227539e-01
-1.461896896362304688e-01
2.116823643445968628e-01
-7.903213500976562500e-01
-1.158503293991088867e+00
-4.444904625415802002e-01
1.230800271034240723e+00
-6.344110369682312012e-01
-5.446535348892211914e-02
-1.279406905174255371e+00
-1.555113554000854492e+00
-4.421620070934295654e-01
2.021397113800048828e+00
5.685662031173706055e-01
1.259537599980831146e-02
7.028774823993444443e-03
1.083063960075378418e+00
-9.193841814994812012e-01
8.178215026855468750e-01
-1.240477681159973145e+00
1.094290256500244141e+00
2.373191833496093750e+00
8.211554884910583496e-01
-1.760013028979301453e-02
5.834537744522094727e-01
-8.482478857040405273e-01
4.338999688625335693e-01
-5.637549757957458496e-01
3.636904060840606689e-01
-6.201765537261962891e-01
-3.947843611240386963e-01
9.454794526100158691e-01
-7.253461480140686035e-01
3.673687875270843506e-01
-1.208535432815551758e+00
-1.423523545265197754e+00
-2.018352508544921875e+00
1.306251168251037598e+00
1.218564957380294800e-01
5.139039158821105957e-01
-6.263918876647949219e-01
8.968465328216552734e-01
-9.108015894889831543e-01
-3.492122888565063477e-01
-2.378390729427337646e-01
6.322818994522094727e-02
