-2.798684239387512207e-01
1.863301753997802734e+00
-3.303235173225402832e-01
-1.570097357034683228e-01
-5.219218730926513672e-01
-7.648994773626327515e-02
-1.467054635286331177e-01
-1.241366863250732422e-01
-5.147122144699096680e-01
-1.175548434257507324e+00
9.170315265655517578e-01
-1.658244132995605469e-01
-1.127999946475028992e-01
-4.898434281349182129e-01
-4.273565709590911865e-01
-2.397964715957641602e+00
-3.269418179988861084e-01
6.267060339450836182e-02
-1.121864438056945801e+00
7.545253038406372070e-01
5.059595108032226562e-01
1.510112285614013672e+00
5.942417383193969727e-01
3.059909045696258545e-01
1.072742640972137451e-01
-1.840811610221862793e+00
-4.250005877111107111e-04
8.576720356941223145e-01
-6.956343054771423340e-01
6.772171258926391602e-01
-1.322754979133605957e+00
5.447392463684082031e-01
-5.073596835136413574e-01
4.531671106815338135e-01
2.611528933048248291e-01
-7.945439815521240234e-01
2.307006567716598511e-01
8.145095109939575195e-01
-4.669395089149475098e-02
-9.076051414012908936e-02
-6.296416521072387695e-01
2.326191067695617676e-01
-1.316158294677734375e+00
5.029299259185791016e-01
2.814646959304809570e-01
-2.583466172218322754e-01
-8.855613470077514648e-01
-4.270514845848083496e-01
-5.769232511520385742e-01
1.825104475021362305e+00
-5.354796536266803741e-03
8.918702602386474609e-01
-2.858256995677947998e-01
-1.491193771362304688e+00
1.499164998531341553e-01
-3.181227147579193115e-01
-4.442789256572723389e-01
3.620404899120330811e-01
1.007061600685119629e+00
-4.045825302600860596e-01
-3.333795666694641113e-01
-4.562448561191558838e-01
3.164992332458496094e-01
-5.989264249801635742e-01
1.693564802408218384e-01
-4.264080822467803955e-01
3.857861272990703583e-03
5.982989910989999771e-03
5.593868494033813477e-01
-1.168161034584045410e+00
2.514929175376892090e-01
7.091987133026123047e-01
5.571826919913291931e-02
4.085070639848709106e-02
3.495169281959533691e-01
8.508543968200683594e-01
-3.628013730049133301e-01
8.228025585412979126e-02
1.617465734481811523e+00
8.673697113990783691e-01
-4.766008853912353516e-01
8.566171526908874512e-01
-1.327542066574096680e+00
-1.473888635635375977e+00
-5.582914352416992188e-01
8.346015214920043945e-01
-6.838924884796142578e-01
-2.752807140350341797e-01
1.244475543498992920e-01
-4.949800968170166016e-01
-6.202540397644042969e-01
-9.127142429351806641e-01
-5.977382063865661621e-01
-6.127580418251454830e-04
-7.363179326057434082e-01
-3.851659595966339111e-01
9.517565965652465820e-01
1.657143950462341309e+00
-1.977601051330566406e-01
1.012848973274230957e+00
-5.104182958602905273e-01
-9.010091423988342285e-01
-1.248852629214525223e-02
-1.645556539297103882e-01
3.219837546348571777e-01
-1.603560328483581543e+00
-8.284835815429687500e-01
5.464077591896057129e-01
-7.027837634086608887e-02
8.598007261753082275e-02
-1.204626917839050293e+00
2.704759836196899414e-01
-5.962891578674316406e-01
-2.729663550853729248e-01
-3.459842801094055176e-01
4.535194858908653259e-02
-1.095670223236083984e+00
-1.698750734329223633e+00
7.940562963485717773e-01
-9.529976546764373779e-02
-9.397495985031127930e-01
2.300140075385570526e-02
-2.966693639755249023e+00
-1.394781470298767090e-01
1.533949971199035645e+00
-2.449159920215606689e-01
1.062560558319091797e+00
-8.449149727821350098e-01
-1.645423054695129395e+00
-1.311012625694274902e+00
3.901763260364532471e-01
-1.757418036460876465e+00
-1.128369569778442383e+00
-2.293076366186141968e-01
9.240505099296569824e-01
3.475329577922821045e-01
8.203892111778259277e-01
1.526003051549196243e-02
4.491505920886993408e-01
1.001982092857360840e+00
-1.644162178039550781e+00
6.989651322364807129e-01
3.256772756576538086e-01
-4.586474895477294922e-01
4.482476115226745605e-01
2.029532194137573242e-02
-1.020068883895874023e+00
-5.997816920280456543e-01
-9.720895886421203613e-01
-4.925316274166107178e-01
-6.614500284194946289e-01
-1.259127110242843628e-01
4.655515253543853760e-01
5.056164264678955078e-01
1.033832788467407227e+00
4.438344836235046387e-01
-9.740519523620605469e-01
4.568181037902832031e-01
-9.525834321975708008e-01
4.817937016487121582e-01
1.677280068397521973e+00
-1.843828894197940826e-02
-9.217625856399536133e-02
-2.279969453811645508e-01
-3.805252313613891602e-01
-1.545553684234619141e+00
-4.881332814693450928e-01
-1.958963572978973389e-01
7.410223037004470825e-02
5.973019599914550781e-01
2.041720300912857056e-01
-8.748906850814819336e-01
-2.107743501663208008e+00
4.390733242034912109e-01
2.726043462753295898e-01
-4.507125318050384521e-01
8.214230090379714966e-02
1.464327871799468994e-01
-2.040333449840545654e-01
1.237286806106567383e+00
1.480850875377655029e-01
1.031200140714645386e-01
-7.536402344703674316e-02
-2.515541613101959229e-01
-5.109626427292823792e-02
-4.662388861179351807e-01
1.386378258466720581e-01
1.155582427978515625e+00
-4.742340743541717529e-02
-8.039440214633941650e-02
-8.587216585874557495e-02
-6.248108148574829102e-01
-1.470110863447189331e-01
4.163201749324798584e-01
-5.311375260353088379e-01
2.721893191337585449e-01
-8.833092451095581055e-01
3.433811664581298828e-01
-7.291221618652343750e-01
-6.973343491554260254e-01
-9.934432059526443481e-02
9.546681642532348633e-01
1.435628414154052734e+00
4.203014075756072998e-02
5.838325619697570801e-01
-6.742712855339050293e-01
-4.197054356336593628e-02
3.017926812171936035e-01
8.848224580287933350e-02
2.193999886512756348e-01
3.555511832237243652e-01
1.039199233055114746e+00
4.629486054182052612e-02
-8.408713936805725098e-01
-9.174673259258270264e-02
5.888703465461730957e-01
-2.061172008514404297e+00
-3.887363970279693604e-01
-1.257860302925109863e+00
-4.016382098197937012e-01
-1.145988479256629944e-01
-3.726046979427337646e-01
3.289477229118347168e-01
4.989908337593078613e-01
1.605968594551086426e+00
1.190630123019218445e-01
6.739565730094909668e-01
2.783102095127105713e-01
3.405677974224090576e-01
-6.845929026603698730e-01
-3.629250228404998779e-01
6.639595627784729004e-01
-3.479428887367248535e-01
9.085595607757568359e-01
1.437564611434936523e+00
4.206368029117584229e-01
4.292606115341186523e-01
-4.204984605312347412e-01
4.442133009433746338e-01
5.641217343509197235e-03
-5.875495672225952148e-01
-3.423402905464172363e-01
-1.383466571569442749e-01
-3.286729156970977783e-01
-1.563149690628051758e+00
-1.257795840501785278e-01
4.625847935676574707e-01
6.869009733200073242e-01
1.236387491226196289e+00
9.819970726966857910e-01
9.538516402244567871e-01
-3.644926249980926514e-01
-1.009891271591186523e+00
3.070330917835235596e-01
9.150066971778869629e-01
1.402046561241149902e+00
-3.723786473274230957e-01
-1.563331842422485352e+00
-8.351007699966430664e-01
-5.150027871131896973e-01
-1.677721291780471802e-01
-3.261118233203887939e-01
1.256385594606399536e-01
5.525472164154052734e-01
2.165520340204238892e-01
9.212527275085449219e-01
4.720742404460906982e-01
9.972498565912246704e-02
4.550276756286621094e+00
-9.193128943443298340e-01
3.372648060321807861e-01
1.151250004768371582e+00
-1.657937467098236084e-01
9.914386272430419922e-01
-4.818324744701385498e-01
4.619514644145965576e-01
7.190432548522949219e-01
-9.427974224090576172e-01
-4.751118421554565430e-01
-1.617670059204101562e-01
8.177313804626464844e-01
-9.671447277069091797e-01
2.067866027355194092e-01
1.352609872817993164e+00
1.018513321876525879e+00
-4.979276657104492188e-01
-3.319151699542999268e-01
-6.838077306747436523e-01
-1.421124041080474854e-01
-9.849607348442077637e-01
-4.597328901290893555e-01
5.014068484306335449e-01
-3.643290996551513672e-01
1.488071203231811523e+00
3.553351163864135742e-01
-3.056948482990264893e-01
-7.182123064994812012e-01
8.300252556800842285e-01
2.930044829845428467e-01
-2.858277320861816406e+00
-1.289306879043579102e+00
-1.217532873153686523e+00
1.254118442535400391e+00
7.102473974227905273e-01
-2.164976894855499268e-01
-4.924977198243141174e-02
-4.325326159596443176e-02
-2.263321876525878906e-01
1.127417325973510742e+00
4.585008323192596436e-01
5.939124822616577148e-01
6.626504063606262207e-01
6.499426960945129395e-01
-6.536195874214172363e-01
-2.873040735721588135e-01
-1.167984381318092346e-01
4.103482961654663086e-01
4.998303055763244629e-01
1.693961262702941895e+00
1.386160105466842651e-01
-3.179626166820526123e-01
-1.576745390892028809e+00
9.645298719406127930e-01
-2.926355004310607910e-01
2.543582320213317871e-01
9.410819038748741150e-03
1.511611938476562500e-01
-8.859561085700988770e-01
-3.937107622623443604e-01
1.590870261192321777e+00
1.387873888015747070e+00
-8.029034733772277832e-01
8.287233114242553711e-01
-4.475252926349639893e-01
2.107998579740524292e-01
8.420507907867431641e-01
-4.906131029129028320e-01
-2.863852977752685547e-01
1.242940187454223633e+00
-9.813637733459472656e-01
-3.123478963971138000e-02
-9.759410023689270020e-01
-4.207307696342468262e-01
-1.067470669746398926e+00
-1.299321651458740234e+00
-3.308848738670349121e-01
-2.484498262405395508e+00
-7.229900956153869629e-01
2.399792820215225220e-01
-7.207188010215759277e-01
-4.943729937076568604e-01
-5.854387283325195312e-01
-4.068950414657592773e-01
1.381696105003356934e+00
-1.984205096960067749e-01
-9.016014337539672852e-01
1.052925109863281250e+00
-6.928507089614868164e-01
-3.592633605003356934e-01
-1.091683954000473022e-01
6.211476325988769531e-01
-6.933661103248596191e-01
2.822547852993011475e-01
-5.322250723838806152e-01
9.163207411766052246e-01
-2.297870814800262451e-01
9.598276615142822266e-01
5.024120807647705078e-01
-3.111823499202728271e-01
1.520513415336608887e+00
2.394815981388092041e-01
4.562444090843200684e-01
1.275552064180374146e-01
8.371152877807617188e-01
-6.197503805160522461e-01
-8.823647350072860718e-02
7.696611285209655762e-01
-4.991590380668640137e-01
-7.261413335800170898e-01
1.020929574966430664e+00
2.512811422348022461e-01
1.170880913734436035e+00
1.118944406509399414e+00
-8.216421604156494141e-01
-5.394964814186096191e-01
5.814474821090698242e-01
-2.813035435974597931e-02
-9.488718509674072266e-01
8.703337311744689941e-01
2.444510608911514282e-01
-1.762273758649826050e-01
4.528482854366302490e-01
1.016397595405578613e+00
-2.057017982006072998e-01
3.331120014190673828e-01
-1.962928175926208496e-01
-9.903592467308044434e-01
9.512774348258972168e-01
-6.785837560892105103e-02
-3.286851644515991211e-01
1.794428110122680664e+00
-3.448611497879028320e-01
4.227980077266693115e-01
-1.379064798355102539e+00
3.728865832090377808e-02
1.446177065372467041e-01
-1.877937912940979004e-01
-8.022237420082092285e-01
3.449403345584869385e-01
-3.669798374176025391e-01
-1.044483780860900879e+00
6.046338677406311035e-01
-2.580270469188690186e-01
6.750487685203552246e-01
3.230856359004974365e-01
8.969398736953735352e-01
9.832785129547119141e-01
-7.409209012985229492e-02
-8.706504851579666138e-02
2.095188051462173462e-01
1.055166646838188171e-01
-1.028758764266967773e+00
4.542459845542907715e-01
1.460715681314468384e-01
-9.020297974348068237e-02
-5.446015000343322754e-01
8.920608162879943848e-01
1.301152855157852173e-01
-7.347931265830993652e-01
2.479596883058547974e-01
-6.844993233680725098e-01
4.154299497604370117e-01
-1.124242782592773438e+00
-1.410846263170242310e-01
5.816022753715515137e-01
7.065745592117309570e-01
2.191315293312072754e-01
2.074421495199203491e-01
1.779590994119644165e-01
-6.793171167373657227e-01
7.039527297019958496e-01
-1.995690315961837769e-01
-5.931279063224792480e-01
1.397331431508064270e-02
-3.789948821067810059e-01
4.412034526467323303e-02
-3.746360838413238525e-01
-9.718915820121765137e-01
4.611956179141998291e-01
-8.650658726692199707e-01
-9.349511861801147461e-01
-4.739429354667663574e-01
4.999554157257080078e-01
-1.736182123422622681e-01
6.966379284858703613e-01
-1.564254164695739746e-01
3.818306922912597656e-01
1.127854436635971069e-01
-3.640531301498413086e-01
4.123315811157226562e-01
7.753537893295288086e-01
8.093916773796081543e-01
-2.368585914373397827e-01
6.992040872573852539e-01
-1.352492690086364746e+00
-4.316083490848541260e-01
1.835493892431259155e-01
4.193706512451171875e-01
-1.213023304939270020e+00
-3.391773104667663574e-01
2.598092555999755859e-01
1.643117144703865051e-02
-7.908568382263183594e-01
-3.398705124855041504e-01
1.952635794878005981e-01
3.777631819248199463e-01
7.168667912483215332e-01
-7.743423581123352051e-01
-6.318259239196777344e-01
7.595484256744384766e-01
1.122923567891120911e-01
7.207306027412414551e-01
-2.567375004291534424e-01
2.102147638797760010e-01
-2.203988730907440186e-01
5.384083986282348633e-01
2.866610288619995117e-01
2.992356121540069580e-01
8.652724623680114746e-01
1.049649000167846680e+00
-8.737092614173889160e-01
1.218969702720642090e+00
4.048411846160888672e-01
8.752001523971557617e-01
-3.357424139976501465e-01
-5.524342060089111328e-01
-1.563285589218139648e-01
-1.727368474006652832e+00
-3.517614006996154785e-01
8.549109846353530884e-02
-6.997373700141906738e-02
-3.084411025047302246e-01
-7.068930864334106445e-01
8.043164610862731934e-01
-1.032932162284851074e+00
-4.930378496646881104e-02
-3.919331133365631104e-01
8.626780509948730469e-01
3.998045921325683594e-01
2.345151901245117188e-01
1.780025064945220947e-01
-4.672502875328063965e-01
3.171964585781097412e-01
4.353816509246826172e-01
6.759766340255737305e-01
5.009718537330627441e-01
-1.577033758163452148e+00
-5.646453499794006348e-01
4.763324558734893799e-01
-2.140269577503204346e-01
1.648771762847900391e-02
-4.886547476053237915e-02
-9.272441864013671875e-01
-7.532960772514343262e-01
4.189069867134094238e-01
4.537723585963249207e-02
-1.319604873657226562e+00
1.739021390676498413e-01
-1.061868906021118164e+00
-6.308314204216003418e-01
-2.947909533977508545e-01
2.391711771488189697e-01
8.006387352943420410e-01
-7.999885082244873047e-01
-3.203881978988647461e-01
-2.750136852264404297e-01
1.089563250541687012e+00
-2.987009584903717041e-01
-2.856550514698028564e-01
-9.360327720642089844e-01
-3.538708686828613281e-01
1.557502508163452148e+00
-2.932921648025512695e-01
-7.527448236942291260e-02
3.280662894248962402e-01
-5.859442055225372314e-02
-6.399099230766296387e-01
1.019225955009460449e+00
9.353468194603919983e-03
-4.572227895259857178e-01
-4.359554648399353027e-01
2.149801403284072876e-01
-6.028339862823486328e-01
-7.608830332756042480e-01
8.125925660133361816e-01
6.439875960350036621e-01
-1.747009515762329102e+00
1.229372739791870117e+00
6.321925669908523560e-02
5.592866539955139160e-01
9.724758863449096680e-01
2.664931118488311768e-02
1.020823717117309570e-01
-3.164379596710205078e-01
1.548651233315467834e-02
6.962767243385314941e-01
-6.014059782028198242e-01
5.529170632362365723e-01
7.118518352508544922e-01
1.036616563796997070e-01
3.461148738861083984e-01
4.099361225962638855e-02
7.606914639472961426e-01
-1.403156995773315430e+00
3.301119804382324219e-01
4.218754172325134277e-02
7.506753802299499512e-01
-1.249121427536010742e-01
8.022689223289489746e-01
8.072428703308105469e-01
3.623430430889129639e-01
1.741969704627990723e+00
-1.685211658477783203e-01
-3.585114702582359314e-02
-2.045204937458038330e-01
2.626809477806091309e-01
-1.435633063316345215e+00
5.595405101776123047e-01
-1.010228991508483887e+00
6.502101197838783264e-03
-6.867178082466125488e-01
-1.294319182634353638e-01
8.929596543312072754e-01
-3.130882382392883301e-01
-8.067104220390319824e-01
8.527217507362365723e-01
-2.353419810533523560e-01
-4.801319167017936707e-02
-6.452606320381164551e-01
-1.326691452413797379e-02
6.678298115730285645e-01
-8.334689140319824219e-01
-1.749511808156967163e-01
5.771825835108757019e-02
6.089925765991210938e-01
-1.111971616744995117e+00
-3.823153376579284668e-01
-1.525111079216003418e+00
-7.780982851982116699e-01
1.550764560699462891e+00
-1.410616934299468994e-01
-5.065855979919433594e-01
1.119831800460815430e+00
1.016388893127441406e+00
-1.492268919944763184e+00
-2.634643614292144775e-01
3.557270392775535583e-02
-7.617642283439636230e-01
-8.372473716735839844e-02
2.643676996231079102e-01
1.133940458297729492e+00
-6.025306582450866699e-01
-3.682229518890380859e-01
7.085282206535339355e-01
-4.500627219676971436e-01
6.789991259574890137e-01
-4.391895830631256104e-01
1.642661929130554199e+00
1.135062336921691895e+00
-5.028043407946825027e-03
1.885289788246154785e+00
4.126293957233428955e-01
7.421986460685729980e-01
9.283447861671447754e-01
-4.637533128261566162e-01
1.600540429353713989e-01
2.075969129800796509e-01
-7.627877593040466309e-01
2.832780778408050537e-01
-4.476064443588256836e-01
-1.431093662977218628e-01
-3.801205456256866455e-01
-4.772438704967498779e-01
1.370508551597595215e+00
-2.968668639659881592e-01
-2.164541721343994141e+00
-1.198122620582580566e+00
3.945219218730926514e-01
5.662883520126342773e-01
-5.161309838294982910e-01
-5.353171825408935547e-01
1.103174686431884766e+00
-6.258693337440490723e-01
-1.202610582113265991e-01
1.047076210379600525e-01
1.194549441337585449e+00
1.521566361188888550e-01
1.215270996093750000e+00
4.844412505626678467e-01
3.160174190998077393e-01
-9.288308620452880859e-01
-2.127257585525512695e-01
-1.246762573719024658e-01
5.385581851005554199e-01
-9.011584520339965820e-01
1.044717192649841309e+00
1.151743769645690918e+00
1.332805633544921875e+00
-1.969533413648605347e-01
-5.925678610801696777e-01
-1.000915527343750000e+00
-5.113271474838256836e-01
8.316988497972488403e-02
1.526174306869506836e+00
5.293657779693603516e-01
-9.910662174224853516e-01
-1.267171800136566162e-01
-1.988646239042282104e-01
2.002161264419555664e+00
5.011796355247497559e-01
-8.537125587463378906e-02
-2.680826485157012939e-01
6.479218602180480957e-01
-1.973361372947692871e-01
-6.327043771743774414e-01
1.105419825762510300e-02
-1.065043732523918152e-01
9.992723166942596436e-02
-6.788035392761230469e+00
1.099972501397132874e-01
3.552713394165039062e-01
3.737991675734519958e-02
7.876824736595153809e-01
8.723888993263244629e-01
-1.347026944160461426e+00
5.960324406623840332e-01
1.766901612281799316e-01
-3.006963431835174561e-01
8.599019795656204224e-02
5.274850130081176758e-01
-3.061176538467407227e-01
-2.069704532623291016e+00
2.430268824100494385e-01
1.175954699516296387e+00
2.085648924112319946e-01
3.597580790519714355e-01
2.521973848342895508e+00
-3.623809814453125000e-01
-2.844075441360473633e+00
5.235670804977416992e-01
-6.606071591377258301e-01
3.343772888183593750e-01
1.183947362005710602e-02
-5.683371424674987793e-01
5.912455916404724121e-01
5.535175800323486328e-01
5.888065099716186523e-01
-1.215223073959350586e+00
1.109481826424598694e-01
2.960703969001770020e-01
-6.000937223434448242e-01
-7.366604208946228027e-01
2.537980675697326660e-01
7.844492048025131226e-02
-9.118930995464324951e-02
-1.382843852043151855e+00
-6.935291886329650879e-01
-1.149350881576538086e+00
5.948513373732566833e-02
-3.000305593013763428e-01
9.790250100195407867e-03
-1.328628420829772949e+00
-4.565389752388000488e-01
3.421588242053985596e-01
1.346862077713012695e+00
-1.841392517089843750e-01
-6.434563994407653809e-01
-8.152992129325866699e-01
6.510461568832397461e-01
3.071559369564056396e-01
2.858531288802623749e-02
-2.829904481768608093e-02
-3.631951510906219482e-01
1.595548391342163086e+00
-6.316713988780975342e-02
-1.523663282394409180e+00
1.564426571130752563e-01
-2.108742743730545044e-01
3.563149645924568176e-02
-5.405411720275878906e-01
4.604417085647583008e-01
-4.482896625995635986e-01
2.369688590988516808e-03
-5.093638300895690918e-01
-1.457842946052551270e+00
-1.841972023248672485e-01
-2.732231855392456055e+00
-1.338313817977905273e-01
-2.115617036819458008e+00
-2.976378798484802246e-01
1.427734941244125366e-01
2.872180938720703125e-01
4.286640882492065430e-01
1.820908069610595703e+00
9.777781367301940918e-02
-1.173063039779663086e+00
1.595126278698444366e-02
-2.170074582099914551e-01
