-5.476955175399780273e-01
-9.473774582147598267e-02
1.172937452793121338e-01
1.279675215482711792e-01
-1.847708076238632202e-01
3.534793853759765625e-01
1.268459251150488853e-03
-1.415315628051757812e+00
-8.671355843544006348e-01
-1.072982400655746460e-01
-6.195023655891418457e-01
-5.250188112258911133e-01
2.238453598693013191e-03
-5.564787983894348145e-01
-3.930693268775939941e-01
7.714679837226867676e-01
2.083135694265365601e-01
-5.111273527145385742e-01
7.065169215202331543e-01
-4.226129353046417236e-01
2.992916703224182129e-01
-8.422145843505859375e-01
-3.592862188816070557e-02
5.247628688812255859e-02
1.511208772659301758e+00
-1.958753913640975952e-01
-6.354658603668212891e-01
-4.046723842620849609e-01
-1.992708802223205566e+00
1.017957180738449097e-01
1.972010374069213867e+00
-1.023466110229492188e+00
-2.517389059066772461e+00
-6.533703207969665527e-01
9.002251029014587402e-01
1.633268296718597412e-01
-2.585964202880859375e-01
-1.976756215095520020e+00
9.913089126348495483e-02
-7.319126278162002563e-02
-4.502383172512054443e-01
-1.368998646736145020e+00
-1.427451968193054199e-01
5.696276426315307617e-01
1.406304389238357544e-01
7.286347746849060059e-01
-1.514321267604827881e-01
6.243408322334289551e-01
3.322746977210044861e-02
3.005356490612030029e-01
-8.026322722434997559e-01
-9.671585261821746826e-02
-1.399288535118103027e+00
-5.298365354537963867e-01
6.652131676673889160e-01
-4.002908170223236084e-01
-3.183353319764137268e-02
-6.220834255218505859e-01
1.838362216949462891e-01
3.402473628520965576e-01
4.687312245368957520e-01
6.762484908103942871e-01
6.143733859062194824e-01
-5.060081481933593750e-01
6.690051555633544922e-01
2.494429349899291992e-01
1.267889142036437988e-01
2.386074066162109375e-01
1.255489587783813477e+00
3.588531613349914551e-01
5.044894814491271973e-01
6.374849081039428711e-01
-1.849793791770935059e-01
9.240146875381469727e-01
1.071708679199218750e+00
-2.103694677352905273e-01
2.328677661716938019e-02
-1.139790490269660950e-01
6.938931941986083984e-01
1.747681021690368652e+00
1.280010342597961426e+00
5.439280346035957336e-02
-3.307596683502197266e+00
-1.638200044631958008e+00
-1.525367259979248047e+00
1.389998197555541992e+00
5.764440298080444336e-01
-1.533281683921813965e+00
-7.787266373634338379e-01
-5.687685012817382812e-01
-1.727808952331542969e+00
-2.080543994903564453e+00
-1.027061462402343750e+00
2.031245380640029907e-01
-5.613693594932556152e-01
1.702293038368225098e+00
4.182646796107292175e-02
2.303062826395034790e-01
-5.983841419219970703e-01
-1.514678262174129486e-02
3.681034445762634277e-01
3.035171329975128174e-01
1.563277602195739746e+00
-6.985990405082702637e-01
-1.120336771011352539e+00
-1.323374509811401367e+00
-6.731965541839599609e-01
1.928989171981811523e+00
7.609748840332031250e-01
1.284096539020538330e-01
8.941881060600280762e-01
1.095648169517517090e+00
-1.335836648941040039e+00
-1.906106233596801758e+00
-1.080288410186767578e+00
5.294045060873031616e-02
-4.095274209976196289e-01
-7.355948090553283691e-01
1.432864367961883545e-01
9.366988539695739746e-01
2.182010710239410400e-01
5.487435460090637207e-01
-2.549133300781250000e+00
2.523841559886932373e-01
1.043117046356201172e+00
5.464363694190979004e-01
-4.859874546527862549e-01
1.662996172904968262e+00
-1.270006656646728516e+00
-2.406639337539672852e+00
2.180215716361999512e-01
5.831683427095413208e-02
2.584329843521118164e-01
-1.266564846038818359e+00
-2.297985076904296875e+00
-5.474552512168884277e-01
5.869832634925842285e-01
-1.823012717068195343e-02
-9.359340071678161621e-01
7.640849947929382324e-01
7.332832366228103638e-02
6.978150010108947754e-01
-9.160300344228744507e-02
-3.890057206153869629e-01
-4.964811205863952637e-01
-1.301864087581634521e-01
-5.926948189735412598e-01
3.451167047023773193e-01
-1.071776032447814941e+00
-4.583859145641326904e-01
7.552208900451660156e-01
3.232781887054443359e-01
-7.959906458854675293e-01
-1.101598143577575684e+00
5.354279279708862305e-01
2.112341821193695068e-01
-2.210851162672042847e-01
8.631674647331237793e-01
-3.876360058784484863e-01
1.141217947006225586e+00
6.323776841163635254e-01
-9.300768375396728516e-01
4.079442024230957031e-01
-1.559298753738403320e+00
1.014194607734680176e+00
3.545358404517173767e-02
-2.885860502719879150e-01
5.635448694229125977e-01
-1.189235687255859375e+00
-2.302792221307754517e-01
-1.254497766494750977e+00
-1.472373127937316895e+00
-8.762532472610473633e-01
-3.333622515201568604e-01
2.476227581501007080e-01
1.157561540603637695e-01
6.326035261154174805e-01
4.071844220161437988e-01
-3.896140456199645996e-01
1.437083721160888672e+00
-7.145922183990478516e-01
1.919316202402114868e-01
-1.449217647314071655e-02
9.505929946899414062e-01
1.261246442794799805e+00
2.062333524227142334e-01
-1.327132880687713623e-01
-8.305360674858093262e-01
9.118589758872985840e-01
8.186317086219787598e-01
-2.736455798149108887e-01
-1.288294911384582520e+00
-6.575165987014770508e-01
1.172283768653869629e+00
-5.704661607742309570e-01
1.102195382118225098e+00
-8.106046915054321289e-01
1.845563948154449463e-01
-4.066602885723114014e-02
7.370111346244812012e-01
-1.565530896186828613e-01
2.082587957382202148e+00
1.743281006813049316e+00
-4.241424500942230225e-01
8.409456014633178711e-01
-1.072494268417358398e+00
-6.517978012561798096e-02
-2.822581052780151367e+00
1.165849208831787109e+00
-8.382230997085571289e-01
-1.135117530822753906e+00
-6.959549784660339355e-01
-2.898664176464080811e-01
-8.135575056076049805e-01
-9.314917027950286865e-02
-5.846548080444335938e-01
-3.596037864685058594e+00
-6.495819091796875000e-01
-2.906280197203159332e-02
2.035042047500610352e+00
1.295477986335754395e+00
7.413505315780639648e-01
5.728406310081481934e-01
-4.951402544975280762e-01
-7.972167134284973145e-01
-3.014588952064514160e-01
-5.126774907112121582e-01
1.995101422071456909e-01
-1.315044045448303223e+00
-1.094133615493774414e+00
4.418728351593017578e-01
1.854434460401535034e-01
-9.575130939483642578e-01
1.828753709793090820e+00
9.496406912803649902e-01
1.761767566204071045e-01
1.573888659477233887e+00
1.110690951347351074e+00
4.006652832031250000e-01
7.236845493316650391e-01
1.885318607091903687e-01
-6.008269786834716797e-01
-1.316270351409912109e+00
-3.648265898227691650e-01
-1.209737420082092285e+00
6.912178993225097656e-01
3.865900337696075439e-01
6.085538268089294434e-01
7.384736090898513794e-03
-2.686285786330699921e-02
6.963755935430526733e-02
1.783724874258041382e-01
-6.106875538825988770e-01
-1.117540359497070312e+00
9.720240831375122070e-01
1.532211303710937500e+00
1.153786778450012207e+00
1.819298267364501953e-01
4.058197140693664551e-01
6.936173439025878906e-01
-2.159278243780136108e-01
3.257111907005310059e-01
-4.854110181331634521e-01
2.193806320428848267e-01
-1.529339432716369629e+00
1.496109366416931152e+00
-1.618399173021316528e-01
-6.403516530990600586e-01
2.790860176086425781e+00
7.313071489334106445e-01
-2.881002612411975861e-02
5.876695513725280762e-01
6.701810956001281738e-01
1.190806508064270020e+00
-1.487775146961212158e-01
-4.301598072052001953e-01
-7.354502081871032715e-01
-7.175198197364807129e-01
1.054640769958496094e+00
-6.070442795753479004e-01
7.378110885620117188e-01
1.031263843178749084e-01
9.328374862670898438e-01
5.446573495864868164e-01
1.839851140975952148e-01
5.371729135513305664e-01
1.123153641819953918e-01
6.900257468223571777e-01
8.903176784515380859e-01
2.039552927017211914e-01
-3.837742805480957031e-01
6.483346968889236450e-02
1.007603645324707031e+00
-5.817058682441711426e-01
1.077553749084472656e+00
-6.818271279335021973e-01
6.168493628501892090e-01
5.673518180847167969e-01
-7.710668444633483887e-02
5.821425914764404297e-01
1.019204854965209961e+00
-7.117737531661987305e-01
-2.755059599876403809e-01
-1.155205011367797852e+00
6.473399400711059570e-01
1.637848734855651855e+00
6.308372020721435547e-01
-1.168150547891855240e-02
-3.576446473598480225e-01
2.582908272743225098e-01
-7.934498190879821777e-01
-1.714329242706298828e+00
-1.139929533004760742e+00
6.317654848098754883e-01
-3.602155148983001709e-01
2.531844377517700195e-01
1.301759362220764160e+00
7.157210111618041992e-01
7.978934645652770996e-01
5.972799062728881836e-01
-8.947495818138122559e-01
3.104938566684722900e-01
1.143862247467041016e+00
-4.510233402252197266e-01
-1.845735311508178711e-01
2.119073569774627686e-01
5.939490348100662231e-02
-6.966732144355773926e-01
-6.768481731414794922e-01
1.388041377067565918e+00
-9.077433496713638306e-02
2.940623164176940918e-01
-5.619384646415710449e-01
5.528988838195800781e-01
1.267645716667175293e+00
8.408821187913417816e-03
4.665878117084503174e-01
1.537533383816480637e-02
9.284120798110961914e-01
-1.928526461124420166e-01
3.589302301406860352e-01
-6.449450254440307617e-01
5.163767337799072266e-01
2.142052352428436279e-01
-4.166550636291503906e-01
2.766378223896026611e-01
-1.386398911476135254e+00
9.377107620239257812e-01
2.773998379707336426e-01
-1.371164202690124512e+00
-9.249963760375976562e-01
-2.969692051410675049e-01
3.809441328048706055e-01
7.573431730270385742e-01
-7.430866360664367676e-01
-4.745266735553741455e-01
-5.125363543629646301e-02
-1.110992908477783203e+00
2.784785330295562744e-01
6.276302337646484375e-01
8.037514090538024902e-01
-7.363916635513305664e-01
8.837462216615676880e-02
-9.825303554534912109e-01
-9.608705043792724609e-01
2.922448813915252686e-01
1.298905968666076660e+00
6.069492101669311523e-01
9.191290140151977539e-01
4.860905408859252930e-01
9.269590377807617188e-01
-1.072295784950256348e+00
2.537361904978752136e-02
1.469929456710815430e+00
3.623693436384201050e-02
6.204090118408203125e-01
1.235152363777160645e+00
-9.058184623718261719e-01
-3.291083574295043945e-01
1.189517140388488770e+00
9.693571925163269043e-02
5.811839699745178223e-01
5.552414655685424805e-01
-4.413007497787475586e-01
-4.315857887268066406e-01
1.711988002061843872e-01
-1.101873636245727539e+00
-3.289066851139068604e-01
1.711434721946716309e+00
1.033061027526855469e+00
3.225780963897705078e+00
2.033078432083129883e+00
8.298680186271667480e-01
-1.211110711097717285e+00
1.163548588752746582e+00
2.879498004913330078e-01
-1.179443359375000000e+00
-1.417599678039550781e+00
-1.272742152214050293e+00
1.393924355506896973e+00
-3.465662002563476562e-01
-1.023542881011962891e+00
5.289160180836915970e-03
1.297577023506164551e-01
6.449403166770935059e-01
1.108116269111633301e+00
1.267768256366252899e-02
1.052271366119384766e+00
-7.142429351806640625e-01
-7.226443886756896973e-01
-7.577795982360839844e-01
5.236595273017883301e-01
-1.544925332069396973e+00
1.900736242532730103e-01
1.011305570602416992e+00
6.489544510841369629e-01
-3.809805512428283691e-01
-2.885976135730743408e-01
-8.882490992546081543e-01
1.295940160751342773e+00
-3.216117024421691895e-01
-1.419947504997253418e+00
8.813814520835876465e-01
1.568694949150085449e+00
1.739814728498458862e-01
3.114603161811828613e-01
-3.101391717791557312e-02
2.625747025012969971e-01
-5.259690284729003906e-01
-3.250055015087127686e-01
2.532823197543621063e-02
-1.899839639663696289e-01
8.388522863388061523e-01
-1.001361370086669922e+00
-6.609199941158294678e-02
2.982975244522094727e-01
1.911820620298385620e-01
4.520065784454345703e-01
-1.138363480567932129e-01
-7.223848700523376465e-01
5.213875770568847656e-01
2.737066507339477539e+00
3.987794816493988037e-01
-5.032565593719482422e-01
-5.001259446144104004e-01
-2.042418003082275391e+00
-8.581482768058776855e-01
-1.072372272610664368e-01
-5.387820005416870117e-01
-2.315148115158081055e-01
-3.914156556129455566e-01
-2.334329336881637573e-01
8.231567740440368652e-01
-5.518006682395935059e-01
-6.440910100936889648e-01
-4.631212651729583740e-01
1.094221994280815125e-01
8.496438264846801758e-01
9.455843567848205566e-01
-2.877157628536224365e-01
2.499213367700576782e-01
1.065357208251953125e+00
1.688477098941802979e-01
-6.023133993148803711e-01
-3.047495484352111816e-01
1.037674769759178162e-01
-5.628207921981811523e-01
1.070763468742370605e+00
4.073938429355621338e-01
7.419780492782592773e-01
1.264252364635467529e-01
-1.276441931724548340e+00
1.223751008510589600e-01
-8.275784254074096680e-01
-2.604291141033172607e-01
-2.987362146377563477e-01
5.960587859153747559e-01
-1.461778432130813599e-01
-1.359520077705383301e+00
1.170266151428222656e+00
2.294123411178588867e+00
4.313921555876731873e-02
-1.858602643013000488e+00
7.397087812423706055e-01
4.388190805912017822e-01
-1.349764466285705566e-01
-6.166753768920898438e-01
-1.779973804950714111e-01
-1.052535846829414368e-01
-7.894582748413085938e-01
-2.657743990421295166e-01
1.775789260864257812e+00
1.036261796951293945e+00
9.253536462783813477e-01
-1.577037811279296875e+00
3.196897804737091064e-01
-2.538743495941162109e+00
-2.792380094528198242e+00
2.559153735637664795e-01
-7.039672881364822388e-02
-5.168726444244384766e-01
-1.101656928658485413e-01
-9.154427051544189453e-01
2.678804099559783936e-01
-7.402749657630920410e-01
1.037653565406799316e+00
-3.532672822475433350e-01
1.010017752647399902e+00
4.271201491355895996e-01
1.044907093048095703e+00
1.253264784812927246e+00
7.592181563377380371e-01
2.317040443420410156e+00
2.846840023994445801e-01
9.278761595487594604e-02
-2.863934636116027832e-01
-1.581662535667419434e+00
-9.542487263679504395e-01
1.409124732017517090e-01
-1.490005850791931152e+00
-4.213941842317581177e-02
-1.540871620178222656e+00
-1.931119441986083984e+00
-6.268405914306640625e-01
1.128858804702758789e+00
1.080511331558227539e+00
-7.141810059547424316e-01
5.874741673469543457e-01
1.973787397146224976e-01
-1.688511729240417480e+00
-8.161035776138305664e-01
2.382312297821044922e+00
4.058835208415985107e-01
-5.322573706507682800e-02
3.737023174762725830e-01
-3.272759318351745605e-01
-1.403166890144348145e+00
4.587953984737396240e-01
-4.053982496261596680e-01
-1.217333674430847168e+00
-2.524215579032897949e-01
1.682957649230957031e+00
-2.440777420997619629e-01
-2.084852196276187897e-02
8.511174321174621582e-01
-7.732742428779602051e-01
1.300585865974426270e+00
1.068323135375976562e+00
3.449414074420928955e-01
4.785064458847045898e-01
1.830749660730361938e-01
-1.135827779769897461e+00
-1.489633798599243164e+00
-1.153428912162780762e+00
2.461641579866409302e-01
1.301304936408996582e+00
-9.125708937644958496e-01
4.824302196502685547e-01
-1.285058140754699707e+00
9.339524805545806885e-02
-3.417391853872686625e-04
7.152655720710754395e-01
5.268286466598510742e-01
-2.227760702371597290e-01
1.150821805000305176e+00
9.412013888359069824e-01
4.033779501914978027e-01
5.477263927459716797e-01
1.732732892036437988e+00
-5.027515888214111328e-01
2.298320770263671875e+00
-3.228304088115692139e-01
-8.169724941253662109e-01
4.572146832942962646e-01
-3.025425970554351807e-01
-5.567894577980041504e-01
-1.742879152297973633e-01
-4.064992368221282959e-01
-1.423855066299438477e+00
-3.108270168304443359e-01
-4.103834629058837891e-01
5.951133370399475098e-01
9.979390501976013184e-01
1.412696599960327148e+00
1.362541437149047852e+00
-2.630930542945861816e-01
-1.066445827484130859e+00
-1.659754037857055664e+00
-1.097468972206115723e+00
2.561283409595489502e-01
1.551190495491027832e+00
-2.460123449563980103e-01
-9.328466653823852539e-01
-3.036729805171489716e-02
-1.027187779545783997e-01
-5.058836340904235840e-01
4.246339499950408936e-01
1.470343917608261108e-01
-2.202335745096206665e-01
-9.955120086669921875e-01
-8.394064903259277344e-01
-1.407583653926849365e-01
5.053036808967590332e-01
3.848175704479217529e-01
-2.450831979513168335e-01
9.574071504175662994e-03
-4.782313704490661621e-01
-1.166502952575683594e+00
6.641695499420166016e-01
-2.173910588026046753e-01
-7.005412578582763672e-01
-1.051680803298950195e+00
-1.862499952316284180e+00
-1.526112198829650879e+00
-1.820362448692321777e+00
-7.750517874956130981e-02
5.448999404907226562e-01
-4.077710807323455811e-01
4.652221202850341797e-01
5.890162587165832520e-01
-1.303310036659240723e+00
-2.460804730653762817e-01
-1.399202466011047363e+00
8.414678275585174561e-02
-3.789512813091278076e-01
1.386888504028320312e+00
1.185882925987243652e+00
5.651197433471679688e-01
1.201785206794738770e+00
-9.508081674575805664e-01
1.456782579421997070e+00
1.304268389940261841e-01
-1.390178084373474121e+00
8.729537725448608398e-01
-1.197481036186218262e+00
-5.767369866371154785e-01
-1.336914777755737305e+00
6.105405092239379883e-01
-1.518659442663192749e-01
6.626179218292236328e-01
4.932200014591217041e-01
-4.734149277210235596e-01
-2.545584142208099365e-01
4.518648386001586914e-01
-9.486979246139526367e-01
-6.396501660346984863e-01
1.615581661462783813e-01
1.525250673294067383e+00
2.666997015476226807e-01
-3.506406843662261963e-01
-2.885603904724121094e+00
1.854734867811203003e-01
-1.348867774009704590e+00
-3.955878317356109619e-01
1.095311880111694336e+00
-4.052641689777374268e-01
-8.233191072940826416e-02
-2.662976503372192383e+00
4.611860215663909912e-01
2.435741424560546875e-01
9.330376237630844116e-02
2.305880784988403320e-01
2.026700973510742188e-01
-2.312168776988983154e-01
1.031983375549316406e+00
1.157001629471778870e-01
-3.405585587024688721e-01
-1.225778982043266296e-01
-4.752496629953384399e-02
-1.601898670196533203e+00
-3.799095153808593750e-01
-4.754458963871002197e-01
3.406481444835662842e-01
1.196249604225158691e+00
7.875372171401977539e-01
7.056404352188110352e-01
2.013682853430509567e-03
-8.219659328460693359e-01
1.461597383022308350e-01
6.994689702987670898e-01
-9.112139940261840820e-01
7.053185701370239258e-01
-4.805841147899627686e-01
1.786489725112915039e+00
-1.289781570434570312e+00
1.140485107898712158e-01
-8.383879661560058594e-01
-2.007531225681304932e-01
-8.870795369148254395e-01
-1.646642535924911499e-01
2.164756208658218384e-01
1.983947008848190308e-01
1.003165602684020996e+00
3.366785347461700439e-01
4.652203023433685303e-01
2.013957500457763672e+00
-6.046326160430908203e-01
-7.757306694984436035e-01
-3.450530171394348145e-01
1.981953531503677368e-01
1.577432751655578613e+00
-1.063753724098205566e+00
4.833053946495056152e-01
1.452126801013946533e-01
6.031660437583923340e-01
-8.877859115600585938e-01
8.881236314773559570e-01
5.121579766273498535e-01
-1.999287009239196777e+00
1.775359869003295898e+00
-2.175263166427612305e-01
6.963973641395568848e-01
4.331001937389373779e-01
-1.112027645111083984e+00
-7.561360001564025879e-01
-8.794684708118438721e-02
1.283642053604125977e+00
-7.197748422622680664e-01
1.098830699920654297e+00
-1.533877491950988770e+00
-7.821650505065917969e-01
-1.395110011100769043e+00
7.449061870574951172e-01
8.537164926528930664e-01
-3.033975325524806976e-02
4.747709035873413086e-01
-3.448562026023864746e-01
-1.277782171964645386e-01
1.250979185104370117e+00
-1.623433947563171387e+00
2.143657207489013672e-01
-1.549956202507019043e+00
-9.942744374275207520e-01
8.557073771953582764e-02
4.816008806228637695e-01
6.335371732711791992e-01
2.722628880292177200e-03
1.159856557846069336e+00
2.010475099086761475e-01
-1.051075682044029236e-01
2.534050643444061279e-01
-1.046290993690490723e+00
-3.673601746559143066e-01
9.346670508384704590e-01
-1.752812415361404419e-01
6.161316633224487305e-01
3.902961909770965576e-01
-1.670413464307785034e-01
1.309555888175964355e+00
6.997446417808532715e-01
6.174437701702117920e-02
-1.063721060752868652e+00
-1.157048702239990234e+00
2.596856653690338135e-01
-1.346848487854003906e+00
-5.533349514007568359e-01
-1.284827351570129395e+00
-1.089933753013610840e+00
-3.556726276874542236e-01
3.409056663513183594e-01
8.162791132926940918e-01
-9.902294278144836426e-01
-2.228907644748687744e-01
1.387407444417476654e-02
-5.025480389595031738e-01
-1.016549170017242432e-01
-7.922971248626708984e-02
4.645406603813171387e-01
