-8.773543238639831543e-01
1.631138205528259277e+00
-5.531153082847595215e-01
-1.264300704002380371e+00
1.178718328475952148e+00
-1.191205084323883057e-01
9.669981002807617188e-01
-1.422785669565200806e-01
-1.015055418014526367e+00
6.478255987167358398e-01
1.968868136405944824e+00
-6.746025681495666504e-01
6.471713781356811523e-01
-5.311031341552734375e-01
1.168778687715530396e-01
-6.460254788398742676e-01
3.975759148597717285e-01
4.101369976997375488e-01
-1.151432275772094727e+00
6.904025077819824219e-01
7.105547189712524414e-01
7.990338206291198730e-01
-1.084248572587966919e-01
-1.075669765472412109e+00
-1.028154417872428894e-01
-3.062522113323211670e-01
-1.210009381175041199e-01
-1.998542845249176025e-01
-1.545390486717224121e+00
-7.260130643844604492e-01
-4.414484202861785889e-01
1.488769412040710449e+00
-1.220993474125862122e-01
-4.868968725204467773e-01
-2.346708923578262329e-01
4.016291201114654541e-01
-4.204348027706146240e-01
-1.999707937240600586e+00
-2.733994089066982269e-02
1.290055871009826660e+00
-1.450748801231384277e+00
-6.974492669105529785e-01
5.743669345974922180e-02
4.909500479698181152e-01
9.281542897224426270e-01
-1.061237417161464691e-02
-5.576792359352111816e-01
-1.475713849067687988e+00
1.064243540167808533e-01
-2.563615739345550537e-01
-6.617751121520996094e-01
-5.068283677101135254e-01
7.619091272354125977e-01
-1.229451417922973633e+00
-1.525669932365417480e+00
-5.580110475420951843e-02
1.084434032440185547e+00
-3.554374352097511292e-02
2.452204003930091858e-02
1.423298954963684082e+00
1.107142046093940735e-01
-5.083052515983581543e-01
8.270502090454101562e-01
8.066771626472473145e-01
3.393536508083343506e-01
-6.740949749946594238e-01
3.166557550430297852e-01
1.383729457855224609e+00
-9.908038377761840820e-01
-1.396080851554870605e+00
-8.469207286834716797e-01
-1.430693745613098145e+00
-2.032264232635498047e+00
-4.557564258575439453e-01
5.576125979423522949e-01
2.136373519897460938e-01
1.465658564120531082e-02
3.149323165416717529e-02
5.166923999786376953e-02
4.361806213855743408e-01
2.351192086935043335e-01
7.664948701858520508e-01
-1.691349029541015625e+00
-9.517804384231567383e-01
-8.408804535865783691e-01
3.513833582401275635e-01
-8.067004680633544922e-01
1.199720576405525208e-01
-5.268455147743225098e-01
-8.494520187377929688e-01
-8.531410694122314453e-01
-3.068590164184570312e-01
4.457769989967346191e-01
9.544040560722351074e-01
-1.450187325477600098e+00
-9.268005490303039551e-01
7.153679728507995605e-01
1.020035147666931152e+00
2.061101794242858887e-02
1.424683451652526855e+00
-1.221909165382385254e+00
-1.336659938097000122e-01
-3.096159696578979492e-01
1.475596576929092407e-01
-6.682485938072204590e-01
-1.291712641716003418e+00
-3.130307793617248535e-01
-3.513989448547363281e-01
-3.945160210132598877e-01
-2.455081045627593994e-01
9.872767329216003418e-01
1.387427330017089844e+00
-1.867465734481811523e+00
-3.505061566829681396e-01
-6.176716685295104980e-01
-1.263446807861328125e-01
-8.455640077590942383e-01
-3.737306892871856689e-01
-1.573047637939453125e-01
1.142811059951782227e+00
-3.428341746330261230e-01
2.293821722269058228e-01
-2.385211944580078125e+00
-5.991101861000061035e-01
-5.260888859629631042e-02
4.570720344781875610e-02
4.667488932609558105e-01
-7.588500976562500000e-01
1.018121838569641113e+00
-3.095177002251148224e-02
9.112223982810974121e-01
-1.717673182487487793e+00
-5.905341506004333496e-01
-1.104523062705993652e+00
6.959137320518493652e-02
-2.603463232517242432e-01
9.191853404045104980e-01
-5.017338395118713379e-01
-6.044023633003234863e-01
5.399560928344726562e-01
-2.045102834701538086e+00
6.612370610237121582e-01
8.561956882476806641e-01
-7.402196526527404785e-01
3.562544286251068115e-01
1.420680642127990723e+00
4.103503525257110596e-01
6.685257554054260254e-01
1.433820836246013641e-02
-8.941087126731872559e-02
5.919131636619567871e-01
7.612555623054504395e-01
1.705742180347442627e-01
-7.918922901153564453e-01
1.759261012077331543e+00
-5.539325475692749023e-01
5.104057192802429199e-01
6.047640442848205566e-01
-1.949737429618835449e+00
2.827806770801544189e-01
2.386858612298965454e-01
-5.430886745452880859e-01
1.612136214971542358e-01
-5.892606377601623535e-01
-1.136560678482055664e+00
-7.893093824386596680e-01
-1.183565735816955566e+00
-3.406926989555358887e-01
4.354097247123718262e-01
-1.795886009931564331e-01
2.596283555030822754e-01
-6.608526408672332764e-02
-8.028158545494079590e-01
9.567713737487792969e-01
-6.902214288711547852e-01
-1.473524868488311768e-01
-4.961377009749412537e-02
-6.883680224418640137e-01
-2.873508930206298828e-01
1.438023328781127930e+00
2.295027077198028564e-01
-5.085334777832031250e-01
1.228433728218078613e+00
2.676946669816970825e-02
9.498459100723266602e-01
-1.476050496101379395e+00
-1.191055536270141602e+00
1.610167026519775391e-01
1.081883072853088379e+00
-9.689348936080932617e-02
1.476964950561523438e-01
3.942710161209106445e-01
1.197389245033264160e+00
7.208393216133117676e-01
-4.955366253852844238e-02
4.172928929328918457e-01
-4.968845248222351074e-01
-2.289665788412094116e-01
-5.110535770654678345e-02
-2.272064685821533203e+00
2.454213798046112061e-01
6.868572235107421875e-01
1.685110211372375488e+00
-1.823370814323425293e+00
2.206180691719055176e-01
-7.886207699775695801e-01
3.137331008911132812e-01
8.783470988273620605e-01
2.862996459007263184e-01
5.171707868576049805e-01
-8.301047086715698242e-01
-2.000374048948287964e-01
5.699928402900695801e-01
-4.570935368537902832e-01
-1.988911628723144531e-01
1.709447026252746582e+00
-2.044584751129150391e+00
-1.312459468841552734e+00
-2.161894798278808594e+00
9.582943916320800781e-01
-3.924075663089752197e-01
1.336589336395263672e+00
-6.056425571441650391e-01
-1.240074157714843750e+00
2.279354095458984375e+00
1.636999011039733887e+00
4.916952252388000488e-01
-3.745610415935516357e-01
-3.843924403190612793e-01
1.039537861943244934e-01
1.459682345390319824e+00
2.605244815349578857e-01
-1.499139964580535889e-01
1.260227799415588379e+00
9.888689517974853516e-01
7.871110439300537109e-01
3.925639092922210693e-01
-1.212669536471366882e-01
1.134502410888671875e+00
1.651810109615325928e-01
-3.067850172519683838e-01
-3.532916307449340820e-01
-1.673776507377624512e+00
8.323675990104675293e-01
-8.517515659332275391e-01
5.724338348954916000e-03
7.120329141616821289e-02
5.498799085617065430e-01
2.586862444877624512e-01
6.363885402679443359e-01
-3.189623057842254639e-01
-4.830797612667083740e-01
5.190141201019287109e-01
1.143624559044837952e-01
-4.252937138080596924e-01
2.196930348873138428e-01
-3.906987309455871582e-01
7.594896554946899414e-01
7.913140058517456055e-01
-1.124166175723075867e-01
5.911751985549926758e-01
1.446427684277296066e-02
-2.758274078369140625e-01
3.598237335681915283e-01
5.287532210350036621e-01
1.206757903099060059e+00
1.640727519989013672e+00
-4.496849775314331055e-01
5.078484058380126953e+00
-2.138191014528274536e-01
4.197104573249816895e-01
1.586601138114929199e+00
1.413657665252685547e+00
6.201827526092529297e-01
-7.514092922210693359e-01
1.631369233131408691e+00
-5.616093873977661133e-01
-1.243406534194946289e+00
-8.047466278076171875e-01
2.617022395133972168e-01
3.716933727264404297e-01
2.510954439640045166e-01
8.065562844276428223e-01
5.904211401939392090e-01
-4.302771687507629395e-01
-6.087960600852966309e-01
-1.027413085103034973e-01
4.778796434402465820e-01
-8.857087492942810059e-01
-8.489940166473388672e-01
-2.793634533882141113e-01
4.962106049060821533e-01
1.643117785453796387e+00
1.028585672378540039e+00
2.745372354984283447e-01
2.238960415124893188e-01
-4.698081314563751221e-02
2.219729572534561157e-01
-4.492946863174438477e-01
-2.406719446182250977e+00
1.550864726305007935e-01
-6.637476682662963867e-01
1.632385969161987305e+00
6.035786271095275879e-01
1.151076197624206543e+00
5.143814086914062500e-01
9.360722303390502930e-01
3.142446875572204590e-01
3.162517845630645752e-01
-1.584045961499214172e-02
-4.093226976692676544e-03
5.863181352615356445e-01
4.514919519424438477e-01
1.815054118633270264e-01
-1.477868854999542236e-01
-5.683454275131225586e-01
1.370001554489135742e+00
4.224068522453308105e-01
5.915950536727905273e-01
4.187875390052795410e-01
-8.826175332069396973e-01
1.739624887704849243e-01
-1.862323135137557983e-01
-3.311537802219390869e-01
-3.079609274864196777e-01
-5.971106886863708496e-02
-1.659450650215148926e+00
-1.369945883750915527e+00
-4.227794408798217773e-01
2.247705936431884766e+00
-1.388433098793029785e+00
2.294566929340362549e-01
1.531777381896972656e-01
1.462072432041168213e-01
1.837785124778747559e+00
-4.770336151123046875e-01
-1.068961858749389648e+00
-2.291056811809539795e-01
6.730691194534301758e-01
-7.905785441398620605e-01
-7.607445120811462402e-01
1.550299674272537231e-01
7.260756492614746094e-01
-2.728880643844604492e-01
-4.004408121109008789e-01
-1.580585837364196777e+00
-1.475712537765502930e+00
5.963091254234313965e-01
-8.626914620399475098e-01
-1.111512929201126099e-01
4.171217679977416992e-01
1.244721412658691406e+00
5.826714634895324707e-01
-8.099285960197448730e-01
-5.112102031707763672e-01
-1.188511729240417480e+00
6.123789548873901367e-01
-1.536115050315856934e+00
4.612535238265991211e-01
-4.033333361148834229e-01
-5.057176351547241211e-01
4.292386174201965332e-01
-1.007599711418151855e+00
-1.445099234580993652e+00
4.524415135383605957e-01
-1.331459403038024902e+00
4.743696451187133789e-01
-5.228720903396606445e-01
-2.291062176227569580e-01
1.101036667823791504e+00
6.289158463478088379e-01
1.798470020294189453e+00
5.213037366047501564e-04
4.084356129169464111e-01
2.783324718475341797e-01
-4.995937645435333252e-01
-7.220514416694641113e-01
1.266685277223587036e-01
8.337692022323608398e-01
-1.072946842759847641e-02
1.193525314331054688e+00
4.085581600666046143e-01
1.456099987030029297e+00
-2.204064093530178070e-02
-9.319006800651550293e-01
-1.127997994422912598e+00
-5.335931777954101562e-01
-1.794058561325073242e+00
5.702939629554748535e-01
-8.264038711786270142e-02
1.497367620468139648e+00
-4.659639000892639160e-01
1.263370871543884277e+00
-1.463438034057617188e+00
1.286741375923156738e+00
-1.025187969207763672e+00
-6.906239390373229980e-01
4.372830986976623535e-01
-4.506398439407348633e-01
1.134832382202148438e+00
8.298729062080383301e-01
-1.645002216100692749e-01
-1.085799187421798706e-01
-6.169867515563964844e-01
-1.091264843940734863e+00
1.076835632324218750e+00
-1.338458418846130371e+00
3.808317482471466064e-01
-3.244518935680389404e-01
-6.288167238235473633e-01
-5.555143952369689941e-01
3.713841363787651062e-02
-2.063227295875549316e-01
-1.401449739933013916e-01
-9.531892538070678711e-01
1.056375741958618164e+00
-2.345076799392700195e-01
4.031342864036560059e-01
-3.091705739498138428e-01
9.143039584159851074e-02
-1.033261418342590332e+00
-8.696924448013305664e-01
1.501707792282104492e+00
-4.377604722976684570e-01
-3.249925747513771057e-02
8.623041510581970215e-01
-1.051746368408203125e+00
3.768255710601806641e-01
-1.624066352844238281e+00
-1.107954621315002441e+00
-4.135487675666809082e-01
-2.463750690221786499e-01
9.403716325759887695e-01
-3.259592294692993164e+00
4.569681882858276367e-01
2.343320101499557495e-01
-7.782279849052429199e-01
2.239428013563156128e-01
3.033516108989715576e-01
-1.519888341426849365e-01
-4.335543811321258545e-01
-3.262301683425903320e-01
-6.740037202835083008e-01
-6.178072094917297363e-01
9.057607650756835938e-01
1.084891557693481445e+00
-1.442416608333587646e-01
1.149677753448486328e+00
3.478851318359375000e-01
-1.665336847305297852e+00
2.557656764984130859e-01
-6.137051582336425781e-01
7.387742400169372559e-02
-1.007343888282775879e+00
1.034493803977966309e+00
-1.055447816848754883e+00
-2.249649614095687866e-01
6.178043484687805176e-01
-9.965828657150268555e-01
8.494852781295776367e-01
6.239489912986755371e-01
-5.808887071907520294e-03
-8.873017132282257080e-02
1.905323266983032227e-01
-1.348647713661193848e+00
-1.131832242012023926e+00
1.642311066389083862e-01
-1.161718443036079407e-01
4.963064938783645630e-02
-8.788762614130973816e-03
1.336441278457641602e+00
-3.293119966983795166e-01
-2.988960146903991699e-01
-3.368512988090515137e-01
-7.172843813896179199e-01
1.789725422859191895e-01
-1.430529654026031494e-01
6.858282685279846191e-01
3.505568802356719971e-01
1.279513716697692871e+00
1.280346512794494629e+00
1.440925598144531250e+00
-1.069394230842590332e+00
-2.760875523090362549e-01
9.016098380088806152e-01
-3.686430454254150391e-01
-1.762987524271011353e-01
-3.655212521553039551e-01
4.767873287200927734e-01
-9.000392556190490723e-01
-6.839051246643066406e-01
9.389986395835876465e-01
-1.249720826745033264e-01
7.572631239891052246e-01
-1.153346657752990723e+00
5.915910601615905762e-01
6.521856784820556641e-01
-2.098215103149414062e+00
-4.871073067188262939e-01
-1.487350910902023315e-01
3.683577775955200195e-01
-7.439309954643249512e-01
5.697783827781677246e-01
1.679885149002075195e+00
-6.474635601043701172e-01
2.966017723083496094e-01
-1.183945655822753906e+00
-5.767761468887329102e-01
-7.164783477783203125e-01
2.053115844726562500e+00
-9.465603828430175781e-01
-2.193430364131927490e-01
3.178664445877075195e-01
-7.630693912506103516e-01
3.515698015689849854e-01
2.512234747409820557e-01
-4.939171969890594482e-01
-3.200497478246688843e-02
-6.248672008514404297e-01
4.913848042488098145e-01
-1.967682093381881714e-01
1.051162719726562500e+00
-1.091140985488891602e+00
-1.052246212959289551e+00
-5.881240963935852051e-01
-5.765025019645690918e-01
-1.096181035041809082e+00
4.825530052185058594e-01
2.958607077598571777e-01
-5.761795043945312500e-01
9.742978960275650024e-02
-1.734553813934326172e+00
9.700647592544555664e-01
1.515447646379470825e-01
7.373481988906860352e-01
2.309669107198715210e-01
6.366826891899108887e-01
2.972261905670166016e-01
1.330699324607849121e-01
-1.009698867797851562e+00
-6.220102310180664062e-01
4.857376217842102051e-01
-3.482789918780326843e-02
-6.222628951072692871e-01
1.687125325202941895e+00
4.619037508964538574e-01
1.376171350479125977e+00
1.170973539352416992e+00
-7.883451581001281738e-01
-3.763250112533569336e-01
-3.975237607955932617e-01
6.499804258346557617e-01
-2.436865091323852539e+00
-6.512194871902465820e-01
1.033331513404846191e+00
2.029945373535156250e+00
-6.496270000934600830e-02
1.878870248794555664e+00
5.565013289451599121e-01
-1.929460763931274414e+00
-5.286890268325805664e-01
5.163749456405639648e-01
-1.431426167488098145e+00
3.041112124919891357e-01
-8.582977652549743652e-01
-1.009320020675659180e+00
9.148047566413879395e-01
1.968066543340682983e-01
1.909676790237426758e+00
-1.827428460121154785e+00
-6.844390034675598145e-01
-3.904258310794830322e-01
-1.276286840438842773e-01
-9.072746634483337402e-01
-7.408480048179626465e-01
2.586346864700317383e-01
-6.932194828987121582e-01
-5.535409450531005859e-01
5.629472732543945312e-01
-2.135047167539596558e-01
-6.648255586624145508e-01
8.684765696525573730e-01
1.555184721946716309e-01
6.824510097503662109e-01
-1.028253555297851562e+00
-7.036262154579162598e-01
-1.693846583366394043e+00
-1.087253808975219727e+00
5.143545866012573242e-01
2.830880582332611084e-01
-2.413358092308044434e-01
6.762232780456542969e-01
1.672749996185302734e+00
-9.177106022834777832e-01
1.740438461303710938e+00
-2.814336419105529785e-01
2.118209123611450195e+00
7.749977111816406250e-01
-4.571007192134857178e-01
3.434244394302368164e-01
2.640101313591003418e-01
-7.475389838218688965e-01
-5.935935676097869873e-02
1.522596001625061035e+00
1.757436990737915039e-01
-3.748440444469451904e-01
-3.333911001682281494e-01
-1.236764669418334961e+00
-1.810605078935623169e-01
3.261514008045196533e-01
4.531230032444000244e-01
8.483222723007202148e-01
1.799065589904785156e+00
7.058447003364562988e-01
-9.849483370780944824e-01
5.799736827611923218e-02
1.727619171142578125e-01
-1.278589129447937012e+00
9.105432629585266113e-01
4.882429540157318115e-02
1.619951844215393066e+00
-9.843601584434509277e-01
-6.748083978891372681e-02
2.582480311393737793e-01
1.530582457780838013e-01
1.345106661319732666e-01
5.916181206703186035e-01
2.247054100036621094e+00
2.825745344161987305e-01
-5.949217081069946289e-01
9.998951554298400879e-01
3.172751665115356445e-01
9.396356940269470215e-01
7.971947789192199707e-01
1.565606474876403809e+00
6.265413165092468262e-01
1.151252388954162598e-01
6.264130473136901855e-01
-2.825751602649688721e-01
7.702535986900329590e-01
-5.711485147476196289e-01
1.999183058738708496e+00
4.295073747634887695e-01
1.005035400390625000e+00
-2.735187672078609467e-02
2.229713678359985352e+00
8.717420697212219238e-02
5.464474856853485107e-02
1.401133537292480469e+00
-9.722324013710021973e-01
-8.625215291976928711e-01
-6.131665110588073730e-01
-2.295884847640991211e+00
-3.678868114948272705e-01
-5.133128762245178223e-01
-1.268900930881500244e-01
-1.137300610542297363e+00
1.015207290649414062e+00
-4.363477230072021484e-01
-5.569295957684516907e-02
-5.029900670051574707e-01
-1.243529021739959717e-01
3.692466914653778076e-01
6.776495575904846191e-01
-6.447532176971435547e-01
1.298433661460876465e+00
3.402057886123657227e-01
2.189411640167236328e+00
-2.246257513761520386e-01
-1.517678022384643555e+00
-6.823396682739257812e-01
5.006311535835266113e-01
-1.431331992149353027e+00
2.187977313995361328e+00
-6.891050338745117188e-01
3.215532004833221436e-01
-6.239662766456604004e-01
7.146153599023818970e-02
1.354638695716857910e+00
-2.703250646591186523e-01
-3.412961661815643311e-01
-1.467373222112655640e-01
1.201339840888977051e+00
9.919261336326599121e-01
-3.410466909408569336e-01
-3.255270719528198242e-01
-9.418106079101562500e-01
-2.297217696905136108e-01
-4.531935691833496094e+00
-5.426625609397888184e-01
-1.724862098693847656e+00
-1.390837907791137695e+00
8.894069194793701172e-01
-8.471378087997436523e-01
-3.404736518859863281e-01
1.140585541725158691e+00
-8.769037723541259766e-01
-6.299573779106140137e-01
7.021901011466979980e-01
6.446164846420288086e-01
-7.766076177358627319e-02
6.022758483886718750e-01
-1.602674573659896851e-01
-7.425183653831481934e-01
5.672310590744018555e-01
1.630658060312271118e-01
3.096069574356079102e+00
6.487034559249877930e-01
-2.448725700378417969e+00
6.597344875335693359e-01
-4.596395194530487061e-01
-7.741272449493408203e-01
4.739689081907272339e-02
-1.623344235122203827e-02
-5.178718566894531250e-01
1.184741973876953125e+00
6.119482219219207764e-03
-9.334846138954162598e-01
3.738796710968017578e-01
-1.349312543869018555e+00
-8.759517669677734375e-01
8.169401884078979492e-01
-8.518280833959579468e-02
1.219359397888183594e+00
1.318519234657287598e+00
-1.355386674404144287e-01
-2.013445347547531128e-01
-5.796147584915161133e-01
9.593644738197326660e-01
-5.251579880714416504e-01
-7.798209041357040405e-02
-2.403455018997192383e+00
-1.308930516242980957e+00
-8.554656058549880981e-02
3.163169026374816895e-01
5.766225233674049377e-02
3.588057458400726318e-01
-1.435816884040832520e+00
-6.541058421134948730e-02
-2.974197566509246826e-01
-1.799300312995910645e-02
-9.931207895278930664e-01
7.308985590934753418e-01
1.412833929061889648e+00
-5.917004942893981934e-01
-1.306995868682861328e+00
-5.067339539527893066e-01
-1.044238567352294922e+00
5.134463310241699219e-01
-3.791274130344390869e-01
4.484902694821357727e-02
6.096061468124389648e-01
-3.806080520153045654e-01
3.348871171474456787e-01
-7.369292378425598145e-01
1.227087020874023438e+00
-1.080866456031799316e+00
-1.062939286231994629e+00
-2.220059871673583984e+00
4.434604644775390625e-01
2.840787768363952637e-01
1.881711333990097046e-01
-4.743265807628631592e-01
1.604263901710510254e+00
-5.711821317672729492e-01
-5.218709707260131836e-01
-1.712966084480285645e+00
1.172847032546997070e+00
