-7.380123436450958252e-02
1.176132559776306152e+00
2.809336483478546143e-01
-1.848154813051223755e-01
-8.167328238487243652e-01
4.279271066188812256e-01
-5.679193735122680664e-01
8.821840882301330566e-01
-6.712253689765930176e-01
1.383675575256347656e+00
1.617407441139221191e+00
-1.376610755920410156e+00
-6.658319830894470215e-01
-1.253958463668823242e+00
2.355105578899383545e-01
-1.063892170786857605e-01
-1.040145397186279297e+00
-1.104857087135314941e+00
-2.946960330009460449e-01
6.486695259809494019e-02
-4.397595226764678955e-01
2.089880108833312988e-01
2.328499108552932739e-01
5.545640587806701660e-01
1.510634183883666992e+00
-9.010046124458312988e-01
-1.603403240442276001e-01
-1.600256919860839844e+00
-1.933944344520568848e+00
4.992157518863677979e-01
1.730086445808410645e+00
-4.031394720077514648e-01
-1.836395502090454102e+00
3.550025820732116699e-01
1.911410331726074219e+00
-5.170110464096069336e-01
2.614667713642120361e-01
-1.040171504020690918e+00
6.915219128131866455e-02
-1.227919310331344604e-01
-2.045946121215820312e-01
-2.213457375764846802e-01
-6.355513930320739746e-01
1.132880687713623047e+00
-5.559256672859191895e-01
1.852916777133941650e-01
8.856166005134582520e-01
1.761750280857086182e-01
1.197030246257781982e-01
-2.982833981513977051e-01
-2.122617214918136597e-01
1.328242659568786621e+00
-1.508012652397155762e+00
-7.648308277130126953e-01
1.263416255824267864e-03
-9.816663861274719238e-01
6.252149343490600586e-01
-1.069730758666992188e+00
-3.470647037029266357e-01
7.198835723102092743e-03
3.813371956348419189e-01
-6.659933924674987793e-01
-8.349654674530029297e-01
-1.084906578063964844e+00
-6.396049633622169495e-03
-7.830900549888610840e-01
-1.008060455322265625e+00
1.519780904054641724e-01
-2.243288606405258179e-01
-3.393440246582031250e-01
1.076524376869201660e+00
-9.255015254020690918e-01
9.410785436630249023e-01
1.433345913887023926e+00
8.772211074829101562e-01
4.292397201061248779e-02
4.204259440302848816e-02
1.331728696823120117e-01
-4.274415969848632812e-02
-5.462074279785156250e-01
5.921913981437683105e-01
-6.286651641130447388e-02
-1.555819988250732422e+00
5.383803248405456543e-01
-2.192691087722778320e+00
1.677799940109252930e+00
1.461226105690002441e+00
-1.397284984588623047e+00
-9.472249746322631836e-01
9.060109853744506836e-01
-1.246820807456970215e+00
-1.091430306434631348e+00
-1.618738293647766113e+00
3.605067431926727295e-01
4.566074013710021973e-01
-1.708938628435134888e-01
1.179665565490722656e+00
4.785756766796112061e-01
-1.523859143257141113e+00
1.705054044723510742e+00
-6.363667845726013184e-01
-1.983916014432907104e-01
-6.121484637260437012e-01
-1.000798225402832031e+00
-2.094432413578033447e-01
-3.827840983867645264e-01
-1.435194730758666992e+00
2.034598290920257568e-01
9.796518683433532715e-01
-3.812853991985321045e-02
-2.277534455060958862e-01
1.209772109985351562e+00
-4.840248227119445801e-01
-8.683942556381225586e-01
1.506307274103164673e-01
3.394391238689422607e-01
-1.196321845054626465e-01
-1.574061870574951172e+00
2.733635663986206055e+00
1.531854391098022461e+00
1.930812150239944458e-01
-6.782476305961608887e-01
-2.277647733688354492e+00
9.664940834045410156e-02
1.683883070945739746e+00
1.655986785888671875e+00
7.765341401100158691e-01
-7.851769030094146729e-02
-1.131008505821228027e+00
-1.327471494674682617e+00
8.169651627540588379e-01
3.955272138118743896e-01
2.175261825323104858e-01
5.255789756774902344e-01
-1.731231689453125000e+00
-3.660717904567718506e-01
5.350629687309265137e-01
4.968330562114715576e-01
-1.575119346380233765e-01
-3.939400315284729004e-01
-7.745387554168701172e-01
-1.187675595283508301e+00
-1.369810223579406738e+00
-1.533035039901733398e+00
1.996787637472152710e-01
-1.047538593411445618e-01
-2.069686502218246460e-01
1.260040048509836197e-02
-2.186480045318603516e+00
4.578946903347969055e-02
8.723743557929992676e-01
-6.480294466018676758e-01
-3.437335789203643799e-01
-5.526332259178161621e-01
-3.548871576786041260e-01
1.678707122802734375e+00
7.294793725013732910e-01
4.958199858665466309e-01
2.145190834999084473e-01
-1.081355810165405273e-01
7.844805717468261719e-01
-1.790656208992004395e+00
1.956436038017272949e-01
-9.140477776527404785e-01
8.712316155433654785e-01
-6.885718107223510742e-01
-1.353922128677368164e+00
-9.340410232543945312e-01
-9.808349609375000000e-01
2.814096212387084961e-01
-1.361707568168640137e+00
-4.018597900867462158e-01
-1.158940434455871582e+00
1.118716001510620117e+00
8.629241585731506348e-01
-2.458093166351318359e+00
-1.563565492630004883e+00
9.796800613403320312e-01
-7.388120293617248535e-01
-8.081764578819274902e-01
-8.477596938610076904e-02
-1.857492327690124512e-01
-6.122738718986511230e-01
6.401461362838745117e-01
1.786759644746780396e-01
-4.017263054847717285e-01
-1.120692729949951172e+00
2.064411342144012451e-01
5.730546116828918457e-01
1.545414980500936508e-02
-5.195676162838935852e-02
-1.190895318984985352e+00
-8.702296018600463867e-02
-9.434127807617187500e-01
6.901924014091491699e-01
8.191244602203369141e-01
5.264686942100524902e-01
1.015911579132080078e+00
5.207586884498596191e-01
1.981920301914215088e-01
-7.565818428993225098e-01
1.467893004417419434e+00
1.580529510974884033e-01
-3.321930468082427979e-01
1.364955067634582520e+00
2.176469415426254272e-01
2.935318052768707275e-01
2.341326028108596802e-01
1.134583830833435059e+00
-1.333757638931274414e+00
-4.481766521930694580e-01
-9.926141500473022461e-01
3.806331157684326172e-01
-7.536474466323852539e-01
1.581062972545623779e-01
-5.203683972358703613e-01
-6.018169879913330078e+00
-1.604833960533142090e+00
-3.589288517832756042e-02
8.354210853576660156e-01
5.481534004211425781e-01
7.912207245826721191e-01
2.633999824523925781e+00
-2.259300649166107178e-01
1.326038479804992676e+00
1.266345024108886719e+00
-9.438134431838989258e-01
7.749972343444824219e-01
1.595609188079833984e-01
-2.088785916566848755e-01
1.174533605575561523e+00
-4.549318253993988037e-01
-2.087149471044540405e-01
4.294447600841522217e-01
-2.184050977230072021e-01
-1.354127079248428345e-01
5.672488808631896973e-01
-1.207380183041095734e-02
6.373491883277893066e-01
-1.021619319915771484e+00
-1.075760647654533386e-01
-1.200814321637153625e-01
-1.683954834938049316e+00
-1.538358449935913086e+00
-1.024014353752136230e+00
1.433102190494537354e-01
1.557995796203613281e+00
1.921229958534240723e+00
-9.688906669616699219e-01
7.949673533439636230e-01
5.591854453086853027e-01
3.980099558830261230e-01
-2.804291248321533203e+00
-5.406118631362915039e-01
1.539255499839782715e+00
2.582541704177856445e+00
1.069875478744506836e+00
-5.813885331153869629e-01
-6.481246352195739746e-01
-7.267585992813110352e-01
-1.345861434936523438e+00
-5.557760596275329590e-01
-8.459732532501220703e-01
9.057334065437316895e-01
2.570504248142242432e-01
5.107771158218383789e-01
7.435770034790039062e-01
-5.637197494506835938e-01
9.506766796112060547e-01
2.173119038343429565e-01
7.178173959255218506e-02
2.446704357862472534e-01
-1.542504578828811646e-01
5.337908864021301270e-01
-2.067737430334091187e-01
-4.117338061332702637e-01
-6.104064583778381348e-01
-1.109851121902465820e+00
-1.435068249702453613e-01
-3.425367474555969238e-01
1.076030850410461426e+00
1.062682628631591797e+00
1.134348869323730469e+00
-5.055157542228698730e-01
-2.802814543247222900e-01
2.068541757762432098e-02
-1.471545733511447906e-02
-8.922508955001831055e-01
2.083906412124633789e+00
-1.159100979566574097e-01
2.976626753807067871e-01
5.568632483482360840e-01
-4.096038043498992920e-01
2.113059043884277344e+00
-2.862547636032104492e-01
1.122550725936889648e+00
1.874632954597473145e+00
4.597640037536621094e-01
3.031563460826873779e-01
-1.752927064895629883e+00
-9.088751077651977539e-01
-1.810237616300582886e-01
1.714482665061950684e+00
1.120973348617553711e+00
5.073142051696777344e-01
6.190694570541381836e-01
-2.976071834564208984e-01
5.961534380912780762e-01
8.316414356231689453e-01
2.474121004343032837e-01
-1.834688663482666016e+00
-5.589817762374877930e-01
-1.477608919143676758e+00
7.862218022346496582e-01
-8.512827157974243164e-01
7.694359421730041504e-01
6.271254420280456543e-01
-1.234430670738220215e+00
2.023890733718872070e+00
9.422562122344970703e-01
7.476062178611755371e-01
-2.475953996181488037e-01
9.249856472015380859e-01
-1.697187542915344238e+00
-1.826567798852920532e-01
2.041139364242553711e+00
5.430673956871032715e-01
7.805220782756805420e-02
8.614079356193542480e-01
5.245086550712585449e-01
-1.135993838310241699e+00
-9.091150760650634766e-01
1.281232714653015137e+00
-2.211473435163497925e-01
-2.911584377288818359e-01
-7.527723908424377441e-01
-5.198428630828857422e-01
-1.717635691165924072e-01
3.507228195667266846e-01
6.622238457202911377e-02
-2.421801090240478516e-01
1.739590018987655640e-01
1.772582083940505981e-01
1.634901165962219238e-01
4.659528434276580811e-01
-6.334612369537353516e-01
-4.291049391031265259e-02
1.124770164489746094e+00
-3.120383918285369873e-01
-1.166820049285888672e+00
-9.379411339759826660e-01
3.333896100521087646e-01
-3.169431388378143311e-01
1.234708786010742188e+00
5.430141687393188477e-01
5.278939008712768555e-01
-1.489501476287841797e+00
-1.240930438041687012e+00
-1.187052130699157715e+00
-3.660943210124969482e-01
1.332891583442687988e+00
-2.578289508819580078e-01
6.210722774267196655e-02
-7.381294965744018555e-01
2.135074585676193237e-01
4.099053442478179932e-01
6.433292627334594727e-01
1.166936635971069336e+00
-5.826942324638366699e-01
1.746162414550781250e+00
1.580352067947387695e+00
3.661037385463714600e-01
6.206212043762207031e-01
1.166570782661437988e+00
-3.260267972946166992e-01
8.269374966621398926e-01
1.192306518554687500e+00
5.574135184288024902e-01
-5.190494656562805176e-01
4.818999767303466797e-01
-1.589302301406860352e+00
1.604294419288635254e+00
4.224679768085479736e-01
-8.139807581901550293e-01
3.775418102741241455e-01
7.390986680984497070e-01
-6.749890446662902832e-01
6.080425903201103210e-02
1.802018165588378906e+00
1.498923063278198242e+00
2.693753480911254883e+00
1.814258337020874023e+00
1.156530022621154785e+00
-1.077831745147705078e+00
1.698904633522033691e-01
-2.786329761147499084e-02
-1.743724644184112549e-01
-1.911149382591247559e+00
6.256546974182128906e-01
-9.884040951728820801e-01
8.345428109169006348e-01
7.945804595947265625e-01
6.343027949333190918e-01
3.388590514659881592e-01
-1.386724114418029785e+00
1.400088906288146973e+00
-1.709363460540771484e+00
-2.542922198772430420e-01
-6.879033446311950684e-01
-1.309075832366943359e+00
-5.818459987640380859e-01
-4.404775202274322510e-01
-9.972281455993652344e-01
-2.786242067813873291e-01
-6.201066374778747559e-01
1.162996172904968262e+00
2.009283285588026047e-03
2.954408824443817139e-01
-1.083766341209411621e+00
3.709276020526885986e-01
-6.049177646636962891e-01
-7.495272159576416016e-01
1.316754341125488281e+00
1.604499667882919312e-01
3.098661601543426514e-01
-4.657212793827056885e-01
7.310675978660583496e-01
8.810250759124755859e-01
1.026434063911437988e+00
1.573682785034179688e+00
-2.823778800666332245e-02
-1.648387908935546875e-01
-9.053019881248474121e-01
-7.492969185113906860e-02
-8.379309773445129395e-01
2.388801574707031250e-01
1.280317783355712891e+00
9.134401679039001465e-01
5.587797164916992188e-01
1.001486659049987793e+00
-1.498139500617980957e-01
1.534630656242370605e+00
-3.686908632516860962e-02
3.333248496055603027e-01
1.533418655395507812e+00
-1.037359714508056641e+00
-5.599161982536315918e-01
5.205317139625549316e-01
-3.292365968227386475e-01
6.305855512619018555e-01
-2.678738236427307129e-01
8.415017724037170410e-01
4.019573032855987549e-01
-1.307205915451049805e+00
-3.862219154834747314e-01
2.863172590732574463e-01
2.098192870616912842e-01
5.262323021888732910e-01
8.936597704887390137e-01
5.101891756057739258e-01
8.195329308509826660e-01
7.193039655685424805e-01
2.078761346638202667e-02
-1.347860097885131836e+00
7.348442077636718750e-01
-1.678380966186523438e+00
-1.906177699565887451e-01
-6.744350790977478027e-01
2.347434014081954956e-01
-1.054007172584533691e+00
-1.618570834398269653e-02
-9.639526605606079102e-01
-4.554692208766937256e-01
9.504712820053100586e-01
-9.921987056732177734e-01
-3.630920350551605225e-01
2.187292575836181641e+00
9.598299115896224976e-02
5.637655258178710938e-01
7.623195648193359375e-02
7.606426477432250977e-01
-5.857756137847900391e-01
-4.065283574163913727e-03
5.527359843254089355e-01
4.718409180641174316e-01
5.968286991119384766e-01
-5.978681445121765137e-01
-3.423640131950378418e-01
9.459033012390136719e-01
-2.392458915710449219e-02
-1.151062488555908203e+00
1.362590670585632324e+00
1.499482989311218262e-01
4.080686271190643311e-01
-1.391245722770690918e+00
-4.301087260246276855e-01
-5.727018117904663086e-01
-1.769271850585937500e+00
-2.432134449481964111e-01
3.094810545444488525e-01
-7.361052036285400391e-01
-1.081966876983642578e+00
4.456768631935119629e-01
-1.914536356925964355e-01
-2.917993068695068359e-01
2.184569537639617920e-01
-9.111248254776000977e-01
-4.614042639732360840e-01
8.448117375373840332e-01
6.599646806716918945e-01
5.687011480331420898e-01
5.504962801933288574e-02
2.551795244216918945e+00
2.956726551055908203e-01
-6.642538309097290039e-01
6.588485836982727051e-01
-1.800113201141357422e+00
-1.981114625930786133e+00
-7.792618274688720703e-01
-8.463781476020812988e-01
3.990277945995330811e-01
-5.553175806999206543e-01
3.759088516235351562e-01
7.166609168052673340e-01
1.620009064674377441e+00
3.082384467124938965e-01
-2.265972375869750977e+00
1.279091358184814453e+00
-7.220394909381866455e-02
-1.327797651290893555e+00
-6.546609103679656982e-02
2.515353918075561523e+00
-1.515843570232391357e-01
-5.030098557472229004e-01
1.637869596481323242e+00
-6.983226537704467773e-02
-7.415575385093688965e-01
8.227959871292114258e-01
-1.675911426544189453e+00
-7.629252672195434570e-01
1.479893565177917480e+00
2.583689212799072266e+00
-8.280665278434753418e-01
4.601855278015136719e-01
-8.432847261428833008e-01
-6.065313220024108887e-01
-9.394281506538391113e-01
9.646906852722167969e-01
-8.959167599678039551e-01
2.099116742610931396e-01
1.815897822380065918e-01
-1.009938120841979980e+00
1.018423914909362793e+00
-1.106733202934265137e+00
-2.616480588912963867e-01
1.025051236152648926e+00
1.178021669387817383e+00
-1.208963155746459961e+00
-4.981822371482849121e-01
1.157460689544677734e+00
-6.462025642395019531e-02
2.632833719253540039e-01
-4.737074375152587891e-01
-2.120846323668956757e-02
6.009798049926757812e-01
1.104595661163330078e+00
-9.431948661804199219e-01
2.280100345611572266e+00
2.399468421936035156e+00
-9.998579621315002441e-01
-8.140174746513366699e-01
1.492021679878234863e+00
-2.901331782341003418e-01
2.558671236038208008e-01
-3.190530240535736084e-01
-1.080158829689025879e+00
-4.222682714462280273e-01
2.794077098369598389e-01
-2.357329055666923523e-02
6.317880749702453613e-01
-4.695693850517272949e-01
1.665088295936584473e+00
-8.506115674972534180e-01
9.304416179656982422e-01
3.878166675567626953e-01
-1.486371636390686035e+00
-5.853517055511474609e-01
5.014088153839111328e-01
1.763403713703155518e-01
-3.161707520484924316e-01
1.765009522438049316e+00
3.995932936668395996e-01
2.053384631872177124e-01
3.020762205123901367e-01
-7.031071186065673828e-01
9.117125272750854492e-01
-9.120089411735534668e-01
1.540049076080322266e+00
1.332718491554260254e+00
3.835824429988861084e-01
-1.481040418148040771e-01
2.049961835145950317e-01
1.012928724288940430e+00
2.748803496360778809e-01
4.512276500463485718e-03
3.332463800907135010e-01
-1.425372242927551270e+00
-2.736889719963073730e-01
-7.294569164514541626e-02
-3.440758883953094482e-01
-4.214632511138916016e-01
-4.572257697582244873e-01
-5.253095626831054688e-01
1.047368124127388000e-01
-2.977507710456848145e-01
-1.721493244171142578e+00
9.716124087572097778e-02
4.485662877559661865e-01
5.567860007286071777e-01
1.617177009582519531e+00
-7.325350046157836914e-01
-6.523248553276062012e-01
-9.288733005523681641e-01
2.683410346508026123e-01
-3.198070228099822998e-01
3.156830072402954102e-01
-8.760142326354980469e-02
8.626130819320678711e-01
9.121521711349487305e-01
1.931469142436981201e-01
1.439292192459106445e+00
-5.369569063186645508e-01
-1.062980666756629944e-01
1.259831428527832031e+00
5.032606720924377441e-01
-1.488826513290405273e+00
-1.923236131668090820e+00
-9.437152743339538574e-01
-1.043664097785949707e+00
9.761071205139160156e-01
5.865554809570312500e-01
-9.172548055648803711e-01
2.800220847129821777e-01
1.149762392044067383e+00
-1.018290758132934570e+00
2.983722686767578125e-01
3.664195239543914795e-01
2.140200585126876831e-01
-7.554690241813659668e-01
1.094068408012390137e+00
-8.697915673255920410e-01
1.943139314651489258e+00
-1.520860552787780762e+00
-2.197709232568740845e-01
1.719321727752685547e+00
4.597456455230712891e-01
-2.608615756034851074e-01
-7.075757384300231934e-01
3.870921432971954346e-01
-3.234039247035980225e-01
-1.160686612129211426e+00
-2.677498459815979004e-01
8.122034072875976562e-01
1.587649345397949219e+00
8.355789184570312500e-01
-1.010595858097076416e-01
-6.223685145378112793e-01
-1.165386915206909180e+00
9.432301521301269531e-01
8.350421190261840820e-01
-5.505850315093994141e-01
-1.017822504043579102e+00
-5.313881039619445801e-01
1.100345849990844727e+00
-2.807084023952484131e-01
6.779224276542663574e-01
-6.586592197418212891e-01
-2.325150072574615479e-01
3.103122115135192871e-01
-6.251649856567382812e-01
1.705325841903686523e+00
4.383332431316375732e-01
3.608030080795288086e-01
3.553146123886108398e-01
-1.310652852058410645e+00
2.318800240755081177e-01
1.164611503481864929e-01
-1.199673190712928772e-01
-3.637010812759399414e+00
-1.173959255218505859e+00
-1.967040419578552246e+00
3.044213652610778809e-01
1.490181405097246170e-02
-1.472744345664978027e-01
-4.755114614963531494e-01
1.153903245925903320e+00
5.987513810396194458e-02
-1.074576139450073242e+00
2.123196572065353394e-01
3.364352881908416748e-01
-8.656055927276611328e-01
-2.018080949783325195e+00
5.412259697914123535e-01
1.192826747894287109e+00
6.700872182846069336e-01
-8.060591816902160645e-01
1.985682725906372070e+00
-4.014720916748046875e-01
-2.972582340240478516e+00
8.947433829307556152e-01
3.161730468273162842e-01
-4.350091516971588135e-01
5.860190987586975098e-01
-8.996481299400329590e-01
-1.332055211067199707e+00
1.084360122680664062e+00
3.622232377529144287e-01
1.998219043016433716e-01
-3.988593351095914841e-03
-3.863453567028045654e-01
-1.256235957145690918e+00
-2.304200887680053711e+00
-3.636380657553672791e-02
-1.913687288761138916e-01
5.245115756988525391e-01
-1.286165714263916016e+00
-6.511190533638000488e-01
-1.442445397377014160e+00
-8.534768223762512207e-02
-6.889777183532714844e-01
-2.078965753316879272e-01
-1.744786381721496582e+00
-1.036614656448364258e+00
-2.808257937431335449e-01
4.669828116893768311e-01
4.567790329456329346e-01
-2.186658680438995361e-01
1.073259830474853516e+00
8.098057508468627930e-01
4.357835054397583008e-01
-1.083049654960632324e+00
-6.902756094932556152e-01
3.760947287082672119e-01
1.433979749679565430e+00
-3.864462971687316895e-01
1.418088078498840332e+00
1.097001314163208008e+00
-9.432029128074645996e-01
4.525676965713500977e-01
1.540877819061279297e-01
7.078287005424499512e-01
-7.982367873191833496e-01
-7.613430023193359375e-01
4.021397531032562256e-01
-6.515869498252868652e-01
6.074249744415283203e-01
-1.153531312942504883e+00
-1.648976683616638184e+00
1.225347146391868591e-01
4.646521508693695068e-01
-4.555873572826385498e-02
-3.875263333320617676e-01
-2.061343669891357422e+00
1.142848730087280273e+00
-1.109930992126464844e+00
-2.011606216430664062e+00
-4.522621929645538330e-01
3.670240044593811035e-01
