2.369528263807296753e-01
-7.344881296157836914e-01
-4.178018271923065186e-01
-9.273151159286499023e-01
1.838948428630828857e-01
-7.738662958145141602e-01
-3.443452119827270508e-01
-5.047729983925819397e-02
-1.807015657424926758e+00
-1.778349429368972778e-01
7.374915480613708496e-01
-1.266397595405578613e+00
8.083371520042419434e-01
3.274875506758689880e-02
-6.696168780326843262e-01
-1.514436602592468262e+00
-6.401352286338806152e-01
-5.912901163101196289e-01
-7.209362387657165527e-01
7.652679681777954102e-01
1.821741342544555664e+00
1.114493012428283691e-01
1.698854088783264160e+00
-1.494223833084106445e+00
3.435107171535491943e-01
-7.604273557662963867e-01
-4.948636516928672791e-02
4.884369373321533203e-01
-6.170001029968261719e-01
6.452475190162658691e-01
-4.522398114204406738e-01
8.542357087135314941e-01
-2.726403176784515381e-01
-1.610526293516159058e-01
-6.803287863731384277e-01
7.408592104911804199e-02
-7.987466454505920410e-01
-7.054259181022644043e-01
2.865357091650366783e-03
1.266125679016113281e+00
-1.318801879882812500e+00
-1.593838930130004883e+00
3.766340389847755432e-02
2.853384017944335938e-01
1.408629655838012695e+00
-3.945508599281311035e-01
-4.990846291184425354e-02
-1.177331566810607910e+00
1.231843709945678711e+00
5.743255615234375000e-01
-1.195649579167366028e-01
-9.131871461868286133e-01
-9.763013571500778198e-02
-2.161384373903274536e-01
7.063791155815124512e-01
-1.053554534912109375e+00
4.122414812445640564e-02
1.393251866102218628e-01
-8.823087811470031738e-02
1.079453945159912109e+00
1.378201007843017578e+00
-4.897497221827507019e-02
1.314109563827514648e+00
-3.829631805419921875e-01
2.033571153879165649e-01
-1.240773126482963562e-01
-7.196205854415893555e-02
4.334107637405395508e-01
9.288363903760910034e-02
-1.125981092453002930e+00
4.943266212940216064e-01
-1.557992491871118546e-02
-5.120688676834106445e-01
-5.317547321319580078e-01
1.099982336163520813e-01
1.695862561464309692e-01
6.143328547477722168e-01
1.452846676111221313e-01
3.140016496181488037e-01
2.941202819347381592e-01
8.188152313232421875e-02
1.554362893104553223e+00
-2.228685855865478516e+00
-4.061813950538635254e-01
-1.611060649156570435e-01
-2.314468622207641602e-01
-3.691103756427764893e-01
3.383319377899169922e-01
2.404844462871551514e-01
-9.860268831253051758e-01
-1.259917616844177246e+00
4.487150534987449646e-02
-3.158451318740844727e-01
1.033233165740966797e+00
-2.286356538534164429e-01
7.620401382446289062e-01
3.151552677154541016e-01
1.562476754188537598e+00
7.903458476066589355e-01
1.215756654739379883e+00
4.415108859539031982e-01
7.181159853935241699e-01
7.793989181518554688e-01
1.539722830057144165e-01
-6.292265653610229492e-02
-8.243120312690734863e-01
-1.022091150283813477e+00
3.738700449466705322e-01
-7.611604034900665283e-02
7.216755747795104980e-01
9.911441206932067871e-01
4.654321968555450439e-01
-4.448567926883697510e-01
-1.273839082568883896e-02
-8.097018599510192871e-01
-4.615559577941894531e-01
-1.973057687282562256e-01
-1.161483488976955414e-02
-6.678894758224487305e-01
7.455071210861206055e-01
-2.231115847826004028e-01
7.094834446907043457e-01
-2.151832580566406250e+00
-1.885909140110015869e-01
3.080586493015289307e-01
1.336490269750356674e-02
8.413590192794799805e-01
5.832393765449523926e-01
1.025800481438636780e-01
-4.115164875984191895e-01
-1.424651034176349640e-02
-1.385134935379028320e+00
-2.727828025817871094e-01
-2.313652783632278442e-01
-6.378512382507324219e-01
-6.743028759956359863e-01
8.749865889549255371e-01
-4.608678817749023438e-02
-5.543882250785827637e-01
8.284217715263366699e-01
-6.582016944885253906e-01
3.756231069564819336e-01
9.591526389122009277e-01
-6.834145784378051758e-01
-5.425654053688049316e-01
7.448486089706420898e-01
-4.769954830408096313e-02
-2.089767009019851685e-01
-2.059066891670227051e-01
2.572802007198333740e-01
2.212903797626495361e-01
3.011511564254760742e-01
3.577146232128143311e-01
-4.558311700820922852e-01
1.259361863136291504e+00
-1.225746870040893555e+00
8.818447589874267578e-01
6.078137159347534180e-01
-9.225063920021057129e-01
4.934438169002532959e-01
3.506330251693725586e-01
-9.760649874806404114e-03
-2.189426869153976440e-01
-1.139186382293701172e+00
4.129194095730781555e-02
-1.184280037879943848e+00
-1.050708293914794922e+00
-3.932555019855499268e-01
2.528066560626029968e-02
3.080028481781482697e-02
2.065054625272750854e-01
-9.030423164367675781e-01
-1.327664375305175781e+00
4.626255631446838379e-01
-6.540768593549728394e-02
-1.888643950223922729e-01
1.496500223875045776e-01
-2.478211969137191772e-01
-1.184198021888732910e+00
9.984970092773437500e-01
1.962977647781372070e-01
-5.550061464309692383e-01
3.391370177268981934e-01
7.346383929252624512e-01
6.362657546997070312e-01
-6.161041855812072754e-01
-1.219310283660888672e+00
-2.962876558303833008e-01
8.147348165512084961e-01
4.974352717399597168e-01
-1.114311069250106812e-01
-1.337789297103881836e-01
1.184551954269409180e+00
6.064898520708084106e-02
-7.903822660446166992e-01
1.486460268497467041e-01
-1.040508747100830078e+00
6.208419799804687500e-01
1.020885944366455078e+00
-1.143248558044433594e+00
-4.735236763954162598e-01
7.999482750892639160e-01
2.134738683700561523e+00
-1.006198287010192871e+00
8.960719108581542969e-01
-6.743320822715759277e-01
2.637184262275695801e-01
-3.327299654483795166e-01
1.406001210212707520e+00
-3.125103414058685303e-01
6.772587895393371582e-01
-1.803126931190490723e-01
6.587357521057128906e-01
-7.102544903755187988e-01
-1.630216717720031738e+00
5.715598464012145996e-01
-1.810707211494445801e+00
-2.184637784957885742e-01
-1.112337827682495117e+00
-6.520628929138183594e-01
-1.916887015104293823e-01
1.221742749214172363e+00
-3.169155120849609375e-01
3.769583702087402344e-01
1.582051396369934082e+00
1.487674266099929810e-01
7.117505669593811035e-01
2.459664493799209595e-01
-1.275367856025695801e+00
-7.976387441158294678e-02
1.282793760299682617e+00
-5.864928662776947021e-02
-4.827769696712493896e-01
1.097409605979919434e+00
8.019834756851196289e-01
9.107398390769958496e-01
3.691699504852294922e-01
-1.526489555835723877e-01
-5.623169615864753723e-02
1.708015985786914825e-02
5.203277468681335449e-01
1.375712305307388306e-01
-1.025874257087707520e+00
6.989908814430236816e-01
-1.298994183540344238e+00
-2.967472672462463379e-01
1.661595553159713745e-01
7.694339752197265625e-01
7.177981138229370117e-01
7.910897582769393921e-02
-2.095588296651840210e-01
-6.323269605636596680e-01
-3.690658882260322571e-02
-1.232437133789062500e+00
-8.421508669853210449e-01
-6.684696674346923828e-01
5.640534162521362305e-01
3.111941814422607422e-01
-1.395813971757888794e-01
4.746873676776885986e-01
2.472669929265975952e-01
9.334357380867004395e-01
6.613339781761169434e-01
-3.575499355792999268e-01
-1.577264547348022461e+00
7.122477293014526367e-01
1.423931121826171875e+00
4.535606801509857178e-01
4.794944763183593750e+00
6.221114993095397949e-01
1.049564242362976074e+00
1.085289835929870605e+00
2.649073675274848938e-02
6.737360954284667969e-01
-5.446738600730895996e-01
9.829642176628112793e-01
-1.779121309518814087e-01
-1.348670125007629395e+00
3.265095176175236702e-03
-3.612954020500183105e-01
2.094944715499877930e-01
-5.671127513051033020e-02
9.500252008438110352e-01
1.092089414596557617e+00
5.276049673557281494e-02
-6.557384729385375977e-01
-9.938690811395645142e-02
3.000557422637939453e-01
7.711183279752731323e-02
-4.936302006244659424e-01
-3.975476622581481934e-01
3.327504545450210571e-02
5.996808409690856934e-02
-2.310647070407867432e-01
8.528658151626586914e-01
5.225861072540283203e-02
5.804475545883178711e-01
-3.612732291221618652e-01
4.454655945301055908e-01
-1.391222834587097168e+00
8.372653275728225708e-02
-4.622573554515838623e-01
1.273167610168457031e+00
9.660330414772033691e-02
1.802657991647720337e-01
5.974751710891723633e-01
3.956047445535659790e-02
3.486000001430511475e-02
1.087781429290771484e+00
1.764642298221588135e-01
-9.889026880264282227e-01
-9.237391352653503418e-01
-5.806355476379394531e-01
-7.512993365526199341e-02
3.409463912248611450e-02
-6.698251962661743164e-01
1.425659298896789551e+00
8.213145136833190918e-01
6.474102735519409180e-01
3.042846322059631348e-01
-1.339145064353942871e+00
3.914236426353454590e-01
2.117176502943038940e-01
-1.340013623237609863e+00
-1.987181305885314941e-01
7.624894380569458008e-02
-9.854454398155212402e-01
-1.709532141685485840e+00
-6.734479069709777832e-01
1.989732027053833008e+00
-3.585884869098663330e-01
-7.939971238374710083e-02
5.527427196502685547e-01
2.089732438325881958e-01
-5.553138852119445801e-01
-5.121800303459167480e-01
-3.760064542293548584e-01
-1.297479152679443359e+00
1.446955204010009766e+00
-1.001875519752502441e+00
-5.511714816093444824e-01
1.177207157015800476e-01
6.354947090148925781e-01
-3.257799446582794189e-01
-5.448011159896850586e-01
-8.794818073511123657e-03
-1.827124357223510742e+00
-1.356244683265686035e-01
-1.044679760932922363e+00
-5.186712145805358887e-01
-3.239652812480926514e-01
-4.184282720088958740e-01
-1.617915481328964233e-01
-1.375883817672729492e+00
-5.275775194168090820e-01
-3.692243099212646484e-01
-3.680421411991119385e-01
-1.522934436798095703e+00
3.777223080396652222e-02
1.344801425933837891e+00
2.757748961448669434e-01
-1.537514328956604004e-01
-8.149619102478027344e-01
-1.003793835639953613e+00
-8.969587683677673340e-01
-4.349758923053741455e-01
8.043713569641113281e-01
-2.118248343467712402e-01
6.857777237892150879e-01
5.462414026260375977e-01
6.126325726509094238e-01
7.722541689872741699e-01
-1.047276146709918976e-02
5.838289856910705566e-01
9.990812540054321289e-01
-8.260322213172912598e-01
-1.611702561378479004e+00
-8.616822957992553711e-01
5.366760492324829102e-01
-1.500322222709655762e-01
9.761263728141784668e-01
6.714023947715759277e-01
2.807481586933135986e-01
1.675879396498203278e-02
-1.367165088653564453e+00
-7.394048571586608887e-01
-6.714136004447937012e-01
-1.975614577531814575e-01
1.270767807960510254e+00
-2.443047612905502319e-01
2.992073774337768555e+00
1.998168975114822388e-01
6.318590641021728516e-01
-1.355349063873291016e+00
1.356701612472534180e+00
-3.547835350036621094e-01
-8.066238164901733398e-01
-3.620321452617645264e-01
-3.143137991428375244e-01
7.853899598121643066e-01
-4.058727622032165527e-01
-1.410463690757751465e+00
4.699213802814483643e-02
-2.196269035339355469e-01
-7.385987639427185059e-01
1.816090047359466553e-01
-1.239528536796569824e+00
5.388629436492919922e-01
-6.181578040122985840e-01
-5.507261753082275391e-01
1.048447132110595703e+00
-1.041311174631118774e-01
-9.781219959259033203e-01
6.631231904029846191e-01
-2.494362890720367432e-01
9.997241497039794922e-01
2.245312482118606567e-01
1.492427438497543335e-01
-9.909149408340454102e-01
1.064366221427917480e+00
-1.175536632537841797e+00
-1.211577534675598145e+00
1.960185170173645020e+00
3.051012456417083740e-01
-4.430163502693176270e-01
3.516322672367095947e-01
-1.323592901229858398e+00
-7.741811275482177734e-01
-8.200131654739379883e-01
-7.351241111755371094e-01
-3.282725214958190918e-01
2.832697890698909760e-02
1.078032851219177246e+00
-1.042435765266418457e+00
-8.510023355484008789e-02
1.090393066406250000e+00
-9.816983342170715332e-01
2.625860571861267090e-01
-3.350443392992019653e-02
-1.231237500905990601e-01
8.212214708328247070e-01
-5.607302784919738770e-01
-1.845290660858154297e+00
9.010013341903686523e-01
-2.023385763168334961e-01
1.328840255737304688e-01
-1.267740577459335327e-01
6.744018793106079102e-01
-4.336096644401550293e-01
-1.363971471786499023e+00
-6.053345799446105957e-01
-3.920909762382507324e-01
-3.322888910770416260e-01
-7.787629365921020508e-01
-2.628486603498458862e-02
-4.979941546916961670e-01
1.149682760238647461e+00
-1.060061827301979065e-01
-5.921702384948730469e-01
-5.815378427505493164e-01
1.705213338136672974e-01
6.157947778701782227e-01
-1.707604825496673584e-01
7.559872865676879883e-01
-5.796490907669067383e-01
-5.540598630905151367e-01
-5.585454106330871582e-01
9.251747727394104004e-01
2.473527193069458008e-01
-5.757656097412109375e-01
2.175277918577194214e-01
6.595620512962341309e-01
-2.044939249753952026e-01
8.586196303367614746e-01
1.480407118797302246e-01
-4.655868709087371826e-01
7.619247585535049438e-02
6.554697453975677490e-02
-1.158429980278015137e+00
1.320948839187622070e+00
7.477357387542724609e-01
4.083084166049957275e-01
-1.640253782272338867e+00
1.198054909706115723e+00
-3.054616041481494904e-03
-4.685501754283905029e-01
3.005200028419494629e-01
-5.553750991821289062e-01
1.312038302421569824e-01
-1.526366025209426880e-01
-2.794482707977294922e-01
1.564907908439636230e+00
-6.238127350807189941e-01
1.321525335311889648e+00
1.511238962411880493e-01
1.144630193710327148e+00
-5.144473314285278320e-01
-2.018600940704345703e+00
-3.899552673101425171e-02
-5.458615422248840332e-01
4.345827549695968628e-02
2.597099840641021729e-01
1.296127289533615112e-01
8.023158311843872070e-01
-7.331971526145935059e-01
-1.740396320819854736e-01
-4.130963087081909180e-01
9.167693257331848145e-01
-2.499593943357467651e-01
8.897867202758789062e-01
1.745976209640502930e-01
-1.241958379745483398e+00
3.830695152282714844e-01
-2.350456118583679199e-01
2.096859216690063477e-01
3.071137666702270508e-01
-1.286221861839294434e+00
4.292426407337188721e-01
5.331126451492309570e-01
-5.401098355650901794e-02
-1.502269655466079712e-01
8.241478800773620605e-01
-1.705780148506164551e+00
-1.179473876953125000e+00
-1.816905736923217773e-01
1.807729341089725494e-02
-8.325935602188110352e-01
7.791758179664611816e-01
2.838615477085113525e-01
-1.085041522979736328e+00
7.448639720678329468e-02
-1.199658274650573730e+00
9.369072914123535156e-01
3.471449911594390869e-01
-9.360784292221069336e-01
-7.820925712585449219e-01
-7.866218686103820801e-01
5.974552035331726074e-01
-1.080509424209594727e+00
-7.685910463333129883e-01
-7.044674754142761230e-01
4.891932383179664612e-02
-2.456900030374526978e-01
-3.082173466682434082e-01
1.052836656570434570e+00
8.329766988754272461e-01
2.149155139923095703e-01
6.913195252418518066e-01
-3.187465667724609375e-02
6.741765141487121582e-01
4.031648933887481689e-01
-2.883514761924743652e-02
-1.229811906814575195e+00
-1.645453572273254395e+00
1.451335549354553223e-01
1.675308346748352051e+00
-9.657135009765625000e-01
1.152246713638305664e+00
3.124689757823944092e-01
-1.392209410667419434e+00
5.290383100509643555e-01
1.328417539596557617e+00
-1.231835246086120605e+00
1.908409744501113892e-01
-5.103430747985839844e-01
-3.702765330672264099e-02
1.034327387809753418e+00
1.786610186100006104e-01
1.510347485542297363e+00
-1.196810603141784668e+00
1.848468929529190063e-01
5.352926626801490784e-02
-4.010975956916809082e-01
-1.318054199218750000e+00
-4.000221490859985352e-01
-7.166492938995361328e-01
-4.189289510250091553e-01
-4.985899031162261963e-01
-5.977635979652404785e-01
-4.413182437419891357e-01
-1.349376201629638672e+00
6.484388113021850586e-01
1.072885036468505859e+00
5.977846980094909668e-01
-7.699038982391357422e-01
4.562455117702484131e-01
-1.249177694320678711e+00
-9.915225505828857422e-01
-1.335342407226562500e+00
-4.656140804290771484e-01
-1.370552480220794678e-01
-8.911250531673431396e-02
6.437100768089294434e-01
-2.558019459247589111e-01
4.661932885646820068e-01
-1.859589695930480957e+00
1.313518404960632324e+00
-2.553674280643463135e-01
3.523453772068023682e-01
1.071924328804016113e+00
7.755683660507202148e-01
-1.498375535011291504e+00
-3.697291016578674316e-01
7.799705266952514648e-01
8.975721001625061035e-01
-4.208675622940063477e-01
-6.582241058349609375e-01
-1.172583341598510742e+00
-2.381278276443481445e-01
7.691248059272766113e-01
-8.394699096679687500e-01
4.477758407592773438e-01
-1.930134147405624390e-01
1.857240200042724609e-01
-1.815764069557189941e+00
-8.662526309490203857e-02
2.434960566461086273e-02
-8.777469992637634277e-01
5.402238965034484863e-01
1.217005699872970581e-01
6.979809999465942383e-01
4.546693265438079834e-01
-1.422195911407470703e+00
4.128564298152923584e-01
-5.797892808914184570e-01
4.359949529170989990e-01
7.846401333808898926e-01
3.377697467803955078e-01
8.999757766723632812e-01
-5.598832368850708008e-01
1.556213855743408203e+00
-6.147712841629981995e-02
7.443120479583740234e-01
5.349163413047790527e-01
2.158562660217285156e+00
9.654295444488525391e-01
-4.059510827064514160e-01
-2.271466422826051712e-03
-1.436562389135360718e-01
8.717463612556457520e-01
8.854222297668457031e-02
1.025080442428588867e+00
-3.701291382312774658e-01
1.644743680953979492e+00
-1.144278168678283691e+00
1.441395521163940430e+00
-1.198924422264099121e+00
-7.198169231414794922e-01
1.222663164138793945e+00
-8.689290285110473633e-02
-5.469216108322143555e-01
-5.667164325714111328e-01
-9.661746025085449219e-01
-4.200084507465362549e-01
3.050484135746955872e-02
-2.089991271495819092e-01
-2.718040645122528076e-01
3.135248124599456787e-01
8.641545474529266357e-02
3.999421000480651855e-01
-7.025336474180221558e-02
-8.156322240829467773e-01
-5.339660122990608215e-02
-7.637498527765274048e-02
-8.677735924720764160e-01
6.109666824340820312e-01
-2.810091376304626465e-01
8.727142810821533203e-01
3.166497349739074707e-01
-5.614725947380065918e-01
-4.170528147369623184e-03
-4.984905719757080078e-01
-4.697622954845428467e-01
2.089646100997924805e+00
2.610541880130767822e-01
-8.406144380569458008e-01
-3.578573167324066162e-01
-7.322817444801330566e-01
8.781641125679016113e-01
9.430267810821533203e-01
1.257739961147308350e-01
-3.389744758605957031e-01
1.364104300737380981e-01
1.781328201293945312e+00
-3.876970708370208740e-01
1.262277811765670776e-01
-2.853990793228149414e-01
3.724950850009918213e-01
-3.003267049789428711e+00
3.439577221870422363e-01
-1.274744629859924316e+00
-2.087785005569458008e-01
2.963244915008544922e-01
-1.582793593406677246e-01
2.325119674205780029e-01
1.639589905738830566e+00
-1.138991713523864746e+00
-7.838315516710281372e-02
-5.453640818595886230e-01
9.612652659416198730e-01
-1.032979860901832581e-01
-9.707469493150711060e-02
-7.537853717803955078e-01
-1.784614175558090210e-01
6.138103455305099487e-02
2.333616465330123901e-01
1.409446716308593750e+00
1.181253075599670410e+00
-3.503850400447845459e-01
1.630519777536392212e-01
-5.171520709991455078e-01
5.960182547569274902e-01
-1.977536976337432861e-01
-7.665548920631408691e-01
-8.740930557250976562e-01
8.757133483886718750e-01
3.012758791446685791e-01
-1.293154597282409668e+00
2.801662981510162354e-01
-1.068336725234985352e+00
-9.076287150382995605e-01
2.061502695083618164e+00
-1.187974289059638977e-01
1.260456919670104980e+00
3.497806489467620850e-01
-5.323005914688110352e-01
-9.258961081504821777e-01
-1.307199802249670029e-02
2.701530158519744873e-01
-8.335577696561813354e-02
-2.552728354930877686e-01
-1.087558388710021973e+00
2.600619494915008545e-01
1.538036823272705078e+00
7.690607309341430664e-01
-2.192795872688293457e-01
1.621587127447128296e-01
-3.635504748672246933e-03
-4.898757934570312500e-01
-3.910177648067474365e-01
3.315085172653198242e-01
-1.242974281311035156e+00
1.652751564979553223e+00
1.505571246147155762e+00
1.377093046903610229e-01
-1.850701093673706055e+00
2.940366603434085846e-02
-1.090008974075317383e+00
1.214493751525878906e+00
-3.610175848007202148e-01
2.665279507637023926e-01
1.424312293529510498e-01
-3.318388760089874268e-01
4.977747797966003418e-01
-2.855296730995178223e-01
3.124775588512420654e-01
-1.759508132934570312e+00
-1.537426352500915527e+00
-6.837847828865051270e-01
-2.650745511054992676e-01
3.753119707107543945e-01
2.093889713287353516e-01
-3.805341720581054688e-01
1.807836413383483887e+00
9.137446880340576172e-01
1.393228322267532349e-01
4.128166660666465759e-02
4.855104535818099976e-02
