9.873068928718566895e-01
7.227141261100769043e-01
-2.193714827299118042e-01
-1.173786997795104980e+00
-4.220665991306304932e-01
-3.479560315608978271e-01
5.824661850929260254e-01
-1.607788503170013428e-01
-1.745689272880554199e+00
-1.011767387390136719e+00
4.462411105632781982e-01
-1.433347940444946289e+00
1.705825924873352051e-01
-2.500487565994262695e-01
-8.305932283401489258e-01
-5.206717848777770996e-01
-5.366418883204460144e-02
-4.450105130672454834e-01
1.088797926902770996e+00
2.925190925598144531e-01
1.002850532531738281e+00
-1.486976027488708496e+00
1.000618219375610352e+00
-1.244727492332458496e+00
9.437850713729858398e-01
5.579161047935485840e-01
7.828807830810546875e-02
7.303673624992370605e-01
-1.819178104400634766e+00
5.321183204650878906e-01
-8.110390901565551758e-01
-4.065854549407958984e-01
-6.909960508346557617e-01
-3.129123747348785400e-01
6.767679005861282349e-02
-4.675556421279907227e-01
-1.234311938285827637e+00
-2.195551872253417969e+00
6.523293256759643555e-02
6.075845956802368164e-01
-9.015082120895385742e-01
-1.302111387252807617e+00
-4.807652905583381653e-02
4.813497364521026611e-01
8.718481659889221191e-01
1.245860815048217773e+00
-3.538627028465270996e-01
-2.585693299770355225e-01
9.710535407066345215e-01
1.848605990409851074e+00
-5.571610331535339355e-01
1.253254413604736328e-01
1.763510406017303467e-01
9.642937779426574707e-01
1.698792427778244019e-01
-1.339180469512939453e+00
1.825342774391174316e-01
-1.642265319824218750e-01
-4.394271075725555420e-01
2.053196728229522705e-01
-3.420160412788391113e-01
4.212662577629089355e-02
1.516399860382080078e+00
-7.719996571540832520e-02
5.762450695037841797e-01
-4.932260811328887939e-01
2.191286534070968628e-01
8.515042066574096680e-01
8.944468498229980469e-01
-1.095175862312316895e+00
-1.346046775579452515e-01
2.382122576236724854e-01
-3.993568122386932373e-01
-5.759971737861633301e-01
-1.408015787601470947e-01
9.649536013603210449e-01
-1.824288070201873779e-01
3.326655924320220947e-01
-1.922612637281417847e-01
1.168107867240905762e+00
-6.415702700614929199e-01
-1.561412215232849121e-01
-1.670562744140625000e+00
-4.894849061965942383e-01
-1.356041431427001953e-01
-2.540962398052215576e-01
-8.821517974138259888e-02
-6.609164476394653320e-01
-2.294689714908599854e-01
-8.893370628356933594e-03
-4.345193803310394287e-01
-8.333628773689270020e-01
7.271269559860229492e-01
1.055028796195983887e+00
-3.406006470322608948e-02
-1.030718758702278137e-01
5.631152391433715820e-01
8.555055856704711914e-01
-1.037872433662414551e+00
1.490038931369781494e-01
4.459562897682189941e-01
-4.161666706204414368e-02
2.920832633972167969e-01
-4.578700661659240723e-01
-8.588583469390869141e-01
2.158535569906234741e-01
-7.060080170631408691e-01
1.252210021018981934e+00
3.546255528926849365e-01
-3.560817567631602287e-03
6.178078055381774902e-01
7.322599291801452637e-01
-9.693230986595153809e-01
-1.129569292068481445e+00
2.358689159154891968e-02
-4.915858209133148193e-01
-6.485483050346374512e-01
2.308314852416515350e-02
1.218393668532371521e-01
9.938278198242187500e-01
7.552288770675659180e-01
4.470774531364440918e-01
-1.293559670448303223e+00
2.538161575794219971e-01
1.221100687980651855e+00
-7.445784658193588257e-02
1.397647261619567871e+00
7.879496216773986816e-01
-1.396314620971679688e+00
-9.674255251884460449e-01
2.191000431776046753e-01
-6.202852725982666016e-01
9.603184461593627930e-01
-1.052328586578369141e+00
-2.916139602661132812e+00
-3.906824886798858643e-01
6.301558613777160645e-01
1.497880667448043823e-01
-1.342630743980407715e+00
7.938340306282043457e-02
-2.002556920051574707e-01
7.329813838005065918e-01
8.436163663864135742e-01
-6.616980582475662231e-02
-1.359298229217529297e+00
9.210655093193054199e-01
1.665745973587036133e-01
-1.170133829116821289e+00
-5.277328491210937500e-01
2.005197554826736450e-01
4.303583800792694092e-01
6.588335633277893066e-01
-4.549321532249450684e-02
-2.487403452396392822e-01
1.086300492286682129e+00
-1.252681910991668701e-01
-1.181248188018798828e+00
-2.870461940765380859e-01
-1.308239579200744629e+00
5.237766504287719727e-01
-5.402988940477371216e-02
3.472417965531349182e-02
7.935593128204345703e-01
3.128286078572273254e-02
3.507198989391326904e-01
-6.860544681549072266e-01
-8.522872328758239746e-01
-4.817970395088195801e-01
-3.410912454128265381e-01
1.491139084100723267e-01
-1.076690912246704102e+00
-1.802746772766113281e+00
-1.231430292129516602e+00
1.423999786376953125e+00
-8.779766410589218140e-02
-1.065980121493339539e-01
5.375264286994934082e-01
-8.420402556657791138e-02
-6.396560668945312500e-01
9.243239760398864746e-01
-1.128367066383361816e+00
-1.043016314506530762e+00
-7.465186715126037598e-01
-8.696792721748352051e-01
9.560551643371582031e-01
-4.031797051429748535e-01
-1.592600345611572266e+00
-4.166368842124938965e-01
1.346776604652404785e+00
5.855509638786315918e-01
2.927616797387599945e-02
1.733797043561935425e-01
-5.666354894638061523e-01
9.871155619621276855e-01
-5.515804886817932129e-01
-1.454559117555618286e-01
7.760952413082122803e-02
2.036574780941009521e-01
3.874007463455200195e-01
-5.355974435806274414e-01
6.558600068092346191e-01
1.397421717643737793e+00
1.995435476303100586e+00
-6.003671884536743164e-01
4.913988411426544189e-01
-1.072371721267700195e+00
2.644304335117340088e-01
-7.335796356201171875e-01
8.851945996284484863e-01
-6.198449730873107910e-01
-4.475821554660797119e-01
-7.194669246673583984e-01
2.060209661722183228e-01
-6.828892827033996582e-01
9.477578103542327881e-03
3.408054411411285400e-01
-2.062983274459838867e+00
1.321790367364883423e-01
-3.825361132621765137e-01
8.643722534179687500e-01
1.535722464323043823e-01
6.142777800559997559e-01
9.780507087707519531e-01
-2.615469396114349365e-01
9.314246177673339844e-01
-1.019590049982070923e-01
1.453931927680969238e+00
5.073711648583412170e-02
-7.770920395851135254e-01
-3.446235954761505127e-01
9.917024523019790649e-02
-4.970044791698455811e-01
7.972297817468643188e-02
2.036138772964477539e+00
8.078059554100036621e-01
4.800471961498260498e-01
1.908325791358947754e+00
-1.394845396280288696e-01
-3.551441729068756104e-01
1.989652514457702637e-01
3.711890578269958496e-01
5.655429363250732422e-01
-1.117442250251770020e+00
2.591199278831481934e-01
-9.873882532119750977e-01
1.139132305979728699e-01
-6.829117536544799805e-01
8.504770398139953613e-01
5.993937849998474121e-01
-3.413658142089843750e-01
-8.069075942039489746e-01
4.833922088146209717e-01
-2.206717014312744141e+00
-5.583395361900329590e-01
4.362268447875976562e-01
-1.269148230552673340e+00
3.558516502380371094e-01
1.941042691469192505e-01
-6.161807179450988770e-01
5.917602777481079102e-01
9.367626905441284180e-01
-6.836093068122863770e-01
1.002138972282409668e+00
-9.017276167869567871e-01
-6.440074443817138672e-01
2.168371528387069702e-01
1.136125717312097549e-02
-5.719090104103088379e-01
2.777502775192260742e+00
1.345546126365661621e+00
-6.017515659332275391e-01
1.198123335838317871e+00
9.130117893218994141e-01
1.121301531791687012e+00
-6.374086141586303711e-01
6.836302280426025391e-01
9.069080650806427002e-02
-9.002828001976013184e-01
5.788422226905822754e-01
-3.382723927497863770e-01
1.270749449729919434e+00
-5.180725455284118652e-01
4.946989417076110840e-01
1.469991952180862427e-01
7.014999538660049438e-02
1.022992841899394989e-02
7.560807466506958008e-01
3.645783066749572754e-01
2.595635950565338135e-01
-3.512604534626007080e-01
-1.323783278465270996e+00
8.952089548110961914e-01
5.881053209304809570e-01
-1.400095582008361816e+00
2.201727330684661865e-01
-9.599670767784118652e-01
-4.528823792934417725e-01
-3.417593836784362793e-01
5.613253116607666016e-01
5.096139907836914062e-01
7.820615172386169434e-02
-1.197296261787414551e+00
6.880208253860473633e-01
-4.263119772076606750e-02
1.923964858055114746e+00
4.589642584323883057e-01
7.224655151367187500e-01
-4.170143604278564453e-01
-2.390212146565318108e-03
-2.590417563915252686e-01
-8.426555991172790527e-01
-2.707152605056762695e+00
-9.077718853950500488e-01
1.242179274559020996e+00
3.998610079288482666e-01
-1.079303026199340820e-01
1.286502242088317871e+00
9.320417642593383789e-01
1.556130051612854004e-01
1.380927115678787231e-01
-1.125581979751586914e+00
3.939270973205566406e-01
5.272303819656372070e-01
-8.703317642211914062e-01
-9.379577636718750000e-01
-1.378190368413925171e-01
-1.834017038345336914e-01
-4.059882462024688721e-01
-5.813791975378990173e-02
1.236016869544982910e+00
5.618128776550292969e-01
-7.695208191871643066e-01
7.769309878349304199e-01
7.953805476427078247e-02
9.881127476692199707e-01
-9.695460796356201172e-01
-1.926142126321792603e-01
-2.475292533636093140e-01
1.898093461990356445e+00
-8.587076067924499512e-01
-1.982063353061676025e-01
-3.676619529724121094e-01
9.802306890487670898e-01
5.876752734184265137e-01
9.274352192878723145e-01
7.490751743316650391e-01
-2.216478824615478516e+00
1.478813439607620239e-01
-1.173684358596801758e+00
-6.210712790489196777e-01
-1.326069712638854980e+00
-8.584021329879760742e-01
6.835081577301025391e-01
-7.305446863174438477e-01
-8.028991222381591797e-01
-1.171464323997497559e-01
4.296147823333740234e-02
-1.215945720672607422e+00
4.855639636516571045e-01
7.626702189445495605e-01
1.930158734321594238e-01
1.112006306648254395e-01
-3.700880110263824463e-01
-6.106498241424560547e-01
-4.569782316684722900e-01
3.450673520565032959e-01
1.993407011032104492e+00
-2.244194895029067993e-01
5.039692521095275879e-01
-5.050875619053840637e-02
6.129230856895446777e-01
-1.043030247092247009e-01
-6.183186173439025879e-01
1.254179239273071289e+00
6.044524312019348145e-01
2.681641578674316406e-01
5.388922691345214844e-01
-6.308691501617431641e-01
-5.169243216514587402e-01
8.195777535438537598e-01
5.604720711708068848e-01
4.293226301670074463e-01
5.952443480491638184e-01
6.548892259597778320e-01
-3.561254739761352539e-01
-3.499833643436431885e-01
-1.877738535404205322e-02
-9.756004214286804199e-01
1.143593668937683105e+00
2.128333449363708496e-01
1.997521758079528809e+00
7.109809517860412598e-01
7.462476491928100586e-01
-1.827047228813171387e+00
1.094207406044006348e+00
-5.767127275466918945e-01
-7.807966470718383789e-01
5.870227217674255371e-01
-1.170716732740402222e-01
1.461080074310302734e+00
-5.072880536317825317e-02
-1.194899678230285645e+00
3.173445165157318115e-01
-1.236661434173583984e+00
-1.927958607673645020e+00
6.988676786422729492e-01
-1.001496553421020508e+00
1.264496564865112305e+00
-1.550813019275665283e-01
-1.174026846885681152e+00
-5.125120878219604492e-01
-3.324357867240905762e-01
-6.954551339149475098e-01
1.569166660308837891e+00
4.280231297016143799e-01
6.376802921295166016e-01
3.184971213340759277e-01
6.672650575637817383e-01
-1.246068120002746582e+00
1.456345319747924805e+00
-1.176512241363525391e+00
-1.240755319595336914e+00
1.198849320411682129e+00
7.868057489395141602e-01
-8.314608931541442871e-01
-1.799044311046600342e-01
-1.456490874290466309e+00
-1.088363170623779297e+00
-2.097671270370483398e+00
-1.709861755371093750e-01
-9.086539596319198608e-02
1.144655466079711914e+00
1.081101179122924805e+00
-1.183103084564208984e+00
-8.378457427024841309e-01
1.048761904239654541e-01
5.842688083648681641e-01
-2.085179537534713745e-01
3.927341699600219727e-01
1.540849059820175171e-01
8.780339360237121582e-01
1.126646637916564941e+00
-6.644665598869323730e-01
4.750860929489135742e-01
4.155384600162506104e-01
-5.390527248382568359e-01
-4.092818498611450195e-01
-1.287423968315124512e+00
-9.129834175109863281e-01
-7.238529920578002930e-01
-9.266590476036071777e-01
-7.462822794914245605e-01
6.109631806612014771e-02
-1.259577512741088867e+00
-1.187464714050292969e+00
4.407278075814247131e-02
3.607857525348663330e-01
1.260285496711730957e+00
2.711484432220458984e-01
-6.780698895454406738e-01
-9.300380200147628784e-02
-6.951045989990234375e-02
1.463574171066284180e-01
3.574708402156829834e-01
-4.082078635692596436e-01
-2.950001358985900879e-01
-1.423048377037048340e-01
7.891811132431030273e-01
-5.862977504730224609e-01
1.406231988221406937e-02
-2.043324708938598633e-01
-1.028376370668411255e-01
-1.137093782424926758e+00
4.093613922595977783e-01
-2.469581961631774902e-01
-3.867181241512298584e-01
1.100287795066833496e+00
-1.678797453641891479e-01
-9.661268591880798340e-01
1.154214739799499512e+00
6.465924382209777832e-01
7.226613163948059082e-01
-6.859804391860961914e-01
9.805435538291931152e-01
5.083575248718261719e-01
1.487961113452911377e-01
1.585703194141387939e-01
4.594591259956359863e-01
-2.518391311168670654e-01
-2.552823722362518311e-01
9.400435090065002441e-01
1.822950839996337891e+00
1.570017635822296143e-01
1.291127920150756836e+00
-9.461218714714050293e-01
4.859830439090728760e-02
-4.660186767578125000e-01
-1.911728978157043457e+00
4.897250831127166748e-01
-2.502473294734954834e-01
4.888732731342315674e-01
4.852716326713562012e-01
-5.750592947006225586e-01
1.369316577911376953e+00
-1.177691936492919922e+00
3.088559508323669434e-01
-5.721933841705322266e-01
1.684092171490192413e-02
8.861694335937500000e-01
5.417917966842651367e-01
5.917741060256958008e-01
-4.090043008327484131e-01
1.021769762039184570e+00
-1.441634297370910645e-01
5.899323821067810059e-01
6.266821622848510742e-01
-8.085412979125976562e-01
-6.520804166793823242e-01
7.989446520805358887e-01
-8.598648905754089355e-01
-5.288627743721008301e-01
-2.239183336496353149e-01
-1.273362517356872559e+00
-1.107671260833740234e+00
6.679305434226989746e-01
4.922939836978912354e-01
-1.156361699104309082e+00
8.310651779174804688e-01
1.071302413940429688e+00
-1.127949282526969910e-01
-8.198739588260650635e-02
3.304761052131652832e-01
1.548339009284973145e+00
-1.872815340757369995e-01
-2.105043530464172363e-01
-9.193829894065856934e-01
-5.218426585197448730e-01
2.798213660717010498e-01
-1.350751161575317383e+00
3.423442840576171875e-01
-6.785722374916076660e-01
-8.685528039932250977e-01
2.229664474725723267e-02
-1.341900825500488281e+00
1.912120223045349121e+00
-1.231124877929687500e+00
5.456777215003967285e-01
5.300997495651245117e-01
-8.353871107101440430e-01
7.944352626800537109e-01
-8.983007632195949554e-03
6.958386898040771484e-01
-1.405675888061523438e+00
-3.849822282791137695e-01
3.757075965404510498e-01
5.554183125495910645e-01
-8.195316195487976074e-01
-4.112723842263221741e-02
-1.278628826141357422e+00
-1.096223115921020508e+00
1.136610865592956543e+00
1.863399744033813477e+00
-3.013405203819274902e-01
-6.464717388153076172e-01
5.665739178657531738e-01
1.216522902250289917e-01
1.303791761398315430e+00
7.642929553985595703e-01
2.055109024047851562e+00
-9.516220092773437500e-01
8.472791910171508789e-01
1.890215873718261719e-01
-1.119346499443054199e+00
-1.501211166381835938e+00
-4.326853454113006592e-01
-1.020493149757385254e+00
-1.014764070510864258e+00
-2.307338267564773560e-01
7.394602298736572266e-01
7.122012227773666382e-02
1.156884655356407166e-01
1.259560436010360718e-01
6.111564487218856812e-02
-1.368764340877532959e-01
1.378290653228759766e+00
7.133819162845611572e-02
-2.372347563505172729e-01
-1.797911167144775391e+00
2.037460915744304657e-02
-6.092417836189270020e-01
-3.318403959274291992e-01
-2.105154246091842651e-01
-6.467947363853454590e-01
3.875696063041687012e-01
-2.583999335765838623e-01
-1.124650478363037109e+00
-1.999854445457458496e-01
-3.879737555980682373e-01
-1.054429411888122559e+00
1.523033976554870605e-01
3.802299126982688904e-02
-1.700554370880126953e+00
4.273594915866851807e-01
1.426387280225753784e-01
8.036366701126098633e-01
-7.884021997451782227e-01
-1.058953285217285156e+00
-1.115749478340148926e+00
6.568464040756225586e-01
6.051756739616394043e-01
-9.374558925628662109e-01
-7.842617630958557129e-01
6.043893694877624512e-01
-6.645898520946502686e-02
-6.126451492309570312e-01
-2.590739727020263672e-01
-4.875410348176956177e-02
-2.980069816112518311e-01
1.012307167053222656e+00
1.299336850643157959e-01
-1.279283642768859863e+00
7.978976964950561523e-01
-7.152755260467529297e-01
4.833062589168548584e-01
-4.259223341941833496e-01
7.321380972862243652e-01
1.368730366230010986e-01
9.077294468879699707e-01
8.504744768142700195e-01
-1.090993404388427734e+00
1.009915828704833984e+00
7.702906727790832520e-01
7.799227237701416016e-01
1.161791920661926270e+00
-1.595332473516464233e-01
-4.972651898860931396e-01
4.558467566967010498e-01
8.695112466812133789e-01
-1.142578840255737305e+00
9.925747513771057129e-01
-5.762248635292053223e-01
9.188508242368698120e-02
-1.239997148513793945e+00
-1.775324046611785889e-01
-1.016991809010505676e-01
2.980312824249267578e+00
-6.912949681282043457e-01
-1.334954261779785156e+00
5.150387883186340332e-01
-5.092570781707763672e-01
-6.736156940460205078e-01
-1.908170729875564575e-01
-5.810993313789367676e-01
-3.891372978687286377e-01
-1.413680911064147949e-01
-4.939153492450714111e-01
5.637432634830474854e-02
-7.920363545417785645e-01
5.060281157493591309e-01
1.376181721687316895e+00
-2.219997579231858253e-03
7.937090396881103516e-01
3.188484311103820801e-01
-4.265696108341217041e-01
4.417399168014526367e-01
7.777674198150634766e-01
-4.151300787925720215e-01
3.606438040733337402e-01
-6.469924449920654297e-01
-9.872797131538391113e-01
-4.693206027150154114e-02
-3.304558992385864258e-02
8.220936059951782227e-01
2.163542509078979492e+00
4.470528364181518555e-01
1.191235780715942383e-01
3.001463711261749268e-01
-9.324041008949279785e-01
6.105352044105529785e-01
-5.304269790649414062e-01
-2.879716157913208008e-01
4.066998884081840515e-02
-5.905574560165405273e-01
8.350309729576110840e-01
-7.074959874153137207e-01
-8.449967205524444580e-02
-1.109374046325683594e+00
-6.136590838432312012e-01
2.024764537811279297e+00
2.401671707630157471e-01
-1.299585461616516113e+00
3.504060804843902588e-01
1.970056593418121338e-01
-1.478345990180969238e-01
9.853407144546508789e-01
-3.439387381076812744e-01
7.943131923675537109e-01
2.933374047279357910e-01
-5.695733428001403809e-01
5.483533143997192383e-01
1.124318242073059082e+00
-4.107332825660705566e-01
3.785658776760101318e-01
3.086227774620056152e-01
7.689885497093200684e-01
-5.345070958137512207e-01
-7.924987375736236572e-02
-1.109061390161514282e-02
-1.041540354490280151e-01
3.980038762092590332e-01
-1.574904918670654297e-01
-7.899942994117736816e-02
-4.713608026504516602e-01
-6.933235526084899902e-01
-1.231348276138305664e+00
5.092923641204833984e-01
1.821367740631103516e+00
-1.198455572128295898e+00
5.323077440261840820e-01
-5.970336198806762695e-01
-1.556585550308227539e+00
-4.737266600131988525e-01
-8.410437107086181641e-01
7.401606440544128418e-01
-1.759365200996398926e-01
1.862049847841262817e-01
-4.499371647834777832e-01
2.491444051265716553e-01
6.442198753356933594e-01
-6.069393157958984375e-01
5.868220925331115723e-01
-5.106018185615539551e-01
-7.938198000192642212e-02
-5.056662485003471375e-02
2.491956502199172974e-01
5.207756161689758301e-01
-2.867568731307983398e-01
-3.988041877746582031e-01
9.221175312995910645e-01
-8.618425726890563965e-01
1.015462994575500488e+00
-1.209736704826354980e+00
3.906787037849426270e-01
1.507529020309448242e+00
5.665690302848815918e-01
-8.781305551528930664e-01
1.830275207757949829e-01
-1.253863871097564697e-01
1.657013773918151855e+00
3.348213434219360352e-01
1.320508718490600586e+00
-1.353646278381347656e+00
-9.649252891540527344e-01
7.169532775878906250e-02
-1.503573894500732422e+00
4.909631609916687012e-01
-3.927805423736572266e-01
-3.354532718658447266e-01
1.255928128957748413e-01
-5.787811428308486938e-02
-4.492346942424774170e-01
-2.269152402877807617e-01
-9.433838129043579102e-01
7.818790078163146973e-01
5.446791052818298340e-01
2.567282915115356445e-01
-1.760619692504405975e-02
-2.907146811485290527e-01
