3.730727732181549072e-01
4.869888722896575928e-01
-1.811858266592025757e-01
-1.194975376129150391e+00
3.933396339416503906e-01
-6.162845492362976074e-01
2.638381421566009521e-01
3.227050304412841797e-01
-4.531189501285552979e-01
-4.334135353565216064e-01
1.500062465667724609e+00
-1.454284191131591797e+00
6.848654747009277344e-01
-2.605875134468078613e-01
-7.358613610267639160e-02
-2.180667400360107422e+00
9.547998756170272827e-02
-7.136212587356567383e-01
-5.459506511688232422e-01
5.085145235061645508e-01
1.588577032089233398e+00
-5.403844118118286133e-01
4.148235321044921875e-01
2.313715517520904541e-01
-1.488936543464660645e+00
-1.842786073684692383e-01
4.171204864978790283e-01
-5.581478476524353027e-01
-5.718614459037780762e-01
3.442627787590026855e-01
-8.936782479286193848e-01
1.148024678230285645e+00
-4.983318150043487549e-01
1.359666734933853149e-01
7.755918502807617188e-01
3.743482530117034912e-01
-7.416003346443176270e-01
-3.240178525447845459e-01
4.183354973793029785e-02
7.209778428077697754e-01
6.705167889595031738e-02
1.901290863752365112e-01
-5.914010405540466309e-01
1.087232828140258789e+00
3.801104724407196045e-01
1.510689556598663330e-01
-3.418579697608947754e-01
-1.230064630508422852e+00
-1.539483070373535156e+00
-2.691491246223449707e-01
1.350267052650451660e+00
7.302620410919189453e-01
3.106320202350616455e-01
-1.384661793708801270e+00
-9.441814422607421875e-01
-3.265228569507598877e-01
5.007339715957641602e-01
-8.121138215065002441e-01
-1.176198851317167282e-02
-6.469447612762451172e-01
3.857159912586212158e-01
-5.016067624092102051e-01
1.079330205917358398e+00
2.934933006763458252e-01
-4.729101359844207764e-01
-1.545607805252075195e+00
-6.255908608436584473e-01
1.449020951986312866e-01
6.462373137474060059e-01
-1.213940024375915527e+00
1.531856536865234375e+00
-2.402103394269943237e-01
-5.076683163642883301e-01
-9.171471595764160156e-01
1.463152647018432617e+00
-7.724032998085021973e-01
-1.312764883041381836e+00
-5.267683863639831543e-01
1.069165468215942383e+00
1.095045447349548340e+00
8.546896278858184814e-02
9.131718277931213379e-01
-1.243990778923034668e+00
-1.606318235397338867e+00
4.592854082584381104e-01
7.892345637083053589e-02
-8.928116559982299805e-01
-3.296342194080352783e-01
3.029522895812988281e-01
1.015922188758850098e+00
-7.786106467247009277e-01
-8.361913561820983887e-01
-9.848260283470153809e-01
1.103126883506774902e+00
-3.357340097427368164e-01
-2.542660534381866455e-01
-1.319880187511444092e-01
8.395671248435974121e-01
-8.448810577392578125e-01
1.112640738487243652e+00
-3.319360315799713135e-01
-4.538795948028564453e-01
5.742089822888374329e-02
-4.591190218925476074e-01
5.360869169235229492e-01
-5.733813047409057617e-01
-1.125334978103637695e+00
4.683326184749603271e-02
5.647544860839843750e-01
5.966050624847412109e-01
1.762906610965728760e-01
8.687724471092224121e-01
8.287751674652099609e-02
-2.393110245466232300e-01
4.785898327827453613e-01
4.251730144023895264e-01
-1.199277997016906738e+00
-1.588289499282836914e+00
2.316290289163589478e-01
7.518773674964904785e-01
-8.901435136795043945e-02
-6.218085065484046936e-02
-1.644014596939086914e+00
-6.973082572221755981e-02
1.353756189346313477e+00
-1.785275638103485107e-01
1.317892074584960938e+00
-2.862197160720825195e-01
-8.564411997795104980e-01
-2.886085212230682373e-01
1.241946935653686523e+00
-1.630516290664672852e+00
-1.082750931382179260e-01
-1.131170868873596191e+00
6.005086302757263184e-01
-1.469131946563720703e+00
6.028134822845458984e-01
-7.735658884048461914e-01
4.037804305553436279e-01
-6.111242771148681641e-01
-1.263580441474914551e+00
8.203781247138977051e-01
-3.496696949005126953e-01
-6.371528506278991699e-01
1.331116110086441040e-01
9.846255183219909668e-01
8.037150502204895020e-01
4.743334054946899414e-01
7.387121915817260742e-01
1.394356846809387207e+00
-3.268012702465057373e-01
-7.017361521720886230e-01
4.217857494950294495e-02
-3.356237709522247314e-01
-3.559861481189727783e-01
6.806957721710205078e-02
-6.064568758010864258e-01
-1.344347298145294189e-01
-5.462386608123779297e-01
8.919897079467773438e-01
1.383552104234695435e-01
1.999300420284271240e-01
-7.607093453407287598e-01
-5.200493931770324707e-01
-5.016976594924926758e-01
-1.590763211250305176e+00
-3.177291750907897949e-01
3.257279098033905029e-01
5.955564975738525391e-01
6.589676439762115479e-02
-5.079218149185180664e-01
-7.821343094110488892e-02
-2.289201498031616211e+00
3.879269063472747803e-01
4.038734436035156250e-01
-7.277330756187438965e-02
2.263922691345214844e-01
-7.189898490905761719e-01
4.665371179580688477e-01
9.034424424171447754e-01
6.669739484786987305e-01
9.041942656040191650e-02
9.625264406204223633e-01
-2.599991559982299805e-01
-3.180606067180633545e-01
-4.557098746299743652e-01
-2.660705447196960449e-01
1.911978602409362793e+00
1.061326622962951660e+00
-2.939837574958801270e-01
-4.130384027957916260e-01
5.762034058570861816e-01
1.036119937896728516e+00
-4.046495258808135986e-01
-1.337083816528320312e+00
7.194784879684448242e-01
-1.994039304554462433e-02
8.062940835952758789e-01
-5.864680409431457520e-01
-1.455506205558776855e+00
3.392920494079589844e-01
6.949666738510131836e-01
1.288121581077575684e+00
1.174397230148315430e+00
-1.922839879989624023e-01
-1.404886990785598755e-01
8.053091764450073242e-01
1.688785403966903687e-01
3.836771249771118164e-01
-1.249997764825820923e-01
-2.842066586017608643e-01
1.353060901165008545e-01
9.238818883895874023e-01
2.394310086965560913e-01
2.261593006551265717e-02
-3.331177830696105957e-01
-5.344512462615966797e-01
-1.097339391708374023e+00
-1.093231201171875000e+00
-1.446744203567504883e-01
-5.898355245590209961e-01
1.016837209463119507e-01
-3.188084661960601807e-01
-1.300161182880401611e-01
2.031005620956420898e+00
-9.526461362838745117e-03
1.220277667045593262e+00
2.549880929291248322e-02
-1.076648354530334473e+00
-1.223906278610229492e+00
4.688968360424041748e-01
8.280110955238342285e-01
-1.361212491989135742e+00
-3.575915098190307617e-01
1.129836916923522949e+00
1.389925837516784668e+00
5.002745389938354492e-01
-5.459184646606445312e-01
1.552754044532775879e+00
3.267236649990081787e-01
5.608754158020019531e-01
-1.044934988021850586e+00
-1.046994924545288086e+00
4.832271039485931396e-01
-1.452702045440673828e+00
-7.711209654808044434e-01
2.703241109848022461e-01
6.740648150444030762e-01
1.414985179901123047e+00
6.288886666297912598e-01
8.737933039665222168e-01
-4.248649626970291138e-02
-1.025342702865600586e+00
-4.519426822662353516e-01
-3.758558630943298340e-01
-6.974335908889770508e-01
5.486213564872741699e-01
3.749680817127227783e-01
6.466502547264099121e-01
1.389135606586933136e-03
2.941970527172088623e-01
-9.230520576238632202e-03
-1.040765285491943359e+00
3.183810710906982422e-01
1.296533048152923584e-01
7.629945278167724609e-01
1.148942828178405762e+00
-7.841696590185165405e-02
3.738606214523315430e+00
-7.604960799217224121e-01
-4.304640591144561768e-01
1.461907505989074707e+00
-5.058258771896362305e-01
6.070643663406372070e-01
-5.871416330337524414e-01
6.546806693077087402e-01
-1.931654214859008789e-01
-9.160559773445129395e-01
-7.363658547401428223e-01
1.663205176591873169e-01
-6.231060996651649475e-02
-3.958134055137634277e-01
-3.521450757980346680e-01
2.810077965259552002e-01
-2.893924415111541748e-01
-5.976378321647644043e-01
-8.599436283111572266e-02
3.646235466003417969e-01
-5.762848854064941406e-01
-3.373470008373260498e-01
-3.192526698112487793e-01
-5.023592114448547363e-01
-1.105190515518188477e-01
2.222503662109375000e+00
-3.884387910366058350e-01
-1.671177744865417480e-01
-4.580208957195281982e-01
-9.551411271095275879e-01
7.041767835617065430e-01
-3.008586883544921875e+00
-3.841039836406707764e-01
-9.077078700065612793e-01
1.085984826087951660e+00
6.239378079771995544e-02
-2.698936760425567627e-01
7.406198978424072266e-01
1.179058790206909180e+00
5.344992876052856445e-01
8.694927394390106201e-02
-2.267867922782897949e-01
-2.261314392089843750e-01
9.105400443077087402e-01
1.285062730312347412e-01
-1.630112528800964355e-01
-1.299325823783874512e-01
9.364103674888610840e-01
-7.641595005989074707e-01
-3.420228138566017151e-02
1.441685557365417480e+00
-3.319695591926574707e-01
-8.946526050567626953e-01
-7.460979819297790527e-01
3.592330813407897949e-01
-7.723708152770996094e-01
-9.605985879898071289e-01
5.443755164742469788e-02
3.948635756969451904e-01
-6.119089126586914062e-01
-6.029105782508850098e-01
9.415841102600097656e-01
1.337305158376693726e-01
-2.755895555019378662e-01
6.614334881305694580e-02
-4.805703759193420410e-01
-3.517539203166961670e-01
-7.915774583816528320e-01
-8.855914697051048279e-03
-4.728635251522064209e-01
1.496905446052551270e+00
-1.608303070068359375e+00
1.521730571985244751e-01
-7.201939821243286133e-02
9.616381525993347168e-01
-1.248435020446777344e+00
-8.216551542282104492e-01
-1.766296476125717163e-01
-2.622808814048767090e-01
-4.724951684474945068e-01
-6.688259541988372803e-02
-9.545048475265502930e-01
-7.161108404397964478e-02
-5.644668936729431152e-01
1.789754927158355713e-01
1.788847595453262329e-01
1.505731940269470215e-01
-4.592744112014770508e-01
7.871669530868530273e-01
-2.405471950769424438e-01
-9.581251144409179688e-01
7.264218926429748535e-01
1.525939255952835083e-01
-3.063470423221588135e-01
-7.446032762527465820e-01
1.556370258331298828e-01
3.993701934814453125e-01
-9.882010221481323242e-01
9.838234186172485352e-01
-6.512892842292785645e-01
-5.534543097019195557e-02
1.884777426719665527e+00
6.672063469886779785e-01
4.347169697284698486e-01
-3.476602435111999512e-01
-2.307284474372863770e-01
-6.176797747611999512e-01
-4.021267592906951904e-01
5.500840544700622559e-01
-1.768740773200988770e+00
-3.270004689693450928e-01
7.856642007827758789e-01
1.714573383331298828e+00
7.231942415237426758e-01
1.124422192573547363e+00
9.590147137641906738e-01
-1.300192624330520630e-01
-9.315716475248336792e-02
1.509182304143905640e-01
-1.356277465820312500e+00
1.871183514595031738e-01
1.190951108932495117e+00
-1.821031607687473297e-02
1.067728757858276367e+00
7.968038320541381836e-01
-1.239226222038269043e+00
2.763180434703826904e-01
1.008599922060966492e-01
7.544112205505371094e-02
-2.390921264886856079e-01
-1.470013380050659180e+00
-2.368446737527847290e-01
1.154371857643127441e+00
-1.028540581464767456e-01
-4.010092020034790039e-01
-2.054223567247390747e-01
-2.459954470396041870e-01
-2.108278125524520874e-01
-1.819185495376586914e+00
-7.909188270568847656e-01
-5.007099509239196777e-01
-5.692650079727172852e-01
-7.653584480285644531e-01
2.910490930080413818e-01
-4.428505003452301025e-01
6.849503517150878906e-01
-6.680918335914611816e-01
8.969156146049499512e-01
-8.848911523818969727e-01
-8.920137882232666016e-01
-6.789529919624328613e-01
1.110136151313781738e+00
-9.792559146881103516e-01
-3.152965605258941650e-01
2.149120718240737915e-01
-1.158024668693542480e+00
-4.400559663772583008e-01
3.661260604858398438e-01
1.021576762199401855e+00
-6.477573513984680176e-02
-1.039479613304138184e+00
-1.417648911476135254e+00
1.077584400773048401e-01
3.262666761875152588e-01
4.498361945152282715e-01
-1.782993599772453308e-02
8.905962705612182617e-01
4.003554582595825195e-02
2.944358289241790771e-01
6.177675127983093262e-01
1.677923798561096191e-01
3.790595233440399170e-01
-2.996748387813568115e-01
-7.928311824798583984e-01
5.895661190152168274e-02
-2.740742564201354980e-01
-3.546591401100158691e-01
1.414192914962768555e+00
-5.472407117486000061e-02
-2.547946274280548096e-01
6.383226513862609863e-01
-2.169190943241119385e-01
-2.533983290195465088e-01
7.272570729255676270e-01
-6.644659042358398438e-01
-1.245659962296485901e-02
1.459893733263015747e-01
-4.424815475940704346e-01
-5.188990235328674316e-01
-2.033089101314544678e-01
-9.378924369812011719e-01
1.214869022369384766e+00
1.117734551429748535e+00
-1.228973343968391418e-01
3.904030025005340576e-01
7.987243533134460449e-01
-5.484790802001953125e-01
-9.023929238319396973e-01
-8.124151229858398438e-01
-6.052268743515014648e-01
-2.501781284809112549e-01
5.564914643764495850e-02
1.380099177360534668e+00
6.226977109909057617e-01
-8.690391480922698975e-02
3.450388014316558838e-01
-1.433801412582397461e+00
-4.794216454029083252e-01
-1.241109892725944519e-01
2.137483507394790649e-01
4.282985031604766846e-01
1.385342478752136230e+00
4.163037240505218506e-01
7.304044961929321289e-01
-2.172750793397426605e-02
3.528889119625091553e-01
-7.218384742736816406e-01
1.537319868803024292e-01
-5.220533013343811035e-01
5.523809194564819336e-01
5.325073599815368652e-01
-8.174593001604080200e-02
-6.201713085174560547e-01
2.127856969833374023e+00
2.506114542484283447e-01
5.049402117729187012e-01
-7.491984218358993530e-02
-1.402405500411987305e-01
-1.869625151157379150e-01
-6.607604026794433594e-01
-5.285367369651794434e-01
-4.980099201202392578e-01
1.531095206737518311e-01
1.574206352233886719e-02
-1.361209988594055176e+00
1.547687053680419922e+00
-5.072466135025024414e-01
-1.835902035236358643e-02
3.761560618877410889e-01
3.872975409030914307e-01
1.535539627075195312e-01
3.666731715202331543e-01
9.172400832176208496e-01
-2.805572561919689178e-02
8.938642740249633789e-01
-7.170592546463012695e-01
7.019414305686950684e-01
6.920227408409118652e-02
-4.660404324531555176e-01
-8.599053025245666504e-01
5.184798240661621094e-01
-6.572519540786743164e-01
8.217667043209075928e-02
-2.717380225658416748e-01
-1.224786758422851562e+00
-3.192844986915588379e-01
5.354273915290832520e-01
5.745258927345275879e-01
-9.336528182029724121e-01
7.140239477157592773e-01
8.577709197998046875e-01
-1.008870005607604980e+00
-4.104329347610473633e-01
4.341621696949005127e-01
2.195800244808197021e-01
9.470915049314498901e-02
-3.461000621318817139e-01
-3.714796900749206543e-01
5.306696891784667969e-01
-4.891605675220489502e-01
2.093936502933502197e-01
-2.889400720596313477e-01
-3.695142865180969238e-01
8.610275983810424805e-01
-1.140762090682983398e+00
7.397759556770324707e-01
1.036145687103271484e-01
-3.025039434432983398e-01
9.756916761398315430e-01
5.099416971206665039e-01
-3.093333840370178223e-01
2.271877676248550415e-01
-3.322730958461761475e-02
1.114487126469612122e-01
-9.205549955368041992e-01
-6.370398402214050293e-02
-7.794523239135742188e-01
3.268648087978363037e-01
7.258021831512451172e-01
1.219282269477844238e+00
7.572638392448425293e-01
3.620682051405310631e-03
4.605751037597656250e-01
-5.965076088905334473e-01
3.069669380784034729e-02
-6.632587909698486328e-01
5.823705196380615234e-01
1.738086640834808350e-01
-3.214991390705108643e-01
-6.598657369613647461e-01
1.361204624176025391e+00
-7.893991470336914062e-01
4.619337320327758789e-01
-6.131161004304885864e-02
5.609085559844970703e-01
8.316040039062500000e-03
-1.208475708961486816e+00
5.323770046234130859e-01
-5.961180925369262695e-01
7.058824896812438965e-01
-2.613409757614135742e-01
-2.360396236181259155e-01
-3.922756612300872803e-01
1.372838616371154785e+00
-1.877711713314056396e-02
7.182322740554809570e-01
-4.755351841449737549e-01
7.038052380084991455e-02
-7.325777411460876465e-01
-3.375049829483032227e-01
2.152035683393478394e-01
1.325994729995727539e-01
-9.366898536682128906e-01
-2.736906707286834717e-01
9.196720123291015625e-01
-9.595962166786193848e-01
-8.976789116859436035e-01
5.445023179054260254e-01
7.819522619247436523e-01
-1.328904747962951660e+00
1.482072323560714722e-01
2.438297420740127563e-01
-6.725096106529235840e-01
5.987190008163452148e-01
-2.092552185058593750e-01
6.440051198005676270e-01
5.042144060134887695e-01
-6.981225609779357910e-01
8.089705705642700195e-01
-8.050636649131774902e-01
-1.063952147960662842e-01
1.586249619722366333e-01
-3.926956281065940857e-02
-1.080549508333206177e-01
-2.810716927051544189e-01
3.710179924964904785e-01
-1.547974467277526855e+00
-6.406456828117370605e-01
6.894565224647521973e-01
-2.511580288410186768e-01
5.707710385322570801e-01
8.930899202823638916e-02
-1.158675849437713623e-01
1.280940622091293335e-01
2.739435732364654541e-01
-2.888060510158538818e-01
-9.637671709060668945e-02
1.016313672065734863e+00
1.843906790018081665e-01
1.060556292533874512e+00
7.770007252693176270e-01
1.242029890418052673e-01
1.848469734191894531e+00
9.147334843873977661e-02
8.497239947319030762e-01
-7.517374120652675629e-03
1.369069814682006836e+00
-2.244252413511276245e-01
6.633213162422180176e-01
-3.686213195323944092e-01
1.216973066329956055e-01
-4.415825009346008301e-01
4.469737708568572998e-01
-3.059956617653369904e-02
-1.369441300630569458e-01
1.037733078002929688e+00
6.613995432853698730e-01
-1.987778246402740479e-01
-1.716431498527526855e+00
-5.951695609837770462e-03
3.693247139453887939e-01
-1.000797629356384277e+00
-5.208070874214172363e-01
6.191657856106758118e-02
-7.916673421859741211e-01
-2.585241496562957764e-01
-2.726185321807861328e-01
1.748767137527465820e+00
-1.656125634908676147e-01
1.993916630744934082e+00
6.857244968414306641e-01
-1.492810010910034180e+00
-2.087776362895965576e-01
-1.596379041671752930e+00
7.554074376821517944e-02
2.774982452392578125e-01
-5.597971081733703613e-01
1.387006759643554688e+00
1.906242012977600098e+00
1.288511633872985840e+00
5.056213214993476868e-02
-1.024368166923522949e+00
-6.281737685203552246e-01
4.890796840190887451e-01
-1.366401791572570801e+00
1.937918543815612793e+00
1.382946252822875977e+00
2.018508017063140869e-01
-6.831383705139160156e-01
1.318516880273818970e-01
8.657331466674804688e-01
-1.469194173812866211e+00
-5.367749929428100586e-01
-1.287366986274719238e+00
-1.158838421106338501e-01
-6.847488880157470703e-02
5.287039652466773987e-02
4.883208125829696655e-02
2.096824161708354950e-02
5.048969760537147522e-02
-6.638506889343261719e+00
4.813934266567230225e-01
-8.881941437721252441e-01
3.485225141048431396e-01
1.348315358161926270e+00
4.663173854351043701e-01
-1.387179613113403320e+00
8.926096558570861816e-01
-3.372701406478881836e-01
-2.882632017135620117e-01
-2.397593110799789429e-01
1.056756973266601562e+00
4.277645349502563477e-01
1.586624085903167725e-01
1.167020350694656372e-01
4.475994110107421875e-01
9.213221073150634766e-01
-9.495512396097183228e-02
1.453781485557556152e+00
-4.779808223247528076e-01
-3.077911138534545898e+00
9.893640875816345215e-01
5.567887425422668457e-01
7.566659450531005859e-01
-1.879315495491027832e+00
-4.074290990829467773e-01
1.649605482816696167e-01
-1.565707176923751831e-01
1.353144526481628418e+00
-3.510639667510986328e-01
8.195382356643676758e-02
6.292895078659057617e-01
-7.493520975112915039e-01
1.129338502883911133e+00
2.799968719482421875e-01
4.896363317966461182e-01
3.046155273914337158e-01
-6.294161081314086914e-01
-4.866614043712615967e-01
-7.056054472923278809e-01
-8.118373751640319824e-01
-4.372759163379669189e-01
-6.342084407806396484e-01
-1.527893304824829102e+00
-7.096806764602661133e-01
-1.492736458778381348e+00
9.084851145744323730e-01
-6.910637021064758301e-01
4.032472074031829834e-01
-6.265587210655212402e-01
1.520938575267791748e-01
9.612731337547302246e-01
-6.853673458099365234e-01
4.772418737411499023e-01
1.788388013839721680e+00
1.673455357551574707e+00
7.007627487182617188e-01
-7.034337520599365234e-01
-1.158880740404129028e-01
2.486621141433715820e-01
5.894311703741550446e-03
-1.073257088661193848e+00
2.932001948356628418e-01
-2.963974475860595703e-01
1.339927434921264648e+00
-9.957551956176757812e-02
-1.187236547470092773e+00
-6.663607358932495117e-01
-1.512845277786254883e+00
-5.294704437255859375e-01
-1.581182122230529785e+00
-5.105451941490173340e-01
3.133468031883239746e-01
-3.039054572582244873e-01
-2.917277216911315918e-01
1.465347170829772949e+00
-1.184237718582153320e+00
-1.822513490915298462e-01
-1.117059946060180664e+00
2.658102512359619141e-01
