-5.989221930503845215e-01
-1.335131824016571045e-01
9.235298261046409607e-03
-1.619150400161743164e+00
-5.787384510040283203e-01
-4.949379861354827881e-01
9.768808484077453613e-01
-3.024434745311737061e-01
-2.250933200120925903e-01
-3.565778434276580811e-01
1.005637764930725098e+00
-8.709288239479064941e-01
5.039716362953186035e-01
-9.506118893623352051e-01
7.476916909217834473e-01
-1.253502130508422852e+00
-1.873409152030944824e+00
-1.477849036455154419e-01
-4.018276929855346680e-01
8.491256237030029297e-01
-1.257876455783843994e-01
-3.159317374229431152e-02
-9.271886199712753296e-02
3.388049304485321045e-01
7.288673520088195801e-02
-9.401569366455078125e-01
1.060101747512817383e+00
5.753839612007141113e-01
-4.757994413375854492e-01
1.067302465438842773e+00
-2.171734094619750977e+00
7.912456393241882324e-01
-1.347505331039428711e+00
1.332505226135253906e+00
1.943624019622802734e-01
-6.248110532760620117e-01
2.778837084770202637e-01
-3.508665561676025391e-01
4.970022663474082947e-02
1.264633536338806152e+00
3.677861690521240234e-01
-1.314581632614135742e+00
9.364621043205261230e-01
2.436692863702774048e-01
-3.835943341255187988e-01
9.039000272750854492e-01
9.198623895645141602e-01
2.455438077449798584e-01
-8.394018411636352539e-01
1.105428859591484070e-01
2.097359746694564819e-01
-1.225974783301353455e-01
-7.603965997695922852e-01
-1.088161826133728027e+00
6.745956838130950928e-02
-9.830147027969360352e-01
1.814861595630645752e-01
-1.234077215194702148e+00
-3.586633205413818359e-01
2.628186643123626709e-01
7.909907102584838867e-01
-5.137794017791748047e-01
3.755484521389007568e-02
-7.408396005630493164e-01
-2.359566390514373779e-01
-1.279715597629547119e-01
-1.516143560409545898e+00
-5.398467183113098145e-01
3.843104466795921326e-02
1.242783013731241226e-02
-8.563691973686218262e-01
6.643496155738830566e-01
-5.641283392906188965e-01
-1.158835291862487793e+00
9.551794528961181641e-01
-3.220209479331970215e-01
4.270189106464385986e-01
-1.095274686813354492e+00
3.929506540298461914e-01
8.767431974411010742e-01
5.569780990481376648e-02
6.443387269973754883e-02
-9.656364321708679199e-01
3.131473064422607422e-01
1.321556977927684784e-02
-4.267345368862152100e-01
-1.428910136222839355e+00
-9.701667428016662598e-01
-7.054790109395980835e-02
2.930547297000885010e-01
-3.231982588768005371e-01
-1.791862368583679199e+00
-5.335978269577026367e-01
1.383879899978637695e+00
-4.794777929782867432e-01
9.161377549171447754e-01
-9.414645284414291382e-02
-1.581806391477584839e-01
-1.310727000236511230e+00
1.514186263084411621e+00
-7.301620841026306152e-01
-3.520703613758087158e-01
-3.251969218254089355e-01
-4.576849937438964844e-01
8.227312564849853516e-02
3.313202261924743652e-01
-1.134522318840026855e+00
-5.672372579574584961e-01
-5.924823507666587830e-02
4.217137023806571960e-02
1.066734552383422852e+00
7.388263195753097534e-02
-2.950518131256103516e-01
2.450390160083770752e-01
1.684732884168624878e-01
1.199174374341964722e-01
8.623100519180297852e-01
-1.489598989486694336e+00
-3.849978446960449219e-01
2.718309462070465088e-01
-2.314240187406539917e-01
3.010560870170593262e-01
-2.495639085769653320e+00
3.263247311115264893e-01
-3.927108943462371826e-01
1.822550147771835327e-01
1.142053723335266113e+00
1.848083361983299255e-02
-4.632980525493621826e-01
-5.985025167465209961e-01
4.970888197422027588e-01
-5.384429097175598145e-01
5.428983569145202637e-01
-1.098591327667236328e+00
1.300154566764831543e+00
-4.444834887981414795e-01
-1.019727718085050583e-02
-2.952896952629089355e-01
1.030177325010299683e-01
9.948236942291259766e-01
-6.204884648323059082e-01
2.330370396375656128e-01
1.474722027778625488e+00
7.555799484252929688e-01
2.698447704315185547e-01
1.963906586170196533e-01
1.000379443168640137e+00
4.486519694328308105e-01
-2.184235006570816040e-01
-9.718436747789382935e-02
9.540393352508544922e-01
1.076656222343444824e+00
-1.176708415150642395e-01
-7.703109383583068848e-01
1.301896452903747559e+00
-9.613592624664306641e-01
-4.899191260337829590e-01
5.376702547073364258e-01
2.081135660409927368e-01
1.218169331550598145e+00
-1.225373148918151855e-01
5.906956195831298828e-01
-6.595127582550048828e-01
-7.162415385246276855e-01
-1.282146811485290527e+00
-7.932361364364624023e-01
-9.413300752639770508e-01
-6.623181700706481934e-01
4.513518512248992920e-01
-3.097355067729949951e-01
-7.769078016281127930e-01
-8.003642559051513672e-01
-1.051190972328186035e+00
9.833654761314392090e-02
-1.643006205558776855e+00
-2.333326786756515503e-01
2.588707208633422852e-01
-1.003620266914367676e+00
-5.302486419677734375e-01
3.212974667549133301e-01
2.235805243253707886e-01
-1.844809651374816895e+00
2.813295125961303711e-01
8.575240969657897949e-01
-1.318167299032211304e-01
-2.670532763004302979e-01
-1.057263970375061035e+00
9.246668219566345215e-01
3.554979264736175537e-01
6.320867538452148438e-01
-9.313176274299621582e-01
4.403185248374938965e-01
-1.190172657370567322e-01
-8.699617981910705566e-01
-2.932852506637573242e-01
-1.515392065048217773e-01
-5.321181416511535645e-01
4.820447862148284912e-01
-5.119953155517578125e-01
-7.464220523834228516e-01
-2.451180070638656616e-01
9.777603298425674438e-02
5.555831193923950195e-01
-9.707617163658142090e-01
6.390541791915893555e-02
5.837334394454956055e-01
-2.518197894096374512e-01
7.064425945281982422e-01
4.329866766929626465e-01
-1.296663731336593628e-01
-8.117780089378356934e-01
-8.808261156082153320e-01
1.032295584678649902e+00
-4.576052129268646240e-01
7.553592920303344727e-01
1.668101310729980469e+00
-2.497620284557342529e-01
-6.493470072746276855e-01
-1.135365247726440430e+00
-5.842497348785400391e-01
1.423157691955566406e+00
1.227228879928588867e+00
-6.898264884948730469e-01
1.049416810274124146e-01
3.513394892215728760e-01
7.270600646734237671e-02
1.084916591644287109e+00
3.807251453399658203e-01
2.490840256214141846e-01
-1.630562543869018555e+00
3.823250532150268555e-01
-6.463536024093627930e-01
-1.873846888542175293e+00
8.780229687690734863e-01
1.355473279953002930e+00
9.908632636070251465e-01
5.243350267410278320e-01
5.998330712318420410e-01
3.158645629882812500e-01
9.532075524330139160e-01
1.006873250007629395e-01
-4.432359039783477783e-01
-1.347168207168579102e+00
1.494982123374938965e+00
-8.991719484329223633e-01
4.440894722938537598e-01
-6.717270612716674805e-02
1.166833639144897461e+00
1.354663252830505371e+00
3.958285748958587646e-01
3.890777528285980225e-01
-8.215463757514953613e-01
2.052384763956069946e-01
-8.829703330993652344e-01
-3.559050858020782471e-01
-3.882062733173370361e-01
1.398307532072067261e-01
1.217937946319580078e+00
8.634395003318786621e-01
-1.063050389289855957e+00
-1.035371780395507812e+00
-3.683974742889404297e-01
2.197617106139659882e-02
-3.137138485908508301e-02
6.721114516258239746e-01
7.554406523704528809e-01
1.308497190475463867e+00
1.189120888710021973e+00
3.325374841690063477e+00
3.052466809749603271e-01
6.663119792938232422e-01
6.458193063735961914e-01
6.363810598850250244e-02
-3.396584987640380859e-01
-1.007445812225341797e+00
1.972060084342956543e+00
9.185959100723266602e-01
-9.716613888740539551e-01
-3.876588866114616394e-02
-9.807476997375488281e-01
1.144678816199302673e-01
-1.652648895978927612e-01
1.411295235157012939e-01
-6.538962572813034058e-02
7.805764079093933105e-01
-7.757729291915893555e-01
1.398595929145812988e+00
3.844524025917053223e-01
2.746995985507965088e-01
-5.460607632994651794e-02
8.208584785461425781e-02
4.223370552062988281e-01
1.400528907775878906e+00
3.013778924942016602e+00
6.107982397079467773e-01
-1.497745513916015625e-01
3.479336202144622803e-01
-3.632190227508544922e-01
5.806269645690917969e-01
-1.439587473869323730e+00
4.394048452377319336e-01
-1.561549544334411621e+00
1.051302433013916016e+00
-8.458119630813598633e-01
-1.978837698698043823e-01
9.266014397144317627e-02
9.069946408271789551e-01
-1.064854264259338379e+00
-5.301810503005981445e-01
-2.415245324373245239e-01
-5.539950728416442871e-01
-9.722495079040527344e-01
-7.190611958503723145e-01
1.638182520866394043e+00
-7.345976233482360840e-01
2.111333757638931274e-01
6.395415663719177246e-01
4.405160844326019287e-01
7.920654416084289551e-01
-6.240462660789489746e-01
-1.954215526580810547e+00
8.669011592864990234e-01
1.772998571395874023e-01
5.975003838539123535e-01
-3.780480623245239258e-01
1.208665817975997925e-01
-1.287176012992858887e+00
-5.186482667922973633e-01
-1.583478331565856934e+00
2.069006919860839844e+00
-2.471361637115478516e+00
-1.208553910255432129e-01
3.754414618015289307e-02
3.172897100448608398e-01
-3.518540859222412109e-01
-1.809132218360900879e+00
-1.971414983272552490e-01
2.740998268127441406e-01
1.116535067558288574e+00
-9.321773052215576172e-01
6.563842296600341797e-01
4.567582160234451294e-02
2.930029928684234619e-01
-4.530361294746398926e-02
-6.805489659309387207e-01
-1.222401618957519531e+00
-9.048162400722503662e-02
-6.388275623321533203e-01
-6.500497460365295410e-01
-1.160364389419555664e+00
-1.001718521118164062e+00
7.160567641258239746e-01
2.129973918199539185e-01
-1.308171272277832031e+00
-3.029625117778778076e-02
-5.176244974136352539e-01
6.629651784896850586e-01
-1.547868847846984863e-01
3.989421725273132324e-01
7.916018366813659668e-01
2.733304798603057861e-01
1.085503622889518738e-01
-2.399889379739761353e-01
-4.547698050737380981e-02
1.511514186859130859e-01
4.651806056499481201e-01
3.227605819702148438e-01
5.871292352676391602e-01
-2.856558561325073242e-01
-3.636089861392974854e-01
3.866613507270812988e-01
1.009477496147155762e+00
3.210855722427368164e-01
5.327540636062622070e-01
-2.402810603380203247e-01
1.045097634196281433e-01
-7.737900018692016602e-01
5.027611851692199707e-01
-1.114869713783264160e+00
5.122113823890686035e-01
8.484704494476318359e-01
1.711353182792663574e+00
2.996254265308380127e-01
-1.128262042999267578e+00
-1.448893696069717407e-01
-6.629366874694824219e-01
9.336244463920593262e-01
-4.358166158199310303e-01
5.845097303390502930e-01
1.347882032394409180e+00
2.586553096771240234e-01
1.409606456756591797e+00
7.694817185401916504e-01
-4.393643140792846680e-01
-3.562173545360565186e-01
3.987600505352020264e-01
-1.503026723861694336e+00
4.497871696949005127e-01
-3.233074545860290527e-01
1.436139941215515137e-01
6.932222843170166016e-02
-1.342721283435821533e-01
1.865107715129852295e-01
3.251700699329376221e-01
-7.679756283760070801e-01
-4.410436153411865234e-01
-1.186602592468261719e+00
8.070720434188842773e-01
-6.873871684074401855e-01
-1.851274132728576660e+00
-9.764720797538757324e-01
7.054013758897781372e-02
5.899326801300048828e-01
-6.910104751586914062e-01
-9.166144728660583496e-01
9.432138800621032715e-01
-3.459130227565765381e-01
-1.348624825477600098e-01
-1.121882319450378418e+00
4.017860591411590576e-01
-9.684107452630996704e-02
-5.938479900360107422e-01
5.597419142723083496e-01
-1.161172747611999512e+00
2.233056277036666870e-01
7.413841485977172852e-01
-1.014340519905090332e+00
5.809845924377441406e-01
-5.890840888023376465e-01
-1.547546029090881348e+00
4.456727504730224609e-01
-2.469808310270309448e-01
1.707174479961395264e-01
-2.199619531631469727e+00
6.465366482734680176e-01
2.303324937820434570e-01
-1.145929694175720215e-01
1.414024949073791504e+00
4.805990457534790039e-01
1.566246896982192993e-01
1.853153705596923828e-01
3.134101629257202148e-01
-5.251991748809814453e-01
-9.883393645286560059e-01
6.444041132926940918e-01
-5.390039086341857910e-01
3.761210441589355469e-01
9.164906144142150879e-01
1.341005206108093262e+00
-3.639764487743377686e-01
-2.852354347705841064e-01
7.664015889167785645e-02
9.093709290027618408e-02
-6.751936674118041992e-01
-1.102225389331579208e-02
2.523295395076274872e-02
8.086033463478088379e-01
3.094635605812072754e-01
-1.034465432167053223e+00
5.574479699134826660e-01
1.040134549140930176e+00
-5.243064761161804199e-01
-1.214621663093566895e+00
-5.514447689056396484e-01
8.897321224212646484e-01
-1.137712121009826660e+00
-9.255973100662231445e-01
2.255400419235229492e-01
-1.022405743598937988e+00
1.023819670081138611e-01
-2.228428870439529419e-01
-6.623308062553405762e-01
-7.359839677810668945e-01
4.080027639865875244e-01
-8.266460299491882324e-01
-2.679571276530623436e-03
-5.990219116210937500e-01
1.333445429801940918e+00
-2.071867138147354126e-01
3.998301923274993896e-01
-1.357389688491821289e-01
1.772975683212280273e+00
-6.971744298934936523e-01
-8.955088257789611816e-01
-2.355701774358749390e-01
6.623087525367736816e-01
-2.460435479879379272e-01
-2.233851253986358643e-01
1.401729583740234375e+00
2.266558706760406494e-01
-6.642231345176696777e-02
5.448983311653137207e-01
4.256426095962524414e-01
1.460874974727630615e-01
2.423399984836578369e-01
-2.649806439876556396e-01
-4.599788188934326172e-01
-1.974964022636413574e+00
-3.737139701843261719e-01
1.102948307991027832e+00
-3.346743285655975342e-01
-6.697269082069396973e-01
-2.268299758434295654e-01
1.017312049865722656e+00
-8.123917579650878906e-01
-5.556730031967163086e-01
1.036398261785507202e-01
-7.386273145675659180e-01
2.438725978136062622e-01
4.410390928387641907e-02
9.454385042190551758e-01
-9.686703085899353027e-01
1.731730461120605469e+00
5.188824534416198730e-01
-4.968384802341461182e-01
-1.852939486503601074e+00
-3.614544868469238281e-01
6.975774765014648438e-01
-1.656016893684864044e-02
1.351165585219860077e-02
-1.782132536172866821e-01
5.000045299530029297e-01
-1.002788305282592773e+00
1.028780341148376465e+00
3.699014708399772644e-02
-4.537326097488403320e-01
-1.518202066421508789e+00
-8.469262719154357910e-01
9.490388631820678711e-01
-2.087648153305053711e+00
1.157398149371147156e-01
-5.839813351631164551e-01
8.423970341682434082e-01
-6.400291621685028076e-02
1.023784279823303223e+00
-1.487237572669982910e+00
1.378381133079528809e+00
-6.309670805931091309e-01
4.297053813934326172e-01
-1.742465972900390625e+00
1.695415854454040527e+00
-7.599721550941467285e-01
-6.029210686683654785e-01
-4.167592823505401611e-01
1.041180640459060669e-02
9.610684216022491455e-02
6.767427325248718262e-01
1.361298799514770508e+00
-9.814309477806091309e-01
7.056515663862228394e-02
-5.291023850440979004e-02
1.231480598449707031e+00
-1.399385571479797363e+00
-7.098796367645263672e-01
1.392224669456481934e+00
1.176166415214538574e+00
1.231132507324218750e+00
1.201155304908752441e+00
6.808716654777526855e-01
-1.401059627532958984e+00
-1.471202015876770020e+00
1.263685107231140137e+00
-7.554210424423217773e-01
-1.803038269281387329e-01
5.568559765815734863e-01
4.944881424307823181e-02
3.938291966915130615e-02
1.850055605173110962e-01
2.442696988582611084e-01
5.458952486515045166e-02
2.313330024480819702e-01
2.458050698041915894e-01
-3.349397182464599609e-01
-4.873917624354362488e-02
-1.204521775245666504e+00
-7.547385059297084808e-03
-6.455360054969787598e-01
4.639742672443389893e-01
-8.377770185470581055e-01
-6.203022599220275879e-01
-1.652864336967468262e+00
-4.809759184718132019e-02
3.913205265998840332e-01
6.127279996871948242e-01
-4.488458931446075439e-01
3.373529389500617981e-02
-7.522309422492980957e-01
-1.473231673240661621e+00
1.364250332117080688e-01
-1.853393614292144775e-01
1.158371642231941223e-01
9.429537653923034668e-01
6.019833683967590332e-01
2.676336765289306641e-01
8.167199492454528809e-01
-1.161575078964233398e+00
8.898293375968933105e-01
1.002766370773315430e+00
-3.305691182613372803e-01
4.301506578922271729e-01
1.721262559294700623e-02
-5.665572881698608398e-01
5.546715259552001953e-01
1.612040042877197266e+00
1.265928506851196289e+00
-9.058515429496765137e-01
2.762697041034698486e-01
-1.432879269123077393e-01
-5.958414673805236816e-01
3.153687417507171631e-01
7.905083298683166504e-01
-3.383000940084457397e-02
1.347616016864776611e-01
2.649980783462524414e-01
-1.549322009086608887e+00
7.325522303581237793e-01
-1.067947387695312500e+00
-7.460296750068664551e-01
-9.850039333105087280e-02
3.246665894985198975e-01
-4.594606757164001465e-01
2.835500538349151611e-01
-7.326719909906387329e-02
3.674555802717804909e-03
-4.936894476413726807e-01
2.857947647571563721e-01
5.527071356773376465e-01
3.265948966145515442e-02
-8.726292252540588379e-01
-1.023551225662231445e+00
-2.356632500886917114e-01
6.966444849967956543e-02
8.073957264423370361e-02
1.158946752548217773e+00
1.397895336151123047e+00
-4.471144676208496094e-01
4.883672893047332764e-01
3.289424479007720947e-01
1.326650500297546387e+00
-9.409675002098083496e-01
3.756207525730133057e-01
2.936249971389770508e-01
-1.096032857894897461e-01
5.999477505683898926e-01
-4.614279568195343018e-01
3.947821855545043945e-01
-1.466690182685852051e+00
1.461041867733001709e-01
9.300973415374755859e-01
-8.467946648597717285e-01
3.570321500301361084e-01
-6.822572089731693268e-03
-4.563648104667663574e-01
-3.037629723548889160e-01
-5.107114315032958984e-01
3.048925697803497314e-01
-8.987871408462524414e-01
3.708861172199249268e-01
-6.784670948982238770e-01
-1.156935334205627441e+00
-2.071264535188674927e-01
-2.053934931755065918e-01
3.906673192977905273e-01
4.151355326175689697e-01
-6.852973103523254395e-01
1.902610182762145996e+00
1.684437632560729980e+00
1.234560012817382812e-01
1.225539803504943848e+00
3.459011316299438477e-01
1.946032419800758362e-02
9.726613759994506836e-01
2.831152379512786865e-01
1.719093918800354004e+00
5.590874552726745605e-01
3.873210847377777100e-01
5.555836558341979980e-01
3.769742846488952637e-01
1.491219282150268555e+00
-2.065181255340576172e+00
-1.157703846693038940e-01
-1.617604255676269531e+00
-4.195369482040405273e-01
-7.478998303413391113e-01
-6.895116567611694336e-01
-7.409087419509887695e-01
-4.730138555169105530e-02
1.193881392478942871e+00
-6.207027435302734375e+00
-5.329473316669464111e-02
-5.872644186019897461e-01
-1.632083177566528320e+00
2.094699144363403320e+00
4.439023435115814209e-01
-7.630697488784790039e-01
4.801704287528991699e-01
-1.630068123340606689e-01
-9.194878339767456055e-01
1.217973455786705017e-01
4.498831331729888916e-01
-4.966694712638854980e-01
-5.886600352823734283e-03
-9.551631808280944824e-01
5.401697158813476562e-01
6.397707462310791016e-01
7.947926521301269531e-01
3.123044729232788086e+00
-1.010756134986877441e+00
-1.404645919799804688e+00
1.027860999107360840e+00
9.754303693771362305e-01
1.227377295494079590e+00
2.819167822599411011e-02
5.889851227402687073e-02
1.148380190134048462e-01
6.386761665344238281e-01
3.560673296451568604e-01
-9.029452800750732422e-01
-7.868806123733520508e-01
4.245867952704429626e-02
-7.554631829261779785e-01
1.610391139984130859e+00
6.959606409072875977e-01
5.638499259948730469e-01
9.223824143409729004e-01
-3.909950256347656250e-01
-6.537717580795288086e-01
1.260531097650527954e-01
1.288874268531799316e+00
5.792264342308044434e-01
-8.684722185134887695e-01
-1.573428630828857422e+00
-1.251648664474487305e+00
-7.095695137977600098e-01
8.694154024124145508e-01
5.504051595926284790e-02
-2.142626047134399414e-01
4.168755188584327698e-02
4.430379271507263184e-01
1.266570448875427246e+00
-7.167418003082275391e-01
9.757462143898010254e-02
1.514932274818420410e+00
2.114581584930419922e+00
-3.707892894744873047e-01
-1.236955761909484863e+00
1.266728281974792480e+00
-9.737321138381958008e-01
5.906271338462829590e-01
3.099199235439300537e-01
3.089647591114044189e-01
7.621589303016662598e-01
-1.739845871925354004e-01
3.007653057575225830e-01
-1.181302309036254883e+00
-3.498850464820861816e-01
1.553398221731185913e-01
-9.923420548439025879e-01
-1.928070664405822754e+00
-1.301045864820480347e-01
-1.524462997913360596e-01
3.208542466163635254e-01
-5.267699360847473145e-01
3.084768652915954590e-01
-2.336548268795013428e-02
8.344355225563049316e-02
-8.120611906051635742e-01
3.250724077224731445e-01
