-1.511143445968627930e+00
-5.684578046202659607e-02
-1.324376583099365234e+00
-1.542004466056823730e+00
1.649915814399719238e+00
1.972476989030838013e-01
-6.799793243408203125e-02
-5.908404290676116943e-02
-1.942162960767745972e-01
1.172120213508605957e+00
1.124246954917907715e+00
-8.456226587295532227e-01
4.818062782287597656e-01
-3.386825025081634521e-01
-7.643541097640991211e-01
-1.403459548950195312e+00
-5.018947124481201172e-01
-8.996638059616088867e-01
-1.472329258918762207e+00
6.477988958358764648e-01
3.090983629226684570e-01
4.371615871787071228e-02
-4.111278653144836426e-01
8.869112133979797363e-01
-3.919557034969329834e-01
-1.741330862045288086e+00
8.022137284278869629e-01
-1.093797206878662109e+00
1.509514749050140381e-01
1.076369509100914001e-01
-2.721810340881347656e+00
2.120508670806884766e+00
-8.166006207466125488e-01
-4.251003265380859375e-01
3.515288829803466797e-01
2.881475090980529785e-01
-5.163119435310363770e-01
-9.439874887466430664e-01
7.489366084337234497e-02
1.753630042076110840e+00
-8.823552131652832031e-01
-1.234451532363891602e+00
-3.770948648452758789e-01
-7.126236557960510254e-01
3.744457662105560303e-01
1.107935309410095215e+00
-1.215470075607299805e+00
-4.576796591281890869e-01
-1.086824893951416016e+00
2.316800057888031006e-01
-1.566983014345169067e-01
-2.921095490455627441e-01
-5.366632938385009766e-01
-1.784830331802368164e+00
-7.435066699981689453e-01
6.083648204803466797e-01
9.118977785110473633e-01
-4.582345485687255859e-01
-4.792203009128570557e-01
4.732377529144287109e-01
5.839070677757263184e-01
-1.374812245368957520e+00
9.740993380546569824e-01
-4.293151497840881348e-01
3.755490481853485107e-01
-5.274314880371093750e-01
-9.316466450691223145e-01
8.013746142387390137e-01
-6.961890459060668945e-01
-7.065977454185485840e-01
-1.073040515184402466e-01
4.731756150722503662e-01
-2.088051080703735352e+00
9.678619503974914551e-01
1.251614451408386230e+00
-2.644061148166656494e-01
4.740508794784545898e-01
7.921230047941207886e-02
-2.884222269058227539e-01
1.155877828598022461e+00
8.781140446662902832e-01
1.248770236968994141e+00
-1.487253904342651367e+00
1.380001544952392578e+00
-7.155975103378295898e-01
-7.001926898956298828e-01
-9.399150311946868896e-02
7.156723737716674805e-01
-5.604887008666992188e-01
-8.664814829826354980e-01
-7.672506570816040039e-01
-1.234917521476745605e+00
-4.109721481800079346e-01
1.168925642967224121e+00
-1.531007170677185059e+00
-6.969906687736511230e-01
1.522449731826782227e+00
1.583448171615600586e+00
-3.593657314777374268e-01
2.292396545410156250e+00
-1.386971354484558105e+00
-8.924616575241088867e-01
-2.040542662143707275e-01
-8.707083761692047119e-02
-1.671104580163955688e-01
-1.604971408843994141e+00
-9.099047780036926270e-01
-4.686417430639266968e-02
1.778510093688964844e+00
5.099944472312927246e-01
-1.898818910121917725e-01
8.028611540794372559e-01
-1.755906462669372559e+00
2.500200271606445312e-01
7.922198176383972168e-01
-8.045385479927062988e-01
1.858945339918136597e-01
-1.569544792175292969e+00
-1.479102224111557007e-01
-7.451844811439514160e-01
4.485042989253997803e-01
9.789572358131408691e-01
-1.148691296577453613e+00
1.091205403208732605e-01
-4.927298724651336670e-01
-1.039447560906410217e-01
1.509093195199966431e-01
-7.313404679298400879e-01
2.289322912693023682e-01
-3.345921039581298828e-01
7.846429944038391113e-01
-1.554477572441101074e+00
-8.963875770568847656e-01
-2.197446227073669434e-01
-6.961295008659362793e-01
-5.753710865974426270e-01
1.108558475971221924e-01
-1.687925606966018677e-01
-6.631637215614318848e-01
1.430960416793823242e+00
-1.436713337898254395e+00
4.206603467464447021e-01
1.245192885398864746e+00
-4.861198067665100098e-01
1.461130142211914062e+00
3.862309157848358154e-01
8.911010026931762695e-01
1.423850178718566895e+00
1.560043096542358398e-01
-2.224926650524139404e-01
7.769876122474670410e-01
-1.006549522280693054e-01
6.065329313278198242e-01
1.271458119153976440e-01
1.223776817321777344e+00
-9.267922639846801758e-01
4.124893620610237122e-02
2.304453849792480469e-01
-7.755979299545288086e-01
1.494466364383697510e-01
-1.145337462425231934e+00
7.410030812025070190e-02
-1.265012145042419434e+00
-1.450531840324401855e+00
-2.833674430847167969e+00
8.656942099332809448e-02
-2.065590769052505493e-01
-6.096709966659545898e-01
4.134726226329803467e-01
1.936227232217788696e-01
-2.832678705453872681e-02
-1.633595228195190430e+00
-1.716660410165786743e-01
3.348453938961029053e-01
-1.115722537040710449e+00
2.039203047752380371e-01
-1.387058019638061523e+00
3.085428290069103241e-02
-3.133718669414520264e-01
1.868972539901733398e+00
3.990574926137924194e-02
-3.018924295902252197e-01
9.637603163719177246e-01
7.775732874870300293e-01
-6.107618808746337891e-01
-1.231947541236877441e+00
-2.899106144905090332e-01
-1.403654098510742188e+00
1.479809522628784180e+00
6.782999038696289062e-01
-7.219073772430419922e-01
-2.440729141235351562e-01
2.697331607341766357e-01
2.240666896104812622e-01
-9.902499318122863770e-01
-6.868627667427062988e-01
-1.641090273857116699e+00
-6.136994063854217529e-02
-1.936237215995788574e-01
-2.140276908874511719e+00
1.349539160728454590e+00
1.400118589401245117e+00
1.582281947135925293e+00
-6.257323622703552246e-01
-6.936550736427307129e-01
8.420955538749694824e-01
2.382040172815322876e-01
7.226737141609191895e-01
-4.783431887626647949e-01
2.090142250061035156e+00
-1.506485641002655029e-01
3.823907375335693359e-01
6.910285353660583496e-02
-5.218510031700134277e-01
1.740322709083557129e-01
1.306215405464172363e+00
-2.695180416107177734e+00
-4.263801574707031250e-01
-1.598694682121276855e+00
1.039444327354431152e+00
2.215284109115600586e+00
1.208501100540161133e+00
-1.279502272605895996e+00
4.421206936240196228e-02
5.772824883460998535e-01
1.922859191894531250e+00
1.440359473228454590e+00
1.302567481994628906e+00
-5.570761561393737793e-01
-6.567315459251403809e-01
6.654326915740966797e-01
-3.907464444637298584e-03
-1.170836567878723145e+00
-7.124303579330444336e-01
5.908182263374328613e-01
1.286972165107727051e+00
1.720261871814727783e-01
7.255584001541137695e-01
7.704700827598571777e-01
8.135800361633300781e-01
-2.915928699076175690e-02
-1.960168033838272095e-01
-8.063137531280517578e-01
1.693656444549560547e+00
-2.572592258453369141e+00
-3.206402063369750977e-01
1.071939058601856232e-02
1.666882872581481934e+00
4.861510992050170898e-01
6.322033405303955078e-01
-1.142041161656379700e-01
-1.204149127006530762e+00
-6.164906620979309082e-01
-1.684248089790344238e+00
-6.115106493234634399e-02
5.698848366737365723e-01
-2.580830752849578857e-01
1.511458396911621094e+00
9.883249998092651367e-01
1.564087986946105957e+00
-3.559282422065734863e-01
-1.177687287330627441e+00
-7.580302357673645020e-01
1.496417641639709473e+00
5.750941038131713867e-01
1.705612897872924805e+00
1.042905092239379883e+00
-7.217764258384704590e-01
5.672173500061035156e+00
-3.199815750122070312e-01
2.815236747264862061e-01
1.654357910156250000e-01
5.149732232093811035e-01
-6.768504381179809570e-01
-1.549443244934082031e+00
1.112746596336364746e+00
7.786755561828613281e-01
-9.857874512672424316e-01
-8.509721159934997559e-01
-1.122527956962585449e+00
-4.573436081409454346e-01
-2.844318449497222900e-01
9.808584451675415039e-01
1.458700060844421387e+00
-1.262587755918502808e-01
-1.567561507225036621e+00
5.090742111206054688e-01
-7.216190546751022339e-02
-6.440247893333435059e-01
-3.699122965335845947e-01
-4.194541275501251221e-01
1.051689982414245605e+00
2.423790931701660156e+00
1.979736566543579102e+00
5.375826954841613770e-01
4.994933605194091797e-01
-1.516176164150238037e-01
3.662188053131103516e-01
7.654356360435485840e-01
-1.810470938682556152e+00
2.300212085247039795e-01
-1.010541677474975586e+00
1.243260622024536133e+00
-8.437880873680114746e-01
1.360616564750671387e+00
1.089588046073913574e+00
1.260870814323425293e+00
-5.296599864959716797e-01
-1.104116797447204590e+00
9.684046506881713867e-01
1.006879568099975586e+00
5.789428353309631348e-01
1.406343579292297363e-01
1.223365426063537598e+00
-2.504653632640838623e-01
1.774402856826782227e-01
-2.387725859880447388e-01
-1.100610613822937012e+00
3.228260949254035950e-02
3.903457224369049072e-01
-1.609771966934204102e+00
-3.042232692241668701e-01
1.269196510314941406e+00
-1.532976269721984863e+00
2.115454822778701782e-01
-8.630354404449462891e-01
-5.825026631355285645e-01
-1.307899713516235352e+00
-5.232061147689819336e-01
2.728968858718872070e+00
-1.727272272109985352e+00
1.175405383110046387e+00
-1.793904304504394531e-01
-4.504680633544921875e-01
3.490316271781921387e-01
-1.982542634010314941e+00
-9.166435003280639648e-01
1.002005562186241150e-01
4.681003093719482422e-01
1.808380931615829468e-01
1.607815027236938477e-01
1.707873046398162842e-01
-1.609103083610534668e+00
-3.741778433322906494e-02
-1.667919516563415527e+00
-9.789060354232788086e-01
-1.089973568916320801e+00
-5.512615442276000977e-01
-3.795549273490905762e-01
-1.584926724433898926e+00
-1.027498602867126465e+00
9.669005870819091797e-01
-1.915388256311416626e-01
9.700953364372253418e-01
-3.548232316970825195e-01
-8.690533638000488281e-01
6.047693490982055664e-01
-8.725832104682922363e-01
-8.733209967613220215e-01
4.346136748790740967e-01
-3.154037520289421082e-02
7.824144363403320312e-01
-4.647399485111236572e-01
-1.401920676231384277e+00
1.516520619392395020e+00
-1.532864212989807129e+00
7.257035374641418457e-01
2.307024411857128143e-02
7.425851821899414062e-01
7.600661516189575195e-01
7.366071343421936035e-01
1.745944976806640625e+00
6.981707811355590820e-01
-3.377775549888610840e-01
-3.913652896881103516e-01
-8.794225454330444336e-01
1.176976084709167480e+00
5.099104642868041992e-01
-1.174225926399230957e+00
-2.995750010013580322e-01
1.180287718772888184e+00
2.309802532196044922e+00
1.374358534812927246e+00
5.781834572553634644e-02
-1.219980835914611816e+00
-6.607566475868225098e-01
1.302460879087448120e-01
-1.331218838691711426e+00
1.071179211139678955e-01
1.598147273063659668e+00
1.022492423653602600e-01
5.663485527038574219e-01
1.340687513351440430e+00
-2.346168041229248047e+00
-5.033545494079589844e-01
1.502776145935058594e+00
-6.312199831008911133e-01
9.266280531883239746e-01
-9.148272275924682617e-01
1.057318568229675293e+00
6.039016246795654297e-01
-2.265125066041946411e-01
-2.900331318378448486e-01
-8.297757506370544434e-01
-2.265496492385864258e+00
8.461334109306335449e-01
-1.917416095733642578e+00
8.143589496612548828e-01
-1.320359945297241211e+00
-1.025378942489624023e+00
-2.943888008594512939e-01
3.795494139194488525e-01
3.950599133968353271e-01
4.260936081409454346e-01
-1.478049755096435547e+00
2.588019371032714844e-01
-5.099256038665771484e-01
7.377107739448547363e-01
1.793862730264663696e-01
6.673743724822998047e-01
-5.159835815429687500e-01
-3.822321593761444092e-01
6.063587069511413574e-01
-1.188183546066284180e+00
4.523742571473121643e-02
8.770301342010498047e-01
7.371495962142944336e-01
1.482902169227600098e+00
-1.343165159225463867e+00
-1.041250824928283691e+00
5.573165416717529297e-01
4.133778158575296402e-03
1.588095784187316895e+00
-3.136404275894165039e+00
4.563093185424804688e-01
4.827792942523956299e-01
-1.212940096855163574e+00
-3.948665782809257507e-02
8.287529945373535156e-01
5.485591292381286621e-01
-6.421568989753723145e-01
1.464842200279235840e+00
-1.788597583770751953e+00
-2.022012948989868164e+00
7.398920655250549316e-01
8.514146208763122559e-01
2.360534369945526123e-01
-2.286695316433906555e-02
2.424853801727294922e+00
-1.086004018783569336e+00
-7.332541942596435547e-01
-1.893542110919952393e-01
-1.249424695968627930e+00
3.751880824565887451e-01
6.749804615974426270e-01
4.163720011711120605e-01
-4.709996581077575684e-01
3.958469331264495850e-01
-1.379257798194885254e+00
7.795910835266113281e-01
-3.612622618675231934e-01
9.375385046005249023e-01
-2.179610133171081543e-01
1.388776183128356934e+00
-9.077910184860229492e-01
-8.766857981681823730e-01
-8.030598163604736328e-01
7.987911999225616455e-02
-2.549097836017608643e-01
-9.346402883529663086e-01
1.313002705574035645e+00
3.915180563926696777e-01
2.453025877475738525e-01
7.814790606498718262e-01
-1.258204579353332520e+00
2.557717263698577881e-01
-6.993855237960815430e-01
9.342167377471923828e-01
6.742843985557556152e-01
2.202460289001464844e+00
-5.162671208381652832e-01
1.159820795059204102e+00
-4.366983175277709961e-01
1.673789262771606445e+00
9.397287368774414062e-01
4.080535769462585449e-01
-1.667639136314392090e+00
-4.415458142757415771e-01
1.145262598991394043e+00
1.517903804779052734e-01
-6.992334499955177307e-03
8.218801021575927734e-01
7.289077639579772949e-01
1.523842010647058487e-02
5.149865746498107910e-01
1.318919807672500610e-01
1.991098076105117798e-01
-1.837039113044738770e+00
4.261592030525207520e-01
3.727723956108093262e-01
1.292821764945983887e+00
6.701531410217285156e-01
-6.450548171997070312e-01
2.249238967895507812e+00
-2.684299349784851074e-01
-9.125938415527343750e-01
-8.827896118164062500e-01
-3.894791603088378906e-01
-2.982726693153381348e-01
1.028751850128173828e+00
-1.738694310188293457e-02
-5.103484988212585449e-01
1.976394772529602051e+00
6.786505579948425293e-01
4.303364157676696777e-01
-1.186511516571044922e+00
1.433287858963012695e+00
-9.329614043235778809e-02
-1.362218856811523438e+00
5.711338520050048828e-01
-1.475276947021484375e-01
1.885377526283264160e+00
-1.127204298973083496e+00
-6.314525008201599121e-01
-9.794689416885375977e-01
-1.656062722206115723e+00
-2.011247158050537109e+00
2.050776630640029907e-01
1.204984903335571289e+00
-1.796710371971130371e+00
1.281948480755090714e-02
-1.709566116333007812e+00
-5.456181764602661133e-01
-1.081287503242492676e+00
7.333192229270935059e-02
-6.160760521888732910e-01
1.031014204025268555e+00
5.758729577064514160e-01
1.014441251754760742e+00
-1.872015118598937988e+00
1.002831697463989258e+00
1.203420519828796387e+00
9.810485690832138062e-02
-1.017894223332405090e-01
-1.137048304080963135e-01
2.570216655731201172e-01
1.357976078987121582e+00
1.336223840713500977e+00
-3.447843194007873535e-01
-1.373672962188720703e+00
-5.075467228889465332e-01
-6.401985287666320801e-01
-2.509982347488403320e+00
4.984232783317565918e-02
7.735002636909484863e-01
2.511608600616455078e+00
-3.271130323410034180e-01
5.641638636589050293e-01
3.009404540061950684e-01
-9.532702565193176270e-01
-8.425404429435729980e-01
6.687514781951904297e-01
-1.637554049491882324e+00
5.717262625694274902e-01
-8.851419091224670410e-01
1.227687954902648926e+00
-3.005263507366180420e-01
-1.725586056709289551e-01
7.524777054786682129e-01
-3.916822969913482666e-01
6.628248095512390137e-01
4.674416780471801758e-01
-1.832183450460433960e-01
-1.438469767570495605e+00
3.547664582729339600e-01
1.832024812698364258e+00
-9.107630252838134766e-01
-2.929037511348724365e-01
-1.693833589553833008e+00
-3.476749360561370850e-01
-4.818274378776550293e-01
7.318924665451049805e-01
-2.554854005575180054e-02
1.005075931549072266e+00
7.930357456207275391e-01
-2.468970566987991333e-01
-1.446168422698974609e+00
-1.265467405319213867e+00
9.454122185707092285e-01
1.714109927415847778e-01
-3.040484488010406494e-01
1.522039771080017090e+00
1.886749505996704102e+00
-1.034270405769348145e+00
-8.328317850828170776e-02
-1.151076927781105042e-01
9.375265240669250488e-01
1.259733676910400391e+00
1.280595511198043823e-01
7.886252403259277344e-01
-5.536621063947677612e-02
-1.211054086685180664e+00
3.050923645496368408e-01
1.388258576393127441e+00
-6.205624714493751526e-02
-1.261558055877685547e+00
4.347252845764160156e-01
-5.735946297645568848e-01
4.838416278362274170e-01
-4.614245295524597168e-01
-1.961747407913208008e-01
1.177053332328796387e+00
6.329723596572875977e-01
7.930507883429527283e-03
-8.129032254219055176e-01
1.951241493225097656e-01
5.408002138137817383e-01
-4.644093811511993408e-01
-3.449041545391082764e-01
-5.506943464279174805e-01
1.416048407554626465e-01
-9.258849024772644043e-01
1.594362705945968628e-01
-2.067524045705795288e-01
-1.402301549911499023e+00
1.826045662164688110e-01
-3.078728318214416504e-01
1.015543699264526367e+00
2.819029986858367920e-01
-1.026959776878356934e+00
6.470726728439331055e-01
-1.757051795721054077e-01
7.947989702224731445e-01
1.571040391921997070e+00
9.404303431510925293e-01
-1.330436915159225464e-01
5.604214668273925781e-01
8.258010149002075195e-01
-5.457502007484436035e-01
1.053275391459465027e-01
5.316497087478637695e-01
1.249957323074340820e+00
6.880791783332824707e-01
1.465965867042541504e+00
-3.755289316177368164e-01
-7.338716983795166016e-01
-3.176686465740203857e-01
-9.289110451936721802e-02
-4.828840196132659912e-01
-1.055563807487487793e+00
3.987241983413696289e-01
-1.577553004026412964e-01
-3.950199484825134277e-01
-5.543498992919921875e-01
-5.022777915000915527e-01
7.885758280754089355e-01
-7.179557681083679199e-01
-3.812688887119293213e-01
5.002052187919616699e-01
-1.005869507789611816e+00
-4.749816656112670898e-02
-5.264368653297424316e-01
9.170342683792114258e-01
9.123869538307189941e-01
-5.309843420982360840e-01
9.387825429439544678e-02
1.547933340072631836e+00
1.678063154220581055e+00
4.372716248035430908e-01
-2.028775215148925781e-01
-1.657636016607284546e-01
3.821210861206054688e-01
-1.311344355344772339e-01
3.635318040847778320e+00
-3.376238942146301270e-01
8.150364160537719727e-01
-9.079471826553344727e-01
3.744424879550933838e-02
1.545273780822753906e+00
-1.088895440101623535e+00
6.729455590248107910e-01
-1.993096113204956055e+00
2.018859833478927612e-01
-1.088253378868103027e+00
-7.187004685401916504e-01
4.105081856250762939e-01
-1.221408322453498840e-01
-4.461123645305633545e-01
-7.594432830810546875e+00
1.352485269308090210e-01
-1.959150314331054688e+00
-1.873106598854064941e+00
9.494587779045104980e-01
-1.955043151974678040e-02
-7.651939988136291504e-01
5.638064742088317871e-01
-2.041847467422485352e+00
-2.018760442733764648e+00
1.820921063423156738e+00
4.995899796485900879e-01
1.643616147339344025e-02
2.528036832809448242e-01
1.583927035331726074e+00
-1.404308974742889404e-01
-3.742293417453765869e-01
6.365041136741638184e-01
3.372029542922973633e+00
-3.604072928428649902e-01
-3.865203857421875000e+00
2.003418445587158203e+00
2.589480020105838776e-02
1.920806318521499634e-01
-2.816453874111175537e-01
-5.112825036048889160e-01
-8.074002265930175781e-01
9.058395028114318848e-01
-8.160519599914550781e-02
-1.076357722282409668e+00
6.498199105262756348e-01
-2.171399116516113281e+00
2.709383964538574219e-01
-4.728943407535552979e-01
-4.162941277027130127e-01
1.117724061012268066e+00
1.263647675514221191e+00
-2.317099124193191528e-01
-1.049431413412094116e-01
1.270038485527038574e-01
1.392379760742187500e+00
4.856193065643310547e-01
-3.899362087249755859e-01
-1.722531199455261230e+00
-1.186029314994812012e+00
-2.104622423648834229e-01
1.249744296073913574e+00
-4.467130899429321289e-01
-4.073176160454750061e-02
-1.153193712234497070e+00
4.516685307025909424e-01
9.536314010620117188e-01
3.124170303344726562e-01
-8.715379834175109863e-01
1.556951045989990234e+00
1.289540290832519531e+00
4.906959831714630127e-01
-1.316640973091125488e+00
7.596096992492675781e-01
-3.043175637722015381e-01
2.260570675134658813e-01
-9.946246445178985596e-02
-5.214701294898986816e-01
-7.227678894996643066e-01
8.339425921440124512e-02
3.019357621669769287e-01
-2.249695062637329102e+00
-2.525681257247924805e-01
-2.088530734181404114e-02
-1.149282097816467285e+00
-2.212044477462768555e+00
2.352578639984130859e-01
-6.853476762771606445e-01
-3.221603035926818848e-01
1.407235622406005859e+00
2.093698501586914062e+00
2.899149246513843536e-02
8.720430731773376465e-01
-2.184143066406250000e+00
4.462615251541137695e-01
