-1.271702170372009277e+00
1.280752658843994141e+00
-4.012413024902343750e-01
-5.463639497756958008e-01
-3.976762294769287109e-01
-5.322821140289306641e-01
-1.642089709639549255e-02
-1.726303458213806152e+00
-8.741245865821838379e-01
-5.798573046922683716e-02
1.374201297760009766e+00
-3.556936979293823242e-01
-1.161328434944152832e+00
-6.737141609191894531e-01
-7.395747900009155273e-01
-4.151285588741302490e-01
-1.174373984336853027e+00
1.009479403495788574e+00
-4.847848117351531982e-01
-7.766196131706237793e-01
1.152946710586547852e+00
-3.512797355651855469e-01
4.007374942302703857e-01
-1.176243066787719727e+00
-3.904127776622772217e-01
-1.402173161506652832e+00
1.325754523277282715e-01
-7.315116524696350098e-01
-1.953256011009216309e+00
3.982593417167663574e-01
-3.594686090946197510e-01
4.578106999397277832e-01
-1.043724179267883301e+00
1.726752370595932007e-01
9.321050345897674561e-02
1.944234520196914673e-01
9.128439240157604218e-03
-1.839505553245544434e+00
-1.108199954032897949e-01
7.995381355285644531e-01
1.165517196059226990e-01
-9.468604922294616699e-01
-8.392474651336669922e-01
2.055248975753784180e+00
-2.390359044075012207e-01
3.487444818019866943e-01
-5.191077664494514465e-02
5.691312551498413086e-01
-1.134136319160461426e+00
-2.150141298770904541e-01
-9.563907980918884277e-02
1.064891070127487183e-01
-5.401859283447265625e-01
-6.243456602096557617e-01
3.111446090042591095e-02
-6.273152828216552734e-01
1.033880040049552917e-01
1.010569408535957336e-01
-2.512977123260498047e-01
4.985320940613746643e-02
2.282484531402587891e+00
-1.739138364791870117e-01
1.266160845756530762e+00
3.328998014330863953e-02
9.129927158355712891e-01
-1.453835964202880859e+00
-1.008585095405578613e+00
-7.486517429351806641e-01
2.502853274345397949e-01
-1.471509337425231934e+00
5.254903435707092285e-01
2.708253860473632812e-01
6.994413733482360840e-01
1.077628508210182190e-01
1.005086541175842285e+00
2.349322736263275146e-01
1.696211695671081543e-01
2.359397113323211670e-01
8.312876820564270020e-01
1.111037492752075195e+00
3.679148852825164795e-01
1.556804329156875610e-01
-2.438296794891357422e+00
-2.771824300289154053e-01
-4.782084226608276367e-01
1.499763011932373047e+00
-1.291390061378479004e+00
-1.006951689720153809e+00
-9.504123330116271973e-01
-4.099886417388916016e-01
-1.062685966491699219e+00
-3.799372434616088867e+00
-1.260341167449951172e+00
9.741275906562805176e-01
-3.956056386232376099e-02
8.679772615432739258e-01
4.862383306026458740e-01
1.199869751930236816e+00
-5.823135375976562500e-01
-6.163920760154724121e-01
-7.738476395606994629e-01
-1.279597640037536621e+00
1.279647350311279297e-01
-6.233534216880798340e-01
-1.111007571220397949e+00
-9.079788923263549805e-01
-5.653327703475952148e-01
1.438174366950988770e+00
8.961455225944519043e-01
-2.740750014781951904e-01
7.287205457687377930e-01
1.422632575035095215e+00
-5.564362406730651855e-01
-1.787212967872619629e+00
-4.290329515933990479e-01
5.517457127571105957e-01
-6.179515644907951355e-02
-2.955853939056396484e+00
3.371759951114654541e-01
7.268758416175842285e-01
-5.940858721733093262e-01
1.448813199996948242e+00
-6.050608754158020020e-01
8.020659089088439941e-01
-1.560013890266418457e-01
1.195956707000732422e+00
7.637779712677001953e-01
4.174685776233673096e-01
-1.430209040641784668e+00
-1.333803176879882812e+00
3.965963423252105713e-01
-7.421373724937438965e-01
8.620536327362060547e-01
-1.897418498992919922e+00
3.355095982551574707e-01
4.432042241096496582e-01
6.377193331718444824e-01
-1.322929978370666504e+00
-1.433012127876281738e+00
-3.094025254249572754e-01
-1.473793983459472656e+00
2.253479063510894775e-01
-8.111777901649475098e-02
-3.732806742191314697e-01
4.078675806522369385e-01
-1.136786222457885742e+00
4.269065558910369873e-01
-2.899919152259826660e-01
-1.462117880582809448e-01
-3.888250514864921570e-02
3.413729071617126465e-01
-7.149431705474853516e-01
8.410589098930358887e-01
-2.184280157089233398e-01
4.688005447387695312e-01
4.714258611202239990e-01
-1.299343943595886230e+00
3.316664397716522217e-01
-4.014846980571746826e-01
1.541566491127014160e+00
-2.690710686147212982e-02
-4.302778840065002441e-02
4.826672971248626709e-01
-1.281694412231445312e+00
2.585204541683197021e-01
-3.577222824096679688e-01
-7.141726613044738770e-01
-7.535425424575805664e-01
4.303321540355682373e-01
-5.704984664916992188e-01
-4.231046140193939209e-01
-1.297225117683410645e+00
-1.219420671463012695e+00
1.226962685585021973e+00
-8.098804354667663574e-01
5.023302435874938965e-01
-5.219041109085083008e-01
4.780112504959106445e-01
-6.774432659149169922e-01
7.478515505790710449e-01
5.498418211936950684e-01
-1.670631051063537598e+00
9.510695934295654297e-01
-5.642477273941040039e-01
1.718475699424743652e+00
2.493061423301696777e-01
-7.324054837226867676e-01
-4.354618489742279053e-01
5.683560371398925781e-01
1.846980005502700806e-01
-3.356728851795196533e-01
-1.183194637298583984e+00
-6.570275425910949707e-01
-2.990669608116149902e-01
-1.031527757644653320e+00
-1.659422963857650757e-01
-3.718802630901336670e-01
1.119472026824951172e+00
-5.845608115196228027e-01
-1.153488516807556152e+00
1.937075406312942505e-01
7.149899005889892578e-02
-7.969058156013488770e-01
-3.308967947959899902e-01
1.168330907821655273e+00
-9.399822354316711426e-01
-1.696787774562835693e-01
-8.556700348854064941e-01
1.333966732025146484e+00
-1.140652537345886230e+00
6.217664480209350586e-01
-1.332661628723144531e+00
9.155191779136657715e-01
1.174382641911506653e-01
2.185996919870376587e-01
-4.041177928447723389e-01
1.871620059013366699e+00
-1.184826612472534180e+00
-1.084520101547241211e+00
7.013396024703979492e-01
-6.223503351211547852e-01
3.465788066387176514e-01
-6.009435653686523438e-01
-6.767701506614685059e-01
7.906804084777832031e-01
8.826721906661987305e-01
-6.510891765356063843e-02
-2.535494863986968994e-01
-1.281942129135131836e+00
-1.368678808212280273e+00
-1.013184070587158203e+00
-4.714467525482177734e-01
-1.645235568284988403e-01
7.374835014343261719e-01
6.654648780822753906e-01
-2.810193896293640137e-01
1.003926873207092285e+00
1.051654815673828125e+00
-7.416766285896301270e-01
1.133539527654647827e-01
-9.779982268810272217e-02
-2.303636670112609863e-01
-3.108768463134765625e-01
5.103802084922790527e-01
1.188814938068389893e-01
1.208165526390075684e+00
1.878806710243225098e+00
9.830138683319091797e-01
1.368324756622314453e-01
-3.080869317054748535e-01
1.912512302398681641e+00
-6.972623467445373535e-01
-3.674078881740570068e-01
-1.275053262710571289e+00
9.539576172828674316e-01
8.706312775611877441e-01
-6.660660505294799805e-01
-7.907097339630126953e-01
9.566625952720642090e-02
-7.135073542594909668e-01
1.780528873205184937e-01
1.048942208290100098e+00
-1.253563284873962402e+00
9.690265357494354248e-02
-3.063015639781951904e-01
2.863427400588989258e-01
1.099323749542236328e+00
3.916267752647399902e-01
1.254944324493408203e+00
-2.344291843473911285e-02
1.414821028709411621e+00
1.287726759910583496e-01
-1.410299539566040039e+00
1.614668011665344238e+00
-1.380209624767303467e-01
7.321284413337707520e-01
9.820048213005065918e-01
-5.989057421684265137e-01
-8.593303561210632324e-01
-1.855464577674865723e-01
9.205586910247802734e-01
-2.141544818878173828e-01
-2.349711507558822632e-01
7.018114328384399414e-01
1.136692523956298828e+00
2.046900093555450439e-01
-1.931760162115097046e-01
-2.364749088883399963e-02
2.568886876106262207e-01
-5.224186554551124573e-02
-1.463310122489929199e+00
-8.711381554603576660e-01
7.945576310157775879e-01
1.851450204849243164e+00
1.434862017631530762e+00
-1.669597744941711426e+00
1.170344352722167969e+00
1.783577501773834229e-01
2.190600633621215820e-01
-7.241457104682922363e-01
-4.830831587314605713e-01
1.099547743797302246e-01
1.220369935035705566e+00
-1.198288649320602417e-01
1.782176375389099121e+00
1.240760207176208496e+00
6.195494532585144043e-01
-4.562597274780273438e-01
8.480055928230285645e-01
-1.280646443367004395e+00
-2.569060325622558594e-01
2.127143591642379761e-01
-4.195354878902435303e-02
2.190005630254745483e-01
-4.519029259681701660e-01
1.479400634765625000e+00
7.909872531890869141e-01
-7.925629019737243652e-01
7.563483119010925293e-01
2.672030031681060791e-01
-8.965187668800354004e-01
2.557255923748016357e-01
-2.585474252700805664e-01
-8.985764980316162109e-01
9.925802052021026611e-02
1.736621260643005371e-01
3.050180971622467041e-01
-3.894546031951904297e-01
1.208355784416198730e+00
-1.079984605312347412e-01
-7.714451551437377930e-01
5.699083209037780762e-01
-2.048647999763488770e-01
3.480593860149383545e-01
9.355524778366088867e-01
-9.801690578460693359e-01
3.162033259868621826e-01
4.066836237907409668e-01
1.064027070999145508e+00
-1.300528526306152344e+00
2.523241937160491943e-01
1.787054836750030518e-01
-8.896428346633911133e-01
-2.311742007732391357e-01
-8.383699506521224976e-02
4.245567023754119873e-01
-2.058230161666870117e+00
-2.500888109207153320e-01
-7.714040279388427734e-01
-1.602054238319396973e+00
-1.421657562255859375e+00
-3.749247789382934570e-01
5.223007798194885254e-01
1.933860659599304199e+00
-2.735846638679504395e-01
-2.199943304061889648e+00
-1.232757329940795898e+00
-9.481500387191772461e-01
-5.264487862586975098e-01
7.132434844970703125e-01
6.276215910911560059e-01
2.014484256505966187e-01
-1.335665345191955566e+00
-6.136779785156250000e-01
5.086488723754882812e-01
-1.875814944505691528e-01
1.218646883964538574e+00
6.409952044486999512e-01
-1.104133501648902893e-01
1.363630652427673340e+00
-2.368505895137786865e-01
1.138555884361267090e+00
-7.242673635482788086e-01
1.295373320579528809e+00
-3.679512143135070801e-01
-1.081638485193252563e-01
2.771787345409393311e-01
-6.567868590354919434e-01
1.336306780576705933e-01
8.923949599266052246e-01
2.253819942474365234e+00
8.036196231842041016e-01
1.130146831274032593e-01
-7.217086553573608398e-01
-2.689454331994056702e-02
-9.240972995758056641e-01
-1.730695366859436035e-01
-1.194355249404907227e+00
1.542031764984130859e+00
1.319650292396545410e+00
-1.238666921854019165e-01
-8.670517206192016602e-01
3.943157792091369629e-01
-1.902237683534622192e-01
-1.649180799722671509e-01
6.483473181724548340e-01
-3.849934041500091553e-01
-9.824943542480468750e-01
-1.938022971153259277e-01
9.163636565208435059e-01
-1.520783782005310059e+00
-1.057212710380554199e+00
3.289604187011718750e-01
3.941286504268646240e-01
1.702060401439666748e-01
2.024741649627685547e+00
-3.070277571678161621e-01
5.495060682296752930e-01
1.237550526857376099e-01
-3.879490792751312256e-01
-1.058166623115539551e+00
-1.079465150833129883e+00
-6.848079562187194824e-01
9.440307319164276123e-02
2.026360034942626953e+00
1.713764786720275879e+00
-4.717403650283813477e-01
2.031952142715454102e-01
-3.352531492710113525e-01
8.450252413749694824e-01
-9.797402024269104004e-01
4.590732231736183167e-02
7.283048629760742188e-01
1.076981663703918457e+00
3.082481324672698975e-01
1.036216020584106445e-01
-2.473771274089813232e-01
1.255405306816101074e+00
1.923324912786483765e-01
-1.999420523643493652e+00
9.929613769054412842e-02
3.986852243542671204e-02
1.089516878128051758e+00
-1.095115661621093750e+00
-9.163834452629089355e-01
1.429902553558349609e+00
3.677900433540344238e-01
6.918865442276000977e-01
-1.731718480587005615e-01
1.056668043136596680e+00
9.571987390518188477e-01
1.533764600753784180e+00
-6.202466487884521484e-01
1.141938447952270508e+00
-3.469854891300201416e-01
-1.653008222579956055e+00
2.864519655704498291e-01
-3.643278032541275024e-02
-4.741227999329566956e-02
-7.239228487014770508e-01
3.641695976257324219e-01
-1.928158253431320190e-01
1.900188326835632324e-01
-4.575875028967857361e-02
-6.966016888618469238e-01
-2.645851969718933105e-01
4.747276902198791504e-01
1.697517156600952148e+00
-1.967952698469161987e-01
-5.532433390617370605e-01
-1.029878854751586914e+00
-3.501630127429962158e-01
-2.185672074556350708e-01
8.427902311086654663e-02
-4.953995048999786377e-01
-1.019716024398803711e+00
-3.254400193691253662e-01
4.777424037456512451e-01
-9.733096361160278320e-01
1.116907596588134766e-01
6.523686051368713379e-01
-6.255329251289367676e-01
4.055267572402954102e-01
3.276627659797668457e-01
-9.054566025733947754e-01
-7.568144053220748901e-02
1.041825890541076660e+00
7.299832105636596680e-01
-1.013165950775146484e+00
6.542952060699462891e-01
-7.527211308479309082e-01
1.072964429855346680e+00
-7.098237276077270508e-01
-5.113536119461059570e-01
6.225635409355163574e-01
-1.938724070787429810e-01
-3.011385165154933929e-02
-2.204918563365936279e-01
1.016037464141845703e+00
1.029387675225734711e-02
-2.686747908592224121e-01
2.228623390197753906e+00
4.510496854782104492e-01
1.270880341529846191e+00
-1.106844902038574219e+00
1.024989962577819824e+00
-1.547841668128967285e+00
-3.595751762390136719e+00
2.229562997817993164e-01
-7.803445458412170410e-01
5.246625542640686035e-01
2.365372180938720703e-01
-4.304850101470947266e-01
9.842856526374816895e-01
-3.907538354396820068e-01
-6.792672276496887207e-01
4.590941667556762695e-01
3.452463746070861816e-01
-5.898485183715820312e-01
6.017538905143737793e-01
3.547912836074829102e-02
7.110089063644409180e-02
1.858938455581665039e+00
-7.945310324430465698e-02
4.612034559249877930e-01
5.687261819839477539e-01
-1.949622333049774170e-01
-5.354539155960083008e-01
5.348596572875976562e-01
1.421547383069992065e-01
1.865094900131225586e-01
2.801650464534759521e-01
-1.103500604629516602e+00
-8.083785772323608398e-01
1.603993773460388184e-01
4.508501887321472168e-01
-1.831493496894836426e+00
-4.105636477470397949e-02
-4.750141501426696777e-01
-1.307370185852050781e+00
6.535626947879791260e-02
8.083820343017578125e-02
4.256774187088012695e-01
2.924283444881439209e-01
-5.665044784545898438e-01
-9.810546636581420898e-01
8.033960461616516113e-01
-3.953998386859893799e-01
4.773575365543365479e-01
-3.165427148342132568e-01
1.033794164657592773e+00
7.130571007728576660e-01
-9.396348893642425537e-02
9.164470434188842773e-01
2.696725428104400635e-01
-1.348759770393371582e+00
1.445452213287353516e+00
9.452808499336242676e-01
3.363870084285736084e-01
8.363894224166870117e-01
-5.849498510360717773e-01
3.737393915653228760e-01
-1.146736145019531250e+00
-2.524409592151641846e-01
1.888393998146057129e+00
1.219842791557312012e+00
7.376624345779418945e-01
6.776928156614303589e-02
-5.776432752609252930e-01
-5.750366449356079102e-01
2.808598577976226807e-01
8.622975349426269531e-01
-2.979666180908679962e-02
2.217188924551010132e-01
6.842894554138183594e-01
9.239960312843322754e-01
-1.629547238349914551e+00
-5.269862711429595947e-02
1.890934348106384277e+00
-7.522245645523071289e-01
4.562956988811492920e-01
5.835568904876708984e-01
6.518912315368652344e-01
-2.288566678762435913e-01
-5.786644816398620605e-01
-5.617105960845947266e-02
-2.655227482318878174e-01
3.390573263168334961e-01
-5.511115789413452148e-01
-3.104504644870758057e-01
-6.867598295211791992e-01
9.547311067581176758e-02
4.721060991287231445e-01
6.109884977340698242e-01
-5.425755977630615234e-01
-5.595086812973022461e-01
-1.661167621612548828e+00
-1.069982886314392090e+00
-3.564966619014739990e-01
3.909910917282104492e-01
2.204242050647735596e-01
7.555692195892333984e-01
2.610228061676025391e-01
4.799216240644454956e-02
-5.910825729370117188e-01
5.399430990219116211e-01
9.353654384613037109e-01
1.577577888965606689e-01
1.552821993827819824e+00
6.861051321029663086e-01
2.820880711078643799e-02
-6.955294609069824219e-01
-9.248153567314147949e-01
9.293062686920166016e-01
7.568956613540649414e-01
-1.029695123434066772e-01
-1.505765169858932495e-01
-1.004856586456298828e+00
-8.040701746940612793e-01
1.694572091102600098e+00
8.707778453826904297e-01
-3.113366067409515381e-01
-6.608393192291259766e-01
5.641880035400390625e-01
-1.877775669097900391e+00
-1.901117712259292603e-01
8.716439604759216309e-01
-1.329635620117187500e+00
4.785414338111877441e-01
1.984095424413681030e-01
-4.046182632446289062e-01
-4.328330457210540771e-01
-7.771795988082885742e-01
3.737660944461822510e-01
4.023651182651519775e-01
1.027363419532775879e+00
5.791636705398559570e-01
1.644122719764709473e+00
1.521680831909179688e+00
-1.405916571617126465e+00
-2.089934051036834717e-01
-1.100051775574684143e-01
-7.396262139081954956e-03
7.547743916511535645e-01
2.464307099580764771e-01
-1.558520197868347168e+00
1.204864587634801865e-02
-1.427997350692749023e-01
6.159324049949645996e-01
1.170834064483642578e+00
1.317114591598510742e+00
2.978048920631408691e-01
-2.847783081233501434e-02
1.554027646780014038e-01
1.095747113227844238e+00
9.930661320686340332e-01
-1.376530647277832031e+00
-9.380103349685668945e-01
6.838150024414062500e-01
-8.735425472259521484e-01
-1.577048659324645996e+00
1.101279497146606445e+00
-1.417110204696655273e+00
-4.496466219425201416e-01
1.217605359852313995e-02
-1.211692571640014648e+00
-6.750964522361755371e-01
-6.488610059022903442e-02
4.782470762729644775e-01
-4.242826104164123535e-01
-8.553529977798461914e-01
-1.200389936566352844e-01
2.606571912765502930e-01
6.060570478439331055e-01
8.252485394477844238e-01
1.268805742263793945e+00
-5.541222691535949707e-01
-1.793013066053390503e-01
3.026754856109619141e-01
3.657256439328193665e-02
-3.775432705879211426e-01
1.840029954910278320e-01
-8.043218255043029785e-01
1.345885992050170898e+00
7.581096291542053223e-01
-4.757456183433532715e-01
-1.339869499206542969e+00
-2.490443438291549683e-01
-2.407920211553573608e-01
3.456891179084777832e-01
-2.214935868978500366e-01
-1.273688197135925293e+00
3.240306675434112549e-02
6.576922535896301270e-01
-2.458354711532592773e+00
5.132194161415100098e-01
-4.774730801582336426e-01
-4.153553545475006104e-01
-6.128789424896240234e+00
-7.514323294162750244e-02
-9.234915375709533691e-01
-7.957300543785095215e-01
4.998842775821685791e-01
8.722175955772399902e-01
-5.396179556846618652e-01
2.038043975830078125e+00
3.152438998222351074e-01
7.498802244663238525e-02
-7.477343827486038208e-02
2.221341371536254883e+00
5.777667835354804993e-02
-2.176716566085815430e+00
-8.982787728309631348e-01
3.501676619052886963e-01
-3.101322613656520844e-02
8.227124065160751343e-02
6.637758016586303711e-01
1.916028000414371490e-02
-4.941765785217285156e+00
4.422808289527893066e-01
-2.633247971534729004e-01
-7.069797255098819733e-03
-1.266854643821716309e+00
-2.844911217689514160e-01
-2.862622737884521484e-01
2.464747428894042969e-02
1.108736276626586914e+00
-1.309500336647033691e+00
4.367583394050598145e-01
-1.149350404739379883e+00
-1.517109751701354980e+00
2.283866882324218750e+00
3.457596600055694580e-01
3.726216256618499756e-01
5.034806132316589355e-01
-1.147647619247436523e+00
7.293086051940917969e-01
2.948817908763885498e-01
8.373054862022399902e-01
-7.230499982833862305e-01
-1.127450942993164062e+00
-7.112815380096435547e-01
-4.737708568572998047e-01
-5.665747523307800293e-01
8.357497453689575195e-01
5.391100645065307617e-01
-3.113356828689575195e-01
4.574326574802398682e-01
-1.194712370634078979e-01
3.207787573337554932e-01
2.529718168079853058e-02
-9.193452596664428711e-01
1.223417282104492188e+00
5.631341934204101562e-01
9.225851297378540039e-01
-1.404342651367187500e+00
-2.859700620174407959e-01
-9.070376753807067871e-01
2.384971529245376587e-01
-3.522124141454696655e-02
4.166802763938903809e-01
-7.531948089599609375e-01
-7.456277012825012207e-01
5.406666994094848633e-01
-1.682069897651672363e+00
3.105688691139221191e-01
1.690462589263916016e+00
1.899921000003814697e-01
-1.297248840332031250e+00
1.085624217987060547e+00
3.117256760597229004e-01
1.874072700738906860e-01
1.149039417505264282e-01
3.619431555271148682e-01
-6.368678808212280273e-01
1.425547838211059570e+00
-5.545908212661743164e-01
-3.120219409465789795e-01
