-7.608366608619689941e-01
1.155725002288818359e+00
1.575449109077453613e-01
-2.094068676233291626e-01
1.093433499336242676e+00
7.083040475845336914e-02
-1.445384144783020020e+00
6.286969184875488281e-01
-4.830915629863739014e-01
9.459775090217590332e-01
8.896514177322387695e-01
-1.427759677171707153e-01
-1.637437939643859863e-01
1.275127410888671875e+00
-1.894485056400299072e-01
3.713876307010650635e-01
-6.379681229591369629e-01
1.501932591199874878e-01
2.868843078613281250e-01
2.974428832530975342e-01
8.595839738845825195e-01
9.272181987762451172e-02
6.787509918212890625e-01
4.556595087051391602e-01
6.938182115554809570e-01
-5.730527043342590332e-01
4.816241264343261719e-01
2.121430486440658569e-01
-1.119975805282592773e+00
5.301013588905334473e-01
-2.865221798419952393e-01
5.165597796440124512e-01
-1.500244289636611938e-01
3.020678460597991943e-01
-5.308718681335449219e-01
-1.191332697868347168e+00
1.332540869712829590e+00
-5.732175111770629883e-01
-1.157097797840833664e-02
1.262373179197311401e-01
-1.053462386131286621e+00
-9.706553071737289429e-02
-1.416029185056686401e-01
-1.351175308227539062e+00
1.906782835721969604e-01
-2.067570388317108154e-01
3.485766947269439697e-01
-6.789239048957824707e-01
-1.345303654670715332e+00
1.502949476242065430e+00
-4.098376035690307617e-01
4.442341625690460205e-01
-2.094733268022537231e-01
-2.600100934505462646e-01
-7.060452550649642944e-02
-1.061460096389055252e-02
-5.483381822705268860e-02
-3.679746389389038086e-01
6.759739667177200317e-02
7.866008877754211426e-01
2.696005821228027344e+00
1.649863719940185547e-01
3.927322924137115479e-01
-1.645993590354919434e+00
1.210250854492187500e+00
-6.153655648231506348e-01
-6.876417249441146851e-02
-8.670370578765869141e-01
4.877308309078216553e-01
8.033581972122192383e-01
-1.927885413169860840e-01
3.234580457210540771e-01
-1.929951608180999756e-01
-4.977893531322479248e-01
-6.193305850028991699e-01
2.069914817810058594e+00
-2.696811258792877197e-01
-1.387251764535903931e-01
-4.772588908672332764e-01
2.094279378652572632e-01
-1.761389896273612976e-02
1.345265388488769531e+00
-2.258870124816894531e+00
1.187903523445129395e+00
1.299309730529785156e-01
6.667190194129943848e-01
-1.046702742576599121e+00
9.034043550491333008e-02
1.029074311256408691e+00
7.228003442287445068e-02
-5.540205240249633789e-01
-1.195202946662902832e+00
-1.443334221839904785e+00
9.327498078346252441e-01
-3.792614936828613281e-01
2.009972095489501953e+00
-2.795079946517944336e-01
1.087453246116638184e+00
4.378522932529449463e-01
8.760238885879516602e-01
-1.092727661132812500e+00
-5.331688523292541504e-01
1.712997674942016602e+00
-6.200928688049316406e-01
-2.803379595279693604e-01
-1.191418170928955078e+00
-8.608664274215698242e-01
-1.067833542823791504e+00
6.299903988838195801e-01
-1.622592955827713013e-01
-6.747510433197021484e-01
1.317997932434082031e+00
-1.852499395608901978e-01
-1.244778633117675781e+00
-1.612566858530044556e-01
3.380754217505455017e-02
-9.232172369956970215e-01
-8.797110319137573242e-01
7.585583329200744629e-01
2.446674555540084839e-02
-6.713601350784301758e-01
9.308455586433410645e-01
-2.100178718566894531e+00
-2.109814882278442383e-01
-3.916122019290924072e-02
-3.089789450168609619e-01
2.791696488857269287e-01
-2.088621407747268677e-01
-1.103736639022827148e+00
-4.157045185565948486e-01
-2.944135367870330811e-01
-5.487208366394042969e-01
1.761260181665420532e-01
-6.041206717491149902e-01
-1.630986690521240234e+00
9.659652709960937500e-01
-5.642116069793701172e-02
4.645092487335205078e-01
4.702594876289367676e-01
8.006276935338973999e-02
-8.325150012969970703e-01
-3.571724891662597656e-01
7.347205281257629395e-01
6.235240101814270020e-01
-6.864793896675109863e-01
-2.847356796264648438e-01
2.881863415241241455e-01
6.809250116348266602e-01
-1.436021208763122559e+00
-1.113271832466125488e+00
-1.325449943542480469e-01
2.305729836225509644e-01
6.325346827507019043e-01
-2.869132161140441895e-01
9.364241361618041992e-01
1.189241632819175720e-01
-7.844712734222412109e-01
-3.468989729881286621e-01
1.455308079719543457e+00
1.451914310455322266e+00
3.454349339008331299e-01
4.128679633140563965e-01
1.575218290090560913e-01
-2.738848030567169189e-01
-2.471930533647537231e-01
-2.508184313774108887e-01
-1.463499665260314941e-01
-2.568899393081665039e-01
9.843045473098754883e-02
-4.903774261474609375e-01
-3.224575817584991455e-01
-1.188624501228332520e+00
-2.395056962966918945e+00
5.296594500541687012e-01
6.441041231155395508e-01
-2.588240802288055420e-01
9.583429694175720215e-01
-7.377521395683288574e-01
-1.270520806312561035e+00
4.397493973374366760e-02
-2.927310466766357422e-01
1.016107648611068726e-01
-5.481334328651428223e-01
-4.079419076442718506e-01
1.004631400108337402e+00
-1.456566691398620605e+00
-7.971464991569519043e-01
3.458811342716217041e-01
3.845546245574951172e-01
-4.167903680354356766e-03
4.482252895832061768e-01
9.039233326911926270e-01
-1.788291782140731812e-01
1.675279885530471802e-01
-1.192988753318786621e+00
-7.797877192497253418e-01
-6.762051582336425781e-01
5.636594891548156738e-01
6.937001347541809082e-01
-4.223451390862464905e-02
1.524997353553771973e-01
3.179000020027160645e-01
1.562429547309875488e+00
1.756301969289779663e-01
1.321951150894165039e-01
2.376288771629333496e-01
-6.465519964694976807e-02
-5.183470845222473145e-01
1.196950793266296387e+00
-2.087374031543731689e-01
9.197163581848144531e-01
1.398344486951828003e-01
3.719364702701568604e-01
-7.966436743736267090e-01
-1.384783983230590820e-01
-5.863490700721740723e-01
4.241978526115417480e-01
-2.626902163028717041e-01
-9.164024591445922852e-01
1.400137186050415039e+00
9.979536384344100952e-02
3.206660747528076172e-01
3.710873425006866455e-01
-1.226009130477905273e+00
3.559165596961975098e-01
-3.739520907402038574e-01
6.575020551681518555e-01
9.968756884336471558e-02
-5.084772706031799316e-01
1.386405348777770996e+00
9.851849079132080078e-01
-1.056052446365356445e+00
-1.117568761110305786e-01
-6.472352147102355957e-01
4.674246609210968018e-01
-5.237089842557907104e-02
5.099928379058837891e-01
-1.741653442382812500e+00
-1.717878818511962891e+00
-7.123411297798156738e-01
4.050777107477188110e-02
-3.869011402130126953e-01
-1.658014953136444092e-01
-1.423331201076507568e-01
-3.101387023925781250e-01
-7.957527041435241699e-02
2.031324952840805054e-01
-6.564411520957946777e-01
8.561288565397262573e-02
1.593619346618652344e+00
8.351548016071319580e-02
2.617798745632171631e-01
-3.523839712142944336e-01
-4.617840349674224854e-01
1.661547124385833740e-01
-6.862592697143554688e-01
2.572077214717864990e-01
-5.274133682250976562e-01
4.065068364143371582e-01
1.099064707756042480e+00
7.258300781250000000e-01
1.173086047172546387e+00
9.736389666795730591e-02
-3.857776224613189697e-01
-3.697552382946014404e-01
4.334048032760620117e-01
1.165403485298156738e+00
1.530511260032653809e+00
1.479897260665893555e+00
5.908960700035095215e-01
1.846910834312438965e+00
2.995719574391841888e-02
3.210490345954895020e-01
-3.547850251197814941e-01
-1.184719085693359375e+00
5.276863649487495422e-02
-2.850429341197013855e-02
1.020572260022163391e-01
-1.436150670051574707e-01
-2.361050993204116821e-01
2.574799954891204834e-01
-1.089981347322463989e-01
4.179087579250335693e-01
1.020887717604637146e-01
9.198753237724304199e-01
-3.072080314159393311e-01
-2.991512715816497803e-01
-4.562418162822723389e-01
-3.171080350875854492e-01
-1.521439075469970703e+00
1.508409678936004639e-01
-9.289105534553527832e-01
-4.047331213951110840e-01
-2.165806531906127930e+00
-2.938642911612987518e-02
-4.199032187461853027e-01
-7.852822542190551758e-01
1.980403065681457520e-01
4.412751793861389160e-01
-2.806222140789031982e-01
4.201503098011016846e-02
-4.763321578502655029e-01
1.232454776763916016e+00
-4.843831956386566162e-01
1.104578733444213867e+00
-2.633915543556213379e-01
1.499598622322082520e-01
5.770409703254699707e-01
-1.401294618844985962e-01
1.502686738967895508e+00
-9.670469760894775391e-01
-2.804057300090789795e-01
-9.342827200889587402e-01
-5.076937079429626465e-01
-7.180448174476623535e-01
6.213767528533935547e-01
1.138929128646850586e+00
8.358134627342224121e-01
8.876043558120727539e-01
-5.168031156063079834e-02
-9.993522167205810547e-01
7.415489107370376587e-02
1.607433199882507324e+00
8.715801239013671875e-01
1.493215560913085938e-01
-2.104142755270004272e-01
-8.355063796043395996e-01
-7.390785217285156250e-01
-1.329181909561157227e+00
-3.811854720115661621e-01
-1.704049110412597656e+00
8.059350848197937012e-01
1.154748916625976562e+00
-3.435789048671722412e-01
7.194739580154418945e-01
-5.383716225624084473e-01
-8.430106937885284424e-02
-4.054851830005645752e-01
8.712452650070190430e-01
3.613647818565368652e-01
-1.123433589935302734e+00
-1.705947816371917725e-01
-1.427847146987915039e-01
-4.021552801132202148e-01
-1.233816027641296387e+00
1.754961609840393066e-01
-1.297974824905395508e+00
3.032694756984710693e-01
5.616587996482849121e-01
-7.425216436386108398e-01
-6.237656474113464355e-01
2.877427637577056885e-01
2.328248471021652222e-01
-1.035201191902160645e+00
-2.942666411399841309e-01
2.096085399389266968e-01
-8.869901895523071289e-01
-6.043292284011840820e-01
1.457690894603729248e-01
4.339379370212554932e-01
5.495622009038925171e-02
-5.163265466690063477e-01
2.836792469024658203e-01
-1.892467290163040161e-01
3.495822250843048096e-01
5.225386023521423340e-01
5.512315630912780762e-01
1.264907717704772949e+00
-4.097843468189239502e-01
4.100975692272186279e-01
1.322556287050247192e-01
1.173714637756347656e+00
-1.381724119186401367e+00
1.121201872825622559e+00
4.171269237995147705e-01
-3.774636983871459961e-01
2.030538916587829590e-01
1.334767699241638184e+00
-1.162741422653198242e+00
-7.505091279745101929e-02
-5.579797923564910889e-02
3.527676165103912354e-01
3.961692750453948975e-01
6.248732209205627441e-01
-7.715803384780883789e-01
-6.164117455482482910e-01
2.691182494163513184e-01
-1.195415779948234558e-01
9.091703295707702637e-01
5.194481611251831055e-01
1.625707030296325684e+00
9.549567103385925293e-01
1.123102545738220215e+00
5.116466283798217773e-01
1.691422984004020691e-02
-2.084797024726867676e-01
-1.163537621498107910e+00
-2.012627124786376953e+00
-3.087359070777893066e-01
-1.883495151996612549e-01
-6.668713092803955078e-01
-1.886694073677062988e+00
-3.469230234622955322e-01
4.841196835041046143e-01
9.730675220489501953e-01
-2.887626588344573975e-01
-7.670841217041015625e-01
9.174249321222305298e-02
3.352821767330169678e-01
8.113103508949279785e-01
-4.354870915412902832e-01
-5.103548169136047363e-01
-1.382330656051635742e+00
8.387556672096252441e-01
5.880179405212402344e-01
1.206811547279357910e+00
4.769550561904907227e-01
-9.558495283126831055e-01
-2.638808488845825195e-01
6.791713833808898926e-01
5.954677462577819824e-01
-1.169113397598266602e+00
-1.666723191738128662e-01
-9.367930144071578979e-02
-1.060991287231445312e+00
-2.469761073589324951e-01
-3.438027799129486084e-01
-1.883106380701065063e-01
-8.333962559700012207e-01
-5.553680658340454102e-01
-3.618577122688293457e-01
-4.656990766525268555e-01
3.794660419225692749e-02
-7.476336956024169922e-01
1.865860968828201294e-01
1.464440822601318359e+00
1.375169306993484497e-01
4.857777357101440430e-01
7.536084651947021484e-01
-3.304243981838226318e-01
-3.101719170808792114e-02
6.538626551628112793e-01
-1.181671261787414551e+00
-5.415178537368774414e-01
2.794598340988159180e-01
-3.894532322883605957e-01
5.978716015815734863e-01
6.953533887863159180e-01
-3.904926180839538574e-01
-1.112851381301879883e+00
-1.001744508743286133e+00
-2.007557749748229980e-01
5.413259267807006836e-01
-1.500170111656188965e+00
-9.225410223007202148e-01
4.223208129405975342e-01
4.897704124450683594e-01
2.385157346725463867e-01
-4.138321876525878906e-01
-3.607577085494995117e-02
4.747484326362609863e-01
-1.173231080174446106e-01
1.580370903015136719e+00
-4.291059076786041260e-01
1.104464173316955566e+00
-2.505625188350677490e-01
1.323092460632324219e+00
1.286353468894958496e+00
-1.875256657600402832e+00
8.325858712196350098e-01
-4.199962317943572998e-01
-7.442484498023986816e-01
-1.284843087196350098e+00
-1.554156303405761719e+00
-2.657539546489715576e-01
-6.366970539093017578e-01
1.846694111824035645e+00
-1.968682259321212769e-01
-5.581656694412231445e-01
1.198983415961265564e-01
9.101594090461730957e-01
-9.404902905225753784e-02
1.831915676593780518e-01
1.238008216023445129e-01
7.694327235221862793e-01
5.603256225585937500e-01
-1.342170357704162598e+00
-9.072079062461853027e-01
1.006391882896423340e+00
1.207827448844909668e+00
3.260225355625152588e-01
3.347096443176269531e-01
-5.937770605087280273e-01
5.547852814197540283e-02
-9.791226983070373535e-01
4.117157757282257080e-01
9.062744379043579102e-01
-2.976301431655883789e+00
-6.609691977500915527e-01
-4.417333304882049561e-01
-1.317273139953613281e+00
2.036798000335693359e-01
-3.788914997130632401e-03
-1.402971744537353516e-01
-1.142408013343811035e+00
9.908082485198974609e-01
4.787445962429046631e-01
-1.007639884948730469e+00
-3.364208340644836426e-01
1.100030303001403809e+00
-7.784661650657653809e-01
-4.397438466548919678e-01
-6.252920627593994141e-02
1.960782408714294434e-01
-1.172817647457122803e-01
8.714737296104431152e-01
-8.514426350593566895e-01
-6.482918858528137207e-01
6.793133616447448730e-01
6.948086023330688477e-01
-4.303942620754241943e-01
-1.626626849174499512e+00
4.864250719547271729e-01
8.598842620849609375e-01
2.257602363824844360e-01
-3.419828414916992188e-01
-5.322883725166320801e-01
1.705468446016311646e-01
3.590093255043029785e-01
1.245570275932550430e-02
4.385677576065063477e-01
8.305087685585021973e-01
7.083604931831359863e-01
-2.565202414989471436e-01
-1.012496948242187500e+00
-1.979728817939758301e+00
-1.332067728042602539e+00
1.033045724034309387e-02
-1.279165267944335938e+00
-8.146389722824096680e-01
7.839223146438598633e-01
8.602771759033203125e-01
-6.343464851379394531e-01
-8.510065823793411255e-02
1.398492336273193359e+00
-1.667468398809432983e-01
-3.033134639263153076e-01
-3.089422881603240967e-01
-6.759384274482727051e-01
-1.550378352403640747e-01
-1.392291039228439331e-01
1.340546756982803345e-01
-9.203646779060363770e-01
-1.845447272062301636e-01
-1.030227661132812500e+00
6.445744037628173828e-01
2.651277184486389160e-01
9.429699778556823730e-01
-4.917531609535217285e-01
-1.858999282121658325e-01
5.624819397926330566e-01
3.713758885860443115e-01
-1.988408118486404419e-01
6.908290386199951172e-01
-8.631889522075653076e-02
-6.556251645088195801e-01
2.740618586540222168e-01
6.174586415290832520e-01
9.616547226905822754e-01
-3.098751902580261230e-01
8.968296051025390625e-01
-4.960623085498809814e-01
-3.599811196327209473e-01
-7.232229709625244141e-01
-2.460432052612304688e-01
8.330979943275451660e-01
3.067464828491210938e-01
1.782487481832504272e-01
4.071516096591949463e-01
-6.778497695922851562e-01
-4.695517122745513916e-01
5.059115886688232422e-01
1.137349128723144531e+00
9.224551320075988770e-01
1.230005145072937012e+00
3.536277711391448975e-01
-7.763502597808837891e-01
1.441705673933029175e-01
-5.848416686058044434e-01
1.947438567876815796e-01
5.168699026107788086e-01
8.075221180915832520e-01
1.335436105728149414e+00
-2.946041524410247803e-01
3.816710412502288818e-01
7.777084112167358398e-01
3.430994153022766113e-01
1.600110530853271484e+00
-6.493182778358459473e-01
4.201194941997528076e-01
4.506189525127410889e-01
-4.709331095218658447e-01
-1.196881383657455444e-01
-4.441094584763050079e-03
1.588968932628631592e-01
-3.894866704940795898e-01
-1.009973883628845215e+00
-1.015062332153320312e+00
-2.871564328670501709e-01
6.110268235206604004e-01
-1.549170970916748047e+00
-2.110669910907745361e-01
1.881045699119567871e+00
-8.347319960594177246e-01
-1.892963528633117676e+00
-8.547126650810241699e-01
1.921280473470687866e-01
-9.249647259712219238e-01
2.155716568231582642e-01
4.962260276079177856e-02
-1.014983057975769043e+00
7.774647474288940430e-01
-6.104626655578613281e-01
-3.487407267093658447e-01
-6.167045235633850098e-01
8.620370030403137207e-01
-1.554427295923233032e-01
6.574033498764038086e-01
-3.189738690853118896e-01
-4.522463679313659668e-01
7.920228242874145508e-01
6.900192499160766602e-01
1.158044934272766113e+00
7.379627227783203125e-01
-1.655787825584411621e-01
-8.746930360794067383e-01
-6.211234927177429199e-01
-6.129456162452697754e-01
1.353327035903930664e+00
-8.996530771255493164e-01
1.282624006271362305e+00
-3.742569983005523682e-01
-1.527051687240600586e+00
-3.723160624504089355e-01
-8.569771647453308105e-01
3.906110286712646484e+00
-1.142400741577148438e+00
1.150132894515991211e+00
1.131768375635147095e-01
-3.787858486175537109e-01
8.420792818069458008e-01
1.132551789283752441e+00
-2.608080387115478516e+00
2.018261909484863281e+00
3.317948281764984131e-01
-9.421871900558471680e-01
-3.339622914791107178e-01
-2.893183231353759766e+00
5.178922414779663086e-01
5.441561341285705566e-01
-5.650921463966369629e-01
8.427062630653381348e-02
-7.392229437828063965e-01
6.637342572212219238e-01
1.105791926383972168e+00
1.050387263298034668e+00
-9.086354821920394897e-02
7.408505678176879883e-02
-6.989098787307739258e-01
-1.264000654220581055e+00
-1.150194287300109863e+00
-7.317083477973937988e-01
-6.457024812698364258e-01
-1.669923067092895508e-01
-4.944449663162231445e-01
-1.303521841764450073e-01
1.344754127785563469e-03
-1.623943805694580078e+00
4.671387672424316406e-01
1.357477605342864990e-01
-6.562087535858154297e-01
5.523846149444580078e-01
3.719673156738281250e-01
-1.345710992813110352e+00
4.865094721317291260e-01
-3.295319676399230957e-01
-7.516579031944274902e-01
-5.245019197463989258e-01
-3.141510486602783203e+00
6.809506416320800781e-01
5.241910926997661591e-03
5.640553236007690430e-01
1.493293166160583496e+00
-1.280404478311538696e-01
-1.699378848075866699e+00
-3.396987617015838623e-01
3.316371738910675049e-01
-3.453106880187988281e-01
-5.726089477539062500e-01
2.285958081483840942e-01
-6.294553279876708984e-01
-1.009919881820678711e+00
-2.195158153772354126e-01
9.466295130550861359e-03
-1.397437155246734619e-01
3.346568644046783447e-01
9.648072123527526855e-01
-2.694368064403533936e-01
-1.102734446525573730e+00
-1.708189956843852997e-02
-5.071654915809631348e-01
-7.074269652366638184e-01
-5.815938115119934082e-01
-1.182283043861389160e+00
-7.777706980705261230e-01
-3.911979496479034424e-02
1.877875179052352905e-01
-1.904980391263961792e-01
6.902701258659362793e-01
7.471495270729064941e-01
1.133274912834167480e+00
1.335548982024192810e-02
6.320266723632812500e-01
1.271195769309997559e+00
5.600955486297607422e-01
-6.747737526893615723e-01
-7.753195166587829590e-01
4.174461662769317627e-01
7.975599765777587891e-01
-1.063451766967773438e+00
7.873045280575752258e-03
-1.379673779010772705e-01
8.129554986953735352e-01
5.890964865684509277e-01
1.020739525556564331e-01
1.199994683265686035e+00
3.510000407695770264e-01
5.702636837959289551e-01
4.398265480995178223e-01
3.673513531684875488e-01
4.629703164100646973e-01
-8.506703376770019531e-01
7.005576491355895996e-01
1.750327348709106445e+00
2.272166311740875244e-01
3.176755607128143311e-01
-6.233869194984436035e-01
5.135700106620788574e-01
2.273308932781219482e-01
6.737413406372070312e-01
-1.798402965068817139e-01
-3.479142785072326660e-01
-9.123212695121765137e-01
-4.686538577079772949e-01
-3.536960780620574951e-01
-3.112376034259796143e-01
-4.704898297786712646e-01
-1.018800735473632812e+00
-9.071556925773620605e-01
2.622277736663818359e-01
-1.453607231378555298e-01
4.625078737735748291e-01
-6.954032778739929199e-01
8.064236640930175781e-01
-9.047371745109558105e-01
1.935932487249374390e-01
1.080418601632118225e-01
1.452329456806182861e-01
