2.148774564266204834e-01
9.660616517066955566e-01
1.337647140026092529e-01
-6.802286505699157715e-01
3.159271553158760071e-02
-2.635732591152191162e-01
-4.582637846469879150e-01
-1.118212461471557617e+00
-8.937415480613708496e-01
2.264797836542129517e-01
-1.416232287883758545e-01
-8.406834602355957031e-01
9.102155566215515137e-01
-2.736766263842582703e-02
-5.130432080477476120e-03
-1.331113696098327637e+00
-3.932236433029174805e-01
1.493305712938308716e-01
1.147411018610000610e-01
-3.325067758560180664e-01
1.346789240837097168e+00
-6.956966966390609741e-02
4.499173164367675781e-01
5.133153200149536133e-01
-1.326297074556350708e-01
-6.071300506591796875e-01
-4.539046287536621094e-01
-2.819483876228332520e-01
-2.036741971969604492e+00
-4.537134990096092224e-02
-5.078054070472717285e-01
6.232470273971557617e-01
1.542084515094757080e-01
-9.633775800466537476e-02
-8.391239643096923828e-01
-4.158832728862762451e-01
2.576301395893096924e-01
-1.062033414840698242e+00
-3.949397057294845581e-02
1.063269138336181641e+00
-4.373055398464202881e-01
-9.227251410484313965e-01
-6.912224292755126953e-01
7.573817968368530273e-01
3.506993949413299561e-01
8.431510627269744873e-02
8.812426328659057617e-01
-7.541915178298950195e-01
3.423881530761718750e-01
5.155684947967529297e-01
-4.332460761070251465e-01
-7.940534949302673340e-01
1.391021013259887695e-01
1.294325590133666992e+00
-7.515320181846618652e-02
-7.120813131332397461e-01
-5.698464512825012207e-01
5.844464302062988281e-01
-5.596857666969299316e-01
-3.493146300315856934e-01
5.909547209739685059e-01
-7.059922218322753906e-01
1.077600598335266113e+00
-3.305357992649078369e-01
1.187202259898185730e-01
-9.999650716781616211e-01
8.435561656951904297e-01
2.053188830614089966e-01
4.747580885887145996e-01
-4.611985757946968079e-02
3.403267264366149902e-01
2.600993633270263672e+00
5.769909620285034180e-01
-1.172272562980651855e+00
4.114513695240020752e-01
6.908389925956726074e-01
2.751689851284027100e-01
7.075483798980712891e-01
-5.835608839988708496e-01
-1.498997807502746582e-01
5.692042112350463867e-01
1.087068915367126465e-01
-7.819201350212097168e-01
5.178369283676147461e-01
-7.913135886192321777e-01
4.371328055858612061e-01
-2.914376258850097656e-01
1.753202825784683228e-01
3.410375416278839111e-01
-5.271640419960021973e-01
-4.564438164234161377e-01
-1.253100514411926270e+00
-1.302734136581420898e+00
6.214916706085205078e-01
4.087712466716766357e-01
1.328628540039062500e+00
2.610128819942474365e-01
3.650318086147308350e-01
-5.036764740943908691e-01
-1.286906301975250244e-01
-8.057902008295059204e-02
9.975392222404479980e-01
5.442540049552917480e-01
-9.539515972137451172e-01
-8.068372011184692383e-01
-6.645483970642089844e-01
-1.194475889205932617e+00
4.337812960147857666e-02
5.391220450401306152e-01
-5.596454739570617676e-01
-1.258454378694295883e-02
6.608021259307861328e-01
-1.500118523836135864e-01
-9.688542485237121582e-01
-6.011412739753723145e-01
-2.855658531188964844e-01
-2.928040325641632080e-01
-9.911193847656250000e-01
-1.632051616907119751e-01
1.652787812054157257e-02
3.759353458881378174e-01
1.130589962005615234e+00
-1.849277615547180176e+00
1.186408400535583496e+00
-1.057811826467514038e-01
-5.197122693061828613e-01
1.078145980834960938e+00
6.655228734016418457e-01
-8.842133283615112305e-01
-4.281607270240783691e-01
5.116684436798095703e-01
-1.301077008247375488e+00
-3.267381489276885986e-01
-3.637290596961975098e-01
-1.540815114974975586e+00
3.936039805412292480e-01
4.988066554069519043e-01
-3.620847761631011963e-01
-6.299749016761779785e-01
7.127183675765991211e-02
-6.334978938102722168e-01
-4.280056953430175781e-01
8.929804563522338867e-01
-9.952800869941711426e-01
-1.232786655426025391e+00
1.170946285128593445e-01
5.239842534065246582e-01
-1.182400822639465332e+00
1.556843519210815430e-01
-9.984846711158752441e-01
3.060120642185211182e-01
4.146690070629119873e-01
6.322720050811767578e-01
-1.234977364540100098e+00
4.771336913108825684e-02
-4.903352856636047363e-01
-9.645161032676696777e-01
6.850761175155639648e-01
2.016513645648956299e-01
5.763189196586608887e-01
7.102466225624084473e-01
-3.301371335983276367e-01
8.838797360658645630e-02
-2.283894270658493042e-01
9.558853507041931152e-01
-9.617195464670658112e-03
-1.075173377990722656e+00
4.149997532367706299e-01
2.866961658000946045e-01
7.159902453422546387e-01
4.106154143810272217e-01
-1.084309816360473633e+00
-1.607433557510375977e+00
1.181290388107299805e+00
7.080581784248352051e-01
6.737008094787597656e-01
3.114460408687591553e-01
-2.908699810504913330e-01
-6.541868448257446289e-01
1.529732227325439453e+00
-7.599076032638549805e-01
-1.249202489852905273e+00
-1.571290642023086548e-01
1.984402835369110107e-01
1.676446557044982910e+00
-5.465425848960876465e-01
-4.136161506175994873e-01
-2.156545780599117279e-02
1.004261374473571777e+00
4.483752250671386719e-01
-2.614475190639495850e-01
-5.324312448501586914e-01
6.412455439567565918e-02
7.154528498649597168e-01
-2.436419874429702759e-01
-2.272315770387649536e-01
-8.188220858573913574e-01
-3.409997820854187012e-01
8.944876790046691895e-01
-6.198275089263916016e-01
-7.086589932441711426e-01
8.535625934600830078e-01
1.449585080146789551e+00
6.238551437854766846e-02
6.442998647689819336e-01
-4.412883520126342773e-01
-8.406678438186645508e-01
-1.250603914260864258e+00
9.039979577064514160e-01
-6.482101678848266602e-01
-2.121194601058959961e-01
5.587757229804992676e-01
4.822371602058410645e-01
-6.375301480293273926e-01
-1.310710787773132324e+00
7.892617583274841309e-01
7.055702805519104004e-01
2.081910371780395508e-01
-1.094540506601333618e-01
-8.048448562622070312e-01
-5.158166289329528809e-01
3.985151275992393494e-02
-1.204221230000257492e-02
-3.621972799301147461e-01
2.923400700092315674e-01
-4.273890256881713867e-01
9.197914600372314453e-01
-4.139889776706695557e-01
-6.389588713645935059e-01
-5.395888090133666992e-01
-9.144442528486251831e-02
2.910011112689971924e-01
1.293649375438690186e-01
6.172705888748168945e-01
8.100254535675048828e-01
1.097618699073791504e+00
1.477395594120025635e-01
7.439428567886352539e-02
-8.445858359336853027e-01
-3.625529408454895020e-01
1.744655728340148926e+00
-1.296979069709777832e+00
-4.808904230594635010e-01
3.008498549461364746e-01
-8.902756869792938232e-02
-3.194157779216766357e-02
-1.540912091732025146e-01
-1.802490353584289551e-01
-4.671076238155364990e-01
1.271758079528808594e-01
2.683045566082000732e-01
-9.382076859474182129e-01
-1.156301423907279968e-01
-1.161388278007507324e+00
5.816014856100082397e-02
-2.185679078102111816e-01
-5.286936759948730469e-01
-2.201794534921646118e-01
3.044460117816925049e-01
6.579457521438598633e-01
-9.205294400453567505e-02
-4.807665944099426270e-01
4.677532911300659180e-01
-6.850907802581787109e-01
-8.079658746719360352e-01
3.076041042804718018e-01
8.722292184829711914e-01
3.033108711242675781e-01
1.692648649215698242e+00
-2.439832836389541626e-01
9.760144352912902832e-01
2.552398741245269775e-01
-7.453821133822202682e-03
8.328538537025451660e-01
-1.155007839202880859e+00
-7.248403429985046387e-01
4.726689774543046951e-03
-8.078494668006896973e-01
1.166419982910156250e+00
-4.096003174781799316e-01
1.914947479963302612e-01
4.214544594287872314e-01
7.228605151176452637e-01
8.419767022132873535e-01
9.541681408882141113e-01
-2.894810140132904053e-01
2.931693755090236664e-02
5.641862154006958008e-01
8.200025558471679688e-01
-1.056860983371734619e-01
-1.424458622932434082e+00
-1.009094156324863434e-02
-5.489466786384582520e-01
-1.320317834615707397e-01
1.017348170280456543e+00
3.564738333225250244e-01
8.936865627765655518e-02
-2.639897465705871582e-01
4.282812178134918213e-01
-1.676813582889735699e-03
-7.140613198280334473e-01
-4.447197616100311279e-01
4.149696528911590576e-01
5.598539859056472778e-02
8.755049109458923340e-02
3.090533912181854248e-01
-7.185645103454589844e-01
-1.027531981468200684e+00
8.913715928792953491e-02
1.362396925687789917e-01
-1.166026711463928223e+00
-4.529964029788970947e-01
-7.015472054481506348e-01
2.925528883934020996e-01
-1.221911549568176270e+00
1.622355431318283081e-01
2.221155166625976562e-01
1.033769607543945312e+00
7.577112913131713867e-01
3.432435095310211182e-01
-2.402028888463973999e-01
4.124847948551177979e-01
2.264519929885864258e+00
-3.926619589328765869e-01
1.940300911664962769e-01
-2.571133375167846680e-01
-7.077944278717041016e-01
7.083199024200439453e-01
-5.826280713081359863e-01
-7.286637555807828903e-04
-1.880028694868087769e-01
-9.300791621208190918e-01
7.887480258941650391e-01
-8.033174872398376465e-01
7.082092761993408203e-01
-2.751560509204864502e-01
-1.826077252626419067e-01
-1.132473230361938477e+00
8.012630045413970947e-02
-1.187855824828147888e-01
3.690933287143707275e-01
-7.960987091064453125e-01
4.913742542266845703e-01
5.400435626506805420e-02
-6.947635412216186523e-01
9.061203002929687500e-01
-1.739943146705627441e+00
-7.827513813972473145e-01
-3.247927129268646240e-01
-1.932492107152938843e-02
-9.918798804283142090e-01
-4.499484300613403320e-01
5.517597794532775879e-01
-3.788131177425384521e-01
-7.709584236145019531e-01
-1.220637634396553040e-01
-1.171438246965408325e-01
-1.003080725669860840e+00
7.528385613113641739e-03
-1.109211705625057220e-02
3.719927370548248291e-01
-1.608076989650726318e-01
-3.515814840793609619e-01
-6.037584543228149414e-01
-6.295706629753112793e-01
3.578814864158630371e-01
1.415262103080749512e+00
1.122429132461547852e+00
-1.750350743532180786e-02
1.275778055191040039e+00
1.127233028411865234e+00
8.677906394004821777e-01
-1.726158022880554199e+00
2.118428468704223633e+00
3.753399848937988281e-01
1.863660216331481934e-01
-1.599237471818923950e-01
3.316712081432342529e-01
-6.929311901330947876e-02
2.710427045822143555e-01
9.611994028091430664e-01
3.265083730220794678e-01
2.711714506149291992e-01
2.187577635049819946e-01
-1.410357713699340820e+00
-6.676694005727767944e-02
-1.668000519275665283e-01
-1.051170825958251953e+00
9.398810267448425293e-01
7.087925076484680176e-01
2.015290021896362305e+00
5.949563384056091309e-01
8.912279605865478516e-01
5.703425407409667969e-01
9.216510653495788574e-01
1.093429803848266602e+00
-1.240590929985046387e+00
-9.294396638870239258e-01
3.188615441322326660e-01
9.276486635208129883e-01
6.666535735130310059e-01
-1.036755800247192383e+00
-1.805403828620910645e-02
-6.210707426071166992e-01
6.528131365776062012e-01
2.239948809146881104e-01
-9.807177186012268066e-01
8.131860941648483276e-02
3.450095281004905701e-02
-3.428544104099273682e-01
-4.097142219543457031e-01
-1.394528865814208984e+00
-9.751663804054260254e-01
1.558395177125930786e-01
5.283312201499938965e-01
9.123569130897521973e-01
-3.888410031795501709e-01
1.912596821784973145e-01
-7.388856410980224609e-01
1.154295086860656738e+00
-3.749604523181915283e-01
-1.571139693260192871e+00
5.485558509826660156e-01
1.664086341857910156e+00
-1.169488430023193359e+00
9.606016278266906738e-01
-6.845730543136596680e-01
-2.879502773284912109e-01
-4.987355470657348633e-01
-1.072271466255187988e+00
-7.922756671905517578e-01
6.114171147346496582e-01
1.089354872703552246e+00
-8.737846612930297852e-01
-2.234362214803695679e-01
1.763807088136672974e-01
6.916309595108032227e-01
1.248038172721862793e+00
-2.070029079914093018e-01
5.128248333930969238e-01
1.033423542976379395e+00
2.523145675659179688e-01
-9.771118760108947754e-01
-7.444712519645690918e-01
5.589820072054862976e-02
-4.426380991935729980e-01
5.626843571662902832e-01
-3.582051694393157959e-01
-2.671386599540710449e-01
-9.595894217491149902e-01
-4.735502898693084717e-01
-1.390907526016235352e+00
1.582857370376586914e+00
-4.123730063438415527e-01
-7.001584172248840332e-01
4.021411836147308350e-01
1.570407271385192871e+00
-1.753938943147659302e-01
-1.042327731847763062e-01
-9.985477328300476074e-01
6.726192235946655273e-01
5.156028270721435547e-01
-4.134328365325927734e-01
4.643891155719757080e-01
-6.414696574211120605e-01
-3.466845750808715820e-01
7.068269699811935425e-02
4.646247327327728271e-01
2.609405815601348877e-01
9.292382001876831055e-01
-7.491000294685363770e-01
2.431780993938446045e-01
-3.324800133705139160e-01
-2.889110147953033447e-01
-3.182949423789978027e-01
-3.106027841567993164e-01
-2.118061929941177368e-01
-2.946419408544898033e-03
-1.229201704263687134e-01
1.456869125366210938e+00
1.218586325645446777e+00
6.625471115112304688e-01
-1.393599033355712891e+00
1.095098257064819336e+00
4.529042840003967285e-01
2.155238017439842224e-02
-5.273593664169311523e-01
-1.218840599060058594e+00
-2.219109833240509033e-01
-1.569268852472305298e-01
6.654176712036132812e-01
2.150634765625000000e+00
7.489323019981384277e-01
1.012156844139099121e+00
-9.886340498924255371e-01
1.219321846961975098e+00
-2.093916654586791992e+00
-3.738009214401245117e+00
4.094968736171722412e-01
-3.331992626190185547e-01
-1.209141239523887634e-01
2.276748567819595337e-01
-9.389222860336303711e-01
1.131122112274169922e+00
-9.006586670875549316e-01
-2.596234083175659180e-01
-6.688359975814819336e-01
3.286514878273010254e-01
-6.265351921319961548e-02
1.444966554641723633e+00
3.713793456554412842e-01
6.736699938774108887e-01
2.955655455589294434e-01
4.479494094848632812e-01
5.667999386787414551e-01
5.996756553649902344e-01
1.717761754989624023e-01
1.146900579333305359e-01
1.582991242408752441e+00
5.727525949478149414e-01
-6.009219288825988770e-01
-2.873967885971069336e-01
-8.576434254646301270e-01
-6.781937479972839355e-01
-2.517109215259552002e-01
7.847986817359924316e-01
-9.223001599311828613e-01
5.258847475051879883e-01
-7.514247298240661621e-01
-2.404911279678344727e+00
-3.098772764205932617e-01
1.781743764877319336e+00
9.217353463172912598e-01
-4.358451366424560547e-01
1.487307399511337280e-01
-9.268724322319030762e-01
-4.157841205596923828e-01
3.840327262878417969e-01
-1.029432415962219238e+00
3.066551089286804199e-01
-2.683097422122955322e-01
2.833502292633056641e-01
-1.769507765769958496e+00
8.088535666465759277e-01
8.922132253646850586e-01
1.246645212173461914e+00
2.060341835021972656e-01
8.015598654747009277e-01
-1.042868375778198242e+00
1.229831695556640625e+00
-6.720270514488220215e-01
-1.536346554756164551e+00
-1.281185865402221680e+00
-9.534721374511718750e-01
8.133931159973144531e-01
3.494218885898590088e-01
-3.239965736865997314e-01
5.027230978012084961e-01
-4.075634479522705078e-01
-7.942364811897277832e-01
3.822074234485626221e-01
1.588943123817443848e+00
-1.432963013648986816e+00
1.156583905220031738e+00
-6.118617653846740723e-01
4.553393423557281494e-01
6.862269043922424316e-01
3.782305717468261719e-01
1.204120874404907227e+00
-8.713986277580261230e-01
6.377537846565246582e-01
-1.546766757965087891e-01
-3.406102359294891357e-01
-7.682502865791320801e-01
3.860093653202056885e-01
-2.904670238494873047e-01
-2.182957231998443604e-01
5.700719952583312988e-01
-1.379506230354309082e+00
-9.425044059753417969e-01
4.862851798534393311e-01
1.148058295249938965e+00
3.403946757316589355e-02
1.959748417139053345e-01
6.045230031013488770e-01
-1.276726275682449341e-01
-6.008144617080688477e-01
-6.456737518310546875e-01
-3.477632105350494385e-01
6.812328696250915527e-01
1.544261872768402100e-01
-9.886140003800392151e-03
4.034602940082550049e-01
-5.742619931697845459e-02
5.809859633445739746e-01
-8.101944327354431152e-01
8.027017116546630859e-01
-3.084953129291534424e-01
-6.849025487899780273e-01
5.634551644325256348e-01
2.441770434379577637e-01
-1.427087306976318359e+00
6.175691485404968262e-01
5.055627822875976562e-01
3.276014029979705811e-01
6.909192800521850586e-01
-1.208079576492309570e+00
-1.192645311355590820e+00
-1.086362719535827637e+00
9.610202908515930176e-01
2.829959094524383545e-01
-6.497225910425186157e-02
1.848986595869064331e-01
7.052638530731201172e-01
-5.178424119949340820e-01
-4.486829340457916260e-01
-8.920418098568916321e-03
-1.155627489089965820e+00
2.602451741695404053e-01
-8.624478578567504883e-01
-2.623288333415985107e-01
-3.366623520851135254e-01
-1.728126645088195801e+00
8.212589025497436523e-01
9.313382208347320557e-02
1.236184000968933105e+00
6.699330173432826996e-03
7.872494459152221680e-01
1.105783462524414062e+00
-8.392176628112792969e-01
1.425413489341735840e+00
5.411068797111511230e-01
1.205058574676513672e+00
6.087259054183959961e-01
7.861623764038085938e-01
-1.188410162925720215e+00
-1.129926800727844238e+00
-2.783248201012611389e-02
-5.871773362159729004e-01
-1.171571090817451477e-01
1.151297539472579956e-01
5.125976800918579102e-01
-1.422042608261108398e+00
7.514699101448059082e-01
8.194939494132995605e-01
3.351310968399047852e+00
-2.104797363281250000e+00
4.741767942905426025e-01
3.984235227108001709e-01
-1.804083108901977539e+00
-1.207491874694824219e+00
2.429000586271286011e-01
-2.119989842176437378e-01
-1.899782419204711914e-01
3.779981285333633423e-02
-2.900933027267456055e-01
2.000273168087005615e-01
-7.503579854965209961e-01
-5.534755066037178040e-02
7.432420551776885986e-02
3.162318468093872070e-02
5.661699175834655762e-01
4.630746319890022278e-02
-1.538478136062622070e-01
5.509610176086425781e-01
1.148975610733032227e+00
1.049077361822128296e-01
9.193219542503356934e-01
-2.577168643474578857e-01
-1.987213015556335449e+00
-8.463623523712158203e-01
3.863092362880706787e-01
-8.716826885938644409e-02
9.206656217575073242e-01
8.971370458602905273e-01
-1.003290891647338867e+00
-3.867506980895996094e-01
-1.841798275709152222e-01
1.612936407327651978e-01
-4.214796721935272217e-01
8.438507318496704102e-01
-1.076254963874816895e+00
-1.791503578424453735e-01
7.247135639190673828e-01
-1.198885679244995117e+00
-1.505635261535644531e+00
-7.250532507896423340e-02
-3.172780871391296387e-01
-4.758396625518798828e+00
4.148034453392028809e-01
-1.149328351020812988e+00
-5.128237009048461914e-01
9.304621219635009766e-01
1.342464238405227661e-01
-4.028350710868835449e-01
3.336880207061767578e-01
2.641239762306213379e-01
4.632305204868316650e-01
-1.044123172760009766e+00
1.294070482254028320e-02
-8.043565750122070312e-01
-6.006155014038085938e-01
-1.488290905952453613e+00
7.953270524740219116e-02
4.997411370277404785e-01
2.700129747390747070e-01
9.233278036117553711e-01
7.646569609642028809e-01
-1.280079126358032227e+00
5.168479084968566895e-01
-5.071129202842712402e-01
3.624967858195304871e-02
-7.305855751037597656e-01
-1.178930759429931641e+00
-1.176209568977355957e+00
-3.098345994949340820e-01
1.653169989585876465e-01
-1.255022883415222168e+00
7.783933281898498535e-01
-4.675857722759246826e-01
1.390274167060852051e-01
1.183823704719543457e+00
4.863168299198150635e-01
1.545139700174331665e-01
8.463896811008453369e-02
9.942911565303802490e-02
6.207134574651718140e-02
1.242783427238464355e+00
8.018875718116760254e-01
-4.393016695976257324e-01
-2.555686831474304199e-01
-1.248109102249145508e+00
-9.643639326095581055e-01
1.111622452735900879e+00
7.354857325553894043e-01
3.607961535453796387e-01
7.947632074356079102e-01
4.507242739200592041e-01
8.489143848419189453e-01
-8.685281872749328613e-01
1.466178655624389648e+00
-1.321808815002441406e+00
8.671953678131103516e-01
1.593522310256958008e+00
2.646573781967163086e-01
-7.782586216926574707e-01
-7.160021066665649414e-01
1.118612289428710938e-01
2.133397758007049561e-01
-2.186622321605682373e-01
7.540093660354614258e-01
-8.016579151153564453e-01
-9.050781726837158203e-01
-1.096732735633850098e+00
-9.454307556152343750e-01
5.076820254325866699e-01
1.965021193027496338e-01
-7.566223740577697754e-01
-1.548250019550323486e-01
1.189839363098144531e+00
2.899011969566345215e-01
1.675039976835250854e-01
-1.486016809940338135e-01
1.504083871841430664e-01
6.921293735504150391e-01
-7.807374000549316406e-01
-1.258193999528884888e-01
6.647264361381530762e-01
