1.553544521331787109e+00
1.585582733154296875e+00
1.743552833795547485e-01
-5.367907285690307617e-01
-4.942601621150970459e-01
5.206888318061828613e-01
3.947100043296813965e-02
-6.179054975509643555e-01
-1.772271990776062012e+00
-2.159172773361206055e+00
1.115198135375976562e-01
-6.962742805480957031e-01
7.991606593132019043e-01
-2.923049628734588623e-01
-9.531488418579101562e-01
-4.878983646631240845e-02
1.522583663463592529e-01
7.498511672019958496e-02
-1.574507653713226318e-01
-8.527649044990539551e-01
-9.571743011474609375e-01
-6.613492369651794434e-01
-3.705687522888183594e-01
3.157480061054229736e-01
1.400074720382690430e+00
-4.622311592102050781e-01
-4.463247656822204590e-01
3.728194832801818848e-01
-1.739639401435852051e+00
-2.554829418659210205e-01
-2.820152282714843750e+00
3.355138301849365234e-01
-1.043608188629150391e+00
-7.277306914329528809e-02
-3.202302753925323486e-01
-7.654429674148559570e-01
-7.098026871681213379e-01
-1.842009305953979492e+00
1.033687293529510498e-01
9.678817391395568848e-01
-1.640974760055541992e+00
-7.915048599243164062e-01
-6.498718857765197754e-01
7.420730590820312500e-01
4.694415926933288574e-01
1.293264389038085938e+00
-8.355563282966613770e-01
-7.808428406715393066e-01
-6.622642874717712402e-01
8.479114770889282227e-01
-1.844928145408630371e+00
-1.034874469041824341e-01
-1.120244145393371582e+00
-1.134883686900138855e-01
-4.988953769207000732e-01
-2.927589118480682373e-01
7.910429835319519043e-01
-1.221426874399185181e-01
-9.786646366119384766e-01
6.373294591903686523e-01
-6.369314193725585938e-01
7.618160843849182129e-01
-2.877911627292633057e-01
4.230008721351623535e-01
1.692227572202682495e-01
-3.504492342472076416e-01
1.152518093585968018e-01
-7.648460566997528076e-02
1.163333505392074585e-01
-2.461182832717895508e+00
-1.844192445278167725e-01
8.135311603546142578e-01
-3.420216441154479980e-01
-4.617331624031066895e-01
5.388625860214233398e-01
7.825143933296203613e-01
-4.977714642882347107e-02
8.644005060195922852e-01
6.551193594932556152e-01
1.237367272377014160e+00
-3.737878799438476562e-01
6.077421307563781738e-01
-1.099184751510620117e+00
1.650041639804840088e-01
-1.863379180431365967e-01
-1.671953685581684113e-02
-2.384297102689743042e-01
1.031508207321166992e+00
-8.901938199996948242e-01
6.323431432247161865e-02
-1.596833825111389160e+00
-8.028039336204528809e-01
7.739103436470031738e-01
6.339278817176818848e-01
-6.233143210411071777e-01
4.042840600013732910e-01
7.930744886398315430e-01
1.361902356147766113e+00
-5.493593811988830566e-01
7.331165075302124023e-01
1.575277447700500488e+00
3.552742004394531250e-01
1.265137940645217896e-01
1.753077507019042969e-01
-1.605375111103057861e-01
-4.185292124748229980e-01
-1.837644457817077637e+00
5.796084403991699219e-01
-2.068416178226470947e-01
6.439225077629089355e-01
7.651130557060241699e-01
7.597880363464355469e-01
-1.550104618072509766e+00
-1.723512887954711914e+00
-4.265562593936920166e-01
2.765783667564392090e-01
-6.098075509071350098e-01
4.181291460990905762e-01
1.439913362264633179e-01
-2.018538303673267365e-02
-2.366369664669036865e-01
-3.383883833885192871e-01
-2.885544300079345703e+00
1.451539516448974609e+00
3.877961337566375732e-01
1.140840172767639160e+00
-7.964920997619628906e-01
6.039967536926269531e-01
-1.040236949920654297e+00
-1.011774063110351562e+00
-6.802954524755477905e-02
-1.110156416893005371e+00
-5.227621793746948242e-01
-1.476258754730224609e+00
-8.954907655715942383e-01
-1.520899415016174316e+00
3.818133175373077393e-01
1.015506148338317871e+00
-1.284718751907348633e+00
-5.527862906455993652e-01
5.325530767440795898e-01
1.058101773262023926e+00
-8.828047662973403931e-02
-4.549810886383056641e-01
-5.670480132102966309e-01
5.220024585723876953e-01
-1.081957459449768066e+00
-1.714439749717712402e+00
3.281709551811218262e-01
9.858143925666809082e-01
1.030230879783630371e+00
1.514591425657272339e-01
5.976504683494567871e-01
-5.556800365447998047e-01
9.207687973976135254e-01
-7.063205242156982422e-01
-1.481574654579162598e+00
1.069049239158630371e+00
-6.049122214317321777e-01
7.775903344154357910e-01
3.386512100696563721e-01
2.923931181430816650e-01
-3.948954045772552490e-01
-9.920219182968139648e-01
-1.822808533906936646e-01
-1.549969911575317383e+00
-1.289352476596832275e-01
1.448139101266860962e-01
3.703977167606353760e-01
-1.064112484455108643e-01
-7.621933817863464355e-01
-8.457216620445251465e-01
-4.993889927864074707e-01
1.274865865707397461e+00
1.831101775169372559e-01
2.649253010749816895e-01
8.289861679077148438e-01
6.974257826805114746e-01
-1.327496170997619629e-01
1.460724234580993652e+00
1.189959645271301270e-01
-8.939824104309082031e-01
-9.784795641899108887e-01
-2.026520520448684692e-01
4.472625851631164551e-01
-1.444850444793701172e+00
3.840001523494720459e-01
-6.581637859344482422e-01
8.151887655258178711e-01
-3.346652984619140625e-01
-5.463588833808898926e-01
-2.786330580711364746e-01
-5.991414189338684082e-01
9.052780866622924805e-01
2.331571578979492188e-01
3.235268965363502502e-02
3.121714591979980469e-01
-7.171868681907653809e-01
1.059241414070129395e+00
2.038738280534744263e-01
3.194342255592346191e-01
1.294862747192382812e+00
1.285395383834838867e+00
6.263325214385986328e-01
1.483977317810058594e+00
-3.401772379875183105e-01
-5.647779107093811035e-01
-1.466485112905502319e-01
1.885497719049453735e-01
5.648472579196095467e-04
6.046934127807617188e-01
4.345242679119110107e-01
3.249409496784210205e-01
-7.757585644721984863e-01
-7.398584485054016113e-01
-8.077253103256225586e-01
-1.392785787582397461e+00
3.412703275680541992e-01
-8.388500809669494629e-01
1.220798611640930176e+00
9.421963095664978027e-01
5.814096331596374512e-01
5.814762115478515625e-01
3.376171290874481201e-01
-4.019984900951385498e-01
-9.227758049964904785e-01
9.224385619163513184e-01
1.617012023925781250e-01
-5.868922472000122070e-01
-6.630278229713439941e-01
-3.547891676425933838e-01
1.884843856096267700e-01
-6.550534367561340332e-01
2.046781539916992188e+00
6.375101208686828613e-01
4.327021837234497070e-01
1.190772056579589844e+00
-1.147335544228553772e-01
-1.084354639053344727e+00
-4.100744724273681641e-01
2.197165191173553467e-01
1.359811127185821533e-01
-2.447940856218338013e-01
1.147495627403259277e+00
-2.053654909133911133e+00
-4.791609346866607666e-01
-7.402580380439758301e-01
1.981357783079147339e-01
-2.048060894012451172e-01
-4.003509879112243652e-01
-1.340284049510955811e-01
-5.330742001533508301e-01
-4.581637084484100342e-01
-1.197852015495300293e+00
1.582355976104736328e+00
-5.604695081710815430e-01
1.780413836240768433e-01
-1.958140134811401367e-01
-3.120429515838623047e-01
1.154569745063781738e+00
1.891870051622390747e-01
-1.343866944313049316e+00
2.021950483322143555e+00
-3.143644332885742188e-01
-7.901497483253479004e-01
1.918466538190841675e-01
1.696750640869140625e+00
-1.549077779054641724e-01
3.174102306365966797e+00
1.048763990402221680e+00
-5.607455372810363770e-01
-4.166220128536224365e-01
1.141487836837768555e+00
1.495067596435546875e+00
-7.600480318069458008e-01
1.727527499198913574e+00
1.635742306709289551e+00
2.793104350566864014e-01
1.572452425956726074e+00
-6.026083230972290039e-01
7.658927887678146362e-02
-7.436370253562927246e-01
3.972764909267425537e-01
-1.920121759176254272e-01
-6.772317290306091309e-01
-2.339718639850616455e-01
6.453587412834167480e-01
8.537905290722846985e-03
3.946290910243988037e-02
-1.765369623899459839e-01
-7.615090608596801758e-01
4.567161202430725098e-01
2.025132477283477783e-01
-8.456814885139465332e-01
6.380082368850708008e-01
-3.940318226814270020e-01
5.000136494636535645e-01
9.960978031158447266e-01
-5.652651190757751465e-01
-8.305698633193969727e-01
1.034666061401367188e+00
-2.302859425544738770e-01
7.582582235336303711e-01
1.379633784294128418e+00
1.902756571769714355e+00
1.380568027496337891e+00
1.673183739185333252e-01
-1.304408311843872070e+00
1.486930996179580688e-01
-3.374882340431213379e-01
4.382723569869995117e-01
-1.557583808898925781e+00
-1.250488460063934326e-01
-6.615979075431823730e-01
-2.727966904640197754e-01
-2.122997492551803589e-01
9.483433365821838379e-01
4.930783212184906006e-01
5.979040861129760742e-01
1.176249504089355469e+00
-1.185861453413963318e-01
5.865516662597656250e-01
8.657850623130798340e-01
-3.983645141124725342e-01
-1.950563043355941772e-01
-2.172829657793045044e-01
-9.685406684875488281e-01
-1.590376943349838257e-01
-1.749430596828460693e-01
7.299212813377380371e-01
6.379929184913635254e-01
1.047081202268600464e-01
2.427361011505126953e+00
7.549674063920974731e-02
3.536142706871032715e-01
-4.340618848800659180e-01
6.090631708502769470e-02
-1.372516155242919922e+00
1.079261660575866699e+00
-3.351333737373352051e-01
-5.437262058258056641e-01
-2.754894793033599854e-01
1.014791846275329590e+00
5.479807257652282715e-01
-4.057945311069488525e-01
9.449370503425598145e-01
-1.192634820938110352e+00
-1.522305160760879517e-01
-7.508474588394165039e-02
2.011813968420028687e-01
-1.357604742050170898e+00
-2.722034752368927002e-01
8.980993032455444336e-01
2.380875498056411743e-01
-1.458746433258056641e+00
-8.458651304244995117e-01
-4.772364497184753418e-01
-1.045919775962829590e+00
-4.498535394668579102e-01
1.175430297851562500e+00
5.207579731941223145e-01
-3.990091383457183838e-01
-3.781140744686126709e-01
-1.047684550285339355e+00
3.417291939258575439e-01
1.065187454223632812e-01
1.141397118568420410e+00
2.679829299449920654e-01
1.867737293243408203e+00
-2.240760028362274170e-01
1.026967644691467285e+00
-4.652836918830871582e-01
-1.233573198318481445e+00
7.249629497528076172e-01
1.048647999763488770e+00
1.131155133247375488e+00
7.540292143821716309e-01
-1.286743402481079102e+00
-6.921056509017944336e-01
1.085483193397521973e+00
3.252552151679992676e-01
-4.859702289104461670e-01
3.775173723697662354e-01
-4.075819551944732666e-01
-7.230643630027770996e-01
-5.265713334083557129e-01
1.908267438411712646e-01
-1.050715684890747070e+00
1.318469405174255371e+00
-6.473325490951538086e-01
7.838698625564575195e-01
-7.313884049654006958e-02
7.563523650169372559e-01
-1.910191297531127930e+00
1.169067025184631348e+00
-6.906967163085937500e-01
-1.045664906501770020e+00
1.102093815803527832e+00
1.105504155158996582e+00
6.244145631790161133e-01
8.923180103302001953e-01
-1.023809909820556641e+00
-3.018137514591217041e-01
-2.056504964828491211e+00
-7.889275550842285156e-01
-4.609930515289306641e-01
3.932535275816917419e-02
4.316697418689727783e-01
-9.053272008895874023e-01
-6.494720578193664551e-01
-6.158243417739868164e-01
5.455886721611022949e-01
3.679983615875244141e-01
7.518201470375061035e-01
1.502141237258911133e+00
1.631504148244857788e-01
1.137436747550964355e+00
6.495183706283569336e-01
-2.637914121150970459e-01
1.093802213668823242e+00
7.144834101200103760e-02
-1.290829777717590332e+00
9.210606813430786133e-01
1.166672945022583008e+00
-1.339545845985412598e-01
2.876739203929901123e-01
-1.118022084236145020e+00
-3.933947682380676270e-01
-2.280174970626831055e+00
-1.076459065079689026e-01
-5.875239372253417969e-01
5.773723721504211426e-01
1.156645417213439941e+00
-3.608949854969978333e-02
1.884179711341857910e-01
-3.394968211650848389e-01
-4.795371890068054199e-01
2.867087125778198242e-01
6.887333989143371582e-01
6.630019098520278931e-02
2.088596969842910767e-01
-3.734490871429443359e-01
-3.620416522026062012e-01
-6.291623115539550781e-01
-8.260177969932556152e-01
-1.905919909477233887e-01
-1.024440288543701172e+00
-9.868596792221069336e-01
-1.176239967346191406e+00
-5.354946851730346680e-01
-8.808808922767639160e-01
-1.004329919815063477e+00
2.571458816528320312e-01
-1.258514285087585449e+00
3.939422965049743652e-01
-2.288376986980438232e-01
2.185331135988235474e-01
1.709235429763793945e+00
4.321150481700897217e-01
-3.949213027954101562e-01
6.271169185638427734e-01
-8.208766579627990723e-01
4.579636156558990479e-01
1.701111316680908203e+00
7.075663208961486816e-01
-1.234281420707702637e+00
4.317402839660644531e-01
1.598681926727294922e+00
-6.034230589866638184e-01
-2.257854938507080078e-01
5.153346061706542969e-01
6.865891069173812866e-02
-4.859080165624618530e-02
7.297770977020263672e-01
-6.047204136848449707e-01
-4.104540944099426270e-01
5.685372352600097656e-01
-7.769395709037780762e-01
-8.512902855873107910e-01
1.125620245933532715e+00
1.440697073936462402e+00
4.604460299015045166e-01
-1.090145111083984375e+00
1.050518989562988281e+00
5.568980574607849121e-01
3.369440138339996338e-01
5.498166680335998535e-01
-9.203343987464904785e-01
-1.444094330072402954e-01
-1.896573901176452637e-01
-2.684116065502166748e-01
2.000567197799682617e+00
1.141458511352539062e+00
-9.453678876161575317e-02
-1.269865512847900391e+00
-1.623002052307128906e+00
-9.794771075248718262e-01
-2.439630746841430664e+00
-7.450548559427261353e-02
3.717102706432342529e-01
1.211612582206726074e+00
-4.208294451236724854e-01
-1.259313225746154785e-01
1.462104201316833496e+00
-6.676635742187500000e-01
-3.215460777282714844e-01
-1.036813735961914062e+00
-4.401509165763854980e-01
3.738238513469696045e-01
1.295158624649047852e+00
5.067778229713439941e-01
9.223483204841613770e-01
1.302158832550048828e+00
4.697942733764648438e-01
-1.887938529253005981e-01
1.238284725695848465e-02
-7.804116606712341309e-02
-3.652954846620559692e-02
1.633259952068328857e-01
-5.294005870819091797e-01
-8.413907289505004883e-01
-3.066174387931823730e-01
-7.360675930976867676e-01
-1.858067214488983154e-01
7.176621258258819580e-02
-3.070945739746093750e-01
-1.889727711677551270e+00
4.747462272644042969e-01
1.373656988143920898e+00
-3.826494812965393066e-01
-8.862985968589782715e-01
8.237923383712768555e-01
7.598333954811096191e-01
-1.477517008781433105e+00
-4.417346417903900146e-01
-5.261347293853759766e-01
3.308005630970001221e-01
-3.516229391098022461e-01
-1.439509630203247070e+00
-5.038474872708320618e-02
-9.997381567955017090e-01
8.707516640424728394e-02
-2.638517022132873535e-01
-9.693919420242309570e-01
-1.222289875149726868e-01
-6.817469000816345215e-02
8.623110651969909668e-01
6.337181329727172852e-01
-7.413337230682373047e-01
-4.684847891330718994e-01
1.206728667020797729e-01
3.065601587295532227e-01
-9.614033699035644531e-01
-4.990106225013732910e-01
7.295759916305541992e-01
8.374497294425964355e-01
-1.131891965866088867e+00
7.212073802947998047e-01
-2.314006388187408447e-01
-6.872857213020324707e-01
-8.209986239671707153e-02
1.033625602722167969e+00
4.399049282073974609e-01
7.073855996131896973e-01
7.039893269538879395e-01
7.800689935684204102e-01
5.760830640792846680e-01
7.362712621688842773e-01
1.386376142501831055e+00
-6.334059834480285645e-01
3.278825581073760986e-01
6.284937262535095215e-01
-5.321346521377563477e-01
-1.064683914184570312e+00
1.200689673423767090e+00
-3.298301398754119873e-01
-1.899479925632476807e-01
-5.477018356323242188e-01
1.088216900825500488e+00
7.379243969917297363e-01
-1.582120805978775024e-01
7.478397488594055176e-01
4.729691147804260254e-01
7.285110950469970703e-01
1.069472193717956543e+00
-6.992042660713195801e-01
-1.367128372192382812e+00
-1.216197133064270020e+00
-1.536453813314437866e-01
-4.055173099040985107e-01
1.129655689001083374e-01
-1.186781287193298340e+00
-4.465660154819488525e-01
7.872649431228637695e-01
3.726058080792427063e-02
-3.427542150020599365e-01
1.247226819396018982e-01
3.761579692363739014e-01
-1.148693442344665527e+00
6.065232157707214355e-01
-4.133241474628448486e-01
-1.037657618522644043e+00
-2.636200189590454102e-01
8.146840333938598633e-01
1.328418731689453125e+00
-1.364366650581359863e+00
-6.646164655685424805e-01
-7.009969949722290039e-01
-1.669826805591583252e-01
-4.933468401432037354e-01
-6.733993887901306152e-01
6.160047650337219238e-01
1.342068195343017578e+00
-6.519607305526733398e-01
-1.295572400093078613e+00
3.415290117263793945e-01
7.096626213751733303e-04
7.567700743675231934e-02
-3.102100789546966553e-01
5.093165040016174316e-01
6.031735539436340332e-01
1.102486491203308105e+00
-1.230713725090026855e+00
2.114610433578491211e+00
-1.569546937942504883e+00
-1.871341168880462646e-01
6.442891359329223633e-01
8.187733292579650879e-01
8.216390609741210938e-01
-9.402307868003845215e-01
-3.093328773975372314e-01
6.122061014175415039e-01
5.369254946708679199e-01
7.410271763801574707e-01
4.653722345829010010e-01
7.134421169757843018e-02
1.070163488388061523e+00
4.996748864650726318e-01
-1.280267536640167236e-01
7.900462746620178223e-01
-1.336734056472778320e+00
8.190497159957885742e-01
-4.290356636047363281e-01
9.173103570938110352e-01
6.166044622659683228e-02
-1.491613745689392090e+00
-9.247258305549621582e-01
3.341805040836334229e-01
1.661343455314636230e+00
-5.974546074867248535e-01
-1.652076721191406250e+00
-4.314174056053161621e-01
1.791987657546997070e+00
1.280175987631082535e-03
3.927991390228271484e-01
-1.063015103340148926e+00
-5.920301079750061035e-01
-1.632090926170349121e+00
1.273436546325683594e+00
1.186131119728088379e+00
-2.124117016792297363e-01
-7.881118655204772949e-01
4.415623843669891357e-02
-8.059643507003784180e-01
-1.001052260398864746e-01
1.011303544044494629e+00
1.048500537872314453e-01
9.980340600013732910e-01
4.540041685104370117e-01
-1.316866636276245117e+00
3.704541921615600586e-01
7.192186117172241211e-01
4.925223886966705322e-01
1.322274208068847656e+00
1.882388889789581299e-01
-5.379498004913330078e-01
-4.073613286018371582e-01
-2.593888938426971436e-01
1.306303620338439941e+00
1.893029808998107910e-01
-3.511892557144165039e-01
-2.327386736869812012e-01
4.835934937000274658e-01
-6.789457052946090698e-02
-1.720479965209960938e+00
-1.015120819211006165e-01
-1.908017843961715698e-01
5.222835540771484375e-01
8.059735298156738281e-01
1.011926770210266113e+00
-5.137323737144470215e-01
-6.637142300605773926e-01
-8.730287849903106689e-02
-1.360571503639221191e+00
3.539919853210449219e-01
5.802967548370361328e-01
-6.429497003555297852e-01
6.706944108009338379e-01
-1.618572771549224854e-01
1.062476992607116699e+00
4.788827002048492432e-01
2.258302569389343262e-01
2.615881338715553284e-02
7.336216568946838379e-01
3.481176495552062988e-01
3.779791593551635742e-01
1.372962236404418945e+00
6.372278332710266113e-01
1.832952499389648438e-01
-4.613414704799652100e-01
1.143441498279571533e-01
-1.356176376342773438e+00
9.197244420647621155e-03
-1.246412634849548340e+00
-1.676714539527893066e+00
-2.126969546079635620e-01
-2.887886762619018555e-01
-1.493519783020019531e+00
1.559654235839843750e+00
-6.080817580223083496e-01
-2.854924201965332031e-01
-1.175812840461730957e+00
-5.254520177841186523e-01
1.124022245407104492e+00
-1.274756550788879395e+00
2.789852917194366455e-01
1.752870380878448486e-01
6.493918299674987793e-01
2.156718254089355469e+00
-2.809444367885589600e-01
-3.567546010017395020e-01
-2.691268622875213623e-01
3.861478567123413086e-01
2.837748527526855469e-01
1.260527133941650391e+00
2.031970620155334473e-01
1.456147730350494385e-01
1.896897330880165100e-02
8.525404930114746094e-01
6.612677127122879028e-02
-8.313006162643432617e-01
-5.054182410240173340e-01
1.369886755943298340e+00
1.478060603141784668e+00
9.511293768882751465e-01
-1.645266890525817871e+00
5.181951522827148438e-01
-9.003032445907592773e-01
1.492019444704055786e-01
3.043715655803680420e-01
-1.206695139408111572e-01
3.207469582557678223e-01
-1.754412293434143066e+00
4.857639670372009277e-01
-1.669854044914245605e+00
1.559062600135803223e+00
-2.613211631774902344e+00
-3.442337512969970703e-01
-1.696872949600219727e+00
-3.133661448955535889e-01
-3.198691010475158691e-01
1.376307606697082520e-01
-7.742111682891845703e-01
8.727350234985351562e-01
-1.599916517734527588e-01
-1.141329765319824219e+00
-2.645987272262573242e-01
-2.532248795032501221e-01
