-6.292899847030639648e-01
1.219337582588195801e+00
1.386989355087280273e+00
5.576802492141723633e-01
-6.805337667465209961e-01
-8.760539293289184570e-01
1.356553554534912109e+00
5.282456278800964355e-01
6.268442273139953613e-01
-3.984146416187286377e-01
-7.637109160423278809e-01
7.590906322002410889e-02
1.506526231765747070e+00
-9.112475514411926270e-01
-1.629444956779479980e+00
-9.725558161735534668e-01
2.397809922695159912e-01
1.472380161285400391e+00
4.252376258373260498e-01
2.020839303731918335e-01
-5.455125570297241211e-01
-9.614614844322204590e-01
1.150550365447998047e+00
1.562899231910705566e+00
-2.225600719451904297e+00
-2.864512503147125244e-01
9.943677783012390137e-01
-2.035807132720947266e+00
-1.159712672233581543e+00
9.160847663879394531e-01
-2.050913095474243164e+00
8.213036656379699707e-01
2.773522734642028809e-01
5.062108635902404785e-01
-1.158585190773010254e+00
-1.418104022741317749e-01
-9.231983423233032227e-01
-3.829387903213500977e+00
-1.049052551388740540e-02
-2.688938006758689880e-02
7.116243839263916016e-01
-1.031958103179931641e+00
-3.854015842080116272e-02
-8.489764928817749023e-01
2.245451509952545166e-01
-1.208091259002685547e+00
8.166840076446533203e-01
-4.559620916843414307e-01
-1.763935327529907227e+00
2.191548943519592285e-01
-1.175393819808959961e+00
-7.394512295722961426e-01
1.348451137542724609e+00
-9.251107573509216309e-01
5.330249667167663574e-01
1.389248967170715332e+00
-8.886491656303405762e-01
-2.458569556474685669e-01
-1.207052826881408691e+00
1.912839561700820923e-01
-1.858384609222412109e+00
-1.709695935249328613e+00
3.256622076034545898e+00
-1.470806956291198730e+00
3.336500823497772217e-01
-1.571093797683715820e+00
-1.031756281852722168e+00
6.967618465423583984e-01
2.691248655319213867e-01
4.681822359561920166e-01
7.239118218421936035e-01
9.322606325149536133e-01
2.492659330368041992e+00
-1.677229404449462891e+00
4.855917692184448242e-01
3.719553947448730469e-01
1.697744578123092651e-01
-2.109412550926208496e-01
-2.037055343389511108e-01
1.161493301391601562e+00
5.063409209251403809e-01
8.522171974182128906e-01
-7.811909914016723633e-02
-5.097658038139343262e-01
-1.356536030769348145e+00
1.441466212272644043e+00
-1.990231752395629883e+00
1.422248333692550659e-01
-1.040197536349296570e-01
-2.086059600114822388e-01
7.233301550149917603e-02
-9.952480196952819824e-01
-1.579952597618103027e+00
5.569583773612976074e-01
1.866521120071411133e+00
6.429733037948608398e-01
9.467458128929138184e-01
1.148035675287246704e-01
3.401004791259765625e+00
5.824922323226928711e-01
-2.373199939727783203e+00
-7.670339345932006836e-01
1.143496632575988770e+00
-3.856980502605438232e-01
-1.017982125282287598e+00
-3.433594405651092529e-01
-1.012343525886535645e+00
9.655659794807434082e-01
-7.562333345413208008e-01
-1.325915098190307617e+00
-2.705513536930084229e-01
1.955702424049377441e+00
-6.178131103515625000e-01
1.277472227811813354e-01
-4.833259284496307373e-01
1.082606196403503418e+00
-8.307790160179138184e-01
-1.873139500617980957e+00
-3.171855807304382324e-01
-8.908513188362121582e-02
-7.610480189323425293e-01
-8.401238322257995605e-01
-9.468695521354675293e-02
9.743965864181518555e-01
-3.929315507411956787e-01
3.862959444522857666e-01
2.120865821838378906e+00
8.652374744415283203e-01
9.864326119422912598e-01
3.907026052474975586e-01
-5.897696018218994141e-01
-1.555758565664291382e-01
-2.037443816661834717e-01
-5.817095041275024414e-01
-1.793039083480834961e+00
2.065099924802780151e-01
-1.141333654522895813e-01
-1.227750897407531738e+00
9.257162362337112427e-02
-1.848993748426437378e-01
-9.662193655967712402e-01
-3.519507050514221191e-01
2.997680604457855225e-01
1.296318173408508301e+00
-8.380535840988159180e-01
4.890541136264801025e-01
-2.847536504268646240e-01
6.616814732551574707e-01
1.016275405883789062e+00
1.283345460891723633e+00
-3.269622102379798889e-02
2.263140678405761719e+00
6.485629826784133911e-02
1.060541391372680664e+00
-5.845957398414611816e-01
-3.940040171146392822e-01
-9.792353510856628418e-01
-1.830201625823974609e+00
-4.973564147949218750e-01
-3.600005805492401123e-01
3.344776853919029236e-02
-1.235881447792053223e+00
1.060321703553199768e-01
-9.133366346359252930e-01
-8.367588520050048828e-01
2.652956962585449219e+00
-2.133525758981704712e-01
-3.492845594882965088e-01
3.479873538017272949e-01
-1.696413159370422363e+00
-1.386189222335815430e+00
1.523655354976654053e-01
8.314821869134902954e-02
9.262232184410095215e-01
8.245720863342285156e-01
1.624682545661926270e-01
7.782106101512908936e-02
-8.132350444793701172e-01
4.089840352535247803e-01
-2.649900019168853760e-01
-3.599050268530845642e-02
1.388072967529296875e-01
1.952489495277404785e+00
-2.168670445680618286e-01
-2.616639137268066406e-01
7.960374653339385986e-02
3.117859065532684326e-01
-4.036877155303955078e-01
-1.101184263825416565e-01
8.617826104164123535e-01
-1.303768604993820190e-01
-3.754079639911651611e-01
-3.865925371646881104e-01
-2.017210870981216431e-01
-4.340468347072601318e-01
3.309312164783477783e-01
-7.840093374252319336e-01
7.784554362297058105e-01
-1.025419607758522034e-01
8.203034102916717529e-02
3.221131265163421631e-01
-1.055528402328491211e+00
-2.961032688617706299e-01
-3.735376596450805664e-01
3.955503702163696289e-01
-9.175184369087219238e-02
6.478231549263000488e-01
-8.546416759490966797e-01
2.377007722854614258e+00
-7.756012678146362305e-02
-1.232151165604591370e-01
1.074737787246704102e+00
1.542188674211502075e-01
1.531009078025817871e+00
6.319298148155212402e-01
5.847550034523010254e-01
4.999854564666748047e+00
2.886499762535095215e-01
-5.251019001007080078e-01
-2.213226318359375000e+00
5.080122351646423340e-01
6.684941798448562622e-02
3.227264583110809326e-01
1.483570218086242676e+00
-1.104993820190429688e+00
1.296428680419921875e+00
-8.000034689903259277e-01
-1.249597311019897461e+00
-7.133531570434570312e-01
-2.753138065338134766e+00
-5.391784310340881348e-01
4.513885080814361572e-01
-1.379170060157775879e+00
1.556663632392883301e+00
-5.423591136932373047e-01
9.729243516921997070e-01
9.855812788009643555e-01
2.152279913425445557e-01
1.148737311363220215e+00
7.382859587669372559e-01
1.500352472066879272e-01
-1.607513904571533203e+00
7.896725833415985107e-02
9.988687038421630859e-01
1.026176214218139648e-01
2.778567969799041748e-01
3.285476863384246826e-01
4.965820908546447754e-01
1.779466986656188965e+00
5.353494286537170410e-01
-9.747432917356491089e-02
-3.524099588394165039e-01
2.224604226648807526e-02
-1.178580284118652344e+00
4.176734387874603271e-01
-7.740595936775207520e-01
-2.351703494787216187e-01
-3.044007122516632080e-01
2.758134305477142334e-01
1.085681438446044922e+00
-2.706606984138488770e-01
7.355275005102157593e-02
-1.142946109175682068e-01
-5.775477886199951172e-01
8.658987879753112793e-01
1.097733736038208008e+00
1.353039026260375977e+00
1.100600287318229675e-01
1.127983093261718750e+00
-7.037119269371032715e-01
9.852943420410156250e-01
-4.319362044334411621e-01
-2.213153839111328125e+00
1.123353123664855957e+00
7.963720560073852539e-01
1.915261000394821167e-01
9.940278530120849609e-01
-8.149524927139282227e-01
1.276291847229003906e+00
1.278331875801086426e-02
-2.836166620254516602e-01
-1.226710915565490723e+00
-7.843995094299316406e-01
7.105879187583923340e-01
1.154776573181152344e+00
-9.768047332763671875e-01
-4.398380517959594727e-01
1.156392693519592285e+00
6.402100324630737305e-01
-7.129090428352355957e-01
-1.752735018730163574e+00
-2.151998877525329590e-01
-9.059407114982604980e-01
3.018321752548217773e+00
5.784782767295837402e-01
-1.599985599517822266e+00
-6.576173901557922363e-01
8.353692889213562012e-01
4.135335981845855713e-01
4.418772757053375244e-01
-1.256725311279296875e+00
-5.613566637039184570e-01
5.081896483898162842e-02
-8.191414475440979004e-01
-2.793205082416534424e-01
-1.702405363321304321e-01
-8.605737090110778809e-01
-3.303286731243133545e-01
1.202239751815795898e+00
7.133997678756713867e-01
-8.687615394592285156e-01
-2.430384159088134766e+00
-7.411878108978271484e-01
4.423035979270935059e-01
-2.748223766684532166e-02
9.250883758068084717e-02
-8.207064270973205566e-01
1.714020252227783203e+00
1.271823763847351074e+00
1.650859415531158447e-01
2.821563780307769775e-01
1.935866326093673706e-01
3.256132364273071289e+00
1.687578111886978149e-01
-1.011664748191833496e+00
2.672766894102096558e-02
-5.655414462089538574e-01
-5.567412376403808594e-01
-1.169379234313964844e+00
-7.724727988243103027e-01
-1.059088468551635742e+00
-5.442520380020141602e-01
-8.544372916221618652e-01
-1.962072849273681641e-01
-1.797846436500549316e+00
7.432607412338256836e-01
-4.525049030780792236e-02
-1.017829298973083496e+00
1.253075838088989258e+00
-4.093368649482727051e-01
-1.183412432670593262e+00
-1.573587417602539062e+00
1.489115715026855469e+00
-2.418583631515502930e+00
-9.621714353561401367e-01
1.245214939117431641e+00
-8.160049319267272949e-01
3.984391093254089355e-01
-1.628538966178894043e+00
9.045500755310058594e-01
-7.794151902198791504e-01
5.844209194183349609e-01
-6.345813870429992676e-01
-1.929975390434265137e+00
-3.856222331523895264e-01
-1.583029747009277344e+00
5.734508037567138672e-01
-4.248125553131103516e-01
-4.892632961273193359e-01
1.703436732292175293e+00
-1.872708052396774292e-01
1.097113266587257385e-01
7.192660570144653320e-01
-2.585378587245941162e-01
-1.498639225959777832e+00
-6.182858347892761230e-01
1.366516947746276855e+00
-1.243078470230102539e+00
-1.603944003582000732e-01
-5.176765918731689453e-01
-1.243814229965209961e+00
-1.748999580740928650e-02
-5.851366519927978516e-01
6.062362790107727051e-01
-4.017747938632965088e-01
-7.446920275688171387e-01
-1.277334690093994141e+00
1.088014483451843262e+00
-4.806361496448516846e-01
-1.186629176139831543e+00
4.586313664913177490e-01
1.215433925390243530e-01
-7.682468891143798828e-01
-3.405914604663848877e-01
-4.668222665786743164e-01
3.933743536472320557e-01
1.705960929393768311e-01
-8.015392422676086426e-01
-2.775551080703735352e-01
1.857015252113342285e+00
8.308387994766235352e-01
-4.862001240253448486e-01
1.899376749992370605e+00
-7.473925352096557617e-01
1.685958027839660645e+00
-1.802948117256164551e+00
-1.342702865600585938e+00
-1.012548923492431641e+00
1.396421194076538086e-01
-1.997441984713077545e-02
-5.340796709060668945e-01
-1.308274149894714355e+00
4.853534996509552002e-01
-1.803005784749984741e-01
1.616754531860351562e+00
1.475187063217163086e+00
-1.254230439662933350e-01
2.236458510160446167e-01
3.623388111591339111e-01
-1.560306906700134277e+00
-6.810817122459411621e-01
-1.838402032852172852e+00
1.094640731811523438e+00
-7.447878122329711914e-01
-7.372864484786987305e-01
6.663839817047119141e-01
-5.863765478134155273e-01
5.577469468116760254e-01
-1.295144677162170410e+00
1.350290894508361816e+00
-1.608207225799560547e-01
-8.666614294052124023e-01
2.985053956508636475e-01
-5.754341483116149902e-01
-7.600506544113159180e-01
2.065408676862716675e-01
-5.188699439167976379e-02
4.632453322410583496e-01
-8.303794860839843750e-01
2.759562730789184570e-01
-3.907583355903625488e-01
1.187377929687500000e+00
-2.358421683311462402e-02
-1.197285413742065430e+00
1.000823259353637695e+00
-1.239983677864074707e+00
5.740869045257568359e-01
5.636167526245117188e-01
-1.486583590507507324e+00
2.144175916910171509e-01
-6.079510450363159180e-01
5.477969050407409668e-01
-1.241439700126647949e+00
-1.007415294647216797e+00
-7.128272652626037598e-01
3.574056327342987061e-01
2.347758561372756958e-01
3.270942568778991699e-01
4.989620447158813477e-01
1.812956035137176514e-01
-5.400514602661132812e-02
1.290231823921203613e+00
1.537025928497314453e+00
-6.118884086608886719e-01
4.831092059612274170e-01
-7.083020210266113281e-01
2.399155139923095703e+00
-3.163408935070037842e-01
-1.651350021362304688e+00
5.792135000228881836e-01
9.099273681640625000e-01
3.105155527591705322e-01
-1.646017551422119141e+00
7.580231428146362305e-01
-3.843924999237060547e-01
-3.381215631961822510e-01
4.669117033481597900e-01
-1.622828245162963867e+00
-7.134711146354675293e-01
-5.153804421424865723e-01
5.815932154655456543e-01
1.478198289871215820e+00
4.238723218441009521e-01
2.701880455017089844e+00
-9.808678030967712402e-01
-1.046923696994781494e-01
1.552122592926025391e+00
-7.423385977745056152e-02
-6.345604062080383301e-01
4.599796980619430542e-02
-3.488045930862426758e-01
-2.701330482959747314e-01
1.295470952987670898e+00
-1.058934330940246582e-01
-1.767382264137268066e+00
-9.543722122907638550e-02
6.954193115234375000e-02
-5.734401941299438477e-01
8.357673287391662598e-01
1.011622786521911621e+00
-7.482886910438537598e-01
9.491695165634155273e-01
1.113053083419799805e+00
8.302862755954265594e-03
-1.422280788421630859e+00
-1.508345175534486771e-02
5.182334184646606445e-01
-3.528511762619018555e+00
2.831325054168701172e+00
9.495925307273864746e-01
-1.934772253036499023e+00
9.521062374114990234e-01
4.442002773284912109e-01
4.104493558406829834e-01
-4.747212827205657959e-01
7.691594362258911133e-01
8.277027010917663574e-01
-4.385716319084167480e-01
-1.913413405418395996e+00
-1.479633450508117676e+00
5.484786033630371094e-01
6.023871302604675293e-01
-1.531687080860137939e-01
-1.235414296388626099e-02
1.115178465843200684e+00
1.522962093353271484e+00
-7.138942480087280273e-01
1.434840202331542969e+00
3.900099396705627441e-01
-1.838142270571552217e-05
-5.442571640014648438e-01
9.039472341537475586e-01
-6.203817725181579590e-01
-3.692994415760040283e-01
-7.046887874603271484e-01
1.321259021759033203e+00
-1.095040798187255859e+00
6.630672216415405273e-01
1.105463385581970215e+00
-9.064655900001525879e-01
1.721037738025188446e-02
1.067277073860168457e+00
1.377228379249572754e+00
-3.280440866947174072e-01
9.161828160285949707e-01
-4.851373136043548584e-01
-2.677641250193119049e-02
-5.909172892570495605e-01
3.114758431911468506e-01
-1.484816223382949829e-01
9.713190793991088867e-01
-6.995271444320678711e-01
6.538618803024291992e-01
-1.157515048980712891e+00
2.172673791646957397e-01
-2.526991367340087891e-01
1.158799171447753906e+00
-8.823912739753723145e-01
3.149112164974212646e-01
9.895563125610351562e-01
-6.601611971855163574e-01
-1.153823852539062500e+00
7.140064239501953125e-01
-8.742333054542541504e-01
-6.868789345026016235e-02
-4.793238341808319092e-01
-1.431321203708648682e-01
7.281709909439086914e-01
-1.821559309959411621e+00
4.973872005939483643e-01
2.336698472499847412e-01
1.765121221542358398e+00
1.803620755672454834e-01
1.014432668685913086e+00
-1.771707177162170410e+00
-4.845454096794128418e-01
-9.979379177093505859e-02
2.900059223175048828e-01
6.599583029747009277e-01
-5.918428301811218262e-01
-9.945952296257019043e-01
4.433588683605194092e-02
-4.407137334346771240e-01
3.414329290390014648e-01
-7.344189882278442383e-01
-1.108078360557556152e+00
-1.242094159126281738e+00
3.624259829521179199e-01
2.778486013412475586e-01
8.171313405036926270e-01
-3.105265200138092041e-01
-3.977572619915008545e-01
5.801522135734558105e-01
-8.694519996643066406e-01
-1.295232176780700684e+00
-1.094553947448730469e+00
1.014257788658142090e+00
2.679255604743957520e-01
-1.078563928604125977e+00
1.166420936584472656e+00
-2.577573060989379883e-03
1.446193337440490723e+00
-1.405689716339111328e-01
4.579386413097381592e-01
-3.705796003341674805e-01
1.591201722621917725e-01
1.592687070369720459e-01
-9.899806976318359375e-01
5.718584060668945312e-01
4.451133012771606445e-01
-6.023057699203491211e-01
3.545591235160827637e-01
1.414386749267578125e+00
-2.690953612327575684e-01
1.024312257766723633e+00
-9.367416501045227051e-01
-2.365351319313049316e-01
-1.670976758003234863e+00
-9.819387197494506836e-01
8.946845531463623047e-01
7.199297845363616943e-02
-6.442063450813293457e-01
1.133223414421081543e+00
1.245124712586402893e-01
-1.972411721944808960e-01
-5.682053565979003906e-01
-6.243794560432434082e-01
-4.388517141342163086e-01
-1.193633317947387695e+00
-1.700001060962677002e-01
7.749518752098083496e-01
-2.074893474578857422e+00
-1.505917191505432129e+00
-1.206825017929077148e+00
-2.097617626190185547e+00
-8.797854930162429810e-02
7.379946708679199219e-01
-1.725527167320251465e+00
-2.733702361583709717e-01
-9.030816555023193359e-01
-1.348699450492858887e+00
-8.014722913503646851e-02
2.275064945220947266e+00
1.132010459899902344e+00
2.154553979635238647e-01
-1.084790945053100586e+00
1.448535203933715820e+00
-1.710741281509399414e+00
2.531122565269470215e-01
-8.671984672546386719e-01
-5.566326528787612915e-02
-4.263364374637603760e-01
-7.440226078033447266e-01
1.067090272903442383e+00
-4.651329219341278076e-01
3.336854934692382812e+00
-4.686503410339355469e-01
2.851133644580841064e-01
-5.365669727325439453e-01
-5.246112346649169922e-01
8.749251961708068848e-01
2.053100764751434326e-01
-1.927536487579345703e+00
1.682176828384399414e+00
-9.221608042716979980e-01
-7.033367156982421875e-01
1.834885179996490479e-01
-1.709954619407653809e+00
-1.992570757865905762e+00
-8.609968423843383789e-02
6.453522443771362305e-01
1.094182506203651428e-01
3.768757283687591553e-01
-1.705677509307861328e-01
-1.984793096780776978e-01
9.202885031700134277e-01
-1.380177021026611328e+00
1.608889102935791016e+00
-6.830971240997314453e-01
-1.915477633476257324e+00
4.664887189865112305e-01
1.796114325523376465e+00
9.617312550544738770e-01
-7.926925900392234325e-04
-2.895867526531219482e-01
-1.046134233474731445e+00
7.670278549194335938e-01
1.220021963119506836e+00
1.457089781761169434e+00
-1.059831380844116211e+00
2.137969881296157837e-01
-1.565162062644958496e+00
4.357734024524688721e-01
1.860533475875854492e+00
2.896109819412231445e-01
-1.320054769515991211e+00
4.015719890594482422e-01
-4.677295088768005371e-01
-5.198946475982666016e+00
-7.137713432312011719e-01
-2.020659208297729492e+00
7.920732498168945312e-01
1.166328907012939453e+00
-4.057994186878204346e-01
-2.628326177597045898e+00
6.800437569618225098e-01
-4.090238213539123535e-01
-1.916827559471130371e-01
7.981376051902770996e-01
1.674782991409301758e+00
-1.753332138061523438e+00
-3.843847811222076416e-01
-2.380924701690673828e+00
-4.332356750965118408e-01
-4.272743761539459229e-01
7.246469855308532715e-01
1.958631873130798340e+00
-3.417912423610687256e-01
-1.886741995811462402e+00
5.447901487350463867e-01
9.350114464759826660e-01
-7.700315713882446289e-01
-1.433813929557800293e+00
1.126070380210876465e+00
4.845576882362365723e-01
-8.728910088539123535e-01
1.334755897521972656e+00
-7.650787234306335449e-01
6.345013380050659180e-01
1.519298315048217773e+00
-3.356805741786956787e-01
-9.132610559463500977e-01
-8.831676244735717773e-01
6.351346373558044434e-01
-7.193422913551330566e-01
-5.799546837806701660e-01
-7.649832963943481445e-01
-6.783978939056396484e-01
-1.171811223030090332e+00
2.243597358465194702e-01
9.284179657697677612e-02
6.777663826942443848e-01
4.939363002777099609e-01
1.058709025382995605e+00
1.392699956893920898e+00
9.759672284126281738e-01
3.423458337783813477e-01
1.061018586158752441e+00
8.828474581241607666e-02
6.984166502952575684e-01
-1.122578382492065430e+00
-2.631825804710388184e-01
1.491627931594848633e+00
1.238017439842224121e+00
6.256334781646728516e-01
6.145040318369865417e-02
3.096403479576110840e-01
1.560964584350585938e-01
7.442944049835205078e-01
-8.654230833053588867e-01
1.929702609777450562e-01
8.902563452720642090e-01
-1.157492637634277344e+00
-6.911079883575439453e-01
2.169033735990524292e-01
1.978282332420349121e+00
2.856700181961059570e+00
-2.802376449108123779e-01
1.501830220222473145e-01
1.529622554779052734e+00
-1.427057292312383652e-02
1.259437084197998047e+00
1.616775512695312500e+00
-2.265998572111129761e-01
-4.030335843563079834e-01
-2.728319466114044189e-01
2.637006640434265137e-01
-8.240323662757873535e-01
