-7.301373481750488281e-01
1.528828501701354980e+00
-4.686823859810829163e-02
-1.004354953765869141e+00
-1.573225140571594238e+00
3.467862308025360107e-01
-1.404407620429992676e+00
-1.908504605293273926e+00
-7.576861381530761719e-01
-6.047100760042667389e-03
1.026914000511169434e+00
3.867923319339752197e-01
-1.109866857528686523e+00
-5.079851150512695312e-01
-6.266761422157287598e-01
-5.970656871795654297e-01
-6.089354753494262695e-01
6.903868913650512695e-02
-1.316498756408691406e+00
-2.104313224554061890e-01
9.102138280868530273e-01
5.011733770370483398e-01
-1.020424664020538330e-01
-4.657865315675735474e-02
2.955923676490783691e-01
-4.166868329048156738e-01
4.003738164901733398e-01
8.002903461456298828e-01
-2.852035999298095703e+00
1.085594177246093750e+00
-1.140241384506225586e+00
7.243667244911193848e-01
-1.416540622711181641e+00
8.179495930671691895e-01
7.345809340476989746e-01
-3.626061975955963135e-01
1.936985105276107788e-01
-1.773885846138000488e+00
-4.276708513498306274e-02
7.734458446502685547e-01
-6.133417487144470215e-01
-5.862998366355895996e-01
-6.078878045082092285e-01
1.246889904141426086e-01
-1.819130033254623413e-01
-3.750697895884513855e-02
4.459939002990722656e-01
-1.518057942390441895e+00
-1.023453354835510254e+00
-5.797304511070251465e-01
-8.438186645507812500e-01
5.856437683105468750e-01
3.930437862873077393e-01
-3.728895261883735657e-02
-4.407026171684265137e-01
-6.854245066642761230e-01
-3.414015471935272217e-01
3.710158169269561768e-01
-2.168479561805725098e-01
3.765616118907928467e-01
2.221792697906494141e+00
1.649037748575210571e-01
6.227076649665832520e-01
1.178546547889709473e+00
-1.446903795003890991e-01
-1.809097528457641602e+00
-8.305328488349914551e-01
6.529488414525985718e-02
-4.130105674266815186e-01
-1.680961400270462036e-01
7.032247185707092285e-01
-1.648560166358947754e-01
-7.648484706878662109e-01
5.269078612327575684e-01
1.470059394836425781e+00
-1.052509188652038574e+00
-3.593213260173797607e-01
3.297611474990844727e-01
9.791384935379028320e-01
3.518164455890655518e-01
1.271014213562011719e+00
-1.774247735738754272e-01
-1.550199747085571289e+00
-4.203159213066101074e-01
-1.368033289909362793e+00
2.021633148193359375e+00
5.375887751579284668e-01
-4.990770518779754639e-01
-1.187631964683532715e+00
1.266193985939025879e-01
-1.558543801307678223e+00
-2.739029169082641602e+00
-2.106518983840942383e+00
3.367814421653747559e-01
1.297040581703186035e+00
6.811839342117309570e-01
1.656402230262756348e+00
1.381854414939880371e+00
-9.289325028657913208e-02
-1.452205300331115723e+00
3.721367418766021729e-01
-6.255481243133544922e-01
5.639938712120056152e-01
-5.509481430053710938e-01
-3.381259739398956299e-01
-2.941113710403442383e-01
-2.164614796638488770e-01
3.056694567203521729e-01
9.091035127639770508e-01
7.301882505416870117e-01
-5.453804135322570801e-01
2.739828824996948242e-01
-6.221760511398315430e-01
-4.601880311965942383e-01
1.081650018692016602e+00
3.664360642433166504e-01
3.142705857753753662e-01
-3.199113845825195312e+00
1.602662205696105957e+00
6.617748141288757324e-01
-4.299716949462890625e-01
1.683443784713745117e-01
-2.026398181915283203e+00
9.784473776817321777e-01
-3.793492168188095093e-02
1.362582087516784668e+00
6.463715434074401855e-01
5.179070234298706055e-01
-8.212973475456237793e-01
-2.119067430496215820e+00
1.460777163505554199e+00
2.195162773132324219e-01
-1.612210720777511597e-01
-7.756075859069824219e-01
3.822167217731475830e-01
3.368642628192901611e-01
1.195296198129653931e-01
-5.675925612449645996e-01
4.493395239114761353e-02
5.614214539527893066e-01
-7.311825156211853027e-01
-1.805511265993118286e-01
-1.970005631446838379e-01
4.501316249370574951e-01
1.226985931396484375e+00
-2.044613838195800781e+00
-2.648420333862304688e-01
1.989718824625015259e-01
-4.546324908733367920e-01
6.001915931701660156e-01
-4.743812084197998047e-01
-8.831930160522460938e-01
-2.221595644950866699e-01
-9.225675463676452637e-01
1.695932000875473022e-01
1.045899987220764160e+00
-1.318297624588012695e+00
5.262618064880371094e-01
-1.380868315696716309e+00
4.107289016246795654e-01
6.927003711462020874e-02
-5.498925447463989258e-01
9.665474891662597656e-01
-6.199017167091369629e-01
2.563851773738861084e-01
-6.254723668098449707e-01
-1.092864513397216797e+00
-3.991370499134063721e-01
6.217392683029174805e-01
1.507938355207443237e-01
-1.058419704437255859e+00
-9.317525029182434082e-01
-6.701325774192810059e-01
1.361938476562500000e+00
1.744837015867233276e-01
-3.438232541084289551e-01
-1.693302035331726074e+00
-2.020199894905090332e-01
-6.670058965682983398e-01
1.657333821058273315e-01
8.579887747764587402e-01
-1.586101174354553223e+00
9.333949089050292969e-01
-5.205654501914978027e-01
-1.881119757890701294e-01
-3.403064012527465820e-01
-1.057672262191772461e+00
-2.903122007846832275e-01
9.320464730262756348e-02
3.546684384346008301e-01
-5.649144053459167480e-01
-1.115874528884887695e+00
-2.534974515438079834e-01
-1.439630627632141113e+00
-1.171071290969848633e+00
9.902232885360717773e-01
-4.318647552281618118e-03
9.574079513549804688e-01
-1.161427855491638184e+00
-7.283100485801696777e-01
-4.154438525438308716e-02
2.161542177200317383e+00
1.994143724441528320e+00
1.000847578048706055e+00
-1.892457753419876099e-01
1.267428517341613770e+00
2.795738577842712402e-01
-1.103450059890747070e+00
9.051808118820190430e-01
-1.279121875762939453e+00
-2.647162079811096191e-01
3.550574928522109985e-02
-2.776965796947479248e-01
1.571587175130844116e-01
-4.370812475681304932e-01
-7.691228985786437988e-01
1.403543829917907715e+00
-1.463292956352233887e+00
-5.982545614242553711e-01
9.391494393348693848e-01
-4.126378595829010010e-01
-1.015210598707199097e-01
-3.323127031326293945e-01
-2.120168358087539673e-01
-2.761840820312500000e-01
-1.759342402219772339e-01
-1.310625579208135605e-02
-2.494001537561416626e-01
-9.815574288368225098e-01
-1.846567869186401367e+00
-1.672022491693496704e-01
6.093246936798095703e-01
-5.303742885589599609e-01
-8.730451464653015137e-01
2.046515196561813354e-01
2.804780304431915283e-01
3.698474466800689697e-01
1.120383143424987793e+00
9.246534109115600586e-01
-2.613959312438964844e-01
-5.854201316833496094e-01
-1.094831228256225586e+00
-1.234835863113403320e+00
-1.691447645425796509e-01
-5.552758574485778809e-01
-5.802672505378723145e-01
1.380622744560241699e+00
1.148819565773010254e+00
1.371801853179931641e+00
8.468717932701110840e-01
-5.678561702370643616e-02
-2.086508423089981079e-01
-3.626993000507354736e-01
-1.775491982698440552e-01
7.733274102210998535e-01
2.069003582000732422e+00
6.914336085319519043e-01
-1.876861453056335449e-01
4.234455525875091553e-01
-4.105420410633087158e-01
9.964572191238403320e-01
1.187709093093872070e+00
-1.518687605857849121e+00
-4.592387676239013672e-01
5.994487181305885315e-02
1.017334103584289551e+00
-1.419824600219726562e+00
6.822301149368286133e-01
2.171297073364257812e+00
-3.592517077922821045e-01
1.447296380996704102e+00
1.120461001992225647e-01
-1.841767430305480957e-01
9.106276631355285645e-01
-5.539817810058593750e-01
-1.162095665931701660e+00
1.260275542736053467e-01
-1.991854310035705566e-01
-1.570519804954528809e-01
-9.993074536323547363e-01
8.495195508003234863e-01
3.126351237297058105e-01
-2.761874198913574219e-01
-3.738417923450469971e-01
7.607039213180541992e-01
-4.871564805507659912e-01
-9.498932957649230957e-02
-1.116678833961486816e+00
1.180414795875549316e+00
-1.692596822977066040e-01
-1.527104616165161133e+00
1.477892518043518066e+00
5.642749071121215820e-01
2.177502870559692383e+00
2.409361749887466431e-01
-1.025458455085754395e+00
1.216517090797424316e+00
1.485081911087036133e-01
7.289288043975830078e-01
-2.094639301300048828e+00
1.055890202522277832e+00
-5.796606540679931641e-01
1.574697375297546387e+00
-1.185204505920410156e+00
-3.976001143455505371e-01
1.590347886085510254e+00
3.729897737503051758e-01
2.351963520050048828e-02
1.078205779194831848e-01
-6.088993325829505920e-02
-9.864144772291183472e-02
5.100017786026000977e-01
3.438453376293182373e-01
7.473199963569641113e-01
-3.523044288158416748e-01
9.546248912811279297e-01
4.055785536766052246e-01
-7.528358101844787598e-01
1.041309237480163574e+00
-1.996147930622100830e-01
-8.689301013946533203e-01
1.049230992794036865e-02
7.213829159736633301e-01
-9.668028950691223145e-01
-8.052746653556823730e-01
1.304785609245300293e+00
-1.136889219284057617e+00
-2.853212952613830566e-01
-1.581859290599822998e-01
4.142115414142608643e-01
-1.448933601379394531e+00
1.511365294456481934e+00
-7.103804945945739746e-01
-2.513039112091064453e-01
4.331896901130676270e-01
-3.827046453952789307e-01
4.432363510131835938e-01
1.701163351535797119e-01
1.197370141744613647e-01
-1.032438158988952637e+00
-5.447651147842407227e-01
-1.987445950508117676e-01
4.095125496387481689e-01
2.423456124961376190e-02
-2.495817244052886963e-01
-4.615783393383026123e-01
-5.677731037139892578e-01
2.163841128349304199e-01
-1.291735172271728516e-01
4.079112112522125244e-01
-2.895483076572418213e-01
-1.139351874589920044e-01
4.119715467095375061e-02
3.366949260234832764e-01
-7.903434634208679199e-01
-9.495710730552673340e-01
-1.596291899681091309e+00
-6.001941561698913574e-01
1.205889508128166199e-01
3.034841120243072510e-01
-5.002467036247253418e-01
-8.456987142562866211e-01
5.796245932579040527e-01
1.022662371397018433e-01
-1.755744591355323792e-02
5.746258497238159180e-01
1.513135790824890137e+00
2.285212874412536621e-01
-1.925305873155593872e-01
8.830702900886535645e-01
7.400828003883361816e-01
4.396748542785644531e-01
2.439297735691070557e-01
-3.848094046115875244e-01
-3.577364683151245117e-01
2.186811864376068115e-01
1.007048130035400391e+00
-7.107470035552978516e-01
3.573300838470458984e-01
1.135403990745544434e+00
2.125587612390518188e-01
1.264043927192687988e+00
7.500448822975158691e-01
-6.423428654670715332e-01
-7.638334631919860840e-01
-9.948478937149047852e-01
-3.698564171791076660e-01
-4.881486296653747559e-01
1.902231812477111816e+00
2.330316543579101562e+00
1.045900821685791016e+00
1.537341356277465820e+00
5.848907828330993652e-01
7.678220272064208984e-01
-7.933578491210937500e-01
8.433080315589904785e-01
-1.905385553836822510e-01
-1.521133303642272949e+00
-1.205160468816757202e-01
7.772523164749145508e-01
-1.323260068893432617e+00
-5.872452259063720703e-01
3.359340131282806396e-01
-8.267937600612640381e-02
1.018921494483947754e+00
1.338432431221008301e+00
5.400439500808715820e-01
-7.999325990676879883e-01
-2.091187536716461182e-01
-1.327997684478759766e+00
-3.112410306930541992e-01
-4.868060052394866943e-01
-1.960184097290039062e+00
-1.643880158662796021e-01
7.088134288787841797e-01
1.570576906204223633e+00
2.955875396728515625e-01
-8.524094223976135254e-01
2.874785661697387695e-01
-1.246085688471794128e-01
-5.049269795417785645e-01
-3.993181884288787842e-01
1.477203369140625000e+00
5.029266476631164551e-01
1.618199348449707031e-01
-6.242901831865310669e-02
8.081497550010681152e-01
4.666639566421508789e-01
9.156001806259155273e-01
-2.252559661865234375e+00
5.192031860351562500e-01
1.855412274599075317e-01
-7.232871651649475098e-01
-1.074589014053344727e+00
-6.705670356750488281e-01
1.540653944015502930e+00
1.509507656097412109e+00
5.307006239891052246e-01
3.321842849254608154e-01
4.973106384277343750e-01
1.256644248962402344e+00
1.723938107490539551e+00
-7.002124786376953125e-01
2.486460506916046143e-01
4.113474488258361816e-01
-1.464364051818847656e+00
-5.536150336265563965e-01
-1.201171427965164185e-01
-7.984609603881835938e-01
-8.057349324226379395e-01
9.072882533073425293e-01
8.549848794937133789e-01
8.566404581069946289e-01
-7.758017182350158691e-01
2.176100313663482666e-01
-4.877103865146636963e-01
1.465421557426452637e+00
-4.803626835346221924e-01
3.486238420009613037e-01
-2.215329855680465698e-01
4.140773117542266846e-01
1.631742864847183228e-01
5.068507790565490723e-02
-1.618463248014450073e-01
-2.048962712287902832e-01
-1.077260017395019531e+00
6.651374101638793945e-01
-8.513866066932678223e-01
-1.082080721855163574e+00
3.681984841823577881e-01
6.164813041687011719e-01
-4.892619550228118896e-01
3.138314485549926758e-01
-8.270036429166793823e-02
3.660322129726409912e-01
5.163485556840896606e-02
1.411975741386413574e+00
2.252432554960250854e-01
-1.466163754463195801e+00
1.334565162658691406e+00
6.831973791122436523e-01
7.115062475204467773e-01
-1.068612813949584961e+00
1.253871917724609375e+00
4.725043773651123047e-01
-1.078115031123161316e-01
-1.652209877967834473e+00
-1.119091153144836426e+00
1.004129886627197266e+00
3.574728593230247498e-02
-6.915434598922729492e-01
2.388925552368164062e+00
8.031746745109558105e-01
5.966553092002868652e-01
-4.135985970497131348e-01
5.345005393028259277e-01
-1.950127840042114258e+00
-3.397449970245361328e+00
1.967418044805526733e-01
-7.667661309242248535e-01
-6.568352580070495605e-01
-4.017550647258758545e-01
2.428271919488906860e-01
-6.754674911499023438e-01
-8.483972400426864624e-02
1.895882040262222290e-01
3.176610767841339111e-01
7.717606425285339355e-01
6.827837824821472168e-01
2.267151474952697754e-01
1.186172485351562500e+00
-1.601301729679107666e-01
2.177521705627441406e+00
1.691692769527435303e-01
4.520128369331359863e-01
1.576828062534332275e-01
-1.512518644332885742e+00
-7.117455452680587769e-02
-2.394524030387401581e-02
8.688604831695556641e-01
3.171813786029815674e-01
3.724320828914642334e-01
-6.666664779186248779e-02
-6.222312152385711670e-02
5.079430937767028809e-01
6.250414252281188965e-01
-1.394916176795959473e+00
9.011583328247070312e-01
-6.774593591690063477e-01
-2.849570989608764648e+00
-4.104030132293701172e-01
1.048235177993774414e+00
1.659413814544677734e+00
-6.365633010864257812e-01
5.487933754920959473e-01
-6.061114072799682617e-01
-4.098553955554962158e-01
-9.468538761138916016e-01
5.363294482231140137e-01
-1.599621415138244629e+00
1.117249488830566406e+00
1.565599441528320312e+00
-1.253934860229492188e+00
5.387226343154907227e-01
5.234792456030845642e-02
-8.492122888565063477e-01
1.766167521476745605e+00
-1.301404982805252075e-01
8.799250721931457520e-01
1.167027205228805542e-01
-5.168641209602355957e-01
-1.315725594758987427e-01
-1.470152735710144043e+00
-6.763144582509994507e-02
1.243656352162361145e-01
1.203352808952331543e+00
2.051082849502563477e+00
4.340306520462036133e-01
-9.090467095375061035e-01
7.959518432617187500e-01
5.516353845596313477e-01
-5.793867707252502441e-01
-3.002179861068725586e-01
7.210971713066101074e-01
4.398519098758697510e-01
8.103246688842773438e-01
-1.582198619842529297e+00
1.703194260597229004e+00
-8.171628415584564209e-02
6.441044807434082031e-01
3.508255183696746826e-01
-2.492539882659912109e-01
-3.133370280265808105e-01
-7.001175284385681152e-01
-8.004523068666458130e-02
7.182791084051132202e-02
6.617906093597412109e-01
-5.317332148551940918e-01
-2.094398498535156250e+00
8.619269132614135742e-01
-7.551651000976562500e-01
1.028143167495727539e+00
1.325126051902770996e+00
-3.704523146152496338e-01
-1.809863895177841187e-01
-3.849626481533050537e-01
-1.780970931053161621e+00
-9.443587064743041992e-01
-1.225342154502868652e+00
7.763996720314025879e-01
4.780088961124420166e-01
1.151653766632080078e+00
-5.108856558799743652e-01
-5.153500288724899292e-02
-7.727040648460388184e-01
8.257684111595153809e-01
1.192222088575363159e-01
-3.980048596858978271e-01
1.944041132926940918e+00
2.283359020948410034e-01
3.527196347713470459e-01
-2.061255127191543579e-01
7.254645228385925293e-01
1.775205731391906738e-01
8.838327527046203613e-01
-1.009024083614349365e-01
-5.392225384712219238e-01
-8.459761142730712891e-01
-1.699912846088409424e-01
-9.847104549407958984e-01
6.194590404629707336e-02
-4.600315093994140625e-01
-1.717200279235839844e+00
-1.768696904182434082e+00
-1.354511857032775879e+00
3.815283775329589844e-01
-4.634549096226692200e-02
1.946629136800765991e-01
1.530762165784835815e-01
1.058068275451660156e-01
-5.761830210685729980e-01
1.529884785413742065e-01
-1.535211205482482910e+00
1.268167138099670410e+00
-2.197284065186977386e-02
9.085764884948730469e-01
5.197726488113403320e-01
2.345836400985717773e+00
2.255224466323852539e+00
3.592560589313507080e-01
1.156657934188842773e+00
-7.979046553373336792e-02
-5.264458656311035156e-01
-1.427345424890518188e-01
-7.914513945579528809e-01
-1.672345638275146484e+00
9.019587934017181396e-02
5.569319799542427063e-02
2.880891785025596619e-02
1.698971688747406006e-01
5.174142718315124512e-01
-1.449328064918518066e-01
-7.650974988937377930e-01
4.072793424129486084e-01
2.757335007190704346e-01
1.765536785125732422e+00
-1.682036519050598145e+00
8.926259279251098633e-01
-3.753106296062469482e-01
2.176897972822189331e-01
-1.370976686477661133e+00
1.565791845321655273e+00
-1.277656555175781250e+00
-1.252206325531005859e+00
2.252189517021179199e-01
-9.279334545135498047e-01
-1.495300650596618652e+00
-1.716655492782592773e+00
7.693175077438354492e-01
-1.225849092006683350e-01
-6.059718132019042969e-01
-9.779479503631591797e-01
-3.349190950393676758e-01
1.307179570198059082e+00
5.436140298843383789e-02
-4.358304738998413086e-01
-6.365138888359069824e-01
-2.027227431535720825e-01
-6.720393896102905273e-01
-3.895226716995239258e-01
-1.172108650207519531e+00
5.355112552642822266e-01
-1.004411578178405762e+00
5.351050496101379395e-01
9.018637239933013916e-02
2.160272449254989624e-01
-9.253166317939758301e-01
-7.800041437149047852e-01
1.742727123200893402e-03
-2.563978135585784912e-01
5.568720102310180664e-01
6.063162088394165039e-01
-1.058698222041130066e-01
7.356164455413818359e-01
-2.003952980041503906e+00
2.727284133434295654e-01
-8.074451088905334473e-01
-1.669796109199523926e+00
-6.084911346435546875e+00
9.313648343086242676e-01
-1.281892299652099609e+00
-5.090688467025756836e-01
1.362412929534912109e+00
4.742144644260406494e-01
-9.390028119087219238e-01
1.137523889541625977e+00
2.208707034587860107e-01
-1.530598402023315430e+00
-5.181007981300354004e-01
9.427923560142517090e-01
-6.609952449798583984e-01
-3.559430122375488281e+00
-2.083610445261001587e-01
3.210154175758361816e-01
-9.925681352615356445e-02
-1.340160220861434937e-01
1.945592522621154785e+00
5.994517803192138672e-01
-4.773423194885253906e+00
2.004007339477539062e+00
-7.471455335617065430e-01
1.038189530372619629e+00
-1.212813496589660645e+00
-9.082295298576354980e-01
1.383865952491760254e+00
5.732036009430885315e-02
1.155807003378868103e-01
-7.290835976600646973e-01
9.911538362503051758e-01
-7.254378795623779297e-01
-1.019560992717742920e-01
1.856253743171691895e+00
1.407040357589721680e+00
-2.538228034973144531e-01
2.563468813896179199e-01
-1.283588886260986328e+00
-7.311902046203613281e-01
-8.553970456123352051e-01
-2.926927804946899414e-01
-7.780454307794570923e-02
-1.329400539398193359e+00
-2.108465194702148438e+00
-3.103168904781341553e-01
1.877947300672531128e-01
3.746077418327331543e-01
7.542289495468139648e-01
-1.296002268791198730e-01
1.643099308013916016e+00
9.264546632766723633e-01
9.621230363845825195e-01
-5.954040288925170898e-01
-1.319475293159484863e+00
5.528182387351989746e-01
2.984855771064758301e-01
5.673679113388061523e-01
-6.594921350479125977e-01
5.398752093315124512e-01
-4.277065992355346680e-01
6.511532068252563477e-01
4.141887128353118896e-01
1.176720380783081055e+00
2.921581864356994629e-01
-4.803262650966644287e-01
-1.841065734624862671e-01
-8.839322328567504883e-01
-3.630573153495788574e-01
-3.287240564823150635e-01
7.736539244651794434e-01
-9.836862683296203613e-01
1.274337053298950195e+00
2.636006176471710205e-01
-1.128497719764709473e-01
3.926484882831573486e-01
1.691667318344116211e+00
-1.208881974220275879e+00
-1.141267180442810059e+00
-7.906972169876098633e-01
4.023846685886383057e-01
