7.109430432319641113e-02
1.054082751274108887e+00
-4.660241007804870605e-01
-2.549082517623901367e+00
1.550087779760360718e-01
1.236347436904907227e+00
-8.448752164840698242e-01
-1.151412963867187500e+00
-1.542300224304199219e+00
2.207443714141845703e+00
2.380171060562133789e+00
-3.092900216579437256e-01
-2.108732700347900391e+00
-9.460512995719909668e-01
6.461744904518127441e-01
-1.999955296516418457e+00
-2.409749507904052734e+00
-4.082005470991134644e-02
-5.538368821144104004e-01
5.461311936378479004e-01
1.188698649406433105e+00
-1.364343047142028809e+00
9.989883899688720703e-01
1.007498025894165039e+00
2.557280957698822021e-01
-1.874164700508117676e+00
1.887900233268737793e+00
3.412092626094818115e-01
9.513071924448013306e-02
7.372607942670583725e-03
-5.821819901466369629e-01
-1.483151465654373169e-01
1.178541541099548340e+00
3.432579338550567627e-01
9.118863344192504883e-01
-3.403037786483764648e-01
-2.622123360633850098e-01
-1.676742792129516602e+00
2.620426937937736511e-02
1.103715419769287109e+00
3.442361652851104736e-01
-4.443121552467346191e-01
-1.245593667030334473e+00
2.095117092132568359e+00
-1.338087081909179688e+00
-4.107496440410614014e-01
-6.408562064170837402e-01
-2.583969533443450928e-01
6.202469468116760254e-01
-6.716073155403137207e-01
-2.948196828365325928e-01
-3.107377290725708008e-01
1.042247056961059570e+00
-9.262631535530090332e-01
-4.808417260646820068e-01
-2.036673784255981445e+00
1.734256386756896973e+00
-1.041287899017333984e+00
4.242925047874450684e-01
-2.935231328010559082e-01
-9.392195940017700195e-01
-8.150501251220703125e-01
3.841367065906524658e-01
2.019088268280029297e+00
-2.849630266427993774e-02
2.732134461402893066e-01
-8.014643192291259766e-01
4.144929945468902588e-01
-3.730605244636535645e-01
-2.668722629547119141e+00
-8.600720763206481934e-02
-7.691801786422729492e-01
-2.611137151718139648e+00
8.323479294776916504e-01
1.978840082883834839e-01
3.806119859218597412e-01
-7.081370949745178223e-01
5.546536445617675781e-01
7.974710464477539062e-01
1.111447095870971680e+00
1.144234299659729004e+00
1.992308616638183594e+00
-5.568975210189819336e-01
-1.323060870170593262e+00
1.687624007463455200e-01
1.384456902742385864e-01
-1.331675529479980469e+00
-3.004550933837890625e-01
-7.745180279016494751e-02
2.867892086505889893e-01
4.712452590465545654e-01
-2.024025678634643555e+00
-1.584173440933227539e+00
-2.231406271457672119e-01
-1.753243058919906616e-01
-1.867854118347167969e+00
1.069041609764099121e+00
-1.995771288871765137e+00
7.820224165916442871e-01
2.837623357772827148e+00
-2.244996547698974609e+00
-1.028508305549621582e+00
-1.419572591781616211e+00
1.524741798639297485e-01
1.697173595428466797e+00
-8.827423453330993652e-01
-1.083948254585266113e+00
7.811938524246215820e-01
-4.704305827617645264e-01
-2.897135019302368164e-01
-4.928750693798065186e-01
8.453750610351562500e-01
-1.893832683563232422e-01
-1.963410973548889160e-01
6.165353655815124512e-01
-5.440639257431030273e-01
-1.394067883491516113e+00
-8.776146769523620605e-01
-1.773312538862228394e-01
1.176663398742675781e+00
-1.096231222152709961e+00
-1.653149485588073730e+00
-2.665367603302001953e+00
-6.729111671447753906e-01
2.335226535797119141e+00
-1.217539191246032715e+00
-8.171900510787963867e-01
-1.726937890052795410e+00
4.359461963176727295e-01
-2.210798710584640503e-01
8.784976601600646973e-01
-4.933926463127136230e-01
-1.668345451354980469e+00
9.178832769393920898e-01
3.301557898521423340e-01
-2.353807926177978516e+00
3.349922299385070801e-01
1.376630544662475586e+00
-2.156380653381347656e+00
1.308342099189758301e+00
-1.438621520996093750e+00
8.478860855102539062e-01
5.542786717414855957e-01
7.089043855667114258e-01
1.291372418403625488e+00
-6.183742731809616089e-02
2.563812255859375000e+00
-5.444276928901672363e-01
-9.736019372940063477e-01
1.263834714889526367e+00
5.648437142372131348e-02
1.662428379058837891e+00
-1.540235579013824463e-01
-7.385665774345397949e-01
5.016791075468063354e-02
-7.031384110450744629e-01
4.560933709144592285e-01
8.641849160194396973e-01
-2.541534423828125000e+00
1.591891348361968994e-01
-9.271255135536193848e-01
-1.042460441589355469e+00
-8.439734578132629395e-01
-1.685095071792602539e+00
-8.689794540405273438e-01
-5.427343249320983887e-01
-1.012095689773559570e+00
-9.905752539634704590e-01
5.063944458961486816e-01
8.217217326164245605e-01
-1.543988108634948730e+00
-1.923180222511291504e+00
4.184237420558929443e-01
7.532654404640197754e-01
-4.789577722549438477e-01
-1.007383316755294800e-01
-1.568607568740844727e+00
-3.809976577758789062e-01
-5.597436428070068359e-01
1.500133037567138672e+00
-3.516412898898124695e-02
-1.656095623970031738e+00
-3.200860023498535156e-01
-1.238625589758157730e-02
-1.401792883872985840e+00
-1.224817991256713867e+00
-2.099879026412963867e+00
1.019103050231933594e+00
3.534758388996124268e-01
-4.413500428199768066e-01
-7.322455048561096191e-01
-3.832553327083587646e-01
2.383652925491333008e-01
2.640117704868316650e-01
-1.254787564277648926e+00
-1.119909286499023438e+00
4.179498851299285889e-01
4.262498915195465088e-01
3.917321190237998962e-02
-1.373879313468933105e+00
1.314463853836059570e+00
5.459493994712829590e-01
1.907773733139038086e+00
1.167318701744079590e+00
-4.006229937076568604e-01
3.602421283721923828e-01
8.731777667999267578e-01
-4.426069557666778564e-01
-1.113113641738891602e+00
-8.467090725898742676e-01
-1.411401271820068359e+00
4.521915018558502197e-01
3.149654865264892578e-01
-1.006487607955932617e+00
1.884130239486694336e+00
1.839627742767333984e+00
-5.919453620910644531e+00
-2.027650356292724609e+00
-1.418205738067626953e+00
2.775106906890869141e+00
2.165212631225585938e+00
2.437174320220947266e-01
-1.020115494728088379e+00
-4.087543860077857971e-02
8.631467819213867188e-01
-3.602446913719177246e-01
-4.075421094894409180e-01
2.837647497653961182e-02
-2.046474628150463104e-02
4.348452091217041016e-01
1.130835890769958496e+00
-1.888613253831863403e-01
-1.216820254921913147e-01
-1.920048892498016357e-01
1.131094217300415039e+00
1.322828292846679688e+00
8.890900611877441406e-01
-3.944187164306640625e-01
8.194578886032104492e-01
-6.064137220382690430e-01
6.481219530105590820e-01
-3.110361099243164062e-01
-1.571654319763183594e+00
-8.326141834259033203e-01
-2.080369234085083008e+00
-6.471769511699676514e-02
-2.203661799430847168e-01
1.468042135238647461e+00
3.865141868591308594e-01
2.628486454486846924e-01
-1.755620718002319336e+00
-6.542892456054687500e-01
-9.427393078804016113e-01
1.313812851905822754e+00
-2.350327819585800171e-01
1.162269473075866699e+00
9.736192226409912109e-01
1.262923479080200195e+00
1.187732458114624023e+00
5.501618385314941406e-01
-1.516416430473327637e+00
6.892777085304260254e-01
1.393725633621215820e+00
3.544869422912597656e-01
-2.430488914251327515e-01
1.289728164672851562e+00
1.527634620666503906e+00
-1.083331584930419922e+00
3.284062147140502930e+00
-1.894518733024597168e+00
8.881481885910034180e-01
9.283159375190734863e-01
8.341553211212158203e-01
1.322103023529052734e+00
-4.136709272861480713e-01
4.912820756435394287e-01
4.824594557285308838e-01
-1.759327888488769531e+00
-1.001841902732849121e+00
-3.495907485485076904e-01
-5.902251005172729492e-01
-1.255440354347229004e+00
1.331993579864501953e+00
-4.933553040027618408e-01
9.439652562141418457e-01
-1.191593885421752930e+00
-1.172758359462022781e-02
-8.927018046379089355e-01
-8.610825538635253906e-01
-8.520485162734985352e-01
6.405021548271179199e-01
-2.980071008205413818e-01
-1.645238548517227173e-01
3.833770036697387695e+00
-9.680881500244140625e-01
-4.673793911933898926e-01
-2.039946764707565308e-01
7.793995738029479980e-02
4.120686054229736328e-01
-2.445230245590209961e+00
-2.437137603759765625e+00
-5.272970795631408691e-01
1.718278884887695312e+00
1.040191650390625000e+00
3.479692339897155762e-01
-2.896053791046142578e-01
1.800972819328308105e+00
-4.338788092136383057e-01
-7.475438714027404785e-01
3.983535468578338623e-01
1.607546955347061157e-01
2.578514516353607178e-01
2.921856880187988281e+00
-3.735407292842864990e-01
-3.094028830528259277e-01
1.699455261230468750e+00
1.421520709991455078e+00
-6.660934090614318848e-01
1.528192043304443359e+00
-1.118872687220573425e-01
8.733260035514831543e-01
-1.461040616035461426e+00
2.141243517398834229e-01
-5.245158672332763672e-01
-5.697580575942993164e-01
-5.359884500503540039e-01
-3.497564196586608887e-01
-9.194451570510864258e-01
-8.279871940612792969e-01
1.923369884490966797e+00
3.794677183032035828e-02
-6.523160729557275772e-03
1.747046560049057007e-01
4.818775057792663574e-01
-4.687058925628662109e-01
1.140713334083557129e+00
2.584951221942901611e-01
2.055993795394897461e+00
9.307374954223632812e-01
-2.571912109851837158e-01
-4.350597560405731201e-01
-2.103810787200927734e+00
-3.100525140762329102e-01
-5.569581985473632812e-01
-8.051779866218566895e-01
-9.142261147499084473e-01
-1.784721136093139648e+00
-7.642131447792053223e-01
-1.647944569587707520e+00
-1.894477367401123047e+00
-3.634390532970428467e-01
2.583285868167877197e-01
-2.172595709562301636e-01
-6.001811623573303223e-01
1.154339790344238281e+00
7.256475687026977539e-01
2.393638938665390015e-01
-1.448278665542602539e+00
-3.081357181072235107e-01
-1.138245820999145508e+00
-4.417335689067840576e-01
9.804629683494567871e-01
-3.824656307697296143e-01
-1.487184047698974609e+00
5.689233541488647461e-01
1.610752701759338379e+00
1.079787254333496094e+00
6.688182353973388672e-01
-1.040724635124206543e+00
2.032873868942260742e+00
9.514507055282592773e-01
2.258692264556884766e+00
-1.580214262008666992e+00
-4.424284100532531738e-01
-1.068569198250770569e-01
-1.530217528343200684e+00
2.204115629196166992e+00
-8.176216855645179749e-03
6.412691473960876465e-01
2.424223423004150391e+00
1.834374293684959412e-02
1.111271381378173828e+00
2.994184792041778564e-01
-2.152352809906005859e+00
-1.991663128137588501e-01
2.721553742885589600e-01
1.069264769554138184e+00
-1.854950338602066040e-01
1.356059551239013672e+00
1.642863750457763672e-01
2.589873790740966797e+00
4.555522501468658447e-01
1.603661537170410156e+00
1.410937190055847168e+00
4.436818361282348633e-01
-1.213997244834899902e+00
4.186805784702301025e-01
1.451709389686584473e+00
-1.539420485496520996e+00
3.408582508563995361e-01
6.517864465713500977e-01
-9.058502912521362305e-01
3.292769193649291992e-01
-3.610951006412506104e-01
-1.786243438720703125e+00
1.388990640640258789e+00
-8.126125335693359375e-01
-1.316059947013854980e+00
-4.630678594112396240e-01
-1.764456987380981445e+00
-5.031042098999023438e-01
2.188889384269714355e-01
8.385310173034667969e-01
3.579869866371154785e-01
-7.083536386489868164e-01
4.251060783863067627e-01
6.507755517959594727e-01
-1.277784347534179688e+00
-6.076543927192687988e-01
8.769895881414413452e-02
-6.623059511184692383e-01
-1.106869220733642578e+00
6.775090843439102173e-02
-7.581690549850463867e-01
-2.912977039813995361e-01
-3.176537752151489258e-01
1.377672910690307617e+00
6.709824800491333008e-01
-1.997057646512985229e-01
-1.226410746574401855e+00
-8.207270503044128418e-01
1.751483678817749023e+00
1.171434521675109863e+00
-4.396233260631561279e-01
4.201276600360870361e-01
1.232484221458435059e+00
-1.571403741836547852e-01
1.862344861030578613e+00
8.500531911849975586e-01
7.966653257608413696e-02
-6.572771668434143066e-01
1.103878378868103027e+00
1.583073884248733521e-01
-6.490460038185119629e-01
2.641128540039062500e+00
4.750411212444305420e-01
-9.248855710029602051e-01
3.761432468891143799e-01
2.629346609115600586e+00
-8.731399178504943848e-01
-3.465220332145690918e-01
2.391501329839229584e-02
-1.996776908636093140e-01
1.366130471229553223e+00
2.867064952850341797e+00
-1.124903559684753418e+00
-1.256927847862243652e+00
2.586400508880615234e-01
-4.909173548221588135e-01
2.282601594924926758e+00
1.037165164947509766e+00
1.431339383125305176e+00
-5.364135503768920898e-01
-9.219131469726562500e-01
-1.239780664443969727e+00
-1.127251505851745605e+00
4.077490568161010742e-01
-1.945107340812683105e+00
7.910045385360717773e-01
4.750683307647705078e-01
9.136859178543090820e-01
2.213493287563323975e-01
2.889465987682342529e-01
-1.097770690917968750e+00
-1.997555017471313477e+00
2.503585815429687500e-01
-2.228385657072067261e-01
9.664192795753479004e-01
2.246718168258666992e+00
2.342119067907333374e-01
-1.048118710517883301e+00
2.055972814559936523e+00
-2.528917975723743439e-02
1.678121685981750488e-01
-6.035254001617431641e-01
2.889266908168792725e-01
-2.197579443454742432e-01
2.148022055625915527e-01
2.512091994285583496e-01
-4.790909588336944580e-01
1.866282373666763306e-01
8.255075216293334961e-01
-8.150026202201843262e-01
1.071262121200561523e+00
-1.082282185554504395e+00
2.351331412792205811e-01
9.160018712282180786e-02
-1.646540999412536621e+00
-1.345886290073394775e-01
-9.440808892250061035e-01
-1.298190832138061523e+00
-1.375489711761474609e+00
5.899212360382080078e-01
3.282064497470855713e-01
2.918680310249328613e-01
-4.683806300163269043e-01
-1.987484991550445557e-01
5.645940899848937988e-01
-1.424621790647506714e-01
3.349389731884002686e-01
6.191282272338867188e-01
-6.910338401794433594e-01
6.904211640357971191e-01
5.529263988137245178e-02
2.127648591995239258e-01
-1.669906616210937500e+00
7.656326293945312500e-01
-2.148398905992507935e-01
1.146882250905036926e-01
-2.422471940517425537e-01
8.186140060424804688e-01
-3.066103160381317139e-01
-1.618083238601684570e+00
-1.413918018341064453e+00
-2.270861864089965820e+00
6.048913002014160156e-01
-1.725110769271850586e+00
-4.640297889709472656e-01
1.577862381935119629e+00
-1.265362620353698730e+00
-8.650833964347839355e-01
-1.437013268470764160e+00
2.046104431152343750e+00
-1.367242574691772461e+00
1.052374124526977539e+00
8.111922740936279297e-01
8.089921474456787109e-01
1.109959840774536133e+00
1.917388677597045898e+00
-2.455166101455688477e+00
2.066359758377075195e+00
-5.822538733482360840e-01
3.185813724994659424e-01
8.303332328796386719e-01
-3.972779810428619385e-01
-1.511156678199768066e+00
1.961235046386718750e+00
5.806464552879333496e-01
-9.611775875091552734e-01
-1.318630337715148926e+00
-1.911135196685791016e+00
1.031869649887084961e+00
-2.227971315383911133e+00
-9.920074939727783203e-01
9.983950257301330566e-01
4.383353292942047119e-01
2.055972814559936523e+00
1.167870044708251953e+00
6.345007419586181641e-01
-1.660165548324584961e+00
-6.726704835891723633e-01
-8.503232598304748535e-01
-1.360573291778564453e+00
4.326776415109634399e-02
1.651315212249755859e+00
-7.736145257949829102e-01
-1.474134683609008789e+00
-5.388769507408142090e-01
6.611093878746032715e-01
-5.934244394302368164e-01
2.497689962387084961e+00
6.880183815956115723e-01
1.180911064147949219e-01
-4.552876353263854980e-01
-1.561214566230773926e+00
1.408179402351379395e+00
-9.865561723709106445e-01
-5.156967639923095703e-01
3.782566487789154053e-01
-8.367742896080017090e-01
-1.993426918983459473e+00
4.848381876945495605e-01
7.905315607786178589e-02
1.252275824546813965e+00
-1.464826464653015137e-01
-1.520072698593139648e+00
-1.200098514556884766e+00
-1.238599181175231934e+00
1.097288131713867188e+00
3.033423423767089844e+00
-2.504047453403472900e-01
1.947178840637207031e+00
8.624312281608581543e-01
-1.089537888765335083e-01
-6.461793184280395508e-02
9.876357316970825195e-01
1.532608032226562500e+00
-7.476582378149032593e-02
-1.002054437994956970e-01
4.881089925765991211e-01
-1.929812550544738770e+00
-2.337979555130004883e+00
5.614768862724304199e-01
2.041902542114257812e+00
8.994590044021606445e-01
-2.082226991653442383e+00
-1.416349172592163086e+00
8.679944276809692383e-02
-9.914153218269348145e-01
2.072456479072570801e-01
-1.168029680848121643e-01
-4.695408046245574951e-01
1.858128666877746582e+00
1.745481014251708984e+00
-2.030278444290161133e+00
-3.177235126495361328e-01
3.145591914653778076e-01
-9.076132178306579590e-01
-1.161996483802795410e+00
3.757339119911193848e-01
-6.258476972579956055e-01
-9.825810790061950684e-01
1.619569659233093262e-01
1.146915793418884277e+00
-5.516301989555358887e-01
2.334197998046875000e+00
2.041032612323760986e-01
1.116341233253479004e+00
9.820352196693420410e-01
2.985640987753868103e-02
1.789312243461608887e+00
3.884968161582946777e-02
2.127237081527709961e+00
-4.719246327877044678e-01
5.136805772781372070e-01
-1.644554257392883301e+00
6.503433585166931152e-01
1.722122669219970703e+00
-3.150246143341064453e-01
2.206329584121704102e+00
1.041697382926940918e+00
1.744395256042480469e+00
1.082166790962219238e+00
2.664958953857421875e+00
-1.830176860094070435e-01
7.368593811988830566e-01
-1.467802405357360840e+00
9.430861473083496094e-01
1.382309198379516602e+00
-1.164498925209045410e+00
-1.851015537977218628e-01
1.103614687919616699e+00
-1.827231407165527344e+00
-8.274201303720474243e-02
-6.842499375343322754e-01
1.488305926322937012e+00
-4.929520487785339355e-01
-7.456884980201721191e-01
1.226165652275085449e+00
-2.565608739852905273e+00
-1.363844871520996094e-01
-2.981162369251251221e-01
-5.132024884223937988e-01
1.887336969375610352e+00
-6.780853867530822754e-01
6.843397021293640137e-01
1.538908720016479492e+00
1.610624074935913086e+00
1.790902465581893921e-01
-1.266424894332885742e+00
-1.533865332603454590e+00
4.532991349697113037e-01
-2.526850223541259766e+00
2.997109889984130859e+00
2.279513120651245117e+00
-6.035791039466857910e-01
-8.767083883285522461e-01
1.389925241470336914e+00
-4.535052180290222168e-02
-2.382144778966903687e-01
8.019079566001892090e-01
-3.783619403839111328e-02
2.383437395095825195e+00
5.657846853137016296e-02
-1.159354448318481445e+00
-5.158478617668151855e-01
1.879537940025329590e+00
-2.018585354089736938e-01
-4.682136535644531250e+00
-5.356025695800781250e-01
4.258185029029846191e-01
1.633566915988922119e-01
1.602432966232299805e+00
2.505013048648834229e-01
-1.935410648584365845e-01
-3.620030283927917480e-01
-3.603666722774505615e-01
-2.498141288757324219e+00
1.576355814933776855e+00
1.713122963905334473e+00
-3.049785494804382324e-01
7.455442547798156738e-01
-2.911567986011505127e-01
4.991388320922851562e-02
1.513592600822448730e-01
8.841965794563293457e-01
5.556638717651367188e+00
-1.199024796485900879e+00
-5.880109310150146484e+00
2.413342714309692383e+00
-3.432032763957977295e-01
-1.734974980354309082e-01
-1.215385198593139648e+00
6.008744835853576660e-01
-8.137664198875427246e-01
6.167098879814147949e-01
-1.165042877197265625e+00
6.388345360755920410e-01
-4.936321079730987549e-01
-9.069549441337585449e-01
-2.170369625091552734e+00
-4.782949686050415039e-01
6.887911558151245117e-01
6.726240515708923340e-01
-4.259981680661439896e-03
-2.092491388320922852e+00
-1.007820889353752136e-01
-1.455796241760253906e+00
1.688732862472534180e+00
-8.072412610054016113e-01
-9.263550639152526855e-01
-1.415720939636230469e+00
3.249316215515136719e-01
-1.546581983566284180e+00
8.566449284553527832e-01
6.020359992980957031e-01
3.430297374725341797e-01
-1.077520847320556641e+00
8.590165376663208008e-01
4.576278328895568848e-01
3.955630660057067871e-01
-1.366589069366455078e+00
3.968138694763183594e-01
9.327877163887023926e-01
-1.106019735336303711e+00
-1.710997939109802246e+00
-1.845443546772003174e-01
2.349410206079483032e-02
1.906850337982177734e+00
1.594316601753234863e+00
-3.328152000904083252e-01
-1.198553681373596191e+00
2.012571245431900024e-01
1.489762425422668457e+00
-1.806199193000793457e+00
9.073790907859802246e-01
-1.631130337715148926e+00
8.903178572654724121e-01
-2.318753480911254883e+00
-1.194397881627082825e-01
3.350228369235992432e-01
-2.298845946788787842e-01
-1.289833903312683105e+00
7.248684763908386230e-01
-9.555656313896179199e-01
-1.056436896324157715e+00
-2.734847068786621094e-01
5.461863279342651367e-01
