-2.445950061082839966e-01
1.176487207412719727e+00
2.116189897060394287e-01
-4.734098315238952637e-01
1.824767589569091797e-01
2.400786876678466797e-01
-5.231658220291137695e-01
-8.220763802528381348e-01
-1.870676726102828979e-01
6.223351359367370605e-01
1.270286321640014648e+00
-8.024630546569824219e-01
-2.187621295452117920e-01
1.404847949743270874e-01
-5.314758419990539551e-02
-1.808409452438354492e+00
-6.714608073234558105e-01
-6.172837316989898682e-02
1.794938087463378906e+00
-3.715573623776435852e-02
1.252673625946044922e+00
4.443683922290802002e-01
4.875104129314422607e-01
8.170232772827148438e-01
6.707929372787475586e-01
-1.146215558052062988e+00
7.890430092811584473e-02
-2.115684598684310913e-01
-8.543208241462707520e-01
3.409129977226257324e-01
1.477280259132385254e-01
-6.134905666112899780e-02
8.927431702613830566e-02
1.507682055234909058e-01
8.233156204223632812e-01
-6.657546162605285645e-01
6.624959111213684082e-01
5.456070899963378906e-01
-8.901492506265640259e-02
1.321917057037353516e+00
-2.217310220003128052e-01
-1.182187438011169434e+00
-1.645585298538208008e+00
-2.289158254861831665e-01
-4.372206330299377441e-01
2.004419714212417603e-01
-4.056813716888427734e-01
-6.098835468292236328e-01
4.725759923458099365e-01
2.308248132467269897e-01
-6.411857008934020996e-01
-4.683856666088104248e-01
-6.352621912956237793e-01
7.177277803421020508e-01
4.875485897064208984e-01
-7.092217206954956055e-01
-1.090991020202636719e+00
-2.516285143792629242e-02
1.821240633726119995e-01
-3.002477884292602539e-01
2.204498052597045898e+00
-1.376203000545501709e-01
9.382281303405761719e-01
1.687545180320739746e-01
-2.161061614751815796e-01
-8.470196723937988281e-01
-1.343210041522979736e-01
-7.243142127990722656e-01
5.385382771492004395e-01
1.266172170639038086e+00
-5.188174247741699219e-01
1.638051033020019531e+00
-2.315479069948196411e-01
-4.451867640018463135e-01
1.758700162172317505e-01
1.683749675750732422e+00
2.905622124671936035e-02
-2.203063070774078369e-01
1.175253868103027344e+00
2.113373279571533203e-01
-3.752637207508087158e-01
3.417253792285919189e-01
2.502359449863433838e-01
2.002358585596084595e-01
-1.300133943557739258e+00
8.077409863471984863e-01
-9.526883065700531006e-02
-7.614135742187500000e-01
-8.393501639366149902e-01
-7.944818735122680664e-01
-1.096211433410644531e+00
-6.717007607221603394e-02
-3.431908488273620605e-01
7.169947624206542969e-01
7.597846388816833496e-01
1.014668941497802734e+00
8.058156967163085938e-01
1.255435347557067871e+00
-6.655232310295104980e-01
2.746648713946342468e-02
-1.845049738883972168e+00
-4.411556944251060486e-02
5.686535239219665527e-01
-4.317953586578369141e-01
-3.042519390583038330e-01
-1.994174122810363770e-01
-7.117749452590942383e-01
-8.451691828668117523e-03
-1.418615132570266724e-01
-5.212773084640502930e-01
-2.938171029090881348e-01
6.270508766174316406e-01
5.927467346191406250e-01
-4.866481423377990723e-01
1.888551265001296997e-01
3.342934250831604004e-01
3.244953230023384094e-02
-6.355234980583190918e-01
7.730127573013305664e-01
8.484375476837158203e-02
8.987655863165855408e-03
6.297458410263061523e-01
-1.687745571136474609e+00
3.387360572814941406e-01
3.026414811611175537e-01
8.547532372176647186e-03
9.899260401725769043e-01
9.884157776832580566e-02
-9.535613656044006348e-01
-2.240396291017532349e-01
4.706602096557617188e-01
-5.507819652557373047e-01
8.540154248476028442e-02
1.024154663085937500e+00
-1.565242290496826172e+00
1.122893244028091431e-01
1.806701570749282837e-01
-1.122195243835449219e+00
4.333858788013458252e-01
-2.856239676475524902e-01
-5.623289346694946289e-01
2.251432090997695923e-01
8.182501196861267090e-01
4.051220417022705078e-01
-8.261631727218627930e-01
4.057177305221557617e-01
2.009804099798202515e-01
-8.342378139495849609e-01
-1.356365323066711426e+00
-1.730648279190063477e-01
-1.067904233932495117e+00
1.400645613670349121e+00
1.527356356382369995e-01
-7.143358588218688965e-01
-2.159943059086799622e-02
4.166436493396759033e-01
-1.856391429901123047e+00
2.615596055984497070e-01
-2.465844154357910156e-01
7.941393256187438965e-01
6.434623003005981445e-01
-1.074114292860031128e-01
6.262357532978057861e-02
-1.026469349861145020e+00
7.520843744277954102e-01
1.280056476593017578e+00
-5.059152841567993164e-01
-4.995445609092712402e-01
3.422054648399353027e-01
1.720816083252429962e-02
4.516942426562309265e-02
-1.853676915168762207e+00
-1.057724833488464355e+00
3.766094148159027100e-01
1.259237080812454224e-01
4.475524723529815674e-01
5.736014842987060547e-01
-4.460269808769226074e-01
4.831615090370178223e-02
1.715941548347473145e+00
-3.201282918453216553e-01
-7.904343307018280029e-02
8.132424205541610718e-02
8.656762838363647461e-01
-5.200726985931396484e-01
-3.223044276237487793e-01
-8.887330442667007446e-02
5.254343748092651367e-01
8.571000695228576660e-01
1.487685561180114746e+00
-1.887632310390472412e-01
-2.454363256692886353e-01
-4.791082143783569336e-01
-7.080171108245849609e-01
5.494199395179748535e-01
2.466394305229187012e-01
-3.322259485721588135e-01
5.242645740509033203e-02
1.101622223854064941e+00
-2.041443347930908203e+00
-1.406974941492080688e-01
2.667843699455261230e-01
4.148711860179901123e-01
1.388589620590209961e+00
8.156460523605346680e-01
-2.724847197532653809e-01
5.043347924947738647e-02
-1.949867457151412964e-01
1.438741326332092285e+00
-1.028704643249511719e+00
-1.017428040504455566e+00
5.958973765373229980e-01
1.077959418296813965e+00
4.793445467948913574e-01
5.389608144760131836e-01
9.628648161888122559e-01
2.197677373886108398e+00
-3.287526071071624756e-01
-6.277933716773986816e-01
-9.111646413803100586e-01
6.118210554122924805e-01
-1.958726346492767334e-01
2.039622217416763306e-01
-3.802108764648437500e-01
-7.384720444679260254e-01
1.913149654865264893e-01
9.108762741088867188e-01
-2.522000372409820557e-01
-6.430472731590270996e-01
-5.291087627410888672e-01
-9.181313961744308472e-02
-6.546782255172729492e-01
-7.750148177146911621e-01
9.856892824172973633e-01
7.144767642021179199e-01
6.660444140434265137e-01
4.127357900142669678e-02
-1.279038190841674805e-01
-1.357114791870117188e+00
6.404182314872741699e-01
6.254593729972839355e-01
-8.719910383224487305e-01
-6.457787752151489258e-01
6.155321598052978516e-01
-1.062073945999145508e+00
-5.613741278648376465e-01
-3.736377954483032227e-01
-1.028630435466766357e-01
6.538748145103454590e-01
-1.012380793690681458e-01
2.376914918422698975e-01
-4.545002281665802002e-01
-6.684445142745971680e-01
-8.626522421836853027e-01
-6.742632985115051270e-01
1.660545170307159424e-01
2.552937269210815430e-01
-1.176808357238769531e+00
-1.569303572177886963e-01
-6.141979098320007324e-01
-4.251168668270111084e-01
3.459492325782775879e-01
-1.157460883259773254e-01
-1.159981608390808105e+00
-1.584707349538803101e-01
8.646358847618103027e-01
4.267063438892364502e-01
7.220881581306457520e-01
-2.128828465938568115e-01
-5.026478171348571777e-01
7.719897627830505371e-01
-1.973657906055450439e-01
6.893692016601562500e-01
-6.399127244949340820e-01
-7.344994544982910156e-01
-2.106979370117187500e+00
6.547387838363647461e-01
-8.028124272823333740e-02
-3.210103511810302734e-02
-2.470754683017730713e-01
-6.842063367366790771e-02
-1.142177060246467590e-01
7.104081511497497559e-01
2.115398049354553223e-01
1.348182559013366699e+00
-1.986723542213439941e-01
-2.388876527547836304e-01
2.551052868366241455e-01
2.760366769507527351e-03
1.966426670551300049e-01
-8.349468111991882324e-01
-1.346635222434997559e+00
-6.902271509170532227e-01
6.549379229545593262e-02
4.329852461814880371e-01
-2.833321690559387207e-01
4.954550787806510925e-02
-1.404159665107727051e+00
4.644078910350799561e-01
3.021889925003051758e-01
-2.702783644199371338e-01
-1.630128979682922363e+00
2.591097652912139893e-01
5.071860551834106445e-01
-1.091937795281410217e-01
-9.532704949378967285e-02
-4.020506143569946289e-01
-1.349892854690551758e+00
4.882277250289916992e-01
-1.096319183707237244e-01
-8.048393130302429199e-01
-8.236238956451416016e-01
-8.118554949760437012e-01
2.698335051536560059e-01
-4.623516201972961426e-01
-2.409429550170898438e-01
3.113331794738769531e-01
9.677098393440246582e-01
-4.976259171962738037e-02
-1.121924370527267456e-01
-2.539595365524291992e-01
3.609433770179748535e-02
1.572670698165893555e+00
-3.250272274017333984e-01
2.476333677768707275e-01
-6.815866827964782715e-01
-7.995839118957519531e-01
2.659767568111419678e-01
-7.353357970714569092e-02
-3.619641661643981934e-01
1.383369863033294678e-01
-2.392866164445877075e-01
4.427416622638702393e-01
-5.368101000785827637e-01
-5.856485664844512939e-02
1.252018064260482788e-01
-4.182994365692138672e-01
-5.391139388084411621e-01
4.305332899093627930e-01
-6.300444900989532471e-02
-9.435937404632568359e-01
-1.897404074668884277e+00
-1.168520972132682800e-01
1.975524574518203735e-01
-1.275527030229568481e-01
1.658771187067031860e-01
-1.558976769447326660e+00
-8.877750039100646973e-01
-3.514839112758636475e-01
-3.561063110828399658e-01
-1.758716464042663574e+00
-6.015449762344360352e-01
1.324730277061462402e+00
-1.007237911224365234e+00
-1.176790952682495117e+00
2.851583063602447510e-01
2.263915687799453735e-01
-1.482395768165588379e+00
3.711914420127868652e-01
5.360317826271057129e-01
-3.639724850654602051e-02
-7.588742971420288086e-01
-3.564083874225616455e-01
-8.548940420150756836e-01
-7.469756007194519043e-01
2.687939107418060303e-01
1.443444609642028809e+00
5.865160822868347168e-01
1.089515909552574158e-02
1.643831729888916016e+00
2.571082115173339844e-01
1.500246405601501465e+00
-6.138934493064880371e-01
1.653974175453186035e+00
-1.567248404026031494e-01
-2.397310286760330200e-01
-6.960169225931167603e-02
5.128308013081550598e-02
-8.508767485618591309e-01
8.874306827783584595e-02
3.928756415843963623e-01
7.847871780395507812e-01
1.124716997146606445e+00
1.091795340180397034e-01
-4.797071516513824463e-01
-2.071517854928970337e-01
-3.423710465431213379e-01
-1.252589523792266846e-01
3.837201893329620361e-01
1.352724283933639526e-01
1.376829743385314941e+00
6.620510816574096680e-01
5.533527731895446777e-01
8.317332863807678223e-01
7.993485927581787109e-01
4.901666045188903809e-01
-8.660840392112731934e-01
-4.175891578197479248e-01
4.983086585998535156e-01
1.562267780303955078e+00
9.897105097770690918e-01
-7.606278657913208008e-01
-8.879945278167724609e-01
-3.340447843074798584e-01
-4.511331021785736084e-01
-2.034744620323181152e-01
-6.785221695899963379e-01
8.256468176841735840e-02
5.958503484725952148e-01
-6.798293441534042358e-02
-9.967914819717407227e-01
3.932798653841018677e-02
-7.555120587348937988e-01
-3.154934346675872803e-01
6.627684235572814941e-01
1.578091859817504883e+00
1.072077639400959015e-02
7.944197058677673340e-01
-1.877355389297008514e-02
4.913433194160461426e-01
-6.849540472030639648e-01
-2.297131061553955078e+00
1.064034700393676758e+00
-3.368196636438369751e-02
-1.112332344055175781e+00
3.706364035606384277e-01
-1.176497459411621094e+00
-7.507884502410888672e-01
-3.042610734701156616e-02
-3.126016557216644287e-01
-1.240277767181396484e+00
7.804228663444519043e-01
1.036794424057006836e+00
-4.032449126243591309e-01
6.907980889081954956e-02
3.469417989253997803e-01
-3.226443827152252197e-01
1.355049252510070801e+00
5.208615586161613464e-02
2.409778684377670288e-01
6.508352756500244141e-01
-3.408849937841296196e-03
4.744167923927307129e-01
-8.857420682907104492e-01
1.844009906053543091e-01
-1.213877677917480469e+00
1.300101995468139648e+00
-3.992569148540496826e-01
-7.683773338794708252e-02
-1.367309927940368652e+00
-4.156571924686431885e-01
-1.470599293708801270e+00
6.533648371696472168e-01
7.251446247100830078e-01
-3.112692534923553467e-01
2.688099741935729980e-01
6.268583536148071289e-01
6.453681588172912598e-01
2.381984442472457886e-01
-2.388525754213333130e-01
-3.793953955173492432e-01
9.371661543846130371e-01
-3.447667062282562256e-01
8.692972064018249512e-01
2.944217920303344727e-01
8.468531370162963867e-01
-3.581930324435234070e-02
1.002430394291877747e-01
1.082320883870124817e-01
5.278710126876831055e-01
-6.330190300941467285e-01
-1.072733998298645020e+00
-4.081900119781494141e-01
3.826440870761871338e-01
3.782071471214294434e-01
-5.745177865028381348e-01
4.198645353317260742e-01
-1.681994833052158356e-02
-3.766490221023559570e-01
-5.323429703712463379e-01
2.795863151550292969e-01
1.911681029014289379e-03
-4.640790820121765137e-01
1.175381779670715332e+00
9.208482503890991211e-02
5.837227702140808105e-01
-1.445402264595031738e+00
-1.231304287910461426e+00
3.319150507450103760e-01
-1.873664259910583496e-01
7.042441368103027344e-01
7.052588462829589844e-01
-1.219012737274169922e-01
3.483319282531738281e-01
-4.945602715015411377e-01
2.550439834594726562e-01
-1.099968671798706055e+00
-2.755709886550903320e+00
-5.291828513145446777e-01
-9.574250578880310059e-01
-4.682123661041259766e-01
3.265956938266754150e-01
7.091853022575378418e-02
2.024804502725601196e-01
-6.900310516357421875e-01
5.436725169420242310e-02
-2.483018860220909119e-02
4.902114868164062500e-01
1.194458127021789551e+00
3.941277563571929932e-01
1.241062164306640625e+00
1.330284476280212402e-01
3.023021519184112549e-01
1.267796635627746582e+00
5.883435010910034180e-01
4.707871377468109131e-01
-6.319157481193542480e-01
-5.248254537582397461e-01
1.136190772056579590e+00
1.631972044706344604e-01
3.601266443729400635e-02
2.672566659748554230e-02
-8.185328245162963867e-01
-3.873872160911560059e-01
2.278778403997421265e-01
1.040445208549499512e+00
-1.055617094039916992e+00
1.504669189453125000e-01
3.858061134815216064e-01
-1.549283862113952637e+00
-2.147829346358776093e-02
1.373324394226074219e+00
1.257899880409240723e+00
8.432053327560424805e-01
2.261093109846115112e-01
-1.146472096443176270e+00
3.975119441747665405e-02
8.434613943099975586e-01
-1.540136575698852539e+00
1.068277955055236816e-01
5.585948228836059570e-01
-1.349417399615049362e-02
-4.753450751304626465e-01
-7.540173828601837158e-02
1.027035355567932129e+00
4.594451189041137695e-02
7.491753101348876953e-01
4.565149545669555664e-01
-1.114811301231384277e+00
3.569119572639465332e-01
-9.371206760406494141e-01
-3.459039032459259033e-01
-7.326701879501342773e-01
2.847223281860351562e-01
1.174006223678588867e+00
7.520657181739807129e-01
2.585211396217346191e-01
1.102325439453125000e+00
-7.882605791091918945e-01
-8.688129782676696777e-01
7.914314866065979004e-01
1.353552788496017456e-01
-1.024083852767944336e+00
-3.987661004066467285e-01
-5.360901355743408203e-01
6.071469187736511230e-01
4.042359888553619385e-01
-9.120578169822692871e-01
1.448627114295959473e+00
-6.376813650131225586e-01
2.756348848342895508e-01
9.461436867713928223e-01
-3.993474841117858887e-01
-8.496333360671997070e-01
5.007464289665222168e-01
1.806869655847549438e-01
-4.780780076980590820e-01
4.415539503097534180e-01
4.145018160343170166e-01
5.686782300472259521e-03
-4.573720991611480713e-01
1.508787035942077637e+00
7.015638351440429688e-01
-3.940346240997314453e-01
4.511928558349609375e-02
2.816720008850097656e-01
-1.276981353759765625e+00
3.979396224021911621e-01
-7.746320366859436035e-01
4.584574401378631592e-01
-2.068640664219856262e-02
6.492513418197631836e-01
8.424103260040283203e-01
-4.004195630550384521e-01
3.734644055366516113e-01
9.792552590370178223e-01
5.129353404045104980e-01
-3.192473649978637695e-01
-6.584419608116149902e-01
4.211407899856567383e-01
3.746561408042907715e-01
-6.433091163635253906e-01
-2.133421450853347778e-01
6.603782773017883301e-01
-1.347584575414657593e-01
1.703541576862335205e-01
-2.226677685976028442e-01
-1.657734632492065430e+00
-1.535092592239379883e+00
4.553764760494232178e-01
-1.007153272628784180e+00
7.048341631889343262e-01
4.752618819475173950e-02
3.912987112998962402e-01
-1.197748541831970215e+00
-1.909865498542785645e+00
-6.017441153526306152e-01
-7.021104097366333008e-01
3.451466858386993408e-01
-3.159875869750976562e-01
-1.963751949369907379e-02
-2.655838429927825928e-01
-1.101280689239501953e+00
-4.046081602573394775e-01
2.909833788871765137e-01
9.220609664916992188e-01
2.668666243553161621e-01
-1.356748640537261963e-01
4.790273606777191162e-01
1.744126826524734497e-01
-1.268996857106685638e-02
3.107342422008514404e-01
1.414225220680236816e+00
1.584702253341674805e+00
1.123194336891174316e+00
-1.060976147651672363e+00
-1.971701979637145996e+00
-1.356704473495483398e+00
8.847799301147460938e-01
6.431130766868591309e-01
6.745216250419616699e-01
-5.665041804313659668e-01
-1.176880478858947754e+00
2.532817982137203217e-02
-3.035101667046546936e-02
2.685984134674072266e+00
-9.183151125907897949e-01
7.588889002799987793e-01
3.986583277583122253e-02
-1.771390676498413086e+00
6.007983684539794922e-01
7.030797004699707031e-01
-2.785019874572753906e-01
5.161352753639221191e-01
-6.911478638648986816e-01
-1.966414451599121094e-01
-3.695399463176727295e-01
-5.143089294433593750e-01
-9.924785792827606201e-02
1.341970264911651611e-01
-4.789265990257263184e-01
4.697410762310028076e-01
7.091223597526550293e-01
1.445684075355529785e+00
-7.323532104492187500e-01
1.017316222190856934e+00
6.662306189537048340e-01
-3.308751285076141357e-01
-1.097921933978796005e-02
-1.144920825958251953e+00
-9.790145754814147949e-01
5.967137403786182404e-03
-1.935571581125259399e-01
4.435944855213165283e-01
7.258937954902648926e-01
-1.241105914115905762e+00
-8.211614489555358887e-01
-4.853211343288421631e-01
-3.994325995445251465e-01
3.143596053123474121e-01
5.228987336158752441e-01
-9.064737558364868164e-01
-1.843502372503280640e-01
-1.992471516132354736e-01
6.701539736241102219e-03
-2.601556479930877686e-01
-1.114537477493286133e+00
-1.490266323089599609e-01
-7.124574661254882812e+00
1.094719618558883667e-01
-4.640258848667144775e-02
-1.097839236259460449e+00
9.905683994293212891e-01
5.294758677482604980e-01
-1.565583109855651855e+00
1.628627777099609375e-01
2.202515304088592529e-01
1.314380884170532227e+00
2.034090459346771240e-01
-3.857263922691345215e-01
-1.773018836975097656e-01
-1.232431769371032715e+00
-1.187887668609619141e+00
1.827040910720825195e-01
1.390529274940490723e-01
1.112678527832031250e+00
9.498531818389892578e-01
-2.270274907350540161e-01
-1.297021865844726562e+00
4.454685449600219727e-01
-1.398428529500961304e-01
-1.086745858192443848e+00
-3.787923753261566162e-01
-1.001318216323852539e+00
-6.318050026893615723e-01
7.628084421157836914e-01
4.895426034927368164e-01
-1.212081193923950195e+00
5.526310205459594727e-01
8.948763608932495117e-01
-4.134345427155494690e-02
-2.564388215541839600e-01
2.849208936095237732e-02
1.603836715221405029e-01
8.835803270339965820e-01
-4.327845275402069092e-01
-4.517869949340820312e-01
2.915513515472412109e-01
7.471508383750915527e-01
4.253201484680175781e-01
7.771936655044555664e-01
-1.208758831024169922e+00
-7.883863151073455811e-02
9.347332119941711426e-01
4.987428486347198486e-01
1.364002346992492676e+00
9.356120824813842773e-01
1.155235290527343750e+00
5.182657837867736816e-01
-2.308322349563241005e-03
1.269384622573852539e+00
-1.670120470225811005e-02
5.992354750633239746e-01
1.448466300964355469e+00
3.868495821952819824e-01
-7.449572682380676270e-01
-1.229888200759887695e+00
-1.626842617988586426e-01
-2.487188205122947693e-02
-6.488050222396850586e-01
5.312903225421905518e-02
-6.782875657081604004e-01
8.339440077543258667e-02
-4.647970795631408691e-01
1.233339458703994751e-01
-9.785840511322021484e-01
-6.487165689468383789e-01
-6.582673192024230957e-01
-3.252041041851043701e-01
7.538968920707702637e-01
3.744861483573913574e-01
-1.799068003892898560e-01
-3.858224451541900635e-01
3.052741289138793945e-01
7.718675732612609863e-01
-5.335543155670166016e-01
-1.030252337455749512e+00
-4.335203766822814941e-01
