-1.417765498161315918e+00
1.014903306961059570e+00
1.361532807350158691e-01
-4.909695982933044434e-01
-1.233161091804504395e+00
-4.426425695419311523e-02
-1.271734714508056641e+00
-7.014260888099670410e-01
-1.964601039886474609e+00
-1.407432407140731812e-01
6.784703135490417480e-01
1.534131914377212524e-02
-1.465592026710510254e+00
-9.490714073181152344e-01
-7.005842328071594238e-01
-2.929404079914093018e-01
-1.450316905975341797e+00
-8.811358809471130371e-01
-3.460511863231658936e-01
-8.864766359329223633e-01
4.941464662551879883e-01
-1.204685211181640625e+00
8.424555659294128418e-01
5.416206121444702148e-01
1.617577672004699707e+00
-8.682392239570617676e-01
-7.428331971168518066e-01
6.608855724334716797e-02
-2.598082542419433594e+00
2.114732861518859863e-01
1.609469652175903320e+00
1.026895403861999512e+00
-1.607638835906982422e+00
4.238943457603454590e-01
1.297287940979003906e+00
6.700754761695861816e-01
-8.191072940826416016e-02
-1.735394716262817383e+00
7.462791353464126587e-02
1.266177654266357422e+00
-1.024042129516601562e+00
-2.297826290130615234e+00
-1.950414776802062988e+00
1.784924507141113281e+00
3.862429261207580566e-01
-1.336159929633140564e-02
7.694749161601066589e-03
2.185565978288650513e-01
6.952787190675735474e-02
-1.046486616134643555e+00
-1.215269789099693298e-02
-3.825692832469940186e-01
-6.733177900314331055e-01
-6.611574292182922363e-01
4.854547083377838135e-01
-1.157421708106994629e+00
6.991062164306640625e-01
6.488758325576782227e-02
-6.437369585037231445e-01
2.014711052179336548e-01
6.031260490417480469e-01
8.247047066688537598e-01
2.209906131029129028e-01
8.229438662528991699e-01
-9.596186690032482147e-03
-7.751681208610534668e-01
-9.159909486770629883e-01
9.214072227478027344e-01
-2.767538428306579590e-01
7.989590167999267578e-01
9.928619861602783203e-01
-1.468761920928955078e+00
-2.657120823860168457e-01
9.952920079231262207e-01
4.450750946998596191e-01
-1.366360187530517578e+00
-8.951978683471679688e-01
1.235573530197143555e+00
1.569050699472427368e-01
8.913562893867492676e-01
1.736893534660339355e+00
-3.503295779228210449e-01
-9.788384437561035156e-01
-4.768186211585998535e-01
-1.397491216659545898e+00
1.306653499603271484e+00
5.932962894439697266e-01
-2.884567081928253174e-01
-1.000000953674316406e+00
9.736928939819335938e-01
-2.229268312454223633e+00
-3.191458225250244141e+00
-2.084754467010498047e+00
-7.226302623748779297e-01
5.238637924194335938e-01
9.880284070968627930e-01
1.081771850585937500e+00
4.069569110870361328e-01
7.377988845109939575e-02
7.689902782440185547e-01
9.762725979089736938e-02
-6.180081963539123535e-01
1.280642867088317871e+00
-1.686112761497497559e+00
-1.648203611373901367e+00
-1.651956439018249512e+00
-1.727934181690216064e-01
-3.656429648399353027e-01
1.137186884880065918e+00
3.389133512973785400e-01
-2.648380398750305176e-01
6.984116435050964355e-01
-1.371308684349060059e+00
-1.302550673484802246e+00
2.675873339176177979e-01
-9.479226171970367432e-02
6.694532036781311035e-01
-2.283173799514770508e+00
1.412869453430175781e+00
4.200983047485351562e-01
-8.387701511383056641e-01
5.529819130897521973e-01
-3.394391775131225586e+00
1.866668313741683960e-01
1.254827380180358887e-01
1.314075350761413574e+00
-9.084380865097045898e-01
6.433005928993225098e-01
-1.183561921119689941e+00
-3.275525093078613281e+00
3.343968391418457031e-01
1.027352139353752136e-01
1.437739431858062744e-01
-1.761642336845397949e+00
-1.143768653273582458e-01
-1.662807166576385498e-01
5.920951366424560547e-01
2.591748237609863281e-01
-1.381366729736328125e+00
4.264660775661468506e-01
5.987197756767272949e-01
1.129116773605346680e+00
3.724626004695892334e-01
-9.629034996032714844e-01
1.527300924062728882e-01
-1.265125155448913574e+00
-2.249152027070522308e-02
-1.252295374870300293e-01
-1.284529328346252441e+00
4.985623359680175781e-01
-5.580598711967468262e-01
-1.368623375892639160e-01
3.632163107395172119e-01
-6.679847836494445801e-01
9.686281085014343262e-01
9.777413010597229004e-01
-7.349752187728881836e-01
8.849219679832458496e-01
-8.671290874481201172e-01
3.202536702156066895e-01
1.245215296745300293e+00
-1.643984317779541016e+00
-4.575481414794921875e-01
-1.425056099891662598e+00
4.705855548381805420e-01
8.533567786216735840e-01
-1.803569197654724121e+00
2.743053734302520752e-01
-1.430677533149719238e+00
-4.015125036239624023e-01
-1.685621976852416992e+00
-8.678358197212219238e-01
-4.652142822742462158e-01
1.342699527740478516e+00
-6.721653342247009277e-01
-1.093186378479003906e+00
-1.826506972312927246e+00
1.204362034797668457e+00
-1.400511026382446289e+00
7.187661528587341309e-01
9.758650511503219604e-02
-3.352712988853454590e-01
1.851467043161392212e-01
7.421757578849792480e-01
-2.635370492935180664e-01
-1.083018541336059570e+00
-1.360262393951416016e+00
-1.484236121177673340e+00
3.552683293819427490e-01
6.515080332756042480e-01
-5.334191322326660156e-01
-2.261091709136962891e+00
2.924968302249908447e-01
-7.353143692016601562e-01
-1.988098621368408203e-01
6.632898449897766113e-01
-4.221477508544921875e-01
1.148464918136596680e+00
-1.325659513473510742e+00
-5.889305472373962402e-01
-1.165598511695861816e+00
3.022283792495727539e+00
2.726075649261474609e+00
-4.436243772506713867e-01
6.804164648056030273e-01
5.758196711540222168e-01
1.394695788621902466e-01
-1.972792148590087891e+00
3.353501856327056885e-01
-1.840322256088256836e+00
-6.440713405609130859e-01
8.161782473325729370e-02
-6.502767205238342285e-01
-7.625047564506530762e-01
9.011288285255432129e-01
-8.448640108108520508e-01
-8.270736932754516602e-01
-1.852800011634826660e+00
-9.690943956375122070e-01
1.778190135955810547e+00
1.192476630210876465e+00
1.587356813251972198e-02
6.274266242980957031e-01
-3.223333060741424561e-01
1.286917626857757568e-01
4.046909511089324951e-01
-1.291662454605102539e+00
-4.453747570514678955e-01
-7.966278791427612305e-01
-2.548129558563232422e+00
4.549018740653991699e-01
5.248750448226928711e-01
2.966802380979061127e-02
9.644944071769714355e-01
7.714507579803466797e-01
2.944539785385131836e-01
1.121197700500488281e+00
4.999378323554992676e-01
7.259070128202438354e-02
-1.054940819740295410e+00
6.637062430381774902e-01
-1.318449527025222778e-02
-1.451308012008666992e+00
-3.041935563087463379e-01
-1.154391765594482422e+00
1.192195534706115723e+00
1.931263208389282227e+00
1.709568262100219727e+00
1.255292534828186035e+00
1.300504922866821289e+00
6.711804866790771484e-01
1.238543987274169922e+00
-1.009416580200195312e+00
-5.264267921447753906e-01
8.944073319435119629e-01
3.677020072937011719e+00
1.120013952255249023e+00
-3.468832373619079590e-01
7.241909503936767578e-01
5.804810523986816406e-01
-5.457535386085510254e-01
7.425046563148498535e-01
-1.074241846799850464e-01
7.943738698959350586e-01
-5.496763586997985840e-01
1.680376410484313965e+00
2.487488538026809692e-01
1.624626107513904572e-02
4.188209533691406250e+00
5.291523933410644531e-01
1.332008957862854004e+00
2.915565371513366699e-01
-1.740588188171386719e+00
1.622788071632385254e+00
-1.409398317337036133e-01
-9.654527902603149414e-01
5.791179835796356201e-02
-1.686685830354690552e-01
8.894913792610168457e-01
-1.087094664573669434e+00
9.449887871742248535e-01
4.445991218090057373e-01
1.188443303108215332e+00
6.613587141036987305e-01
1.250018626451492310e-01
-1.475243270397186279e-01
-1.165869474411010742e+00
3.164636194705963135e-01
8.931548595428466797e-01
1.887727081775665283e-01
-9.530836939811706543e-01
5.781337022781372070e-01
6.997483968734741211e-01
-2.009231597185134888e-01
7.003188729286193848e-01
-1.045643240213394165e-01
2.944374799728393555e+00
1.009913206100463867e+00
1.493726611137390137e+00
-1.489983558654785156e+00
8.459114432334899902e-01
-2.660812437534332275e-01
5.422946214675903320e-01
6.863262504339218140e-02
1.304606441408395767e-02
2.172630310058593750e+00
-2.872776389122009277e-01
-6.229569315910339355e-01
-2.144032120704650879e-01
3.901043534278869629e-01
1.733829230070114136e-01
-9.568290710449218750e-01
1.424452364444732666e-01
3.741393387317657471e-01
1.713355630636215210e-02
-3.537114560604095459e-01
7.791378498077392578e-01
-6.021191477775573730e-01
1.501733541488647461e+00
-1.163935661315917969e-01
-8.757450580596923828e-01
-1.749401390552520752e-01
7.715563178062438965e-01
-1.154741883277893066e+00
-6.660852581262588501e-02
7.264066934585571289e-01
-8.595386147499084473e-01
-7.062562704086303711e-01
-3.165092766284942627e-01
1.910974264144897461e+00
-9.933289289474487305e-01
1.284315347671508789e+00
7.456865310668945312e-01
1.945207417011260986e-01
7.845069169998168945e-01
-6.338633596897125244e-03
3.627759516239166260e-01
1.550270467996597290e-01
6.925141215324401855e-01
-1.192178845405578613e+00
-1.178830504417419434e+00
-7.225138545036315918e-01
5.138879418373107910e-01
9.780459403991699219e-01
9.699112921953201294e-02
-1.549143433570861816e+00
-1.418575644493103027e+00
1.424798488616943359e+00
8.734933733940124512e-01
-1.204564213752746582e+00
-7.593229413032531738e-02
4.174685180187225342e-01
1.576803565025329590e+00
1.095915079116821289e+00
5.032283719629049301e-03
-2.394087076187133789e+00
-1.386399269104003906e+00
-1.854395151138305664e+00
8.296824693679809570e-01
6.427272409200668335e-02
1.800471544265747070e-01
-9.535007476806640625e-01
-4.151739776134490967e-01
-1.730564683675765991e-01
-3.128238618373870850e-01
6.158492565155029297e-01
1.300970673561096191e+00
1.672929525375366211e-01
1.439355134963989258e+00
3.938498497009277344e-01
9.640486240386962891e-01
2.059328705072402954e-01
-9.794184565544128418e-02
6.268494725227355957e-01
-2.980969548225402832e-01
1.301115274429321289e+00
-4.314094781875610352e-01
-1.078984886407852173e-02
9.014013409614562988e-02
2.285871505737304688e-01
2.955666929483413696e-02
-2.400476783514022827e-01
4.178889393806457520e-01
-2.105198055505752563e-01
-1.787159442901611328e-01
3.180268704891204834e-01
1.303611695766448975e-01
-1.140285968780517578e+00
3.008475780487060547e+00
7.961687445640563965e-01
2.766076803207397461e+00
9.155207872390747070e-01
9.371740221977233887e-01
-1.422795653343200684e+00
5.287925004959106445e-01
9.280898571014404297e-01
-8.891875743865966797e-01
-4.011697471141815186e-01
-4.137902855873107910e-01
6.193924546241760254e-01
-4.242573678493499756e-01
-1.338270187377929688e+00
9.064434170722961426e-01
-2.942138314247131348e-01
6.907314658164978027e-01
1.801009416580200195e+00
6.430247426033020020e-01
3.682774603366851807e-01
-1.052344918251037598e+00
-1.348918437957763672e+00
-7.628856897354125977e-01
1.946428604423999786e-02
-1.690949797630310059e+00
-7.582560926675796509e-02
1.734531402587890625e+00
1.550047278404235840e+00
1.861329972743988037e-01
-1.807334721088409424e-01
6.852737665176391602e-01
1.785341799259185791e-01
-8.891899585723876953e-01
-4.997610151767730713e-01
1.021079182624816895e+00
5.272343754768371582e-02
1.988064646720886230e-01
-2.358854562044143677e-01
3.297248110175132751e-02
1.135088562965393066e+00
1.143027186393737793e+00
-9.580491781234741211e-01
4.490122795104980469e-01
-8.333788514137268066e-01
-3.052294254302978516e-01
-1.432270646095275879e+00
-1.299493908882141113e+00
1.064810156822204590e+00
8.354317545890808105e-01
7.832571864128112793e-02
5.420466661453247070e-01
1.176005244255065918e+00
1.500768780708312988e+00
2.290427684783935547e+00
-8.084732890129089355e-01
-6.857849955558776855e-01
3.566448092460632324e-01
-2.444492340087890625e+00
-4.591135978698730469e-01
5.557287335395812988e-01
-1.220813155174255371e+00
2.331876605749130249e-01
5.028246641159057617e-01
-4.216517210006713867e-01
4.645162224769592285e-01
-6.944319009780883789e-01
-5.241041779518127441e-01
-1.309303522109985352e+00
6.026436015963554382e-02
-5.137262940406799316e-01
1.212274879217147827e-01
-5.346014499664306641e-01
4.643746912479400635e-01
2.020850419998168945e+00
3.148974776268005371e-01
-5.560512542724609375e-01
5.375869274139404297e-01
-2.175554513931274414e+00
7.565705180168151855e-01
1.522210836410522461e+00
-1.262284159660339355e+00
1.838069260120391846e-01
6.337097883224487305e-01
-7.053022384643554688e-01
3.038906157016754150e-01
1.158152937889099121e+00
-2.614750266075134277e-01
6.449206471443176270e-01
2.090941429138183594e+00
-4.506391473114490509e-03
-2.355195760726928711e+00
7.446472048759460449e-01
1.073578238487243652e+00
5.974231958389282227e-01
-2.170784711837768555e+00
9.681217074394226074e-01
-1.652047038078308105e-01
3.541037142276763916e-01
-8.011667728424072266e-01
8.182428777217864990e-02
1.598389863967895508e+00
-1.077095389366149902e+00
-1.781105041503906250e+00
2.582548856735229492e+00
2.192199230194091797e+00
9.433767199516296387e-01
-8.844476342201232910e-01
8.612250089645385742e-01
-1.830020666122436523e+00
-2.673635959625244141e+00
6.688158512115478516e-01
-1.079602837562561035e+00
-2.105070464313030243e-02
-5.961842536926269531e-01
1.622632145881652832e-01
-1.412307620048522949e+00
-1.358766555786132812e+00
6.872550845146179199e-01
5.534591525793075562e-02
1.886799216270446777e+00
4.628297686576843262e-01
6.269584894180297852e-01
3.088898956775665283e-01
4.136223495006561279e-01
1.914153814315795898e+00
5.106470584869384766e-01
7.579523921012878418e-01
-1.223745718598365784e-01
-2.476212739944458008e+00
-6.895189285278320312e-01
1.123507022857666016e+00
-3.429812192916870117e-01
1.996310204267501831e-01
-1.151108980178833008e+00
-6.506971120834350586e-01
-6.123851537704467773e-01
7.376245260238647461e-01
2.306328415870666504e-01
-1.414423823356628418e+00
9.505111575126647949e-01
3.882237970829010010e-01
-2.046927928924560547e+00
-4.083790779113769531e-01
3.554963588714599609e+00
9.300531744956970215e-01
-1.144201993942260742e+00
-4.441971182823181152e-01
-3.756683468818664551e-01
4.282893240451812744e-01
5.194755792617797852e-01
-3.653171658515930176e-01
-1.416051506996154785e+00
1.866617202758789062e+00
3.483245849609375000e+00
-9.485320448875427246e-01
4.198662936687469482e-01
-7.099359035491943359e-01
-8.271838426589965820e-01
8.012267351150512695e-01
1.542431235313415527e+00
6.600768566131591797e-01
-6.794469356536865234e-01
-6.582815200090408325e-02
-1.289227485656738281e+00
-1.253103375434875488e+00
-1.868788838386535645e+00
1.019385695457458496e+00
4.896101951599121094e-01
-8.385088294744491577e-02
-2.059396728873252869e-02
-7.306981682777404785e-01
6.198080778121948242e-01
3.655140474438667297e-02
-1.418256640434265137e+00
-6.440431475639343262e-01
3.300140202045440674e-01
9.219770431518554688e-01
2.022530555725097656e+00
-3.281978666782379150e-01
7.498686313629150391e-01
5.424286723136901855e-01
3.496421575546264648e-01
1.226775169372558594e+00
3.573099672794342041e-01
-6.100824102759361267e-02
1.740720123052597046e-02
1.220061108469963074e-01
1.711356490850448608e-01
-8.965467810630798340e-01
-9.608738422393798828e-01
-1.687963485717773438e+00
1.106292843818664551e+00
-1.227116584777832031e+00
7.599487304687500000e-01
1.747364521026611328e+00
7.058570981025695801e-01
4.765241742134094238e-01
-1.076065421104431152e+00
-3.056464195251464844e+00
-1.316060423851013184e+00
-9.731672406196594238e-01
8.664293289184570312e-01
1.214559316635131836e+00
-1.249364987015724182e-01
-1.002031922340393066e+00
1.616866230964660645e+00
-8.836224675178527832e-01
1.001905083656311035e+00
6.609274148941040039e-01
4.408864080905914307e-01
2.181660890579223633e+00
-1.026206731796264648e+00
-1.368280291557312012e+00
-1.131403297185897827e-01
3.353499174118041992e-01
1.372115015983581543e-01
2.373295128345489502e-01
-3.036310374736785889e-01
-5.264750719070434570e-01
-3.716892600059509277e-01
4.183821678161621094e-01
-8.190502524375915527e-01
-5.538035631179809570e-01
-5.551916956901550293e-01
-2.058463096618652344e+00
-1.647592902183532715e+00
-1.372600674629211426e+00
-4.333389997482299805e-01
9.486295580863952637e-01
-8.734786510467529297e-02
3.117664158344268799e-01
1.299193620681762695e+00
-5.812001228332519531e-01
4.481348991394042969e-01
-8.756512999534606934e-01
9.570283889770507812e-01
-6.847236752510070801e-01
4.454856514930725098e-01
-4.188571572303771973e-01
2.209077596664428711e+00
1.675162434577941895e+00
-5.164222121238708496e-01
8.172587752342224121e-01
9.716375172138214111e-02
-1.573753476142883301e+00
-3.502880930900573730e-01
2.347557395696640015e-01
-1.123983621597290039e+00
-1.774646997451782227e+00
-1.249145790934562683e-01
-6.598535776138305664e-01
1.388023138046264648e+00
8.578608632087707520e-01
-9.108201861381530762e-01
-9.651583433151245117e-01
6.489866226911544800e-02
-1.231812596321105957e+00
-1.248455762863159180e+00
1.800741404294967651e-01
1.118174433708190918e+00
-6.251375675201416016e-01
1.176636338233947754e+00
-2.699679374694824219e+00
2.250601530075073242e+00
-1.944202303886413574e+00
-2.392720699310302734e+00
1.671528369188308716e-01
9.147713780403137207e-01
-2.115086317062377930e+00
-1.722515702247619629e+00
2.832333445549011230e-01
1.812327206134796143e-01
-3.195549845695495605e-01
-1.271062642335891724e-01
-1.369338631629943848e-01
1.686388373374938965e+00
9.256622791290283203e-01
3.971682190895080566e-01
-1.101037263870239258e+00
-4.377379119396209717e-01
8.215899467468261719e-01
-1.982020735740661621e+00
-6.658376753330230713e-02
-6.225036382675170898e-01
-7.582163810729980469e-01
6.723901033401489258e-01
-1.113255381584167480e+00
1.591889977455139160e+00
-8.983527421951293945e-01
-1.285932421684265137e+00
1.636086106300354004e-01
1.088568210601806641e+00
-3.860346376895904541e-01
1.084585785865783691e+00
6.200680732727050781e-01
1.338817238807678223e+00
-1.896621823310852051e+00
-1.217513799667358398e+00
-2.585847675800323486e-01
1.945958286523818970e-01
-4.377421379089355469e+00
-5.682086944580078125e-02
-8.899272084236145020e-01
-3.819810152053833008e-01
2.453899532556533813e-01
9.688380956649780273e-01
-7.670411467552185059e-01
3.188770055770874023e+00
-3.427170813083648682e-01
-4.754958152770996094e-01
5.983408689498901367e-01
3.893429338932037354e-01
1.586830615997314453e+00
-2.386384487152099609e+00
6.432549953460693359e-01
1.265245079994201660e-01
1.071831703186035156e+00
-9.393462538719177246e-01
3.349768877029418945e+00
-3.726492226123809814e-01
-2.785386800765991211e+00
1.392060399055480957e+00
5.167888998985290527e-01
-3.705112263560295105e-02
1.720689088106155396e-01
-1.842610836029052734e+00
4.122588634490966797e-01
8.348882198333740234e-01
2.698714137077331543e-01
-6.021184921264648438e-01
1.277275323867797852e+00
-7.049336433410644531e-01
4.646539092063903809e-01
3.623344898223876953e-01
3.522890508174896240e-01
9.898550510406494141e-01
-7.920472882688045502e-03
-1.096710205078125000e+00
-1.237302899360656738e+00
-9.006613492965698242e-01
3.454406261444091797e-01
-3.032416701316833496e-01
-9.478133320808410645e-01
-1.852420210838317871e+00
-7.473883032798767090e-01
7.102200388908386230e-01
3.815382122993469238e-01
6.829159259796142578e-01
-1.626246869564056396e-01
1.882197856903076172e+00
6.663164496421813965e-01
1.367360472679138184e+00
-1.046110868453979492e+00
-3.546788543462753296e-02
4.822505712509155273e-01
7.257065176963806152e-02
7.041714191436767578e-01
9.653511643409729004e-02
-7.749872654676437378e-02
-3.011985719203948975e-01
1.399175524711608887e+00
1.816477626562118530e-01
1.320971965789794922e+00
4.152759015560150146e-01
-1.562876582145690918e+00
5.466769933700561523e-01
-5.449243187904357910e-01
-3.281997740268707275e-01
-2.264188051223754883e+00
-1.105496883392333984e+00
-1.743104100227355957e+00
5.950448513031005859e-01
8.757736086845397949e-01
-4.125783741474151611e-01
-5.796688795089721680e-01
4.092363715171813965e-01
-1.333655238151550293e+00
-3.715570271015167236e-01
-8.890597820281982422e-01
6.626862287521362305e-01
