-3.617412447929382324e-01
1.453625202178955078e+00
6.405335068702697754e-01
-6.483212113380432129e-01
-3.516386747360229492e-01
-1.543439984321594238e+00
-1.604563355445861816e+00
-4.800851643085479736e-01
-1.883689880371093750e+00
-6.652687191963195801e-01
1.747572898864746094e+00
-8.337120413780212402e-01
-6.677570343017578125e-01
-1.035006880760192871e+00
-9.371315836906433105e-01
8.576563000679016113e-02
-9.668558239936828613e-01
7.618536949157714844e-01
4.875700771808624268e-01
5.210647583007812500e-01
1.092390179634094238e+00
-1.035892128944396973e+00
1.859552383422851562e+00
-9.551880359649658203e-01
-2.417621761560440063e-01
-1.778250455856323242e+00
-1.319890022277832031e-01
-6.313527226448059082e-01
2.725344598293304443e-01
1.600968003273010254e+00
-1.363246142864227295e-01
1.794554829597473145e+00
-1.219600677490234375e+00
1.334810703992843628e-01
9.694215059280395508e-01
-6.263811588287353516e-01
-1.004392504692077637e+00
-4.086800575256347656e+00
-8.914723992347717285e-02
1.210201501846313477e+00
-4.479580521583557129e-01
-3.019076883792877197e-01
-9.180942177772521973e-01
1.290943384170532227e+00
-6.923398375511169434e-01
6.492945551872253418e-01
3.085847496986389160e-01
-2.816570177674293518e-02
-1.628952622413635254e+00
-4.174621701240539551e-01
-6.840398311614990234e-01
7.631243467330932617e-01
5.811291933059692383e-01
-1.404339820146560669e-01
2.889665365219116211e-01
-8.912507444620132446e-02
1.066666960716247559e+00
1.320067644119262695e-01
8.298978209495544434e-01
-4.491316974163055420e-01
2.418720483779907227e+00
-3.336049020290374756e-01
1.088401794433593750e+00
-5.674574971199035645e-01
7.631636261940002441e-01
-1.662444233894348145e+00
8.630930185317993164e-01
-3.274959921836853027e-01
3.547278344631195068e-01
-1.386891722679138184e+00
1.352194547653198242e+00
-2.531416714191436768e-01
-6.280003786087036133e-01
1.914128363132476807e-01
6.041910052299499512e-01
1.012755155563354492e+00
-1.820992946624755859e+00
2.035544514656066895e-01
1.655785322189331055e+00
1.099960923194885254e+00
2.372648119926452637e-01
5.497241616249084473e-01
-9.178318381309509277e-01
-2.188961029052734375e+00
-1.542591094970703125e+00
9.207874536514282227e-01
-1.150898933410644531e+00
-1.813242316246032715e+00
-1.012344479560852051e+00
7.649987339973449707e-01
-4.593412578105926514e-01
-3.365221023559570312e+00
-6.748977899551391602e-01
1.268700838088989258e+00
-1.474060118198394775e-01
-4.157790243625640869e-01
2.303337007761001587e-01
1.481740951538085938e+00
-5.535236597061157227e-01
7.628455162048339844e-01
-5.856202244758605957e-01
-4.492127597332000732e-01
-1.736549735069274902e-01
-8.787457942962646484e-01
7.225096225738525391e-01
-3.149241805076599121e-01
-1.678640723228454590e+00
8.784920573234558105e-01
1.033279180526733398e+00
2.500899434089660645e-01
8.778016567230224609e-01
-6.514395475387573242e-01
-1.142442464828491211e+00
-2.101600885391235352e+00
-1.384502410888671875e+00
6.930474042892456055e-01
4.000419080257415771e-01
-1.694323897361755371e+00
6.951045989990234375e-01
7.103483676910400391e-01
-1.326392292976379395e+00
4.141856729984283447e-01
-3.262893915176391602e+00
5.521515607833862305e-01
9.182213544845581055e-01
6.277784705162048340e-01
7.396338582038879395e-01
1.477465748786926270e+00
-9.994429945945739746e-01
-1.368018031120300293e+00
1.640516161918640137e+00
-1.201546669006347656e+00
1.649962306022644043e+00
-7.160827517509460449e-01
-1.514023780822753906e+00
7.467956095933914185e-02
-1.691729128360748291e-01
-2.048223465681076050e-02
-4.276873469352722168e-01
1.514846682548522949e+00
-7.923113703727722168e-01
1.558718800544738770e+00
1.337799131870269775e-01
-2.327003002166748047e+00
8.501828908920288086e-01
-8.297306895256042480e-01
-1.141547113656997681e-01
1.993857741355895996e+00
3.361225426197052002e-01
5.054062008857727051e-01
-5.315590500831604004e-01
-6.667444109916687012e-01
-5.598536878824234009e-02
-6.276633739471435547e-01
8.535605072975158691e-01
5.773447155952453613e-01
-7.710645794868469238e-01
-6.020668745040893555e-01
5.181189179420471191e-01
1.157117843627929688e+00
4.467590451240539551e-01
7.005339860916137695e-01
-5.166362598538398743e-02
-1.052136778831481934e+00
-8.981375694274902344e-01
-1.419687509536743164e+00
-6.295011639595031738e-01
7.377681732177734375e-01
-1.074234127998352051e+00
-7.141019701957702637e-01
-1.857993006706237793e+00
-1.551556348800659180e+00
-2.399969816207885742e+00
8.148457407951354980e-01
-3.930497765541076660e-01
-3.126186132431030273e-01
-4.691366553306579590e-01
-7.954209446907043457e-01
-5.589894056320190430e-01
8.158113956451416016e-01
2.122649699449539185e-01
4.793550968170166016e-01
6.420026421546936035e-01
-1.306061625480651855e+00
5.241301059722900391e-01
-1.362758517265319824e+00
-1.204691648483276367e+00
1.775646567344665527e+00
5.820909142494201660e-01
-1.249166011810302734e+00
5.212008357048034668e-01
-2.372540682554244995e-01
-7.383599281311035156e-01
-5.017415881156921387e-01
-7.701838612556457520e-01
7.408467531204223633e-01
2.227739244699478149e-01
-1.982238292694091797e-01
-6.071537733078002930e-01
-7.901218533515930176e-01
1.117499232292175293e+00
1.929044842720031738e+00
-3.695292174816131592e-01
1.079702377319335938e+00
-6.074846386909484863e-01
-5.173097252845764160e-01
-7.144464254379272461e-01
-1.575720548629760742e+00
1.153740048408508301e+00
-5.739212036132812500e-01
1.196117043495178223e+00
-1.326543688774108887e+00
3.274945616722106934e-01
-7.557767629623413086e-02
1.141711473464965820e+00
-9.861210733652114868e-02
-7.643680572509765625e+00
-8.374890685081481934e-01
-1.555517196655273438e+00
1.913641333580017090e+00
8.015652298927307129e-01
-1.107250332832336426e+00
1.010840907692909241e-01
-1.764006137847900391e+00
1.745055317878723145e+00
8.125529885292053223e-01
1.088406443595886230e+00
-9.834474921226501465e-01
-8.625339269638061523e-01
2.405631989240646362e-01
2.013559937477111816e-01
5.750063061714172363e-01
1.488220453262329102e+00
-9.582136571407318115e-02
8.704597353935241699e-01
-4.013299942016601562e-02
-8.131361007690429688e-01
-1.626831412315368652e+00
1.482998967170715332e+00
-1.032111644744873047e+00
-6.350530385971069336e-01
-5.142840743064880371e-01
-1.426356911659240723e+00
1.154675483703613281e+00
-5.357065796852111816e-01
-3.011195063591003418e-01
5.522301793098449707e-01
4.240267872810363770e-01
-1.707225441932678223e-01
-1.210188746452331543e+00
-1.660863518714904785e+00
-3.096644580364227295e-01
-7.906284928321838379e-01
1.531248688697814941e+00
4.632751941680908203e-01
1.494798421859741211e+00
6.747441291809082031e-01
-1.086156368255615234e+00
5.229451656341552734e-01
-9.092383384704589844e-01
-3.677560389041900635e-02
9.318779110908508301e-01
-3.194259881973266602e+00
6.201812624931335449e-01
-1.154793620109558105e+00
1.231405377388000488e+00
1.817224264144897461e+00
-1.112099409103393555e+00
3.403627157211303711e+00
3.874857127666473389e-01
-9.588928222656250000e-01
-2.426287978887557983e-01
-8.286918997764587402e-01
2.528260946273803711e+00
-4.579110443592071533e-02
-1.424235343933105469e+00
-3.789028227329254150e-01
-3.988869190216064453e-01
-1.163917541503906250e+00
-8.342301845550537109e-01
1.368117094039916992e+00
-2.516162097454071045e-01
-3.277607560157775879e-01
4.790962636470794678e-01
5.109068155288696289e-01
-8.393867015838623047e-01
-5.591168403625488281e-01
-7.046509385108947754e-01
-1.092935562133789062e+00
-8.830759525299072266e-01
-5.757645964622497559e-01
-5.289927124977111816e-01
1.596009135246276855e+00
2.678933620452880859e+00
5.161213278770446777e-01
-3.982670903205871582e-01
-7.094992995262145996e-01
8.847950100898742676e-01
-2.813276648521423340e-01
-1.277394175529479980e+00
-1.692830681800842285e+00
-1.057969331741333008e+00
5.458022356033325195e-01
2.102261632680892944e-01
8.033670186996459961e-01
1.246820807456970215e+00
-1.309478282928466797e+00
1.950021147727966309e+00
8.484111726284027100e-02
-6.156374812126159668e-01
-1.002865359187126160e-01
3.926288783550262451e-01
8.546918630599975586e-01
4.173029363155364990e-01
-1.928610801696777344e+00
8.332592844963073730e-01
-4.869273677468299866e-02
-9.409214854240417480e-01
2.156599044799804688e+00
1.229455947875976562e+00
-5.361162424087524414e-01
1.018186688423156738e+00
-1.123349189758300781e+00
3.938895761966705322e-01
-3.985240161418914795e-01
1.385192155838012695e+00
-7.472890615463256836e-02
-4.982320070266723633e-01
2.568643689155578613e-01
1.627458184957504272e-01
-1.295994780957698822e-02
-8.728922009468078613e-01
1.232178658246994019e-01
-1.563374400138854980e+00
8.234355449676513672e-01
-3.287332653999328613e-01
-2.121111750602722168e-01
-1.011139750480651855e+00
-2.524100840091705322e-01
-1.115779042243957520e+00
1.620957069098949432e-02
-7.686761021614074707e-01
5.409189462661743164e-01
-1.172964215278625488e+00
-1.577085256576538086e-01
5.031862854957580566e-01
-1.014314770698547363e+00
5.857189893722534180e-01
-4.111259877681732178e-01
2.387415468692779541e-01
2.322473078966140747e-01
-9.613733291625976562e-01
-8.125930428504943848e-01
3.605372190475463867e+00
2.160324007272720337e-01
-3.287319839000701904e-01
-6.010977625846862793e-01
-2.462829276919364929e-02
-6.129237413406372070e-01
-7.771868109703063965e-01
-1.128009915351867676e+00
1.121367096900939941e+00
-6.602388024330139160e-01
-8.184371590614318848e-01
5.304166078567504883e-01
-4.003499746322631836e-01
1.265430927276611328e+00
-6.604152172803878784e-02
-7.115449905395507812e-01
1.459422230720520020e+00
-6.259157657623291016e-01
1.205585122108459473e+00
-1.298637866973876953e+00
4.536815285682678223e-01
-4.915356338024139404e-01
4.884520471096038818e-01
2.021142989397048950e-01
-2.079738527536392212e-01
7.000578641891479492e-01
1.615723609924316406e+00
1.677952647209167480e+00
1.641169190406799316e+00
9.941876530647277832e-01
-6.037200689315795898e-01
-1.109252050518989563e-01
1.589004993438720703e-01
-1.044077754020690918e+00
-7.377406954765319824e-01
1.056391954421997070e+00
-2.558480799198150635e-01
7.508836388587951660e-01
4.782930314540863037e-01
1.155204892158508301e+00
-1.633697867393493652e+00
-8.772642016410827637e-01
5.438327789306640625e-02
9.873935580253601074e-02
-1.476055026054382324e+00
-1.366626739501953125e+00
-3.950967192649841309e-01
7.234578728675842285e-01
-1.226301193237304688e+00
-1.986664831638336182e-01
4.229446053504943848e-01
6.001246571540832520e-01
8.806813359260559082e-01
-9.566013813018798828e-01
-8.525620698928833008e-01
-4.707132577896118164e-01
-4.538874924182891846e-01
-8.698235750198364258e-01
5.802711248397827148e-01
-8.767122030258178711e-01
1.139119744300842285e+00
1.124581813812255859e+00
1.969245672225952148e+00
6.391418576240539551e-01
5.748542547225952148e-01
7.130648493766784668e-01
4.876821637153625488e-01
4.887569844722747803e-01
-8.731983304023742676e-01
1.986738920211791992e+00
-2.612738013267517090e-01
1.538193076848983765e-01
9.797428846359252930e-01
8.719763755798339844e-01
1.032812356948852539e+00
-7.712224721908569336e-01
-1.308652162551879883e+00
-1.052399873733520508e+00
2.120644330978393555e+00
2.018054246902465820e+00
4.104125797748565674e-01
-4.393171966075897217e-01
7.312570214271545410e-01
-9.572753310203552246e-01
7.370091080665588379e-01
6.437722444534301758e-01
4.622687399387359619e-01
-4.672630429267883301e-01
1.397921800613403320e+00
-9.943717122077941895e-01
-4.378940165042877197e-02
1.460254490375518799e-01
-5.082192420959472656e-01
-8.533697724342346191e-01
-3.939613401889801025e-01
-1.198907867074012756e-01
-6.655918955802917480e-01
2.988822460174560547e-01
9.965525865554809570e-01
-1.848028749227523804e-01
3.094588778913021088e-02
-5.401979088783264160e-01
-1.421565890312194824e+00
-2.049404084682464600e-01
7.612752318382263184e-01
8.036562800407409668e-01
-6.512214541435241699e-01
1.936586976051330566e+00
9.840384125709533691e-01
2.719345986843109131e-01
-9.821773171424865723e-01
-9.871293306350708008e-01
-1.337993144989013672e+00
-9.713166356086730957e-01
5.214859545230865479e-02
-6.864092946052551270e-01
6.593366861343383789e-01
1.391953468322753906e+00
-4.588415026664733887e-01
3.086840808391571045e-01
-5.053495168685913086e-01
-3.422239720821380615e-01
-1.028293728828430176e+00
2.127710819244384766e+00
2.372018694877624512e-01
-4.702367782592773438e-01
9.595275521278381348e-01
-9.101884961128234863e-01
-1.238839179277420044e-01
-1.632840633392333984e+00
2.342139631509780884e-01
-1.229321658611297607e-01
-2.763858139514923096e-01
-1.764369845390319824e+00
-9.921618700027465820e-01
-2.126278132200241089e-01
5.994557142257690430e-01
-8.045477271080017090e-01
1.407359242439270020e+00
7.701712250709533691e-01
9.795849919319152832e-01
-5.898030400276184082e-01
1.690389752388000488e+00
-3.301390707492828369e-01
-2.500695228576660156e+00
8.111181855201721191e-01
-1.317419528961181641e+00
-6.182406544685363770e-01
-7.401920557022094727e-01
6.523960828781127930e-01
4.360802471637725830e-01
-3.810743987560272217e-01
2.062521934509277344e+00
-1.163745045661926270e+00
1.877418518066406250e+00
-1.105159759521484375e+00
2.791505157947540283e-01
1.390574693679809570e+00
2.475375533103942871e-01
2.275691032409667969e+00
5.222173780202865601e-02
2.236039787530899048e-01
1.914032936096191406e+00
-8.305175304412841797e-01
5.266170501708984375e-01
-3.814814845100045204e-03
-1.101680994033813477e+00
7.104239463806152344e-01
-1.310236811637878418e+00
-2.598195552825927734e+00
-2.228875875473022461e+00
3.651383519172668457e-01
4.698255658149719238e-01
-1.763291358947753906e+00
1.339751601219177246e+00
3.348869681358337402e-01
-1.475594043731689453e+00
1.214575052261352539e+00
-1.052890419960021973e+00
7.227224111557006836e-01
4.648709595203399658e-01
-1.250202775001525879e+00
-1.262311190366744995e-01
-6.314865946769714355e-01
5.922402143478393555e-01
1.065976023674011230e+00
-5.844055414199829102e-01
5.995602011680603027e-01
1.062148213386535645e+00
-5.754910111427307129e-01
-6.813167333602905273e-01
-1.050206571817398071e-01
-9.839075803756713867e-01
2.415585517883300781e+00
8.192787170410156250e-01
1.491893172264099121e+00
-8.757113218307495117e-01
1.018105149269104004e+00
-1.210181355476379395e+00
3.352505266666412354e-01
-1.296791195869445801e+00
3.219387829303741455e-01
3.116421103477478027e-01
6.175776124000549316e-01
2.052586972713470459e-01
-8.182059973478317261e-02
-8.593167662620544434e-01
9.625365734100341797e-01
1.594280362129211426e+00
-6.893318295478820801e-01
1.037085533142089844e+00
-6.446977257728576660e-01
-6.778829097747802734e-01
-7.958610057830810547e-01
1.807401299476623535e+00
2.303687572479248047e+00
-8.120473623275756836e-01
1.584861397743225098e+00
-1.318887233734130859e+00
8.612580299377441406e-01
-1.596934914588928223e+00
-2.762304306030273438e+00
9.715408831834793091e-02
-2.677142620086669922e-01
-4.741332530975341797e-01
1.726830005645751953e-01
1.970058828592300415e-01
-8.242281079292297363e-01
1.445481657981872559e+00
4.326871335506439209e-01
-1.224629133939743042e-01
-8.801916241645812988e-01
-1.322028040885925293e+00
-1.447865247726440430e+00
-3.588980734348297119e-01
-3.287792205810546875e-01
2.057930678129196167e-01
5.950738787651062012e-01
4.958948493003845215e-01
-7.419563531875610352e-01
-2.253340184688568115e-01
-4.809186458587646484e-01
3.419398367404937744e-01
2.003732919692993164e+00
-1.262319922447204590e+00
9.447358250617980957e-01
1.643553853034973145e+00
9.366387128829956055e-01
9.147081971168518066e-01
-5.836650133132934570e-01
2.811273746192455292e-02
-6.536788940429687500e-01
-1.447668552398681641e+00
-3.167351707816123962e-02
3.388729691505432129e-01
-5.368239283561706543e-01
2.380750328302383423e-01
1.406804561614990234e+00
-1.285890638828277588e-01
3.576001524925231934e-02
7.900880575180053711e-01
-2.001744031906127930e+00
-9.721013903617858887e-01
3.232408165931701660e-01
-7.457100749015808105e-01
9.792940616607666016e-01
8.829897642135620117e-01
3.520282208919525146e-01
-5.432502031326293945e-01
1.618295758962631226e-01
1.930122673511505127e-01
-9.518852829933166504e-01
1.261738061904907227e+00
7.891781330108642578e-01
4.785351753234863281e-01
1.598193287849426270e+00
-1.518581867218017578e+00
9.377664327621459961e-01
-1.696000099182128906e-01
3.643274307250976562e-01
8.301494121551513672e-01
3.092959225177764893e-01
-1.986201256513595581e-01
7.776710391044616699e-01
-6.148637533187866211e-01
-6.646875739097595215e-01
3.208024978637695312e+00
5.171349644660949707e-02
4.568982720375061035e-01
-9.899697899818420410e-01
9.327571392059326172e-01
1.657776385545730591e-01
5.916582942008972168e-01
-1.506242036819458008e+00
9.195035696029663086e-01
-1.486623734235763550e-01
3.250441551208496094e-01
-1.032067656517028809e+00
-2.110580503940582275e-01
-1.116175889968872070e+00
4.485433101654052734e-01
6.721267700195312500e-01
1.195499658584594727e+00
-1.650878429412841797e+00
-1.595925092697143555e+00
-6.217662245035171509e-02
5.875810980796813965e-01
-2.113419920206069946e-01
3.929817974567413330e-01
2.745429575443267822e-01
1.114757776260375977e+00
8.648346662521362305e-01
1.180570960044860840e+00
4.920971989631652832e-01
-1.187047958374023438e-01
9.812024235725402832e-01
-9.985777735710144043e-01
6.325731873512268066e-01
1.467136859893798828e+00
-2.113771997392177582e-02
2.998260498046875000e+00
2.147310972213745117e+00
-1.893117785453796387e+00
-1.227495551109313965e+00
-4.563369750976562500e-01
1.230030179023742676e+00
2.185564190149307251e-01
8.774416446685791016e-01
-7.366704940795898438e-01
-1.038034915924072266e+00
1.798919916152954102e+00
-1.809808611869812012e-01
-1.279346048831939697e-01
-9.460899233818054199e-01
-2.089342355728149414e+00
-5.575346946716308594e+00
1.219873055815696716e-01
3.762232065200805664e-01
5.848544239997863770e-01
1.445230543613433838e-01
1.051311373710632324e+00
-7.004727125167846680e-01
1.482912003993988037e-01
-4.040184020996093750e-01
-2.658122777938842773e+00
8.191411942243576050e-02
2.374085903167724609e+00
-1.086564779281616211e+00
-5.566089153289794922e-01
-2.065808534622192383e+00
2.077275365591049194e-01
9.417207837104797363e-01
-2.535374760627746582e-01
1.669904470443725586e+00
-8.762591481208801270e-01
-4.140782356262207031e+00
2.228518486022949219e+00
1.541972160339355469e-01
-3.084303140640258789e+00
-2.909964561462402344e+00
1.281870901584625244e-02
5.375307798385620117e-01
3.061408177018165588e-02
6.415468454360961914e-01
-6.409153938293457031e-01
7.854999303817749023e-01
-1.010502576828002930e+00
-6.605329364538192749e-02
-2.504079043865203857e-01
-2.329259663820266724e-01
-2.203071415424346924e-01
1.025588393211364746e+00
-9.684851169586181641e-01
5.524805188179016113e-01
-3.613385856151580811e-01
-3.939937651157379150e-01
2.448389530181884766e-01
-3.289359807968139648e-01
-5.211300253868103027e-01
-9.408572316169738770e-01
-1.570356130599975586e+00
4.729456305503845215e-01
2.016759067773818970e-01
-2.648018300533294678e-01
4.056012332439422607e-01
-7.842978835105895996e-02
-1.204089522361755371e+00
3.776638805866241455e-01
-4.493917226791381836e-01
1.004577159881591797e+00
7.528502494096755981e-02
1.453836917877197266e+00
-6.276931762695312500e-01
-9.601702690124511719e-01
-4.104126691818237305e-01
-1.489613205194473267e-01
-4.536591470241546631e-01
-3.809534013271331787e-01
6.635673344135284424e-02
1.565289616584777832e+00
7.266591768711805344e-03
-2.252079725265502930e+00
1.345970630645751953e+00
2.480865001678466797e+00
5.090264081954956055e-01
-1.621842861175537109e+00
1.039283633232116699e+00
-1.031361334025859833e-02
9.451778978109359741e-02
7.025572657585144043e-01
1.234210491180419922e+00
-4.533470571041107178e-01
-1.296304017305374146e-01
2.245963662862777710e-01
2.785443887114524841e-02
