-2.936557829380035400e-01
1.414914250373840332e+00
-5.467240139842033386e-02
-3.015047311782836914e+00
8.425385504961013794e-02
1.024466514587402344e+00
-8.639681935310363770e-01
-9.888018965721130371e-01
-1.603306651115417480e+00
5.052539110183715820e-01
2.819765806198120117e+00
-1.382051467895507812e+00
-3.026396632194519043e-01
-7.352417707443237305e-01
3.096984699368476868e-02
-2.552652597427368164e+00
-3.891926705837249756e-01
1.102862581610679626e-01
-1.916035413742065430e-01
1.044428467750549316e+00
2.516421794891357422e+00
-5.382944345474243164e-01
7.366132736206054688e-01
-1.991803795099258423e-01
-2.027585804462432861e-01
-1.754579305648803711e+00
-1.430346071720123291e-01
-7.805417180061340332e-01
-9.129509329795837402e-01
-1.103597044944763184e+00
-1.865065217018127441e+00
1.659037470817565918e+00
1.064162850379943848e+00
2.291166782379150391e-02
2.214475870132446289e+00
1.353042364120483398e+00
-8.111374080181121826e-02
-2.795190572738647461e+00
2.987999282777309418e-02
1.555640816688537598e+00
-6.271919608116149902e-01
-1.141250252723693848e+00
-1.777253895998001099e-01
1.167061090469360352e+00
7.073897123336791992e-01
1.160795912146568298e-01
-8.883954882621765137e-01
-2.014384269714355469e+00
-2.969863116741180420e-01
-5.241462588310241699e-01
3.762003406882286072e-02
-1.060181975364685059e+00
5.140473246574401855e-01
-1.526687383651733398e+00
-1.343156337738037109e+00
-4.439886510372161865e-01
1.141100168228149414e+00
9.072116613388061523e-01
-2.508447468280792236e-01
1.524638414382934570e+00
-8.078930377960205078e-01
-2.328035593032836914e+00
8.042270541191101074e-01
1.632287621498107910e+00
7.503161430358886719e-01
-4.434008002281188965e-01
8.427334576845169067e-02
9.960024356842041016e-01
-4.489533901214599609e-01
-2.388400077819824219e+00
-4.795365631580352783e-01
-5.843914747238159180e-01
-2.391143798828125000e+00
7.541210055351257324e-01
1.711821436882019043e+00
-5.592539310455322266e-01
-7.880465984344482422e-01
-1.275000333786010742e+00
1.009476542472839355e+00
1.468159556388854980e-01
1.613386988639831543e+00
2.257347106933593750e+00
-1.458163857460021973e+00
-6.837349534034729004e-01
1.581416651606559753e-02
4.447544813156127930e-01
-2.088090181350708008e-01
1.960844695568084717e-01
-5.843157172203063965e-01
5.576686859130859375e-01
-1.762165546417236328e+00
-9.548344612121582031e-01
1.774464249610900879e-01
-5.086417198181152344e-01
-2.145820856094360352e+00
-1.872227072715759277e+00
1.711478710174560547e+00
-6.295611709356307983e-02
-3.257584273815155029e-01
2.076253414154052734e+00
-1.303477525711059570e+00
-8.411622047424316406e-01
-6.322219371795654297e-01
-9.211402535438537598e-01
1.253065943717956543e+00
-5.070231556892395020e-01
-1.912171721458435059e+00
-1.023956418037414551e+00
-6.186429262161254883e-01
1.527921557426452637e+00
7.549786567687988281e-01
9.448100924491882324e-01
-4.537931084632873535e-01
-8.416647911071777344e-01
-6.406317353248596191e-01
-1.335871100425720215e+00
-2.424473315477371216e-01
-3.422252833843231201e-01
-2.030610740184783936e-01
1.390915155410766602e+00
-6.407951712608337402e-01
-1.963022053241729736e-01
-3.606616020202636719e+00
9.118810296058654785e-01
2.019342422485351562e+00
-6.354140639305114746e-01
1.358555078506469727e+00
-7.873194813728332520e-01
1.334222793579101562e+00
-4.624026119709014893e-01
2.013086080551147461e+00
-1.916939854621887207e+00
-1.205493807792663574e+00
-2.702645361423492432e-01
3.149257600307464600e-01
-1.163266062736511230e+00
1.580985069274902344e+00
4.865922778844833374e-02
1.186244964599609375e+00
2.416581362485885620e-01
-2.522645235061645508e+00
-3.271446228027343750e-01
7.347263097763061523e-01
-2.266965627670288086e+00
2.092228412628173828e+00
7.394164800643920898e-01
1.711178898811340332e+00
1.167797684669494629e+00
-9.074560999870300293e-01
1.560711860656738281e+00
-5.911570787429809570e-01
5.910373330116271973e-01
1.078113317489624023e+00
-1.301604509353637695e+00
1.459807038307189941e+00
6.414248347282409668e-01
2.540694475173950195e-01
7.644529342651367188e-01
-1.621103763580322266e+00
2.991259098052978516e-01
-8.025184273719787598e-01
3.015653416514396667e-02
-2.820808887481689453e-01
-5.775924921035766602e-01
-1.224569320678710938e+00
-8.979770541191101074e-01
-1.136719942092895508e+00
3.098932206630706787e-01
5.005599856376647949e-01
9.203198552131652832e-01
3.023397028446197510e-01
-1.077698826789855957e+00
-1.659317612648010254e+00
7.178816795349121094e-01
-6.417937576770782471e-02
-2.560584247112274170e-01
-4.436828196048736572e-01
2.922096848487854004e-01
3.373287320137023926e-01
1.680002212524414062e+00
8.751894235610961914e-01
6.973958611488342285e-01
1.369786858558654785e+00
-1.559191823005676270e+00
1.265494823455810547e+00
-2.037478685379028320e+00
-1.774158000946044922e+00
8.892511129379272461e-01
1.609048485755920410e+00
-1.533962488174438477e-01
7.650112360715866089e-02
-5.236107110977172852e-01
2.587118387222290039e+00
1.870896339416503906e+00
-2.381906747817993164e+00
-6.982706785202026367e-01
2.388297468423843384e-01
-4.503112733364105225e-01
-5.527001619338989258e-01
-2.265947580337524414e+00
9.360405206680297852e-01
1.570999264717102051e+00
9.107226729393005371e-01
-4.239993393421173096e-01
-1.496420025825500488e+00
-4.774251580238342285e-01
6.132313609123229980e-01
-9.109556078910827637e-01
-8.540473133325576782e-02
8.286663293838500977e-01
-1.278475165367126465e+00
1.849330365657806396e-01
1.145005702972412109e+00
-1.649090796709060669e-01
-8.476432412862777710e-02
7.799299806356430054e-02
-3.784028530120849609e+00
-3.264046907424926758e+00
-2.042431831359863281e+00
2.231018543243408203e+00
5.920511484146118164e-01
-1.147837564349174500e-01
-8.880002498626708984e-01
-2.218546628952026367e+00
1.635710597038269043e+00
1.295637249946594238e+00
1.015349149703979492e+00
3.693150281906127930e-01
-2.923835813999176025e-01
3.956741988658905029e-01
6.479471921920776367e-01
1.560124874114990234e+00
-8.748967051506042480e-01
-4.254555106163024902e-01
5.770841240882873535e-01
1.182466074824333191e-01
-3.771358430385589600e-01
-1.562806367874145508e+00
2.140463352203369141e+00
2.569280564785003662e-01
1.177078247070312500e+00
-9.122122526168823242e-01
-1.187355637550354004e+00
6.855238676071166992e-01
-1.371214628219604492e+00
-5.844829678535461426e-01
-2.562703192234039307e-01
-2.734690904617309570e-01
-9.794194102287292480e-01
6.201893091201782227e-01
-2.130451500415802002e-01
-5.479106307029724121e-02
-1.508723735809326172e+00
-2.772726118564605713e-01
-2.371401071548461914e+00
-1.694639623165130615e-01
-2.992225587368011475e-01
5.570310950279235840e-01
1.661289811134338379e+00
8.161252737045288086e-01
1.803265698254108429e-02
6.626036018133163452e-02
-2.067290782928466797e+00
3.352245092391967773e-01
-1.412633713334798813e-02
1.110678553581237793e+00
2.652638196945190430e+00
-1.397305130958557129e+00
5.718629837036132812e+00
-1.536125540733337402e+00
-4.016624987125396729e-01
7.452349662780761719e-01
9.878447055816650391e-01
1.534921169281005859e+00
-5.743847489356994629e-01
9.766097664833068848e-01
-3.584175407886505127e-01
-1.750150322914123535e+00
-1.892612814903259277e+00
-9.063993692398071289e-01
-3.490550816059112549e-01
-8.862563371658325195e-01
3.197598159313201904e-01
8.172315359115600586e-01
1.366430640220642090e+00
-5.869656205177307129e-01
-5.162625312805175781e-01
9.397029876708984375e-01
-2.354875564575195312e+00
-1.321127414703369141e+00
1.824110597372055054e-01
1.110375046730041504e+00
9.984572529792785645e-01
1.605950117111206055e+00
-8.035205602645874023e-01
8.844172358512878418e-01
-3.985642790794372559e-01
-8.121061921119689941e-01
-7.437818646430969238e-01
-2.736866474151611328e+00
-2.610787749290466309e-01
-7.170221805572509766e-01
5.013933777809143066e-01
-3.879634141921997070e-01
1.018056511878967285e+00
1.097483634948730469e+00
1.360998272895812988e+00
-3.020541071891784668e-01
-3.604707717895507812e-01
8.930117487907409668e-01
-5.803688243031501770e-02
1.346360445022583008e+00
2.766276597976684570e+00
7.932529449462890625e-01
-9.265375137329101562e-01
1.851605176925659180e-01
1.057552576065063477e+00
-9.309372901916503906e-01
4.452867507934570312e-01
4.543022811412811279e-01
-1.232169389724731445e+00
-1.024390816688537598e+00
-8.779563307762145996e-01
-7.726400494575500488e-01
-1.497436642646789551e+00
2.377528101205825806e-01
-1.062981486320495605e-01
-7.995538711547851562e-01
3.986176848411560059e-01
2.369040966033935547e+00
-1.753082036972045898e+00
3.522697389125823975e-01
-1.819832623004913330e-01
-1.836935639381408691e+00
1.524670235812664032e-02
-8.322378247976303101e-02
-6.142488718032836914e-01
-6.202466487884521484e-01
9.332902431488037109e-01
-5.149086713790893555e-01
1.286733001470565796e-01
7.791016101837158203e-01
9.988911747932434082e-01
-7.927461266517639160e-01
-3.883985579013824463e-01
-1.036072254180908203e+00
-9.049127697944641113e-01
2.036180794239044189e-01
-1.670434117317199707e+00
8.469846248626708984e-01
7.789963483810424805e-01
-1.370401382446289062e+00
-3.811358809471130371e-01
1.677774548530578613e+00
5.157234668731689453e-01
1.055413633584976196e-01
3.958342969417572021e-01
-7.286721467971801758e-01
2.729693651199340820e-01
-6.399725079536437988e-01
-4.884738028049468994e-01
9.817132949829101562e-01
-1.289596557617187500e+00
-1.472841501235961914e+00
1.899125218391418457e+00
-9.545846581459045410e-01
1.402901768684387207e+00
-6.880428791046142578e-01
-8.608035445213317871e-01
1.526208639144897461e+00
-4.997486174106597900e-01
2.324167013168334961e+00
-8.014607429504394531e-01
-9.450647830963134766e-01
9.907911419868469238e-01
-5.969344973564147949e-01
6.677256822586059570e-01
-3.045490086078643799e-01
-9.378758072853088379e-02
8.323478102684020996e-01
1.916703224182128906e+00
1.512319922447204590e+00
1.505827546119689941e+00
8.621833324432373047e-01
-9.017398953437805176e-01
-2.718074619770050049e-01
1.230345964431762695e+00
-2.230458259582519531e+00
1.335031986236572266e+00
-6.905159354209899902e-01
1.226619839668273926e+00
9.828755259513854980e-01
2.591668844223022461e+00
-1.444625854492187500e+00
1.111978650093078613e+00
-1.777906179428100586e+00
-1.548133015632629395e+00
2.791076339781284332e-02
-2.449944168329238892e-01
-1.160322070121765137e+00
8.624440431594848633e-01
-3.333545327186584473e-01
-1.016688942909240723e+00
-1.414108514785766602e+00
-1.060245990753173828e+00
1.970933198928833008e+00
-2.345726013183593750e+00
-1.274940669536590576e-01
-6.378848552703857422e-01
-8.122897744178771973e-01
-1.244749069213867188e+00
2.054891586303710938e-01
-5.914651975035667419e-02
3.319033086299896240e-01
-1.149481534957885742e+00
9.270960688591003418e-01
-6.404842138290405273e-01
-9.739503860473632812e-01
-5.050777792930603027e-01
4.807598590850830078e-01
-6.384570002555847168e-01
-6.580693721771240234e-01
-1.044766530394554138e-01
-1.040590167045593262e+00
1.490993857383728027e+00
1.187401533126831055e+00
6.918594837188720703e-01
3.212702870368957520e-01
-1.519561767578125000e+00
-1.081467032432556152e+00
-1.018499806523323059e-01
1.487046480178833008e+00
1.043188452720642090e+00
-1.676496386528015137e+00
6.752123832702636719e-01
3.477584421634674072e-01
-1.375702500343322754e+00
7.384399771690368652e-01
2.934305667877197266e-01
-7.793731093406677246e-01
-1.063611388206481934e+00
1.087570071220397949e+00
-1.493036653846502304e-02
-4.990583360195159912e-01
1.843412756919860840e+00
2.062719821929931641e+00
3.913733661174774170e-01
4.430909752845764160e-01
9.443659782409667969e-01
-1.560201406478881836e+00
3.673495054244995117e-01
-4.891481399536132812e-01
3.476192355155944824e-01
-4.564573466777801514e-01
2.026074409484863281e+00
-4.569385051727294922e-01
-2.115890979766845703e+00
5.380444526672363281e-01
-6.319967508316040039e-01
8.012589216232299805e-01
1.923206806182861328e+00
1.155312776565551758e+00
-3.334534168243408203e-01
8.800704963505268097e-03
-1.704879641532897949e+00
-1.164420008659362793e+00
-2.672481238842010498e-01
1.514128297567367554e-01
-1.688279793597757816e-03
4.283281266689300537e-01
2.057677030563354492e+00
4.847788810729980469e-01
-4.958327487111091614e-02
-1.909812986850738525e-01
-2.489387512207031250e+00
-1.900306046009063721e-01
9.670317769050598145e-01
5.925535559654235840e-01
7.870987057685852051e-01
2.000673294067382812e+00
-3.796052038669586182e-01
9.625584483146667480e-01
-9.297046661376953125e-01
9.819839000701904297e-01
-1.510550733655691147e-02
5.280188322067260742e-01
-1.187307953834533691e+00
5.464970469474792480e-01
1.256211280822753906e+00
-2.211577892303466797e-01
-1.494783520698547363e+00
2.469279915094375610e-01
1.608159393072128296e-02
2.007393985986709595e-01
8.991761505603790283e-02
2.700329422950744629e-01
-3.042896389961242676e-01
-8.723688721656799316e-01
-9.034350514411926270e-01
-9.576173424720764160e-01
7.933951616287231445e-01
-5.176776051521301270e-01
-2.676745653152465820e-01
1.531277179718017578e+00
6.077069044113159180e-01
8.604936599731445312e-01
-8.425387740135192871e-02
1.163710653781890869e-01
-9.212931990623474121e-01
2.003547668457031250e+00
9.881915524601936340e-03
-1.050390601158142090e+00
6.691927313804626465e-01
-3.053574264049530029e-01
1.083920955657958984e+00
5.601122379302978516e-01
-1.579424291849136353e-01
2.706965617835521698e-02
-6.064139008522033691e-01
5.401576757431030273e-01
-8.114089369773864746e-01
6.799473166465759277e-01
-1.751933693885803223e+00
-1.770935058593750000e+00
-5.660455226898193359e-01
-5.962946414947509766e-01
-6.453852057456970215e-01
2.475224256515502930e+00
6.802557706832885742e-01
-2.346257448196411133e+00
6.367004513740539551e-01
-1.121422767639160156e+00
4.932276606559753418e-01
-1.000015377998352051e+00
-5.865197777748107910e-01
2.260896921157836914e+00
1.939816325902938843e-01
1.255107045173645020e+00
2.113922834396362305e+00
7.082348316907882690e-02
1.513052105903625488e+00
1.457181692123413086e+00
-3.244809061288833618e-02
-5.184062719345092773e-01
1.831520915031433105e+00
2.961814105510711670e-01
1.662945628166198730e+00
1.978820323944091797e+00
2.360290139913558960e-01
-7.195649743080139160e-01
5.728639289736747742e-02
-2.804815173149108887e-01
-2.647880077362060547e+00
-9.786260724067687988e-01
-1.107102632522583008e-02
9.962160587310791016e-01
3.200523257255554199e-01
2.900511264801025391e+00
1.151882767677307129e+00
-1.868797302246093750e+00
-1.300899863243103027e+00
8.483154177665710449e-01
-1.706199049949645996e+00
1.663437247276306152e+00
-6.056423187255859375e-01
1.917181015014648438e-01
-1.124495044350624084e-01
1.741460859775543213e-01
1.280336618423461914e+00
-2.002740144729614258e+00
7.049151659011840820e-01
1.294490694999694824e+00
8.027735948562622070e-01
2.688258588314056396e-01
-9.369243383407592773e-01
1.455244064331054688e+00
1.376524269580841064e-01
-4.941435158252716064e-01
-5.785143971443176270e-01
-6.803977489471435547e-01
-7.385290861129760742e-01
1.102510929107666016e+00
-4.701039493083953857e-01
1.098289966583251953e+00
-6.162728667259216309e-01
-4.605959653854370117e-01
-1.588962316513061523e+00
-7.964348196983337402e-01
1.830393373966217041e-01
-5.068733822554349899e-03
-9.752110838890075684e-01
1.300872802734375000e+00
1.276526808738708496e+00
-7.302929162979125977e-01
1.324577212333679199e+00
3.111484050750732422e-01
2.405183076858520508e+00
-5.799565911293029785e-01
-6.873137783259153366e-03
3.882390856742858887e-01
-1.158743351697921753e-01
-1.493847131729125977e+00
-3.280668556690216064e-01
5.804862380027770996e-01
1.070871204137802124e-01
-2.800974547863006592e-01
-5.770428776741027832e-01
-3.396765291690826416e-01
-5.347821712493896484e-01
-2.825902402400970459e-01
1.146176934242248535e+00
8.503562808036804199e-01
5.881417393684387207e-01
6.514367461204528809e-01
-2.599486827850341797e+00
-1.210622429847717285e+00
2.394187599420547485e-01
-2.230948209762573242e+00
1.012742519378662109e+00
-6.365802884101867676e-01
1.316860556602478027e+00
-1.274037599563598633e+00
1.236832976341247559e+00
-2.375840246677398682e-01
-5.610501170158386230e-01
1.056543588638305664e+00
5.438584685325622559e-01
1.085425138473510742e+00
5.811415314674377441e-01
-7.492955923080444336e-01
3.153116226196289062e+00
-1.330448865890502930e+00
2.060160636901855469e+00
2.292863279581069946e-01
1.566232323646545410e+00
6.316792964935302734e-01
1.939712017774581909e-01
1.270830988883972168e+00
-1.268996894359588623e-01
1.366842985153198242e+00
1.019975244998931885e-01
2.992158889770507812e+00
-4.155045375227928162e-02
1.802679777145385742e+00
-9.647250175476074219e-01
1.026107788085937500e+00
-1.017283439636230469e+00
4.024350643157958984e-01
3.602516353130340576e-01
-1.304470181465148926e+00
-4.155109524726867676e-01
-9.394046068191528320e-01
-1.391779184341430664e+00
-8.389675617218017578e-01
-1.079854965209960938e+00
1.692173242568969727e+00
-6.822137832641601562e-01
-7.049785256385803223e-01
2.836327850818634033e-01
-2.461519002914428711e+00
-1.878350526094436646e-01
-5.450616478919982910e-01
3.965343534946441650e-01
1.841796040534973145e+00
-9.114223718643188477e-01
1.353940248489379883e+00
2.281249284744262695e+00
2.291239023208618164e+00
1.169787868857383728e-01
-2.757975101470947266e+00
-6.155881285667419434e-01
5.246514081954956055e-01
-1.890022873878479004e+00
3.978927373886108398e+00
1.076926708221435547e+00
1.089445352554321289e+00
1.825421303510665894e-01
7.707222104072570801e-01
3.630980253219604492e-01
-8.318853378295898438e-01
-1.020233154296875000e+00
-1.220467805862426758e+00
1.462126255035400391e+00
2.053788900375366211e-01
-1.500527858734130859e-01
2.682737112045288086e-01
-2.867708802223205566e-01
-6.969200968742370605e-01
-6.166743755340576172e+00
8.853217363357543945e-01
-1.082306504249572754e+00
-4.714169204235076904e-01
8.750926852226257324e-01
-2.003884762525558472e-01
-3.306184411048889160e-01
1.598232865333557129e+00
-4.228667914867401123e-01
-1.748141646385192871e+00
8.189556598663330078e-01
2.056885004043579102e+00
5.910701751708984375e-01
1.448529839515686035e+00
6.868168115615844727e-01
-2.920992374420166016e-01
4.391804337501525879e-01
4.226304292678833008e-01
3.758359193801879883e+00
-2.232521325349807739e-01
-5.807168960571289062e+00
1.148225188255310059e+00
5.818737745285034180e-01
2.520822584629058838e-01
-1.522423863410949707e+00
9.162278771400451660e-01
-4.926705062389373779e-01
6.064599752426147461e-01
1.176356196403503418e+00
-1.825759410858154297e-01
4.202281832695007324e-01
-8.294484615325927734e-01
-8.307687640190124512e-01
1.224195957183837891e+00
-5.218379497528076172e-01
1.653293013572692871e+00
9.186423420906066895e-01
-9.327208995819091797e-01
4.147998392581939697e-01
-7.297655940055847168e-01
3.079702258110046387e-01
6.454908847808837891e-01
8.721998333930969238e-01
-3.078638315200805664e+00
-7.748539447784423828e-01
-3.108528375625610352e+00
-1.600098237395286560e-02
-1.008843630552291870e-01
-7.042961716651916504e-01
-2.241623640060424805e+00
5.983482599258422852e-01
-6.945381760597229004e-01
-1.174985647201538086e+00
-3.854329884052276611e-01
1.627812504768371582e+00
1.449360013008117676e+00
-3.698606789112091064e-01
-1.757362961769104004e+00
-1.094874024391174316e+00
6.675387918949127197e-02
7.545886039733886719e-01
1.118002831935882568e-02
1.256223797798156738e+00
-1.218932032585144043e+00
9.191691875457763672e-01
1.869581460952758789e+00
-2.063817977905273438e+00
7.616898417472839355e-01
-1.491199135780334473e+00
-8.084512948989868164e-01
-3.457337141036987305e+00
1.084383726119995117e+00
3.148925304412841797e-01
5.830696597695350647e-02
-1.627071857452392578e+00
2.228832006454467773e+00
-1.871904611587524414e+00
-2.436495870351791382e-01
-1.491216063499450684e+00
1.569999575614929199e+00
