5.820384025573730469e-01
9.452673196792602539e-01
-5.574679970741271973e-01
2.680961191654205322e-01
-3.599593639373779297e-01
-1.009327650070190430e+00
-7.567253708839416504e-01
-6.942457705736160278e-02
-3.133232891559600830e-01
-1.653756201267242432e-01
-2.927082180976867676e-01
-2.867247462272644043e-01
-2.061634212732315063e-01
2.311294823884963989e-01
-6.669813990592956543e-01
-1.213866710662841797e+00
-8.458262681961059570e-01
-4.450649023056030273e-01
1.459851980209350586e+00
-1.159784719347953796e-01
6.418408751487731934e-01
-1.911786049604415894e-01
7.155718207359313965e-01
-5.094334483146667480e-01
-3.084259927272796631e-01
-1.354043483734130859e+00
-1.020221933722496033e-01
-9.743138551712036133e-01
-4.925348162651062012e-01
-3.362150788307189941e-01
-1.519733548164367676e+00
2.146048098802566528e-01
-7.178826332092285156e-01
6.283401846885681152e-01
-1.820080637931823730e+00
-9.090383052825927734e-01
-8.374741077423095703e-01
-1.715426683425903320e+00
-7.008775603026151657e-03
4.565395116806030273e-01
-9.534381628036499023e-01
-3.636835217475891113e-01
-1.408354490995407104e-01
-3.526039421558380127e-02
4.891930520534515381e-01
-4.350507259368896484e-01
-3.533214628696441650e-01
5.042795538902282715e-01
4.675336182117462158e-01
9.011135101318359375e-01
-5.401175022125244141e-01
-9.524100422859191895e-01
-1.269785523414611816e+00
8.575211763381958008e-01
-2.124787569046020508e-01
-9.142086505889892578e-01
-7.012751698493957520e-01
-4.624212384223937988e-01
2.218353301286697388e-01
4.785554707050323486e-01
7.917221784591674805e-01
-4.480228126049041748e-01
7.693715095520019531e-01
7.677588611841201782e-02
3.906856775283813477e-01
-4.022157937288284302e-02
1.332898139953613281e-01
3.749444186687469482e-01
8.253908753395080566e-01
-1.335314750671386719e+00
2.885108292102813721e-01
8.332393765449523926e-01
-6.017438173294067383e-01
-7.258086204528808594e-01
-4.266148507595062256e-01
1.291259765625000000e+00
3.685910403728485107e-01
1.446046233177185059e-01
-2.855776064097881317e-02
1.373936891555786133e+00
9.181267619132995605e-01
1.405811756849288940e-01
-1.497952938079833984e+00
-7.256514430046081543e-01
-5.585245490074157715e-01
1.284269213676452637e+00
-5.694709420204162598e-01
-7.888686656951904297e-01
-8.080477714538574219e-01
-5.674492716789245605e-01
-7.608208656311035156e-01
-1.189304590225219727e+00
-1.194655537605285645e+00
9.645004868507385254e-01
-1.720276355743408203e+00
1.326112985610961914e+00
1.394006758928298950e-01
5.366011261940002441e-01
-1.001299381256103516e+00
8.597467541694641113e-01
-3.912378251552581787e-01
-6.872364878654479980e-01
1.159538745880126953e+00
-6.859667301177978516e-01
-1.807752966880798340e+00
-4.558260142803192139e-01
-1.370320320129394531e+00
-8.050003051757812500e-01
1.106582045555114746e+00
-1.181663870811462402e+00
-1.144713070243597031e-02
5.896971225738525391e-01
-1.169661760330200195e+00
-7.467413544654846191e-01
-1.957756876945495605e-01
1.373436301946640015e-01
-1.244510989636182785e-02
-9.456067681312561035e-01
4.867091178894042969e-01
8.289601206779479980e-01
7.927900552749633789e-01
3.457372784614562988e-01
5.912764072418212891e-01
5.630635097622871399e-02
1.676744073629379272e-01
3.742333948612213135e-01
1.007153987884521484e+00
3.270675539970397949e-01
-4.373863637447357178e-01
-2.138312309980392456e-01
5.228913426399230957e-01
-6.200420260429382324e-01
-7.925979793071746826e-03
5.149655938148498535e-01
-3.853574395179748535e-01
7.016677260398864746e-01
4.394232928752899170e-01
-1.237066626548767090e+00
-1.612388789653778076e-01
-6.493080258369445801e-01
-1.510075330734252930e-01
-3.525786101818084717e-01
1.164934635162353516e+00
8.668054938316345215e-01
-1.201411247253417969e+00
4.538852870464324951e-01
-5.936501026153564453e-01
-8.196396231651306152e-01
1.822812557220458984e-01
-5.769362449645996094e-01
6.923456192016601562e-01
2.219406366348266602e-01
1.197277665138244629e+00
4.823904335498809814e-01
6.274049282073974609e-01
-8.349443674087524414e-01
-1.077142655849456787e-01
6.182225346565246582e-01
-7.862874269485473633e-01
5.133283734321594238e-01
1.540396809577941895e+00
8.308397531509399414e-01
-6.175649166107177734e-01
-2.107126712799072266e-01
-1.637016981840133667e-01
1.279138680547475815e-02
-1.121453404426574707e+00
-4.841239154338836670e-01
3.648008108139038086e-01
2.049870193004608154e-01
5.628535151481628418e-01
-1.331231117248535156e+00
-4.309462606906890869e-01
1.287405133247375488e+00
-5.056988000869750977e-01
-5.157744511961936951e-02
-9.545142650604248047e-01
1.118940830230712891e+00
-2.520292401313781738e-01
1.464598417282104492e+00
3.336053192615509033e-01
-3.554952144622802734e-02
9.425473809242248535e-01
9.489241242408752441e-01
-4.549855366349220276e-02
-1.458821743726730347e-01
-4.506864398717880249e-02
1.435652375221252441e+00
4.539222717285156250e-01
1.237653732299804688e+00
3.979322016239166260e-01
-1.442580938339233398e+00
-1.858928613364696503e-02
8.370417952537536621e-01
-4.641977250576019287e-01
-3.443737030029296875e-01
-1.630359530448913574e+00
1.167542338371276855e+00
7.504151463508605957e-01
-5.216003060340881348e-01
3.954999148845672607e-01
9.464195370674133301e-01
9.198691248893737793e-01
-4.820542037487030029e-02
6.483461856842041016e-01
1.100765243172645569e-01
-5.610917881131172180e-02
-1.265354871749877930e+00
8.206727504730224609e-01
-9.167035222053527832e-01
1.851588338613510132e-01
-8.133490085601806641e-01
2.033283472061157227e+00
7.043631672859191895e-01
-6.292921304702758789e-01
7.331945896148681641e-01
5.900349140167236328e+00
-1.122538566589355469e+00
-7.885635644197463989e-02
-8.466252684593200684e-01
-3.512620627880096436e-01
1.912824660539627075e-01
6.504178643226623535e-01
8.557000756263732910e-01
-9.593260884284973145e-01
2.446113675832748413e-01
7.119080424308776855e-01
3.136247992515563965e-01
2.017247080802917480e-01
-1.516375541687011719e+00
-7.577700018882751465e-01
-3.499489724636077881e-01
4.128411710262298584e-01
1.119403958320617676e+00
5.904301628470420837e-02
4.288268387317657471e-01
-3.701068460941314697e-01
-3.595163226127624512e-01
-9.541658163070678711e-01
-1.362845748662948608e-01
6.163276433944702148e-01
-1.282214224338531494e-01
-1.325720071792602539e+00
1.360907435417175293e+00
-7.633596062660217285e-01
-7.290751487016677856e-02
1.643076539039611816e-02
-1.319689303636550903e-01
1.380944371223449707e+00
2.860993444919586182e-01
-6.493442654609680176e-01
-8.699313998222351074e-01
-2.323276102542877197e-01
-1.561006665229797363e+00
-1.142375078052282333e-02
-2.617419883608818054e-02
-5.718064904212951660e-01
-1.165545955300331116e-01
-1.305046319961547852e+00
3.890178203582763672e-01
1.455152630805969238e-01
-3.791367709636688232e-01
-4.579093456268310547e-01
-9.459864497184753418e-01
-9.434995055198669434e-01
5.161587595939636230e-01
9.572401046752929688e-01
4.787562415003776550e-02
2.572417497634887695e+00
-1.543182432651519775e-01
-2.307402640581130981e-01
2.857787013053894043e-01
3.253923356533050537e-01
8.483668565750122070e-01
-4.402383416891098022e-02
2.085158526897430420e-01
7.263984084129333496e-01
-4.226741492748260498e-01
1.352445721626281738e+00
6.575934290885925293e-01
3.438971638679504395e-01
4.532712325453758240e-02
6.185156702995300293e-01
1.752053260803222656e+00
9.438664913177490234e-01
-1.405453830957412720e-01
-7.848945856094360352e-01
6.021192073822021484e-01
4.951863586902618408e-01
-6.874679028987884521e-02
-8.884457945823669434e-01
6.110642552375793457e-01
2.180796563625335693e-01
-6.401355266571044922e-01
7.009867429733276367e-01
-3.988005816936492920e-01
3.813949227333068848e-01
3.001158237457275391e-01
-5.601138472557067871e-01
-5.868146568536758423e-02
-7.227325439453125000e-02
-8.200162649154663086e-01
5.258425474166870117e-01
-5.339187979698181152e-01
1.407959461212158203e-01
3.453692197799682617e-01
1.579877883195877075e-01
-6.581565141677856445e-01
-2.447874099016189575e-01
4.650080949068069458e-02
-1.638022303581237793e+00
-1.189132213592529297e+00
-4.342501461505889893e-01
6.976624131202697754e-01
-2.325674295425415039e-01
-7.648825645446777344e-01
5.074651241302490234e-01
9.308437108993530273e-01
4.510212540626525879e-01
4.106122553348541260e-01
7.542692590504884720e-03
4.682382941246032715e-01
2.681003570556640625e+00
3.624400794506072998e-01
6.690528392791748047e-01
3.935796618461608887e-01
-3.682331442832946777e-01
-1.385198980569839478e-01
-3.322127461433410645e-01
1.824703216552734375e-01
9.929570555686950684e-01
6.790604591369628906e-01
5.543437600135803223e-01
1.886697113513946533e-01
-6.779255270957946777e-01
-8.680947124958038330e-02
6.721665859222412109e-01
-6.648510098457336426e-01
1.175721526145935059e+00
-1.014790654182434082e+00
-4.568873941898345947e-01
6.155046448111534119e-02
5.617695450782775879e-01
-5.034061074256896973e-01
-8.618586063385009766e-01
6.959280371665954590e-01
-1.889793395996093750e+00
-3.565135970711708069e-02
-1.450937986373901367e+00
-2.590935826301574707e-01
-4.622061252593994141e-01
5.739202499389648438e-01
-1.196758151054382324e-01
-1.819890975952148438e+00
-7.216994166374206543e-01
1.645545810461044312e-01
1.695148497819900513e-01
-3.260187208652496338e-01
1.043202653527259827e-01
1.309396386146545410e+00
-7.885597944259643555e-01
-3.320569694042205811e-01
-4.489365220069885254e-01
-4.618386551737785339e-02
-1.223587036132812500e+00
1.115337967872619629e+00
1.457920908927917480e+00
9.652528166770935059e-01
1.042511343955993652e+00
1.492967486381530762e+00
9.140881150960922241e-02
1.534081220626831055e+00
-1.365120291709899902e+00
1.829245090484619141e+00
-7.474691867828369141e-01
8.393807411193847656e-01
1.131342351436614990e-01
-1.570017337799072266e-01
-4.440730810165405273e-01
1.337500959634780884e-01
-3.401621878147125244e-01
4.920515120029449463e-01
4.527972638607025146e-02
-2.720259130001068115e-01
-1.123168826103210449e+00
-1.778111159801483154e-01
1.252711117267608643e-01
-7.635592669248580933e-02
6.331822872161865234e-01
1.963204503059387207e+00
1.293088912963867188e+00
3.315995335578918457e-01
8.527847528457641602e-01
-2.936590276658535004e-02
5.123730301856994629e-01
3.294354379177093506e-01
-7.177766561508178711e-01
-6.475976109504699707e-01
-4.716222286224365234e-01
7.740083932876586914e-01
3.616567254066467285e-01
-1.314440011978149414e+00
-4.336623251438140869e-01
-1.329789996147155762e+00
9.484528303146362305e-01
6.360015869140625000e-01
-2.760350406169891357e-01
1.043756127357482910e+00
2.184266746044158936e-01
5.124313235282897949e-01
-4.631014540791511536e-02
-5.156125128269195557e-02
-1.292032480239868164e+00
1.222649455070495605e+00
-2.438126057386398315e-01
1.146796107292175293e+00
3.206362128257751465e-01
2.197296917438507080e-01
-6.156949996948242188e-01
4.448295533657073975e-01
-4.825442433357238770e-01
-4.829854071140289307e-01
7.718204259872436523e-01
7.068074345588684082e-01
-1.314427852630615234e+00
8.045136332511901855e-01
-5.322178602218627930e-01
-1.798656880855560303e-01
-8.603909015655517578e-01
-4.426659047603607178e-01
5.941910147666931152e-01
2.654718458652496338e-01
1.140218734741210938e+00
-2.908556163311004639e-01
-6.368298530578613281e-01
2.952145934104919434e-01
-5.308976173400878906e-01
1.233991265296936035e+00
-3.103116750717163086e-01
2.626950144767761230e-01
-1.447618603706359863e-01
2.807768285274505615e-01
1.286765784025192261e-01
-7.974227666854858398e-01
-6.397718191146850586e-01
-8.590082526206970215e-01
1.323942780494689941e+00
-7.326442864723503590e-04
-6.259465217590332031e-01
-1.404613018035888672e+00
-6.096020340919494629e-01
-5.405976772308349609e-01
2.078866004943847656e+00
-1.134865760803222656e+00
-8.727558851242065430e-01
-4.532324075698852539e-01
2.775604426860809326e-01
3.795133233070373535e-01
-9.572477340698242188e-01
-1.417329072952270508e+00
1.899897456169128418e-01
2.075098007917404175e-01
-2.260869741439819336e-01
3.484848439693450928e-01
-4.877229034900665283e-01
-8.354374170303344727e-01
5.753942131996154785e-01
6.848812103271484375e-01
2.926785647869110107e-01
1.611191481351852417e-01
5.379015207290649414e-01
8.723530769348144531e-01
-6.685151904821395874e-02
3.965726792812347412e-01
6.762416958808898926e-01
1.047896593809127808e-02
4.942208826541900635e-01
6.998960673809051514e-02
-1.102184057235717773e+00
-6.493251323699951172e-01
1.861419320106506348e+00
4.247657060623168945e-01
-6.545878648757934570e-01
1.012863159179687500e+00
9.037235379219055176e-01
8.281516283750534058e-02
-3.006660938262939453e-01
-1.086662769317626953e+00
7.101282477378845215e-01
4.748844075947999954e-03
1.080321192741394043e+00
1.121064305305480957e+00
7.002668976783752441e-01
-1.165649175643920898e+00
-2.931241989135742188e-01
2.601486146450042725e-01
-1.095420837402343750e+00
-2.726454019546508789e+00
8.906661272048950195e-01
4.934649169445037842e-01
-1.522258669137954712e-01
-6.521779298782348633e-01
-7.046677470207214355e-01
1.140355467796325684e+00
-4.105130434036254883e-01
4.296546578407287598e-01
-3.897376358509063721e-01
5.459293723106384277e-01
-1.430351734161376953e-01
2.887915670871734619e-01
-8.427479267120361328e-01
-5.987785458564758301e-01
-1.058660149574279785e+00
-4.284159243106842041e-01
7.402680516242980957e-01
8.683283329010009766e-01
5.057712197303771973e-01
6.854369044303894043e-01
1.751173287630081177e-01
6.822109222412109375e-02
-4.270682334899902344e-01
-1.782762050628662109e+00
-9.755231738090515137e-01
-1.803445369005203247e-01
1.385216563940048218e-01
4.757484793663024902e-01
-1.484849333763122559e+00
4.454718530178070068e-01
-4.912047982215881348e-01
-5.850124359130859375e-01
-1.908651292324066162e-01
4.280233085155487061e-01
1.910020969808101654e-02
-1.966406553983688354e-01
-4.239549338817596436e-01
-1.726889014244079590e+00
4.239957779645919800e-03
-5.476946383714675903e-02
-1.240898966789245605e+00
-2.649659514427185059e-01
6.257534623146057129e-01
4.287037551403045654e-01
2.103689908981323242e-01
4.682016745209693909e-02
-2.419993728399276733e-01
7.444434165954589844e-01
1.154126524925231934e+00
8.585909008979797363e-01
-4.980584979057312012e-01
-1.897214055061340332e-01
-4.817482531070709229e-01
-6.024126410484313965e-01
5.346863269805908203e-01
-8.109143972396850586e-01
-3.086715936660766602e-03
1.417961120605468750e+00
-1.314226746559143066e+00
6.502071022987365723e-01
3.623039126396179199e-01
-5.072664618492126465e-01
2.145169228315353394e-01
2.509343862533569336e+00
-1.074513912200927734e+00
-1.677564680576324463e-01
-5.013116002082824707e-01
1.507517218589782715e+00
-3.554176688194274902e-01
1.010921120643615723e+00
-6.596829891204833984e-01
-6.181296706199645996e-01
1.259857296943664551e+00
-7.339517772197723389e-02
-7.181084752082824707e-01
-1.072647690773010254e+00
1.033698797225952148e+00
-5.997393131256103516e-01
2.965865135192871094e-01
-4.721641540527343750e-02
1.949905455112457275e-01
1.100640278309583664e-02
-1.400257945060729980e-01
1.323579192161560059e+00
1.029296666383743286e-01
4.562384188175201416e-01
-3.064186275005340576e-01
-9.093724489212036133e-01
-1.140160799026489258e+00
-6.495935916900634766e-01
-6.741381883621215820e-01
-2.084840387105941772e-01
-3.580739498138427734e-01
4.071477651596069336e-01
-1.892711967229843140e-01
3.829334080219268799e-01
1.097345471382141113e+00
7.229529321193695068e-02
3.551799356937408447e-01
-3.556928038597106934e-01
1.144185885787010193e-01
-1.177754759788513184e+00
2.593200802803039551e-01
-1.220222711563110352e+00
7.626000046730041504e-01
6.073502302169799805e-01
5.337477326393127441e-01
-1.146764278411865234e+00
-7.231805920600891113e-01
-1.044213533401489258e+00
-1.496425390243530273e+00
-1.004991009831428528e-01
-9.419609308242797852e-01
5.769758224487304688e-01
5.455349087715148926e-01
8.734997361898422241e-02
-1.070603489875793457e+00
-1.166413649916648865e-01
-1.151468157768249512e+00
-1.206129908561706543e+00
-2.842976748943328857e-01
2.861073315143585205e-01
2.926948107779026031e-02
-1.131067499518394470e-01
-1.523544311523437500e+00
5.224535465240478516e-01
-1.055864572525024414e+00
7.612143754959106445e-01
5.585019662976264954e-02
2.072250843048095703e-01
7.735258340835571289e-01
-1.931246161460876465e+00
4.256535470485687256e-01
-4.172348976135253906e-02
1.292535901069641113e+00
1.535126566886901855e+00
1.561886668205261230e-01
-1.084100365638732910e+00
3.030715882778167725e-01
-9.863762259483337402e-01
1.813240796327590942e-01
9.762705564498901367e-01
5.498138666152954102e-01
6.240396499633789062e-01
-6.310918331146240234e-01
7.656936645507812500e-01
-2.540791332721710205e-01
3.297510862350463867e+00
-1.615884661674499512e+00
-4.201121926307678223e-01
8.858791589736938477e-01
-9.727226942777633667e-02
-6.888053417205810547e-01
-5.131376162171363831e-02
-3.573670983314514160e-01
-7.463133931159973145e-01
6.004407405853271484e-01
-1.618774652481079102e+00
5.082107186317443848e-01
-1.122306346893310547e+00
-3.712864220142364502e-02
-1.958872377872467041e-01
-6.269666552543640137e-01
-1.598877310752868652e-01
-4.928509891033172607e-01
-1.927210092544555664e+00
2.237041294574737549e-01
1.198652029037475586e+00
2.505540251731872559e-01
-1.227211877703666687e-01
6.401151418685913086e-01
-6.309602856636047363e-01
-4.426887333393096924e-01
-6.131787896156311035e-01
2.982171177864074707e-01
1.115383267402648926e+00
9.900556206703186035e-01
-5.192186832427978516e-01
3.159833252429962158e-01
-3.596131801605224609e-01
5.148036405444145203e-02
2.384371310472488403e-02
8.766071498394012451e-02
3.406518697738647461e-02
-3.263342380523681641e-01
1.174777984619140625e+00
-2.846460938453674316e-01
-6.871683895587921143e-02
-9.340298175811767578e-01
3.662917315959930420e-01
-3.195915460586547852e+00
6.487630773335695267e-03
-6.490712165832519531e-01
-1.190216422080993652e+00
-2.504343166947364807e-02
-1.398840546607971191e-01
7.756879925727844238e-01
5.951151996850967407e-02
9.242434501647949219e-01
1.027811318635940552e-01
7.105143368244171143e-02
1.748795032501220703e+00
-9.423393607139587402e-01
-1.002255439758300781e+00
-1.641938090324401855e+00
7.305509448051452637e-01
-1.101421639323234558e-01
6.668876409530639648e-01
2.607624053955078125e+00
8.374653458595275879e-01
-2.621797561645507812e+00
3.794152662158012390e-02
-9.233859777450561523e-01
1.295182704925537109e-01
7.654379308223724365e-02
-8.730725049972534180e-01
-1.282577633857727051e+00
-6.841819733381271362e-02
-2.272592037916183472e-01
-1.735800981521606445e+00
1.138283908367156982e-01
-2.208219468593597412e-01
-1.036391973495483398e+00
8.316707611083984375e-01
1.687605977058410645e-01
6.141490936279296875e-01
2.020168900489807129e-01
-6.770402193069458008e-01
-8.873834013938903809e-01
-8.669363856315612793e-01
6.502640843391418457e-01
-4.801664054393768311e-01
-2.850200235843658447e-01
-1.303706049919128418e+00
-6.860226988792419434e-01
3.431907892227172852e-01
1.296211838722229004e+00
1.180667638778686523e+00
-4.839232861995697021e-01
5.046693682670593262e-01
1.214077472686767578e+00
-9.919912219047546387e-01
3.114207386970520020e-01
-1.127875089645385742e+00
-3.501256108283996582e-01
1.585275292396545410e+00
1.064741849899291992e+00
-9.335712790489196777e-01
-4.458146393299102783e-01
-7.546768188476562500e-01
1.255133748054504395e+00
1.143651828169822693e-02
1.194162130355834961e+00
-4.034317433834075928e-01
-3.825220763683319092e-01
-2.933540344238281250e-01
-1.183163404464721680e+00
4.151216149330139160e-01
-9.668698906898498535e-01
-4.451798796653747559e-01
1.940542310476303101e-01
2.024518996477127075e-01
-1.587095260620117188e-01
5.116438269615173340e-01
2.429243028163909912e-01
1.759404420852661133e+00
3.444076478481292725e-01
-9.529537558555603027e-01
7.246938347816467285e-02
-7.111058384180068970e-02
