4.052004516124725342e-01
1.892959952354431152e+00
1.186371922492980957e+00
5.494471192359924316e-01
1.816188991069793701e-01
1.865505278110504150e-01
-7.939614057540893555e-01
-1.003270864486694336e+00
-1.755124807357788086e+00
1.265494585037231445e+00
2.840020693838596344e-03
-2.204560860991477966e-02
-6.984096169471740723e-01
2.571072280406951904e-01
1.597809605300426483e-02
-1.690368413925170898e+00
-1.656304150819778442e-01
1.055870890617370605e+00
-1.610875725746154785e+00
-1.123953938484191895e+00
1.318167597055435181e-01
1.920350044965744019e-01
5.796174407005310059e-01
3.521564304828643799e-01
5.163049697875976562e-01
-6.433573961257934570e-01
1.549966692924499512e+00
-1.553932309150695801e+00
-1.771335840225219727e+00
-6.386806368827819824e-01
8.396020531654357910e-01
2.371685802936553955e-01
-7.985464334487915039e-01
-2.854804396629333496e-01
-7.677197456359863281e-01
-5.764644593000411987e-02
-9.284284114837646484e-01
-1.523844838142395020e+00
-3.668657690286636353e-02
1.514950633049011230e+00
2.879264354705810547e-01
-1.972934752702713013e-01
-1.264853596687316895e+00
9.845325946807861328e-01
9.305675625801086426e-01
-2.167508453130722046e-01
-5.227645039558410645e-01
-3.051800429821014404e-01
-6.373959183692932129e-01
2.048338174819946289e+00
3.297339975833892822e-01
2.013132423162460327e-01
-8.707077503204345703e-01
-4.173924922943115234e-01
4.978190958499908447e-01
-6.091082692146301270e-01
9.060600996017456055e-01
5.096548199653625488e-01
7.035105824470520020e-01
1.204090595245361328e+00
-1.055256128311157227e+00
3.205448389053344727e-01
-4.082662761211395264e-01
-7.997987866401672363e-01
1.031055092811584473e+00
-1.003793358802795410e+00
-2.103889584541320801e-01
1.439956426620483398e+00
4.534779489040374756e-01
-3.437299430370330811e-01
-1.156133636832237244e-01
-2.656863927841186523e-01
-3.518564999103546143e-02
-2.297995537519454956e-01
5.088964104652404785e-01
1.966785788536071777e+00
8.955239504575729370e-02
1.024805665016174316e+00
3.195059597492218018e-01
2.922430932521820068e-01
-2.470680922269821167e-01
-9.679672122001647949e-01
-6.393709778785705566e-01
-4.246182143688201904e-01
-1.373633295297622681e-01
-8.353965878486633301e-01
4.951252639293670654e-01
1.342475056648254395e+00
1.199206352233886719e+00
-1.942681074142456055e-01
-1.742980957031250000e+00
-2.379581928253173828e+00
1.498316377401351929e-01
-3.451675772666931152e-01
6.635079383850097656e-01
8.431753516197204590e-01
1.434294104576110840e+00
-5.182755589485168457e-01
7.546639442443847656e-01
1.287260532379150391e+00
6.860172152519226074e-01
-2.167717456817626953e+00
-3.797402381896972656e-01
-3.133027553558349609e-01
-1.828177213668823242e+00
-1.170315742492675781e-01
-8.167132139205932617e-01
6.453705430030822754e-01
1.722533822059631348e+00
1.342254042625427246e+00
-3.465496599674224854e-01
-1.405022263526916504e+00
-1.478220462799072266e+00
-5.739391446113586426e-01
2.993744909763336182e-01
9.458030760288238525e-02
1.396158576011657715e+00
-5.477917790412902832e-01
6.244785785675048828e-01
6.337266564369201660e-01
6.059185266494750977e-01
1.110026955604553223e+00
-2.221426248550415039e+00
4.299317598342895508e-01
-9.768667072057723999e-02
1.487578749656677246e+00
2.670644223690032959e-01
-7.457637190818786621e-01
-1.562780141830444336e+00
-1.591452240943908691e+00
-3.690305054187774658e-01
-1.039044380187988281e+00
4.178041964769363403e-02
-1.004494905471801758e+00
-1.006272912025451660e+00
1.897266358137130737e-01
-4.282147437334060669e-02
2.260970324277877808e-01
8.384820073843002319e-03
6.469042301177978516e-01
6.552804112434387207e-01
-8.544718623161315918e-01
1.048596501350402832e+00
-4.815286099910736084e-01
7.196406722068786621e-01
4.632059335708618164e-01
-1.333095192909240723e+00
-2.680390775203704834e-01
7.732952833175659180e-01
-1.063662290573120117e+00
1.103339314460754395e+00
3.133523091673851013e-02
6.043472290039062500e-01
-1.165016770362854004e+00
7.163281440734863281e-01
-5.836843848228454590e-01
-1.304648637771606445e+00
3.781937807798385620e-02
1.506984531879425049e-01
1.157133817672729492e+00
-1.380666345357894897e-01
4.420478343963623047e-01
1.259068012237548828e+00
-5.620774626731872559e-02
1.844135075807571411e-01
-7.628794312477111816e-01
9.734027832746505737e-02
9.542277455329895020e-01
1.433296203613281250e-01
2.980824001133441925e-02
6.567551493644714355e-01
5.106414556503295898e-01
-1.723929166793823242e+00
-5.452669262886047363e-01
-6.537439823150634766e-01
-1.169239759445190430e+00
1.008141517639160156e+00
-7.472432255744934082e-01
-9.806894063949584961e-01
6.132539510726928711e-01
-2.585802376270294189e-01
2.218137532472610474e-01
-3.577410578727722168e-01
-2.814778983592987061e-01
-2.741284072399139404e-01
-8.405507802963256836e-01
1.813617199659347534e-01
-1.642920136451721191e+00
9.401482939720153809e-01
-6.821012496948242188e-01
-1.361992597579956055e+00
-2.441751658916473389e-01
-1.394024491310119629e+00
-7.870128750801086426e-01
7.217779755592346191e-01
4.151231050491333008e-01
2.881009280681610107e-01
-7.590128183364868164e-01
-3.814109265804290771e-01
-8.559910655021667480e-01
6.467856764793395996e-01
2.196349859237670898e+00
-1.411340236663818359e-01
2.378324232995510101e-02
8.831796050071716309e-01
-7.303371429443359375e-01
7.604273408651351929e-02
-5.178042873740196228e-02
9.419757127761840820e-01
-1.035040736198425293e+00
-1.237362027168273926e-01
2.934549748897552490e-01
1.584587454795837402e+00
-1.289861917495727539e+00
5.630845576524734497e-02
6.866839528083801270e-01
-2.880370140075683594e+00
-3.725238442420959473e-01
-1.606899350881576538e-01
1.064739465713500977e+00
6.059442162513732910e-01
6.120389103889465332e-01
1.845049299299716949e-02
1.382069885730743408e-01
4.624737799167633057e-01
-6.332406401634216309e-01
-3.960845768451690674e-01
-7.303166389465332031e-01
-9.541025757789611816e-01
-1.500352770090103149e-01
5.629854202270507812e-01
-8.769348859786987305e-01
3.216421902179718018e-01
1.314675927162170410e+00
-7.962529659271240234e-01
1.050814628601074219e+00
1.095182895660400391e+00
1.100050449371337891e+00
-1.079939723014831543e+00
-1.617915630340576172e+00
1.275369226932525635e-01
4.387394785881042480e-01
-2.472541667520999908e-02
3.528090417385101318e-01
-1.571045517921447754e+00
-5.110860243439674377e-02
4.507873058319091797e-01
1.290717601776123047e+00
1.446130156517028809e+00
6.622873544692993164e-01
-3.036500215530395508e-01
-7.541257143020629883e-01
-1.738287448883056641e+00
1.776520460844039917e-01
8.187558650970458984e-01
-4.082947373390197754e-01
-1.052920937538146973e+00
-1.153592109680175781e+00
6.526710093021392822e-02
5.114875435829162598e-01
2.306742072105407715e-01
-5.178191065788269043e-01
7.740915417671203613e-01
9.542284607887268066e-01
4.902337789535522461e-01
9.355663061141967773e-01
1.429783344268798828e+00
1.190136194229125977e+00
1.454349637031555176e+00
7.899283170700073242e-01
4.844728857278823853e-02
-3.492069244384765625e-01
1.140665411949157715e+00
7.879902124404907227e-01
5.186490714550018311e-02
1.487177014350891113e-01
9.020445942878723145e-01
5.716447234153747559e-01
2.102390527725219727e-01
4.621330797672271729e-01
4.295822083950042725e-01
-7.869110703468322754e-01
1.023892641067504883e+00
6.853531002998352051e-01
-2.109038084745407104e-01
-6.281502842903137207e-01
-2.672930479049682617e+00
-6.144902110099792480e-01
3.010665997862815857e-02
-1.317804813385009766e+00
-8.006085455417633057e-02
-7.341632246971130371e-02
9.023241400718688965e-01
-1.599073410034179688e+00
9.670007973909378052e-03
-2.577274143695831299e-01
-4.987025260925292969e-01
3.102319836616516113e-01
7.293480038642883301e-01
-3.933526873588562012e-01
-5.766788125038146973e-01
-8.164734244346618652e-01
2.006014823913574219e+00
2.349468022584915161e-01
8.285064101219177246e-01
1.092100262641906738e+00
-4.032213687896728516e-01
-6.990994811058044434e-01
-2.395459413528442383e+00
-5.327163934707641602e-01
4.792279303073883057e-01
-1.085136979818344116e-01
-9.095649123191833496e-01
-2.193254470825195312e+00
-5.529690384864807129e-01
-6.420971751213073730e-01
1.042038559913635254e+00
1.091238975524902344e+00
1.717080593109130859e+00
8.141970038414001465e-01
-1.036590218544006348e+00
1.711745262145996094e-01
9.096639156341552734e-01
-4.878394901752471924e-01
-1.676829904317855835e-01
2.301879525184631348e-01
9.794514179229736328e-01
3.397772610187530518e-01
-1.083393335342407227e+00
4.500900804996490479e-01
6.646644473075866699e-01
1.007522821426391602e+00
2.280046939849853516e+00
-1.745671480894088745e-01
4.274721741676330566e-01
2.152605652809143066e-01
-3.500222265720367432e-01
-4.069697558879852295e-01
8.359972238540649414e-01
-1.235370114445686340e-01
5.103951692581176758e-01
-5.607469081878662109e-01
3.385591208934783936e-01
6.300287246704101562e-01
-1.651039600372314453e+00
1.491976141929626465e+00
-3.883128464221954346e-01
-1.690437078475952148e+00
1.568565726280212402e+00
-1.734964609146118164e+00
-6.794347167015075684e-01
7.457040548324584961e-01
2.944244444370269775e-02
-4.053546115756034851e-02
-3.116853833198547363e-01
-2.697587907314300537e-01
-2.309194998815655708e-03
-1.696775436401367188e+00
3.345412909984588623e-01
6.108207106590270996e-01
-6.117918714880943298e-02
7.542767524719238281e-01
2.031377404928207397e-01
-1.384193658828735352e+00
7.995353341102600098e-01
-1.074902653694152832e+00
2.468756288290023804e-01
1.982435733079910278e-01
-4.240103363990783691e-01
-1.271575838327407837e-01
-1.141583397984504700e-01
-6.136447191238403320e-01
-1.497162580490112305e-01
1.531744003295898438e+00
-3.879469335079193115e-01
-7.290781140327453613e-01
5.112357735633850098e-01
7.383241057395935059e-01
-1.654948949813842773e+00
7.798023223876953125e-01
-1.740770190954208374e-01
-3.515725731849670410e-01
-4.998605847358703613e-01
5.889918208122253418e-01
-2.477094084024429321e-01
1.208357095718383789e+00
-7.437263131141662598e-01
-4.778561890125274658e-01
-1.552559286355972290e-01
4.296776354312896729e-01
1.255329728126525879e+00
-3.901205360889434814e-01
8.063508868217468262e-01
-1.658080101013183594e+00
1.108380034565925598e-01
-8.972143530845642090e-01
-2.153462171554565430e-01
7.188642770051956177e-02
4.093336164951324463e-01
2.126579284667968750e-01
1.716151475906372070e+00
-8.768607378005981445e-01
-1.022990703582763672e+00
-7.120836377143859863e-01
1.463428497314453125e+00
7.924361228942871094e-01
1.092642992734909058e-01
2.572837471961975098e-01
2.543652951717376709e-01
3.376427888870239258e-01
3.408081829547882080e-01
-1.385603189468383789e+00
2.746711373329162598e-01
4.835853576660156250e-01
1.352680921554565430e+00
5.657215714454650879e-01
1.792789578437805176e+00
-4.442788362503051758e-01
8.439746499061584473e-01
1.445466399192810059e+00
5.106120109558105469e-01
-1.080600857734680176e+00
5.492984652519226074e-01
3.145402669906616211e-01
-1.541898131370544434e+00
9.707795381546020508e-01
4.451909065246582031e-01
-1.176473379135131836e+00
-3.299157917499542236e-01
-8.035054057836532593e-02
-4.062225222587585449e-01
5.943577885627746582e-01
1.784261226654052734e+00
-8.055975437164306641e-01
-8.010547757148742676e-01
2.084931880235671997e-01
2.581671476364135742e-01
1.182217478752136230e+00
2.368062734603881836e-01
-7.802481651306152344e-01
6.236290186643600464e-02
-7.093111425638198853e-02
-1.452741146087646484e+00
-9.245758652687072754e-01
-3.098140954971313477e-01
-1.460421979427337646e-01
2.684089839458465576e-01
-7.287728786468505859e-01
-6.752330064773559570e-01
-1.097316861152648926e+00
-1.461783766746520996e+00
-1.762399077415466309e+00
-1.071140527725219727e+00
-1.610734820365905762e+00
-9.692401885986328125e-01
-6.948083043098449707e-01
-4.690492525696754456e-02
-6.015074849128723145e-01
-1.570094823837280273e-01
-1.500018715858459473e+00
2.730575799942016602e-01
6.854096651077270508e-01
1.401398926973342896e-01
3.767431154847145081e-02
7.858815789222717285e-01
-8.549316525459289551e-01
-7.284851074218750000e-01
1.115780353546142578e+00
-7.088393568992614746e-01
-7.273702621459960938e-01
5.775777250528335571e-02
-1.172614336013793945e+00
7.153960466384887695e-01
5.355907082557678223e-01
3.355636596679687500e-01
-3.943520188331604004e-01
1.887340694665908813e-01
-7.716174721717834473e-01
-1.866745114326477051e+00
2.187065631151199341e-01
1.577569603919982910e+00
1.849017977714538574e+00
-4.974107146263122559e-01
7.284586429595947266e-01
1.653425216674804688e+00
5.233119726181030273e-01
2.624590694904327393e-01
-1.439580082893371582e+00
1.418935060501098633e+00
4.669458419084548950e-02
1.019371896982192993e-01
1.432249307632446289e+00
1.144911408424377441e+00
9.517840743064880371e-01
-2.805212736129760742e-01
1.341859102249145508e+00
2.386773675680160522e-01
-3.119176626205444336e+00
-3.728039562702178955e-01
-9.974665641784667969e-01
1.446817040443420410e+00
7.508302330970764160e-01
2.739047072827816010e-02
-4.199586212635040283e-01
6.075169444084167480e-01
-1.131953522562980652e-01
-6.904695034027099609e-01
8.548939824104309082e-01
1.178179308772087097e-01
1.213451623916625977e+00
4.216893613338470459e-01
4.877571463584899902e-01
1.526192426681518555e+00
5.211043357849121094e-01
1.256156086921691895e+00
7.452076077461242676e-01
-6.812180876731872559e-01
-1.788568615913391113e+00
-4.786182940006256104e-01
-1.003264188766479492e+00
-1.372086763381958008e+00
-9.596486091613769531e-01
-1.056691169738769531e+00
-9.606841802597045898e-01
1.168365240097045898e+00
8.680341243743896484e-01
-3.433247208595275879e-01
-6.666699647903442383e-01
3.634133934974670410e-01
-9.352019429206848145e-01
3.008971810340881348e-01
7.359967827796936035e-01
2.132412791252136230e-01
-4.223467707633972168e-01
-9.964909553527832031e-01
-1.474131941795349121e+00
-1.096464276313781738e+00
-4.065960943698883057e-01
-9.520934820175170898e-01
-2.074139629257842898e-04
2.584151744842529297e+00
1.652652382850646973e+00
8.932076394557952881e-02
-7.593601346015930176e-01
-2.677201628684997559e-01
-3.272231817245483398e-01
5.939310789108276367e-01
2.691881954669952393e-01
-1.112700462341308594e+00
-6.515821218490600586e-01
-1.382724046707153320e+00
-2.918763086199760437e-02
-6.842533946037292480e-01
-5.327983200550079346e-02
-4.535254538059234619e-01
1.096628427505493164e+00
1.230241417884826660e+00
-2.645415365695953369e-01
-4.596788287162780762e-01
8.451782464981079102e-01
5.677998811006546021e-02
1.596722483634948730e+00
4.084457457065582275e-01
-2.617129087448120117e-01
-4.132315143942832947e-02
-1.565801978111267090e+00
1.082389578223228455e-01
1.666520953178405762e+00
8.211618065834045410e-01
7.139093875885009766e-01
8.601412773132324219e-01
-1.326698213815689087e-01
-4.144236445426940918e-01
3.541946411132812500e-01
6.015163660049438477e-01
-1.769986152648925781e+00
-8.561237454414367676e-01
5.125815272331237793e-01
1.852464079856872559e-01
8.440977334976196289e-01
-6.058484315872192383e-01
2.481240928173065186e-01
-9.207587242126464844e-01
-1.093007564544677734e+00
3.282530605792999268e-02
9.474523067474365234e-01
-1.140401840209960938e+00
-1.305541992187500000e-01
-9.926242232322692871e-01
-1.573336005210876465e+00
9.630864486098289490e-03
-2.096702098846435547e+00
3.142727911472320557e-01
6.999480128288269043e-01
2.405006885528564453e-01
8.465876430273056030e-02
2.001910060644149780e-01
-2.864762842655181885e-01
-1.991048604249954224e-01
-4.688799083232879639e-01
1.989144980907440186e-01
-6.724856495857238770e-01
1.891693234443664551e+00
-7.512262463569641113e-01
-3.425041139125823975e-01
1.454946398735046387e-01
-1.658602803945541382e-01
-1.697757363319396973e+00
-5.991106629371643066e-01
-2.299829572439193726e-01
-1.193361759185791016e+00
-3.147773444652557373e-01
2.080970764160156250e+00
3.578806221485137939e-01
-1.187827229499816895e+00
1.909643560647964478e-01
-2.560316324234008789e-01
-2.235177457332611084e-01
-8.026135563850402832e-01
-4.501059353351593018e-01
3.700272440910339355e-01
6.107633709907531738e-01
4.654062092304229736e-01
2.258433580398559570e+00
-2.643397450447082520e-01
-2.693507671356201172e-01
2.119797915220260620e-01
1.083939075469970703e+00
1.015561699867248535e+00
-8.966274261474609375e-01
-1.011064499616622925e-01
-2.917824983596801758e-01
3.412545919418334961e-01
-4.527100026607513428e-01
-2.213183417916297913e-02
2.396655678749084473e-01
1.155322194099426270e+00
5.607728958129882812e-01
-1.101185828447341919e-01
-3.719360530376434326e-01
1.590934634208679199e+00
2.743393778800964355e-01
1.855362653732299805e-01
1.460300803184509277e+00
1.082878351211547852e+00
-3.929480075836181641e+00
-1.183313369750976562e+00
-7.223152518272399902e-01
2.791003137826919556e-02
1.510338068008422852e+00
-7.126180082559585571e-02
7.201485633850097656e-01
-2.808249890804290771e-01
2.289638996124267578e+00
1.185968995094299316e+00
-1.126051425933837891e+00
-8.115063309669494629e-01
-4.370423316955566406e+00
5.255476832389831543e-01
8.882824182510375977e-01
-1.582074016332626343e-01
-7.410865277051925659e-02
-1.377760916948318481e-01
-7.140292525291442871e-01
1.187565684318542480e+00
1.244860053062438965e+00
-9.147940576076507568e-02
3.808479309082031250e-01
1.130857765674591064e-01
-2.753700494766235352e+00
-1.545971035957336426e+00
-1.729434251785278320e+00
6.637172698974609375e-01
4.133663177490234375e-01
1.107673645019531250e+00
-1.089447923004627228e-02
9.363139271736145020e-01
3.611849248409271240e-01
1.480786561965942383e+00
2.194177955389022827e-01
2.052843570709228516e-01
-4.841601550579071045e-01
2.612312436103820801e-01
1.209159016609191895e+00
-1.479774832725524902e+00
1.435009956359863281e+00
-1.644605636596679688e+00
-2.443239927291870117e+00
-2.728984594345092773e+00
1.230417251586914062e+00
-3.129577636718750000e-02
-2.084390074014663696e-01
-7.400152087211608887e-01
-5.288277268409729004e-01
-1.366668462753295898e+00
1.835123419761657715e+00
-7.556514441967010498e-02
3.254323005676269531e-01
-7.037014961242675781e-01
8.456150889396667480e-01
1.769260019063949585e-01
2.907421439886093140e-02
-6.573960185050964355e-01
1.861973255872726440e-01
5.170404314994812012e-01
-1.594442129135131836e-02
3.326857089996337891e-01
2.945695631206035614e-02
4.385969340801239014e-01
-7.761961221694946289e-01
2.620510458946228027e-01
-1.597815275192260742e+00
-1.447945475578308105e+00
-1.673860192298889160e+00
-6.577988266944885254e-01
-9.802800416946411133e-01
3.392543196678161621e-01
-1.923194527626037598e+00
5.721371173858642578e-01
5.955238342285156250e-01
-3.676657378673553467e-01
3.396200656890869141e+00
6.590682268142700195e-01
1.535907030105590820e+00
-4.260052442550659180e-01
-1.069274663925170898e+00
-7.234026789665222168e-01
-1.172936081886291504e+00
3.635007441043853760e-01
2.850321829319000244e-01
7.300279140472412109e-01
7.598561048507690430e-02
-2.246264457702636719e+00
1.596169024705886841e-01
1.336220979690551758e+00
3.889331817626953125e-01
8.805458247661590576e-02
-8.709321022033691406e-01
-1.859239339828491211e-01
-1.586507916450500488e+00
-3.394465446472167969e-01
-1.407126426696777344e+00
2.405240237712860107e-01
7.241576313972473145e-01
-5.766547322273254395e-01
-1.687393426895141602e+00
1.196045637130737305e+00
-1.506379604339599609e+00
9.163289070129394531e-01
-1.329871535301208496e+00
2.209801673889160156e-01
1.458987236022949219e+00
-1.891743898391723633e+00
4.819185435771942139e-01
2.332075498998165131e-02
3.750137686729431152e-01
-5.544011667370796204e-02
-4.523910284042358398e-01
-1.661772578954696655e-01
-2.127830497920513153e-02
-1.923437416553497314e-01
-4.484862089157104492e-02
1.704082608222961426e+00
-2.812641561031341553e-01
-7.866703718900680542e-02
7.709839940071105957e-01
2.167053073644638062e-01
6.845642626285552979e-02
