8.484071493148803711e-01
4.837775230407714844e-01
-7.875504344701766968e-02
-1.202134266495704651e-01
-3.101800084114074707e-01
-2.246386110782623291e-01
5.202693343162536621e-01
-1.999597996473312378e-01
-5.448786616325378418e-01
7.873412370681762695e-01
1.607981204986572266e+00
-4.286137521266937256e-01
3.150452077388763428e-01
8.594611287117004395e-02
1.091419607400894165e-01
-8.600725233554840088e-02
-5.990955829620361328e-01
2.577853202819824219e-01
1.111334323883056641e+00
2.143466025590896606e-01
5.166712999343872070e-01
-2.584871351718902588e-01
1.227091431617736816e+00
-1.423813849687576294e-01
5.315825343132019043e-01
-6.450082659721374512e-01
-1.105190813541412354e-01
-4.262890219688415527e-01
-1.040468573570251465e+00
5.225520133972167969e-01
1.071098074316978455e-01
1.824782639741897583e-01
-5.670193433761596680e-01
8.883404545485973358e-03
2.655844688415527344e-01
-6.709504723548889160e-01
1.103903502225875854e-01
-1.171792626380920410e+00
-3.473411127924919128e-02
1.281059384346008301e+00
-1.493545770645141602e+00
-9.210601449012756348e-01
2.851621247828006744e-02
-2.835223972797393799e-01
-2.117342501878738403e-01
-1.380973905324935913e-01
2.966032922267913818e-01
-4.059350490570068359e-01
-1.524806022644042969e-01
5.381797552108764648e-01
-1.046789526939392090e+00
-1.041093945503234863e+00
7.323235273361206055e-02
-1.612668633460998535e-01
-2.997820973396301270e-01
-9.381265640258789062e-01
-6.446439623832702637e-01
-1.076885834336280823e-01
3.491393625736236572e-01
5.857335925102233887e-01
1.491187453269958496e+00
7.399310916662216187e-02
6.419648528099060059e-01
-6.875267624855041504e-01
4.884433746337890625e-01
3.373764157295227051e-01
-5.980771407485008240e-02
-5.168588161468505859e-01
7.363613843917846680e-01
-7.287796586751937866e-02
-1.731259673833847046e-01
1.182211160659790039e+00
-4.914382100105285645e-01
-7.120321393013000488e-01
2.190764546394348145e-01
2.760553658008575439e-01
1.846850067377090454e-01
-2.940415740013122559e-01
-5.660614371299743652e-01
4.402020573616027832e-01
8.753581643104553223e-01
1.896639168262481689e-01
-1.653279423713684082e+00
2.258994057774543762e-02
-2.045058757066726685e-01
6.981899738311767578e-01
-2.286874204874038696e-01
1.545442342758178711e-01
-9.618719816207885742e-01
-6.609128117561340332e-01
-4.711254239082336426e-01
-8.005885481834411621e-01
-7.447340339422225952e-02
1.090442895889282227e+00
4.960107803344726562e-02
4.297693967819213867e-01
6.346276402473449707e-01
2.966275438666343689e-03
-1.004768610000610352e+00
-5.602491497993469238e-01
-2.607176899909973145e-01
-3.387647122144699097e-02
-8.184247016906738281e-01
-4.475539028644561768e-01
-1.043029189109802246e+00
-3.046006858348846436e-01
-5.885533522814512253e-03
3.536842167377471924e-01
-1.499471217393875122e-01
-1.030016466975212097e-01
6.738149374723434448e-02
1.141813039779663086e+00
2.440273016691207886e-01
-1.715429276227951050e-01
5.190968513488769531e-01
1.697738319635391235e-01
-2.487967759370803833e-01
-3.758198320865631104e-01
3.419629335403442383e-01
5.839362144470214844e-01
-1.108198612928390503e-01
1.212107300758361816e+00
-1.635443210601806641e+00
1.579207926988601685e-01
6.677815318107604980e-01
2.572401762008666992e-01
8.581885695457458496e-01
8.953801393508911133e-01
-2.005508661270141602e+00
-9.850605726242065430e-01
2.188339829444885254e-02
-1.400020360946655273e+00
3.560004234313964844e-01
2.760261856019496918e-02
-8.255581855773925781e-01
-5.915955454111099243e-02
1.069076731801033020e-01
-5.753291249275207520e-01
-6.894042491912841797e-01
-3.895397484302520752e-01
-1.221096888184547424e-01
7.393088191747665405e-02
6.625974774360656738e-01
1.374938845634460449e+00
3.632076978683471680e-01
-6.100499629974365234e-01
-1.469398021697998047e+00
-1.920840889215469360e-01
-9.782159924507141113e-01
-5.220105871558189392e-02
1.457293629646301270e+00
-3.206010535359382629e-02
2.928398549556732178e-01
-1.988105028867721558e-01
8.020652532577514648e-01
-1.728391498327255249e-01
-8.860871195793151855e-01
-3.078008890151977539e-01
-2.249330878257751465e-01
8.119224309921264648e-01
7.539924979209899902e-01
-3.241908550262451172e-01
5.471746325492858887e-01
-3.987967669963836670e-01
5.602610111236572266e-01
-7.375737279653549194e-02
-4.938502907752990723e-01
4.526603817939758301e-01
2.464437633752822876e-01
3.963396251201629639e-01
-3.027846217155456543e-01
-1.535406231880187988e+00
-1.424655675888061523e+00
1.765103816986083984e+00
5.809010863304138184e-01
6.608495712280273438e-01
2.387256771326065063e-01
4.557624459266662598e-01
-4.716689884662628174e-02
1.893480300903320312e+00
-2.330222167074680328e-02
4.052018523216247559e-01
-1.602925918996334076e-02
6.604002118110656738e-01
6.094713807106018066e-01
-5.907352566719055176e-01
-1.624341726303100586e+00
3.724460899829864502e-01
-5.947728157043457031e-01
1.958897523581981659e-02
-5.602353215217590332e-01
-2.684552073478698730e-01
4.233708977699279785e-01
1.220700502395629883e+00
-3.240228891372680664e-01
-3.607203364372253418e-01
8.126003295183181763e-02
-2.758780419826507568e-01
1.184607028961181641e+00
-5.816605091094970703e-01
3.928565979003906250e-01
6.410839557647705078e-01
1.542355656623840332e+00
-6.036345958709716797e-01
1.152943611145019531e+00
-6.496692895889282227e-01
-3.510176017880439758e-02
-3.703976571559906006e-01
6.790204644203186035e-01
-8.947749137878417969e-01
-2.083912789821624756e-01
-6.457748413085937500e-01
6.214925646781921387e-01
6.655566692352294922e-01
2.475724965333938599e-01
8.296331763267517090e-01
1.290160536766052246e+00
1.818107217550277710e-01
4.645104706287384033e-02
-8.271283507347106934e-01
-3.758869767189025879e-01
9.888173341751098633e-01
9.552522897720336914e-01
2.889124751091003418e-01
-1.198198795318603516e+00
8.847631216049194336e-01
6.547012925148010254e-01
-1.407654285430908203e-01
1.545245498418807983e-01
-7.426287531852722168e-01
-2.625948190689086914e-02
-6.464428901672363281e-01
-2.121174009516835213e-03
1.261576652526855469e+00
7.143204808235168457e-01
4.727866947650909424e-01
5.360075235366821289e-01
-3.876048624515533447e-01
-8.643925189971923828e-01
8.929806947708129883e-01
2.535784803330898285e-02
-7.641834020614624023e-01
-5.029056668281555176e-01
6.414655447006225586e-01
-1.360960245132446289e+00
-1.979019492864608765e-01
2.535281777381896973e-01
-1.159977242350578308e-01
4.592692852020263672e-01
-4.984638988971710205e-01
2.699169516563415527e-01
2.532448433339595795e-02
-9.206087887287139893e-02
-5.188351869583129883e-01
9.873206615447998047e-01
6.782331466674804688e-01
-1.580631285905838013e-01
3.502481281757354736e-01
-1.759899407625198364e-02
4.348368048667907715e-01
6.902063488960266113e-01
-2.940038144588470459e-01
-6.484755873680114746e-02
-9.733970761299133301e-01
-1.315371394157409668e+00
2.589572966098785400e-01
6.695557385683059692e-02
1.869111806154251099e-01
2.598614692687988281e-01
1.406240165233612061e-01
-5.580896139144897461e-01
1.244100689888000488e+00
1.582835078239440918e+00
3.774237632751464844e-01
-7.841249704360961914e-01
2.138817310333251953e-01
-9.563421830534934998e-03
-1.185433864593505859e+00
1.500308960676193237e-01
1.898124516010284424e-01
5.255107283592224121e-01
1.166087016463279724e-01
6.470930576324462891e-01
2.500393986701965332e-01
1.257951855659484863e+00
2.152791470289230347e-01
1.134934201836585999e-01
1.621347069740295410e-01
5.605063438415527344e-01
-5.208690762519836426e-01
-1.091584801673889160e+00
3.955477774143218994e-01
-5.765492469072341919e-02
-1.206467032432556152e+00
-4.638295993208885193e-02
-5.395485162734985352e-01
4.374583438038825989e-02
1.969847977161407471e-01
3.238728642463684082e-01
3.733216524124145508e-01
1.450348645448684692e-01
-1.331760048866271973e+00
8.023151755332946777e-01
-1.645803749561309814e-01
4.347467124462127686e-01
-7.638855576515197754e-01
6.362668871879577637e-01
1.219732221215963364e-02
-1.429250985383987427e-01
1.290102303028106689e-01
-1.068898081779479980e+00
-1.432566046714782715e+00
-8.993083238601684570e-01
9.420701861381530762e-01
-9.818317890167236328e-01
6.918526440858840942e-02
1.866634011268615723e+00
1.320914149284362793e+00
4.791082143783569336e-01
2.311895936727523804e-01
-1.099524974822998047e+00
9.392546415328979492e-01
1.151690483093261719e+00
-1.613757967948913574e+00
7.723888009786605835e-02
8.511007577180862427e-02
-1.224535584449768066e+00
-2.752897739410400391e-01
-1.035163044929504395e+00
-4.291763603687286377e-01
-1.359796375036239624e-01
-5.686534643173217773e-01
9.694607555866241455e-02
-4.514122903347015381e-01
7.304742932319641113e-01
-5.209348350763320923e-02
-3.390291929244995117e-01
-6.082243099808692932e-02
7.532631754875183105e-01
-2.184808105230331421e-01
-1.246702447533607483e-01
-9.389694929122924805e-01
6.330153942108154297e-01
5.960823297500610352e-01
-8.270688056945800781e-01
8.749465942382812500e-01
-1.390494823455810547e+00
5.035924315452575684e-01
-4.481014013290405273e-01
-9.029281139373779297e-02
-1.114220023155212402e+00
-5.951675772666931152e-01
1.253897905349731445e+00
-1.119294166564941406e+00
-9.329376816749572754e-01
3.906054496765136719e-01
-2.987899482250213623e-01
-1.727404236793518066e+00
4.371674954891204834e-01
1.167983770370483398e+00
-2.598807215690612793e-01
-2.181827872991561890e-01
-4.323468208312988281e-01
-6.769015192985534668e-01
-1.406944990158081055e+00
5.817726626992225647e-02
7.730163335800170898e-01
4.310150444507598877e-01
-4.620252251625061035e-01
4.071666598320007324e-01
1.738945692777633667e-01
9.168097972869873047e-01
-5.308552384376525879e-01
1.612982034683227539e+00
4.298527240753173828e-01
-1.097185537219047546e-01
-7.333093881607055664e-01
-6.554619222879409790e-02
-4.785841330885887146e-02
1.487041860818862915e-01
4.876994192600250244e-01
6.197477579116821289e-01
-1.966713666915893555e-01
-5.761970877647399902e-01
-1.042523026466369629e+00
-2.916403114795684814e-01
-2.144373953342437744e-01
-5.608741044998168945e-01
5.863164663314819336e-01
1.059666395187377930e+00
2.133073568344116211e+00
-2.440998405218124390e-01
1.199974343180656433e-01
-1.167419180274009705e-01
7.773410677909851074e-01
3.052340447902679443e-01
-3.071723580360412598e-01
3.487893193960189819e-02
-8.680102974176406860e-02
4.465851485729217529e-01
-1.371401101350784302e-01
-6.431589126586914062e-01
-1.721286475658416748e-01
-7.776190042495727539e-01
-7.845442891120910645e-01
3.069745600223541260e-01
-6.925008296966552734e-01
9.081228971481323242e-01
6.278944015502929688e-01
-7.863663434982299805e-01
-1.073051691055297852e+00
-6.215313076972961426e-01
-6.980529427528381348e-01
-1.862532943487167358e-01
1.065326571464538574e+00
1.424210548400878906e+00
-3.301171362400054932e-01
5.252529382705688477e-01
-4.074292480945587158e-01
1.588566780090332031e+00
-3.743825554847717285e-01
-1.364598393440246582e+00
8.674671649932861328e-01
4.337181448936462402e-01
-7.449598908424377441e-01
1.537175625562667847e-01
-1.416433095932006836e+00
-2.912572920322418213e-01
-8.345093131065368652e-01
-6.382349729537963867e-01
-2.156234979629516602e-01
8.129857778549194336e-01
1.108580470085144043e+00
-1.076589822769165039e+00
4.636134207248687744e-02
-1.786183416843414307e-01
4.815599620342254639e-01
1.383089661598205566e+00
-3.440575301647186279e-02
7.556160092353820801e-01
4.891102313995361328e-01
9.197846055030822754e-01
1.801525242626667023e-02
-9.955634176731109619e-02
3.695526123046875000e-01
-4.250236451625823975e-01
2.385174781084060669e-01
-1.665145456790924072e-01
-1.096812367439270020e+00
-1.627849698066711426e+00
5.805627908557653427e-03
-3.868181109428405762e-01
3.343767821788787842e-01
-1.369421958923339844e+00
-2.228266149759292603e-01
-7.805895805358886719e-02
3.632055521011352539e-01
9.966410398483276367e-01
-1.019420335069298744e-03
-1.029948949813842773e+00
2.099925577640533447e-01
5.564380288124084473e-01
-4.562231004238128662e-01
7.818697690963745117e-01
1.230453625321388245e-01
-6.930397748947143555e-01
-2.438477873802185059e-01
7.964800596237182617e-01
-2.921448647975921631e-01
1.236347913742065430e+00
-2.545542120933532715e-01
-1.144064307212829590e+00
-8.992655277252197266e-01
-3.036914467811584473e-01
3.138128817081451416e-01
3.798931241035461426e-01
1.031991362571716309e+00
-2.556311488151550293e-01
-1.360716819763183594e+00
-1.512485295534133911e-01
8.463296294212341309e-01
-3.411476314067840576e-01
-2.136754058301448822e-02
4.879382848739624023e-01
1.495736986398696899e-01
2.055263519287109375e-01
-3.076713085174560547e-01
-1.202975392341613770e+00
-1.521456837654113770e-01
-7.650056481361389160e-01
1.155232548713684082e+00
4.472138583660125732e-01
-9.274296164512634277e-01
1.007063269615173340e+00
-8.736791461706161499e-02
3.448802530765533447e-01
-1.814133644104003906e+00
-3.920841217041015625e+00
1.227732673287391663e-01
-4.847379326820373535e-01
-7.807198166847229004e-02
5.099182724952697754e-01
-4.453075230121612549e-01
2.924619913101196289e-01
-5.079395174980163574e-01
2.946703732013702393e-01
-2.874726653099060059e-01
-1.401325464248657227e-01
6.147587895393371582e-01
7.889358401298522949e-01
6.948972940444946289e-01
-5.515492558479309082e-01
-3.141901195049285889e-01
3.537474572658538818e-01
8.592086434364318848e-01
5.026438832283020020e-01
-1.184991955757141113e+00
4.131035134196281433e-02
1.631503999233245850e-01
-2.226714603602886200e-02
-3.501397371292114258e-01
-7.210574746131896973e-01
-6.569570302963256836e-01
3.050318360328674316e-01
5.481986403465270996e-01
2.345942705869674683e-01
-1.489306807518005371e+00
9.795941412448883057e-02
2.313604205846786499e-01
4.336906597018241882e-02
-1.471797585487365723e+00
1.853736639022827148e+00
8.272691965103149414e-01
6.874546408653259277e-01
2.280433289706707001e-02
-1.397045731544494629e+00
6.881774961948394775e-02
3.042978942394256592e-01
-1.803890109062194824e+00
5.288428068161010742e-01
-6.931951735168695450e-03
2.151332348585128784e-01
5.069257318973541260e-02
-3.068823218345642090e-01
8.373280763626098633e-01
-7.767183780670166016e-01
5.988891422748565674e-02
8.119827508926391602e-01
-1.014627218246459961e+00
8.878875374794006348e-01
-5.356820225715637207e-01
-8.758936524391174316e-01
-8.725730776786804199e-01
-8.886138200759887695e-01
3.687580302357673645e-02
1.293267488479614258e+00
-1.116078257560729980e+00
3.183543682098388672e-01
-1.591940969228744507e-01
-8.960863947868347168e-01
1.014636278152465820e+00
1.473094463348388672e+00
-1.654799878597259521e-01
-9.653126597404479980e-01
-2.427124530076980591e-01
4.065860211849212646e-01
4.349946677684783936e-01
3.938314914703369141e-01
1.611424803733825684e+00
-3.041060268878936768e-01
6.761909127235412598e-01
1.446835696697235107e-01
-5.172747373580932617e-01
-2.183316648006439209e-01
2.076230570673942566e-02
-6.693998575210571289e-01
-2.010899484157562256e-01
-1.609680950641632080e-01
1.960484266281127930e+00
-4.761627689003944397e-02
-8.116992115974426270e-01
7.363570332527160645e-01
-1.267819106578826904e-01
-4.140576422214508057e-01
2.522335052490234375e-01
1.270797848701477051e-01
-4.558243751525878906e-01
-1.619844317436218262e+00
-4.483291506767272949e-01
5.800248980522155762e-01
-8.112823963165283203e-02
-7.999867200851440430e-02
3.232273459434509277e-02
2.237262278795242310e-01
1.812602393329143524e-02
-4.552562832832336426e-01
1.767974793910980225e-01
2.036032229661941528e-01
-1.881406605243682861e-01
-2.958635091781616211e-01
-4.442579299211502075e-02
-1.603210091590881348e+00
9.207361936569213867e-01
6.442853808403015137e-01
7.724961638450622559e-01
-6.630907058715820312e-01
-1.273123025894165039e-01
-1.744708657264709473e+00
-5.597217082977294922e-01
8.622979372739791870e-02
-2.412464022636413574e-01
-3.411075770854949951e-01
6.295225024223327637e-01
-6.605669856071472168e-01
-2.337738722562789917e-01
-5.691658258438110352e-01
-9.472682476043701172e-01
-5.608425140380859375e-01
-5.008705258369445801e-01
2.324903458356857300e-01
-4.623399674892425537e-02
8.345336318016052246e-01
-2.013061046600341797e+00
-5.777718424797058105e-01
1.052579507231712341e-01
1.016237854957580566e+00
6.267793178558349609e-01
2.532626092433929443e-01
1.448749661445617676e+00
-3.180804252624511719e-01
-1.812451630830764771e-01
3.377888798713684082e-01
5.636962056159973145e-01
1.263341546058654785e+00
8.131564259529113770e-01
-8.426340818405151367e-01
-4.227072596549987793e-01
-1.175845116376876831e-01
6.899966001510620117e-01
8.829595446586608887e-01
-3.319462835788726807e-01
2.183766365051269531e-01
-9.441124200820922852e-01
4.897081553936004639e-01
-6.352436542510986328e-01
2.915704250335693359e+00
-4.682130813598632812e-01
4.755076467990875244e-01
9.185817837715148926e-02
-8.333703875541687012e-02
2.256709635257720947e-01
3.712903261184692383e-01
-8.182520270347595215e-01
2.407718151807785034e-01
5.494439601898193359e-01
-9.905108809471130371e-01
-9.676506519317626953e-01
-2.543637275695800781e+00
-5.996431037783622742e-02
2.549000680446624756e-01
-7.832631468772888184e-02
4.445865750312805176e-02
-9.550496935844421387e-02
3.361592590808868408e-01
6.457598805427551270e-01
5.463321506977081299e-02
-5.206229090690612793e-01
-4.362024068832397461e-01
3.684699535369873047e-01
-1.113323092460632324e+00
-1.538004726171493530e-01
5.892940163612365723e-01
9.094647169113159180e-01
1.451072454452514648e+00
2.038353383541107178e-01
-4.820427000522613525e-01
-3.592107892036437988e-01
-7.116395235061645508e-01
-3.003939613699913025e-02
8.273906260728836060e-02
-2.198957204818725586e-01
-7.998234033584594727e-02
-1.850610673427581787e-01
1.014775514602661133e+00
2.590937018394470215e-01
1.170175373554229736e-01
-1.360504865646362305e+00
-1.884069875814020634e-03
-1.794203639030456543e+00
2.065002620220184326e-01
-1.036773920059204102e+00
-5.849868655204772949e-01
5.044381618499755859e-01
-3.723060786724090576e-01
-2.555124163627624512e-01
8.376732468605041504e-01
-4.861357212066650391e-01
-2.156563661992549896e-02
-4.568083211779594421e-02
5.132981538772583008e-01
2.741352617740631104e-01
-1.830138683319091797e+00
-2.040303125977516174e-02
-2.137926816940307617e-01
3.691016435623168945e-01
-3.269758448004722595e-02
6.197161674499511719e-01
-5.877413153648376465e-01
-3.215535879135131836e-01
1.127567768096923828e+00
-9.650043249130249023e-01
-2.479327172040939331e-01
1.186577305197715759e-01
-1.073648691177368164e+00
-1.036683917045593262e+00
6.366405487060546875e-01
8.147408366203308105e-01
-8.621706366539001465e-01
7.899820804595947266e-01
-2.591024935245513916e-01
-1.369907855987548828e+00
-9.722606837749481201e-02
-1.110242962837219238e+00
-1.360914558172225952e-01
-8.017718791961669922e-02
4.194414708763360977e-03
-1.087866425514221191e+00
9.212682843208312988e-01
1.142850399017333984e+00
-8.246576786041259766e-01
3.506182730197906494e-01
-1.097100615501403809e+00
7.634388208389282227e-01
2.563887834548950195e-01
1.739838421344757080e-01
1.003797173500061035e+00
-6.410146355628967285e-01
9.583669900894165039e-02
4.594119489192962646e-01
-6.809843182563781738e-01
5.155099034309387207e-01
-8.957177400588989258e-01
9.704385995864868164e-01
1.336699366569519043e+00
1.104920655488967896e-01
-3.596374094486236572e-01
-3.729016184806823730e-01
-5.985481739044189453e-01
-1.100516840815544128e-01
-2.222364097833633423e-01
9.230076074600219727e-01
-1.494680404663085938e+00
-2.613636553287506104e-01
-1.806072443723678589e-01
-1.541151758283376694e-02
-1.664058923721313477e+00
-5.549103617668151855e-01
-1.817201822996139526e-01
4.044761657714843750e-01
6.873484253883361816e-01
-2.212593704462051392e-01
1.235616430640220642e-01
5.887277126312255859e-01
4.298160672187805176e-01
7.011967301368713379e-01
-1.949756741523742676e-01
-7.109491229057312012e-01
-1.644110232591629028e-01
