-4.576679468154907227e-01
5.736927390098571777e-01
2.133023440837860107e-01
-5.835402756929397583e-02
1.139939427375793457e+00
6.712505221366882324e-01
2.471470236778259277e-01
4.338934123516082764e-01
-4.482610821723937988e-01
-3.648426756262779236e-02
8.040618896484375000e-01
-2.709423303604125977e-01
1.046197175979614258e+00
1.028831079602241516e-01
5.880817770957946777e-01
-1.888932943344116211e+00
4.994855225086212158e-01
7.759849429130554199e-01
1.464841008186340332e+00
-2.630049288272857666e-01
-7.880048751831054688e-01
2.605378627777099609e-01
1.672393560409545898e+00
1.015529274940490723e+00
-2.531390786170959473e-01
-7.124583125114440918e-01
-3.069623410701751709e-01
-4.638628065586090088e-01
-5.969320535659790039e-01
-9.990070462226867676e-01
5.412842631340026855e-01
1.194468975067138672e+00
1.024928808212280273e+00
1.103892207145690918e+00
2.052707523107528687e-01
3.266461193561553955e-01
2.035426378250122070e+00
-1.580933094024658203e+00
2.715368755161762238e-02
1.748447716236114502e-01
5.263227224349975586e-01
-5.473179817199707031e-01
6.191954761743545532e-02
1.486086606979370117e+00
-3.275065720081329346e-01
-3.437273502349853516e-01
1.235482811927795410e+00
1.196787357330322266e-01
-7.042199373245239258e-02
-9.282830953598022461e-01
3.956565558910369873e-01
-9.433380961418151855e-01
1.083953306078910828e-01
4.675245285034179688e-02
3.985970020294189453e-01
1.029827967286109924e-01
-2.156605124473571777e-01
6.755570173263549805e-01
-6.864470243453979492e-01
6.024342179298400879e-01
-9.704946875572204590e-01
-5.482553243637084961e-01
1.307115077972412109e+00
-9.756558537483215332e-01
4.427178204059600830e-01
-1.048130631446838379e+00
6.341496706008911133e-01
1.296420454978942871e+00
-5.449769496917724609e-01
-9.660609960556030273e-01
1.941767781972885132e-01
1.168003603816032410e-01
-2.769104242324829102e-01
-1.343064546585083008e+00
1.145301461219787598e+00
-1.366930484771728516e+00
1.766360104084014893e-01
2.929072976112365723e-01
-3.535262867808341980e-02
-2.484148591756820679e-01
1.156760811805725098e+00
-5.048171281814575195e-01
-3.827526569366455078e-01
6.023476719856262207e-01
-1.114830374717712402e+00
1.657839179039001465e+00
-1.645997524261474609e+00
7.017622888088226318e-02
-2.289741039276123047e+00
2.630561590194702148e-01
-9.626311659812927246e-01
2.994622886180877686e-01
-6.232407689094543457e-01
6.229257583618164062e-01
-8.030723929405212402e-01
-1.944189518690109253e-01
6.033216714859008789e-01
1.305205941200256348e+00
1.360422611236572266e+00
5.460035800933837891e-01
-9.377449005842208862e-02
-4.381448403000831604e-02
8.256262540817260742e-01
-4.633496105670928955e-01
1.071987390518188477e+00
-4.921765923500061035e-01
3.422264754772186279e-01
-3.539813682436943054e-02
1.571985721588134766e+00
1.703711152076721191e-01
8.675344586372375488e-01
9.989296197891235352e-01
-1.277635812759399414e+00
-4.414197802543640137e-01
3.512583673000335693e-01
2.075971513986587524e-01
-3.449965417385101318e-01
-1.508416771888732910e+00
1.107500195503234863e-01
-8.399416804313659668e-01
-3.650182783603668213e-01
8.792699575424194336e-01
-1.231300234794616699e+00
6.123902201652526855e-01
1.349009156227111816e+00
4.160733520984649658e-01
1.552965402603149414e+00
-1.066694930195808411e-01
3.784783780574798584e-01
-6.831206083297729492e-01
9.651401042938232422e-01
-1.018987894058227539e+00
4.185993373394012451e-01
-5.732743740081787109e-01
-1.323297023773193359e+00
1.057312846183776855e+00
-7.629353404045104980e-01
-8.564968705177307129e-01
-3.914725184440612793e-01
-5.951596498489379883e-01
-1.806209444999694824e+00
-3.680746257305145264e-01
7.410557270050048828e-01
5.870136618614196777e-01
1.001634836196899414e+00
-1.079149484634399414e+00
-1.107125997543334961e+00
-9.551934152841567993e-02
-7.006164193153381348e-01
-1.782948374748229980e-01
1.646188348531723022e-01
4.778546094894409180e-01
9.427946805953979492e-01
-8.634308725595474243e-02
1.543678998947143555e+00
1.081126093864440918e+00
8.564409017562866211e-01
-7.610471919178962708e-03
-7.428463101387023926e-01
8.002145886421203613e-01
7.967989444732666016e-01
-4.511028826236724854e-01
3.538155555725097656e-02
-6.152317523956298828e-01
-4.696075916290283203e-01
1.648323178291320801e+00
-1.378191411495208740e-01
-1.587861031293869019e-01
7.211552858352661133e-01
-4.398764073848724365e-01
-6.725803613662719727e-01
8.966468158178031445e-04
-1.269447088241577148e+00
2.605972290039062500e-01
-4.258815944194793701e-01
-1.124242424964904785e+00
-2.682889103889465332e-01
-3.201941251754760742e-01
-1.118937492370605469e+00
1.293274521827697754e+00
-7.731952071189880371e-01
1.301695585250854492e+00
8.363610506057739258e-01
-1.089211225509643555e+00
9.551284909248352051e-01
-4.164125025272369385e-01
-1.688082933425903320e+00
-5.634186863899230957e-01
-2.950058281421661377e-01
-2.771155238151550293e-01
-6.469848752021789551e-01
-4.977457523345947266e-01
5.268080830574035645e-01
6.441988348960876465e-01
-4.296388328075408936e-01
-2.667672336101531982e-01
-9.026493430137634277e-01
-1.202429413795471191e+00
-2.282546758651733398e+00
-4.828929305076599121e-01
9.383089840412139893e-02
-7.852438092231750488e-01
1.623225331306457520e+00
-8.574872016906738281e-01
1.245827451348304749e-01
-3.076953887939453125e-01
-7.052291631698608398e-01
1.211404323577880859e+00
-6.669010035693645477e-03
-1.073566079139709473e+00
-1.008600354194641113e+00
-1.008962541818618774e-01
9.805204272270202637e-01
7.751204967498779297e-01
-1.247239232063293457e+00
1.613817691802978516e+00
2.369068384170532227e+00
-1.182631254196166992e+00
-8.385187387466430664e-01
-5.217361450195312500e-01
2.286056578159332275e-01
1.118333697319030762e+00
-9.976373314857482910e-01
8.231185078620910645e-01
-1.890468955039978027e+00
-7.112835645675659180e-01
5.583886504173278809e-01
-9.117198586463928223e-01
-5.967565774917602539e-01
2.071159034967422485e-01
-1.580207943916320801e-01
-3.451285362243652344e-01
5.048008635640144348e-02
6.087565049529075623e-02
1.169799804687500000e+00
-6.917779445648193359e-01
1.371271014213562012e+00
1.473576307296752930e+00
-8.408157825469970703e-01
-6.861163377761840820e-01
2.938158512115478516e-01
-1.968152403831481934e+00
-1.364140957593917847e-01
1.094110131263732910e+00
-1.319072484970092773e+00
-2.106588631868362427e-01
1.782488822937011719e-01
7.363963723182678223e-01
1.508555114269256592e-01
1.363726425915956497e-02
-1.100401520729064941e+00
-1.278785765171051025e-01
1.257804781198501587e-01
-1.540950220078229904e-02
-1.195300340652465820e+00
1.283552646636962891e+00
-3.239496648311614990e-01
-8.915494084358215332e-01
1.003340840339660645e+00
-1.725410699844360352e+00
-7.013348340988159180e-01
-6.092551350593566895e-01
7.737250924110412598e-01
-7.536564469337463379e-01
-8.422456979751586914e-01
-1.439157485961914062e+00
1.155520200729370117e+00
-8.218886852264404297e-01
1.389068245887756348e+00
-5.393072962760925293e-01
1.183865427970886230e+00
2.177466452121734619e-01
-1.857189655303955078e+00
4.795143008232116699e-01
-5.574347972869873047e-01
-6.579614877700805664e-01
-3.111211061477661133e-01
-1.788454413414001465e+00
5.032446980476379395e-01
1.444587707519531250e-01
3.068766593933105469e-01
-9.274074435234069824e-02
4.297744035720825195e-01
4.273504018783569336e-01
1.019166469573974609e+00
-1.616458296775817871e-01
-1.218192055821418762e-01
2.622682154178619385e-01
2.569163799285888672e+00
-1.881343312561511993e-02
-2.696400582790374756e-01
-3.873035013675689697e-01
4.894762039184570312e-01
4.380121707916259766e+00
-6.160519719123840332e-01
-1.102081298828125000e+00
-1.460430026054382324e+00
6.373410820960998535e-01
-4.931317865848541260e-01
-9.662742018699645996e-01
-1.493080019950866699e+00
-1.746624946594238281e+00
1.785517111420631409e-02
8.949582576751708984e-01
-7.460962533950805664e-01
-3.321303129196166992e-01
3.792885839939117432e-01
-2.476098775863647461e+00
7.119486331939697266e-01
5.869408249855041504e-01
-1.775907576084136963e-01
-4.055415689945220947e-01
1.243487596511840820e-01
5.945449471473693848e-01
-1.096287608146667480e+00
-1.628500521183013916e-01
1.183837771415710449e+00
1.216843605041503906e+00
-1.100738123059272766e-01
-3.221525847911834717e-01
-4.166184961795806885e-01
1.863155066967010498e-01
1.319035649299621582e+00
-1.992485761642456055e+00
1.241000294685363770e+00
-1.111991882324218750e+00
-8.255122900009155273e-01
6.387825608253479004e-01
5.293489992618560791e-02
-2.326823323965072632e-01
-1.352696061134338379e+00
-1.343441605567932129e+00
6.003056764602661133e-01
4.507294297218322754e-01
4.775582551956176758e-01
8.832805752754211426e-01
9.413287043571472168e-01
3.188267648220062256e-01
-1.390585750341415405e-01
-8.844713866710662842e-02
3.815450966358184814e-01
-8.318526744842529297e-01
-6.181442141532897949e-01
4.522974491119384766e-01
-2.523658275604248047e-01
1.151587247848510742e+00
-4.868129193782806396e-01
7.240673899650573730e-01
2.651059329509735107e-01
2.329904437065124512e-01
-1.003316640853881836e+00
6.943956017494201660e-01
2.424559593200683594e-01
-2.423058003187179565e-01
-4.154396057128906250e-01
-4.015889167785644531e-01
4.780651628971099854e-01
-1.864700794219970703e+00
-1.035021804273128510e-02
6.340501308441162109e-01
-8.740844577550888062e-02
2.385705262422561646e-01
-1.775638222694396973e+00
-1.543333232402801514e-01
-1.009277820587158203e+00
-3.495432734489440918e-01
1.099950551986694336e+00
9.054800271987915039e-01
-6.264231204986572266e-01
4.390096366405487061e-01
4.795988202095031738e-01
1.228381633758544922e+00
-5.706989765167236328e-01
2.641799449920654297e-01
5.372745916247367859e-03
-6.196506023406982422e-01
-1.915672183036804199e+00
5.674743056297302246e-01
1.276277750730514526e-01
-5.031271576881408691e-01
3.916658163070678711e-01
7.902213186025619507e-02
-9.187188744544982910e-02
-5.057553201913833618e-02
-6.395760178565979004e-01
-8.838576078414916992e-02
-1.585525088012218475e-02
-2.984193563461303711e-01
1.338750004768371582e+00
6.381430625915527344e-01
2.024472475051879883e+00
-6.720755696296691895e-01
1.749120831489562988e+00
1.411821603775024414e+00
4.316433966159820557e-01
6.241096258163452148e-01
-1.835103482007980347e-01
-4.177633523941040039e-01
-5.017555952072143555e-01
-1.107802391052246094e+00
6.484311223030090332e-01
-1.295935273170471191e+00
-1.039727702736854553e-01
6.862167716026306152e-01
2.165376096963882446e-01
1.185197830200195312e+00
-7.671436071395874023e-01
-3.883667662739753723e-02
-3.016273975372314453e-01
-6.300300359725952148e-01
2.760182917118072510e-01
5.880417823791503906e-01
-4.614254236221313477e-01
2.961907386779785156e-01
-1.846776008605957031e+00
8.514254093170166016e-01
-7.542800903320312500e-01
-1.205050945281982422e+00
5.626016259193420410e-01
2.387050241231918335e-01
-3.206537961959838867e-01
-2.401467084884643555e+00
5.615586042404174805e-01
1.012926220893859863e+00
-3.793731927871704102e-01
-9.818992018699645996e-02
-1.787926852703094482e-01
2.682695351541042328e-02
-1.030527472496032715e+00
-3.201466500759124756e-01
-3.033780492842197418e-02
9.367415904998779297e-01
6.442409157752990723e-01
-6.030805110931396484e-01
1.822632312774658203e+00
-1.070222496986389160e+00
-1.353452205657958984e+00
4.206561446189880371e-01
-4.150215983390808105e-01
-3.248346149921417236e-01
-1.042115807533264160e+00
-2.832052111625671387e-01
-3.403841331601142883e-02
-4.375288784503936768e-01
5.874779820442199707e-01
-5.241042375564575195e-01
8.144730925559997559e-01
4.243997484445571899e-02
6.351081728935241699e-01
-1.537447214126586914e+00
-2.474224269390106201e-01
-4.235839247703552246e-01
-2.990996539592742920e-01
3.662885427474975586e-01
6.113979220390319824e-01
1.903725787997245789e-02
7.466712594032287598e-01
-1.658668816089630127e-01
-4.859320223331451416e-01
2.709415674209594727e+00
-2.574499882757663727e-02
-4.217881262302398682e-01
-1.999928802251815796e-01
2.935614287853240967e-01
-3.765680491924285889e-01
-1.367027908563613892e-01
8.520410060882568359e-01
-4.026126265525817871e-01
-9.083312004804611206e-02
8.457826972007751465e-01
-1.731346249580383301e-01
-1.204062066972255707e-02
6.966173648834228516e-01
-1.772037823684513569e-03
-1.791166216135025024e-01
1.355862617492675781e-01
-1.559122562408447266e+00
-7.401010394096374512e-01
3.078385889530181885e-01
1.243274882435798645e-01
1.194545269012451172e+00
1.717520654201507568e-01
1.184039488434791565e-01
-4.178983345627784729e-02
-1.580673933029174805e+00
-2.643130421638488770e-01
-8.782106041908264160e-01
-1.301791071891784668e+00
3.604521751403808594e-01
-1.053544759750366211e+00
1.388829112052917480e+00
4.146339893341064453e-01
5.284323096275329590e-01
9.595348238945007324e-01
-2.189341932535171509e-01
2.222854852676391602e+00
3.018453530967235565e-02
-2.987083196640014648e+00
1.620189547538757324e+00
6.255231797695159912e-02
1.942800283432006836e-01
-1.401991993188858032e-01
4.057456552982330322e-01
1.637341529130935669e-01
6.091444492340087891e-01
-4.147672951221466064e-01
1.971268206834793091e-01
-9.131286740303039551e-01
7.995323538780212402e-01
1.195530652999877930e+00
-1.843301206827163696e-01
6.536062955856323242e-01
-6.609888076782226562e-01
3.191968500614166260e-01
1.148659706115722656e+00
1.363077163696289062e+00
7.396245002746582031e-01
1.322155475616455078e+00
1.354137420654296875e+00
-1.234436988830566406e+00
-6.877810359001159668e-01
-1.952217221260070801e-01
-2.884058356285095215e-01
3.129698336124420166e-02
1.700993180274963379e-01
5.397307276725769043e-01
-1.108631134033203125e+00
-1.379980564117431641e+00
6.992101073265075684e-01
1.440778095275163651e-02
-1.537377476692199707e+00
6.996490955352783203e-01
1.495052337646484375e+00
-4.376779794692993164e-01
1.028912782669067383e+00
3.235697448253631592e-01
5.429264903068542480e-02
9.694938659667968750e-01
-1.141947507858276367e-01
2.235390245914459229e-01
6.921837925910949707e-01
3.078702986240386963e-01
-9.575501084327697754e-01
1.845557242631912231e-01
2.134194135665893555e+00
1.223921298980712891e+00
1.916912198066711426e+00
-4.233457446098327637e-01
-9.050071239471435547e-01
-2.918238043785095215e-01
-1.013519525527954102e+00
-1.614383459091186523e-01
-8.810138106346130371e-01
-2.240427494049072266e+00
3.412219583988189697e-01
1.154575824737548828e+00
-7.121906280517578125e-01
-3.110144436359405518e-01
1.721724867820739746e+00
1.844934374094009399e-01
-4.075795710086822510e-01
1.551936864852905273e+00
-1.417830348014831543e+00
7.810236811637878418e-01
-5.804811716079711914e-01
1.527630925178527832e+00
3.256095647811889648e-01
-3.123284280300140381e-01
6.468806862831115723e-01
-9.202674627304077148e-01
5.363451838493347168e-01
5.989657640457153320e-01
2.500023543834686279e-01
3.321192860603332520e-01
2.214830964803695679e-01
6.153602600097656250e-01
-2.280797250568866730e-02
4.948158562183380127e-01
-7.877052575349807739e-02
-2.731302678585052490e-01
-7.495583891868591309e-01
1.412175655364990234e+00
8.438805937767028809e-01
-1.994391530752182007e-02
-3.546092510223388672e-01
-5.990272164344787598e-01
-5.341296792030334473e-01
-1.250265479087829590e+00
3.180830180644989014e-02
8.121575117111206055e-01
1.171703338623046875e-01
7.219164967536926270e-01
1.759444236755371094e+00
3.266243636608123779e-01
6.638678908348083496e-01
-2.509487867355346680e-01
2.521402537822723389e-01
1.396582275629043579e-01
-1.495905756950378418e+00
5.442029833793640137e-01
-6.460355967283248901e-02
-8.621801137924194336e-01
-5.010756850242614746e-01
9.036207795143127441e-01
-2.699081599712371826e-01
-6.683550477027893066e-01
-1.553470175713300705e-02
-1.606900334358215332e+00
-1.022344708442687988e+00
-5.575413256883621216e-02
5.683124065399169922e-01
-4.007064700126647949e-01
2.390860468149185181e-01
1.430699080228805542e-01
-1.159856677055358887e+00
-2.358406186103820801e-01
-1.413783133029937744e-01
-1.331314682960510254e+00
-4.390218853950500488e-01
1.906479150056838989e-01
6.533505320549011230e-01
-7.167779207229614258e-01
-1.121841669082641602e+00
5.072550177574157715e-01
-4.033495187759399414e-01
7.971412539482116699e-01
-1.922771781682968140e-01
5.665001869201660156e-01
6.467094421386718750e-01
2.690165936946868896e-01
-9.122053384780883789e-01
3.523732125759124756e-01
7.812244296073913574e-01
7.711410522460937500e-01
1.143884420394897461e+00
1.876412890851497650e-02
-8.899004459381103516e-01
2.672579884529113770e-01
-6.663832068443298340e-01
1.419167518615722656e-01
1.697631436400115490e-03
8.169159889221191406e-01
-1.769185543060302734e+00
9.047516584396362305e-01
1.559615433216094971e-01
1.140035510063171387e+00
-1.505420446395874023e+00
-9.733194708824157715e-01
8.313201665878295898e-01
-2.053983688354492188e+00
-3.275055587291717529e-01
3.267599642276763916e-01
-3.055827379226684570e+00
4.245108366012573242e-01
1.037375628948211670e-01
-4.153005778789520264e-01
-2.958292663097381592e-01
1.228471159934997559e+00
-7.280247211456298828e-01
-8.456447124481201172e-01
-3.863349854946136475e-01
-7.084164619445800781e-01
5.217882618308067322e-02
5.792517066001892090e-01
-8.978487253189086914e-01
9.621799588203430176e-01
1.809922814369201660e+00
8.216420412063598633e-01
2.235801517963409424e-01
-4.524299129843711853e-02
-7.932025790214538574e-01
1.010213851928710938e+00
-8.059054017066955566e-01
-1.459474563598632812e-01
9.723703861236572266e-01
5.654429085552692413e-03
-6.144969463348388672e-01
6.075806021690368652e-01
3.516959547996520996e-01
1.390780657529830933e-01
-4.025808349251747131e-02
-1.004870772361755371e+00
-2.156635522842407227e-01
2.262862920761108398e+00
6.177733540534973145e-01
-7.038959860801696777e-01
-2.742348052561283112e-02
-4.935494363307952881e-01
-7.682636737823486328e+00
-1.207874774932861328e+00
-2.039364814758300781e+00
1.916346549987792969e-01
7.968189120292663574e-01
9.057268500328063965e-01
-1.901862740516662598e+00
6.955013871192932129e-01
5.040599778294563293e-02
-6.020617485046386719e-01
1.225314974784851074e+00
3.301061987876892090e-01
-1.095025181770324707e+00
-1.301535725593566895e+00
-2.096455574035644531e+00
-8.976463228464126587e-02
8.481924980878829956e-02
9.475861191749572754e-01
2.632720232009887695e+00
1.170941442251205444e-01
-1.276230216026306152e+00
1.840422630310058594e+00
9.024557471275329590e-01
-5.640350580215454102e-01
3.532655239105224609e-01
1.400632113218307495e-01
5.186204612255096436e-02
-1.494057893753051758e+00
-4.235130548477172852e-01
-1.756458997726440430e+00
-5.945283919572830200e-02
1.909739971160888672e-01
-2.003262281417846680e+00
1.856564730405807495e-01
-3.873200118541717529e-01
1.657598376274108887e+00
-1.790968626737594604e-01
-9.391328692436218262e-01
3.061980605125427246e-01
7.304585576057434082e-01
4.723756015300750732e-01
-1.784826040267944336e+00
3.766340762376785278e-02
-1.805060863494873047e+00
-5.674743279814720154e-02
-5.150263905525207520e-01
3.627474606037139893e-01
-1.000064969062805176e+00
5.785154104232788086e-01
7.845168709754943848e-01
3.503069579601287842e-01
5.754623413085937500e-01
4.932012259960174561e-01
-1.088246107101440430e+00
3.613986447453498840e-02
2.029047727584838867e+00
-1.219795227050781250e+00
-1.887454152107238770e+00
2.640122175216674805e-01
2.015082538127899170e-01
-2.941272854804992676e-01
-1.092313170433044434e+00
5.333569049835205078e-01
-6.286567449569702148e-01
-4.723078012466430664e-02
-6.201341375708580017e-02
-1.158342242240905762e+00
-3.996742963790893555e-01
1.155062317848205566e+00
3.028575889766216278e-02
7.741041779518127441e-01
5.297843813896179199e-01
8.053196072578430176e-01
-2.821674346923828125e-01
-3.962819874286651611e-01
5.446339845657348633e-01
-1.111297607421875000e+00
-1.273573040962219238e+00
-9.767656326293945312e-01
-8.600594103336334229e-02
