-1.155617117881774902e+00
1.196792602539062500e+00
-7.961527109146118164e-01
-6.666924357414245605e-01
-3.081165850162506104e-01
-4.522158205509185791e-01
-1.397863626480102539e-01
-2.749485969543457031e-01
-2.101323127746582031e+00
7.192034125328063965e-01
1.766315221786499023e+00
-1.048851370811462402e+00
-4.157142713665962219e-02
-8.773768544197082520e-01
8.441753387451171875e-01
-9.356852769851684570e-01
-8.284021615982055664e-01
-3.357234895229339600e-01
-3.265310823917388916e-01
6.832213997840881348e-01
1.166008353233337402e+00
1.329453289508819580e-01
4.399845004081726074e-01
-4.375709965825080872e-02
1.370292544364929199e+00
-1.025813102722167969e+00
8.447504043579101562e-01
-2.107250243425369263e-01
-1.641170024871826172e+00
2.451464682817459106e-01
1.586093425750732422e+00
-4.206642881035804749e-02
-7.253289818763732910e-01
3.497327566146850586e-01
3.916943967342376709e-01
-7.669517397880554199e-01
-8.092738687992095947e-02
-9.959167242050170898e-01
-3.818466514348983765e-02
1.008187651634216309e+00
-1.149475216865539551e+00
-5.268228054046630859e-01
-1.412880182266235352e+00
1.899700403213500977e+00
1.114562988281250000e+00
-4.443813487887382507e-02
5.851753056049346924e-02
-2.078774124383926392e-01
-4.104710370302200317e-02
3.450621664524078369e-01
-2.662735283374786377e-01
-7.788971662521362305e-01
-3.205457702279090881e-02
-5.857376009225845337e-02
1.435044527053833008e+00
-6.752666831016540527e-01
1.191164135932922363e+00
-2.109533995389938354e-01
-5.727909207344055176e-01
8.077042698860168457e-01
1.257912516593933105e+00
2.416609525680541992e-01
2.391059398651123047e+00
4.869392514228820801e-01
-4.921075999736785889e-01
-9.857048988342285156e-01
3.838678896427154541e-01
-6.109720468521118164e-01
-7.849385961890220642e-03
-1.196677565574645996e+00
-2.130386531352996826e-01
-1.537780523300170898e+00
-1.248437166213989258e+00
1.598097980022430420e-01
1.776428967714309692e-01
1.168107748031616211e+00
-1.931259222328662872e-02
4.084685444831848145e-01
1.022724866867065430e+00
8.836941123008728027e-01
3.590100109577178955e-01
9.042483568191528320e-01
-1.615899205207824707e+00
-8.734260201454162598e-01
-1.498906135559082031e+00
8.481333255767822266e-01
-5.378752946853637695e-01
5.141972303390502930e-01
-2.899124026298522949e-01
-7.390610873699188232e-02
-1.626155257225036621e+00
3.579736649990081787e-01
-5.914105176925659180e-01
2.739646434783935547e-01
-3.145209848880767822e-01
3.816340565681457520e-01
5.592973232269287109e-01
1.142771601676940918e+00
7.422054409980773926e-01
1.397398829460144043e+00
-2.543275356292724609e-01
4.106900691986083984e-01
7.788359522819519043e-01
-7.465638220310211182e-02
-4.159386157989501953e-01
-1.003035187721252441e+00
-7.337273359298706055e-01
1.051004171371459961e+00
9.926486611366271973e-01
-3.616444170475006104e-01
8.384336233139038086e-01
6.820915937423706055e-01
-1.189661264419555664e+00
-9.578347206115722656e-03
2.839578092098236084e-01
-5.566675066947937012e-01
1.280991882085800171e-01
5.696064233779907227e-01
-5.846143364906311035e-01
2.554492950439453125e-01
-3.500486612319946289e-01
5.339595675468444824e-01
-2.488922595977783203e+00
5.903816223144531250e-01
1.328948616981506348e+00
6.868794560432434082e-01
5.144065022468566895e-01
-5.312271118164062500e-01
-7.054232954978942871e-01
-8.029943704605102539e-01
6.026434153318405151e-02
-1.064707279205322266e+00
5.125356316566467285e-01
-1.205190896987915039e+00
-6.461194157600402832e-01
5.691724643111228943e-02
1.472745656967163086e+00
-2.222897559404373169e-01
-1.765503048896789551e+00
1.086156725883483887e+00
-1.917887330055236816e+00
1.425184130668640137e+00
8.881124854087829590e-01
-7.258998751640319824e-01
8.944994956254959106e-02
2.514252364635467529e-01
5.289297103881835938e-01
-4.442039132118225098e-02
-9.746932983398437500e-01
-3.287289738655090332e-01
-4.049952328205108643e-01
1.796656012535095215e+00
1.639568954706192017e-01
-5.726335048675537109e-01
2.083214521408081055e+00
2.714616656303405762e-01
-5.303010344505310059e-01
6.971476078033447266e-01
-1.613428592681884766e+00
1.926926374435424805e-01
1.034511923789978027e+00
-4.779152870178222656e-01
8.006778359413146973e-01
-1.584232091903686523e+00
-1.013434052467346191e+00
-8.800886273384094238e-01
-4.509574770927429199e-01
-1.986873149871826172e-01
-4.778048396110534668e-01
6.123413443565368652e-01
-1.256724953651428223e+00
-1.454788446426391602e+00
-9.607490897178649902e-01
3.408145010471343994e-01
4.449685215950012207e-01
-5.637950301170349121e-01
-5.606500431895256042e-02
-1.408631680533289909e-03
-1.225892424583435059e+00
1.812114834785461426e+00
-5.914553999900817871e-01
-1.844671815633773804e-01
8.586809039115905762e-01
6.092066168785095215e-01
2.055184990167617798e-01
-1.972556471824645996e+00
-1.613586902618408203e+00
3.247008323669433594e-01
7.270376682281494141e-01
-1.875299811363220215e-01
-4.402743652462959290e-02
9.887612611055374146e-02
9.873425960540771484e-02
4.965360164642333984e-01
-1.020772337913513184e+00
4.166886210441589355e-01
-3.828695043921470642e-02
-5.477258563041687012e-01
4.972399473190307617e-01
-1.306761622428894043e+00
3.891988098621368408e-01
9.663737416267395020e-01
7.736061215400695801e-01
-6.677057743072509766e-01
2.134352624416351318e-01
-9.950327277183532715e-01
-3.755829930305480957e-01
-3.800319880247116089e-02
5.934489518404006958e-02
-6.551105380058288574e-01
-3.395497798919677734e-01
-1.729191243648529053e-01
1.737772583961486816e+00
2.993523180484771729e-01
9.095319509506225586e-01
6.737713813781738281e-01
-3.675926446914672852e+00
-1.922828793525695801e+00
-9.156366586685180664e-01
4.772436320781707764e-01
1.139133453369140625e+00
9.169905781745910645e-01
-1.070620059967041016e+00
-1.011639118194580078e+00
1.468242168426513672e+00
-4.913013577461242676e-01
3.725381195545196533e-01
1.132600009441375732e-01
-5.880759358406066895e-01
-5.318239927291870117e-01
-5.292323231697082520e-01
-7.347166538238525391e-01
-1.247568845748901367e+00
1.186200976371765137e+00
1.215593338012695312e+00
1.078023910522460938e+00
5.283572673797607422e-01
5.434382557868957520e-01
-6.889293789863586426e-01
3.311404287815093994e-01
5.355213880538940430e-01
3.383654356002807617e-01
-8.597984313964843750e-01
-2.486276775598526001e-01
-8.349539637565612793e-01
3.350510895252227783e-01
3.979817926883697510e-01
1.929725110530853271e-01
5.702439546585083008e-01
8.743295818567276001e-02
-6.325005888938903809e-01
-6.522493362426757812e-01
-7.609288692474365234e-01
-4.033329784870147705e-01
-6.291872262954711914e-01
1.138234496116638184e+00
-9.205789864063262939e-02
3.736478984355926514e-01
-3.914823532104492188e-01
-1.073563322424888611e-01
6.409430503845214844e-01
7.636583447456359863e-01
-1.507636010646820068e-01
3.925326764583587646e-01
-1.064683079719543457e+00
1.431826591491699219e+00
1.447874426841735840e+00
3.087661415338516235e-02
4.895271301269531250e+00
-3.556759655475616455e-01
1.342477679252624512e+00
5.615655779838562012e-01
1.168733835220336914e+00
1.677032589912414551e+00
-9.695784449577331543e-01
-6.166931986808776855e-01
-9.490931034088134766e-02
-9.111553430557250977e-01
2.149030864238739014e-01
-8.985487222671508789e-01
6.054221391677856445e-01
1.313722580671310425e-01
5.313766002655029297e-01
3.375403285026550293e-01
5.212510824203491211e-01
1.309816688299179077e-01
-4.777650237083435059e-01
-8.169302940368652344e-01
4.837405681610107422e-01
-2.357368916273117065e-01
-8.630974292755126953e-01
-4.189759790897369385e-01
5.606803577393293381e-03
7.961784005165100098e-01
-7.319980114698410034e-02
-6.362040638923645020e-01
6.199704408645629883e-01
-2.263221144676208496e-01
1.024274587631225586e+00
-8.443625569343566895e-01
5.826951265335083008e-01
-7.847252488136291504e-01
5.234512090682983398e-01
9.544756412506103516e-01
6.659055948257446289e-01
3.075554966926574707e-01
6.067283153533935547e-01
-6.137385964393615723e-01
1.519849777221679688e+00
1.796349287033081055e-01
-3.818892538547515869e-01
9.216747879981994629e-01
-7.327244877815246582e-01
4.482572674751281738e-01
3.783050477504730225e-01
-2.354914247989654541e-01
9.747699499130249023e-01
-1.072136238217353821e-01
2.661921679973602295e-01
2.905794680118560791e-01
-8.639412522315979004e-01
2.333864569664001465e-01
-3.942054212093353271e-01
-8.195427060127258301e-01
-2.135273441672325134e-02
2.870855480432510376e-02
-1.052041769027709961e+00
-1.446958899497985840e+00
-8.468574881553649902e-01
1.951386451721191406e+00
-5.600244402885437012e-01
-5.185941457748413086e-01
1.544548273086547852e-01
2.497048228979110718e-01
2.133691310882568359e-01
1.449458897113800049e-01
-2.152977883815765381e-01
-3.179336786270141602e-01
4.064025580883026123e-01
-1.189450860023498535e+00
-5.099239945411682129e-01
-1.092776536941528320e+00
3.135273754596710205e-01
-1.222964301705360413e-01
-6.700404882431030273e-01
-5.852975696325302124e-02
-1.082432031631469727e+00
4.510594606399536133e-01
-5.282837152481079102e-01
-1.244095802307128906e+00
-3.904214799404144287e-01
-2.514881789684295654e-01
7.666615843772888184e-01
2.761192917823791504e-01
9.344977885484695435e-02
4.543145000934600830e-02
2.037906795740127563e-01
-1.428729057312011719e+00
2.737841308116912842e-01
-1.179682731628417969e+00
6.042072176933288574e-01
-1.608465313911437988e-01
-1.374019145965576172e+00
-1.110252380371093750e+00
-3.024597167968750000e-01
-1.522050201892852783e-01
8.107810020446777344e-01
5.653792619705200195e-01
-1.896991729736328125e-01
3.779142498970031738e-01
7.737383842468261719e-01
1.275208234786987305e+00
-1.646712869405746460e-01
8.436281681060791016e-01
-4.286185503005981445e-01
-8.846434354782104492e-01
-4.773036241531372070e-01
-4.406788051128387451e-01
2.082175463438034058e-01
6.347967982292175293e-01
1.346362233161926270e+00
7.391346693038940430e-01
6.202539801597595215e-01
-8.046925663948059082e-01
-1.139775276184082031e+00
-4.359083473682403564e-01
7.296057939529418945e-01
-1.285480618476867676e+00
1.708508014678955078e+00
1.373357027769088745e-01
3.160926342010498047e+00
6.028769016265869141e-01
1.094115853309631348e+00
8.385465294122695923e-02
8.921455144882202148e-01
-5.426302086561918259e-03
-8.702393174171447754e-01
4.611688554286956787e-01
-1.199462175369262695e+00
5.435276627540588379e-01
3.750438392162322998e-01
-1.296978592872619629e+00
2.940957546234130859e-01
-3.913116753101348877e-01
-1.124318718910217285e+00
9.905558228492736816e-01
-4.944402873516082764e-01
7.949312776327133179e-02
-3.896067440509796143e-01
-5.727460384368896484e-01
1.054471135139465332e-01
8.948391079902648926e-01
-1.623583316802978516e+00
1.093532368540763855e-01
2.457888573408126831e-01
1.185524463653564453e+00
3.375969231128692627e-01
4.960324764251708984e-01
-8.623260855674743652e-01
1.056029200553894043e+00
-7.180972099304199219e-01
-2.213752031326293945e+00
1.176096796989440918e+00
-6.994543969631195068e-02
-4.602175056934356689e-01
5.327672958374023438e-01
-8.436274528503417969e-01
-1.053941369056701660e+00
-7.850652933120727539e-01
-1.511709332466125488e+00
5.200650691986083984e-01
-4.562844634056091309e-01
4.110780954360961914e-01
-1.930728077888488770e+00
7.488118112087249756e-02
3.624716103076934814e-01
-2.479916363954544067e-01
5.503265261650085449e-01
1.255328059196472168e-01
-6.858215928077697754e-01
6.787700057029724121e-01
2.797589302062988281e-01
-7.847608327865600586e-01
-8.465747237205505371e-01
9.215005040168762207e-01
-5.004733800888061523e-01
-1.359797865152359009e-01
6.595292687416076660e-01
-4.168886542320251465e-01
-1.346547365188598633e+00
-2.771047316491603851e-02
-5.322840213775634766e-01
-9.639974236488342285e-01
4.372577965259552002e-01
-1.495742797851562500e-01
-6.567900776863098145e-01
-2.979153990745544434e-01
4.924548268318176270e-01
-6.170063093304634094e-02
8.084422945976257324e-01
5.944385528564453125e-01
1.263954639434814453e+00
-3.358875811100006104e-01
1.956389248371124268e-01
-2.923219799995422363e-01
-6.524648666381835938e-01
6.610845923423767090e-01
2.692331373691558838e-01
-4.613399207592010498e-01
2.831290960311889648e-01
6.617226600646972656e-01
-1.113649725914001465e+00
-1.228232011198997498e-01
-2.718984186649322510e-01
-4.941483959555625916e-03
-5.683857947587966919e-02
-6.811739206314086914e-01
-1.089425459504127502e-01
-1.305987477302551270e+00
6.483315229415893555e-01
9.605605900287628174e-02
1.072544693946838379e+00
-1.474186182022094727e+00
-2.428493052721023560e-01
8.738651871681213379e-01
3.640432953834533691e-01
-4.361709654331207275e-01
-1.111485600471496582e+00
7.781082391738891602e-01
1.198732666671276093e-02
-7.876043319702148438e-01
1.863549470901489258e+00
6.532859206199645996e-01
4.615247547626495361e-01
-8.964967727661132812e-01
6.716659665107727051e-01
-2.842524945735931396e-01
-1.877585649490356445e+00
4.205395281314849854e-01
-1.415206909179687500e+00
7.388386130332946777e-01
-4.353438913822174072e-01
-9.446642398834228516e-01
6.890459656715393066e-01
-4.252425134181976318e-01
-9.150910377502441406e-02
-8.866846561431884766e-01
1.328749418258666992e+00
4.250572621822357178e-01
9.428779482841491699e-01
-2.874421775341033936e-01
-1.300251364707946777e+00
9.582803249359130859e-01
-4.962556362152099609e-01
6.441749334335327148e-01
-2.846447229385375977e-01
-6.298837661743164062e-01
1.433810889720916748e-01
7.448725700378417969e-01
7.199706137180328369e-02
5.102792382240295410e-01
-4.881248772144317627e-01
-2.082827806472778320e+00
-9.985342025756835938e-01
-9.841923415660858154e-02
1.091859191656112671e-01
-1.164857745170593262e+00
-1.269476115703582764e-01
1.049937725067138672e+00
-2.035080194473266602e+00
-1.224297285079956055e-01
-7.489064335823059082e-01
1.443727135658264160e+00
-5.917341709136962891e-01
-6.080595254898071289e-01
2.631625533103942871e-01
-2.424354255199432373e-01
6.472688913345336914e-01
5.355690717697143555e-01
-1.814348697662353516e+00
3.280427306890487671e-02
8.743795156478881836e-01
4.522449150681495667e-02
-9.574583768844604492e-01
1.434494137763977051e+00
-8.552322387695312500e-01
9.793667197227478027e-01
1.330152750015258789e+00
-2.390516698360443115e-01
8.683369755744934082e-01
9.576220512390136719e-01
1.054846525192260742e+00
-1.381375908851623535e+00
-1.397614359855651855e+00
6.520612835884094238e-01
1.669935107231140137e+00
9.743873961269855499e-03
8.127913475036621094e-01
-7.719811797142028809e-01
-9.193650484085083008e-01
-1.316013038158416748e-01
7.100278139114379883e-01
-1.260408639907836914e+00
2.469951361417770386e-01
7.655196785926818848e-01
-1.542435735464096069e-01
1.022849678993225098e+00
8.248500823974609375e-01
1.307866334915161133e+00
-5.603844523429870605e-01
1.614020347595214844e+00
8.037161827087402344e-02
3.784774243831634521e-01
-1.592812061309814453e+00
-4.968303442001342773e-01
1.990412324666976929e-01
-9.187154173851013184e-01
-1.651757955551147461e-01
3.879787325859069824e-01
-6.710115820169448853e-02
-1.157245397567749023e+00
6.525059342384338379e-01
5.820665955543518066e-01
3.068791031837463379e-01
-5.833512917160987854e-02
3.805927932262420654e-01
-2.302173614501953125e+00
1.938584959134459496e-03
1.194867887534201145e-03
4.699406027793884277e-01
-4.448662698268890381e-01
7.035329937934875488e-01
2.875045239925384521e-01
1.677489727735519409e-01
8.823403120040893555e-01
4.401692375540733337e-02
1.823937654495239258e+00
-2.163982391357421875e-01
1.793556511402130127e-01
2.723977565765380859e-01
-1.263010948896408081e-01
-1.180046200752258301e+00
1.927539259195327759e-01
6.878691315650939941e-01
-3.104016184806823730e-01
-4.441305994987487793e-01
-1.341008860617876053e-02
-6.409828066825866699e-01
-4.324311316013336182e-01
3.190890848636627197e-01
-9.936729073524475098e-02
5.073389410972595215e-01
6.175966262817382812e-01
1.456223130226135254e+00
-2.672231912612915039e+00
-1.459096074104309082e+00
1.341937780380249023e-01
-7.170214653015136719e-01
-5.101653337478637695e-01
7.696651816368103027e-01
8.145813345909118652e-01
-8.429108560085296631e-02
-4.226750135421752930e-01
-1.950343698263168335e-01
-7.826812267303466797e-01
1.213590502738952637e+00
1.303962111473083496e+00
1.172651052474975586e+00
6.038433909416198730e-01
-9.310560822486877441e-01
1.501250028610229492e+00
-7.673460245132446289e-01
8.782418370246887207e-01
6.315462589263916016e-01
1.318592905998229980e+00
-3.813212811946868896e-01
1.320774257183074951e-01
7.391094565391540527e-01
-8.813972771167755127e-02
1.060191512107849121e+00
1.175068020820617676e+00
3.601583838462829590e-01
-8.368846774101257324e-01
1.632907688617706299e-01
-1.373113632202148438e+00
5.104261040687561035e-01
-4.876230061054229736e-01
1.849258244037628174e-01
1.844268083572387695e+00
-7.077008485794067383e-01
-9.669404029846191406e-01
1.011135935783386230e+00
-1.994177699089050293e+00
-4.005575180053710938e-01
-2.764622569084167480e-01
-2.374065965414047241e-01
-1.003973841667175293e+00
-8.098926544189453125e-01
6.822613477706909180e-01
5.112481713294982910e-01
-2.865576744079589844e-01
1.894834935665130615e-01
-1.181210279464721680e-01
1.197571754455566406e+00
-9.392634034156799316e-01
5.826574563980102539e-01
4.559630900621414185e-02
1.185089707374572754e+00
3.483417034149169922e-01
-1.552730202674865723e+00
-4.860385954380035400e-01
2.345076501369476318e-01
-8.827968835830688477e-01
2.316856622695922852e+00
-3.052163422107696533e-01
-6.385243535041809082e-01
-5.094675421714782715e-01
-2.058027535676956177e-01
-3.680156543850898743e-02
3.202464878559112549e-01
-3.742300346493721008e-02
-4.175568819046020508e-01
-6.018561720848083496e-01
7.807852625846862793e-01
-8.100895285606384277e-01
-6.436187028884887695e-02
-5.276205539703369141e-01
7.356592267751693726e-02
-5.436828136444091797e+00
1.865564286708831787e-01
-6.991612315177917480e-01
-2.598420903086662292e-02
1.950875222682952881e-01
-2.728936672210693359e-01
-1.052387595176696777e+00
3.061909675598144531e-01
-3.702735006809234619e-01
-1.325862646102905273e+00
-3.371390402317047119e-01
8.228858709335327148e-01
1.825705319643020630e-01
-1.298281401395797729e-01
1.435554921627044678e-01
-4.106279909610748291e-01
1.090960025787353516e+00
-6.853716820478439331e-02
2.481266498565673828e+00
2.555491328239440918e-01
-1.677326917648315430e+00
6.495137214660644531e-01
-3.208915889263153076e-01
-6.637215018272399902e-01
3.607734441757202148e-01
2.072415202856063843e-01
-4.480760693550109863e-01
1.417453646659851074e+00
1.051656842231750488e+00
-1.454989552497863770e+00
5.664592385292053223e-01
-6.476342082023620605e-01
-8.486678600311279297e-01
9.936653971672058105e-01
1.944678723812103271e-01
3.054775297641754150e-02
1.525600671768188477e+00
-7.836255431175231934e-01
-1.235391020774841309e+00
-9.191279411315917969e-01
1.015331149101257324e+00
-7.535433769226074219e-01
2.801998332142829895e-02
-2.221875429153442383e+00
-6.186790466308593750e-01
-1.131601095199584961e+00
8.401821255683898926e-01
1.014257192611694336e+00
2.462784647941589355e-01
-4.868968427181243896e-01
8.784877061843872070e-01
5.107397437095642090e-01
2.016722708940505981e-01
-1.849011301994323730e+00
3.968256711959838867e-01
1.367346167564392090e+00
1.070173978805541992e+00
-1.840959191322326660e+00
3.286905288696289062e-01
-8.678936362266540527e-01
1.767162203788757324e+00
8.545470833778381348e-01
6.827456355094909668e-01
2.786369323730468750e-01
-1.659436464309692383e+00
1.219491004943847656e+00
-1.322205781936645508e+00
5.693071484565734863e-01
-2.194740772247314453e+00
-3.903750479221343994e-01
-1.235614180564880371e+00
4.878152310848236084e-01
1.498889625072479248e-01
-2.182082980871200562e-01
-1.026503205299377441e+00
1.030483722686767578e+00
-1.251482248306274414e+00
1.496677845716476440e-01
-1.068901538848876953e+00
2.691859900951385498e-01
