-1.055398821830749512e+00
7.844574451446533203e-01
2.135393321514129639e-01
2.467466741800308228e-01
6.803356576710939407e-03
3.390197753906250000e-01
-8.688421249389648438e-01
-1.607934832572937012e+00
3.641967177391052246e-01
-2.740634232759475708e-02
2.167842626571655273e+00
1.175477385520935059e+00
-5.354776382446289062e-01
-7.408373802900314331e-02
-3.710234165191650391e-01
-1.104131817817687988e+00
-1.362734138965606689e-01
-4.275957345962524414e-01
-1.048674821853637695e+00
1.194260358810424805e+00
2.377834320068359375e+00
4.374715983867645264e-01
2.280903756618499756e-01
3.996717184782028198e-02
9.311375021934509277e-02
-3.038302659988403320e-01
1.409396052360534668e+00
-1.808296293020248413e-01
-2.633427083492279053e-01
7.941949963569641113e-01
9.980883449316024780e-02
1.453986048698425293e+00
-1.473846077919006348e+00
-6.743438839912414551e-01
-8.307979702949523926e-01
7.832914590835571289e-01
-1.768869161605834961e+00
-3.151275634765625000e+00
-1.122341603040695190e-01
4.163625836372375488e-01
-2.803221046924591064e-01
7.865363955497741699e-01
-4.140962660312652588e-01
-2.231529951095581055e-01
-1.335681557655334473e+00
3.720918893814086914e-01
-7.625794410705566406e-01
-3.722475469112396240e-01
-1.302032709121704102e+00
2.258466035127639771e-01
-6.180676221847534180e-01
4.411821961402893066e-01
-2.938238978385925293e-01
1.413598418235778809e+00
-7.371597886085510254e-01
-6.108232140541076660e-01
-6.002727150917053223e-01
1.208280086517333984e+00
-2.439696490764617920e-01
-9.651099443435668945e-01
1.867192387580871582e-01
8.077908158302307129e-01
2.296857118606567383e+00
3.791415989398956299e-01
7.685435414314270020e-01
-3.138296008110046387e-01
1.325428485870361328e+00
3.003748357295989990e-01
-6.579052805900573730e-01
-1.795185923576354980e+00
-5.335633456707000732e-02
4.645428657531738281e-01
-9.142991304397583008e-01
-6.633330583572387695e-01
1.455740213394165039e+00
-1.863737776875495911e-02
-1.697262525558471680e+00
5.734080076217651367e-01
1.111009195446968079e-01
6.555500030517578125e-01
3.612310588359832764e-01
1.208861827850341797e+00
2.290703952312469482e-01
-3.301582038402557373e-01
-1.671784043312072754e+00
1.333667159080505371e+00
-2.441990002989768982e-02
-1.689907461404800415e-01
4.546054005622863770e-01
-5.393881583586335182e-04
-3.836255371570587158e-01
-2.279620915651321411e-01
-5.183686017990112305e-01
2.319402456283569336e+00
1.662481188774108887e+00
-4.311202466487884521e-01
4.668664187192916870e-02
1.309262394905090332e+00
1.365728020668029785e+00
1.729953765869140625e+00
-6.435014605522155762e-01
-1.424535393714904785e+00
1.278742790222167969e+00
-1.421455144882202148e+00
-6.000068187713623047e-01
5.944713950157165527e-01
-1.891221165657043457e+00
7.910416275262832642e-02
1.058178186416625977e+00
-5.240386128425598145e-01
2.092196941375732422e-01
1.171875596046447754e+00
9.993155598640441895e-01
-1.492232561111450195e+00
-3.549714982509613037e-01
3.460380733013153076e-01
-3.275665044784545898e-01
2.787545919418334961e-01
-3.894644603133201599e-02
8.280804157257080078e-01
-4.335245788097381592e-01
-2.309654504060745239e-01
-2.448049306869506836e+00
2.570883333683013916e-01
-8.439612388610839844e-02
-1.106964647769927979e-01
1.998601198196411133e+00
-1.111098602414131165e-01
-1.104482412338256836e+00
-1.736069284379482269e-02
2.002708435058593750e+00
-3.774386048316955566e-01
4.175055623054504395e-01
-1.337003827095031738e+00
-2.340158939361572266e+00
-2.629012346267700195e+00
8.873986452817916870e-02
-7.315790057182312012e-01
-9.168643951416015625e-01
1.561078667640686035e+00
2.365178465843200684e-01
-4.295132458209991455e-01
1.957877278327941895e-01
-1.171429276466369629e+00
1.023648619651794434e+00
1.431554555892944336e+00
1.678475499153137207e+00
8.144031167030334473e-01
1.397202014923095703e+00
-1.394917726516723633e+00
-1.502385258674621582e+00
-1.081458210945129395e+00
4.236916601657867432e-01
-7.307097315788269043e-01
1.133362650871276855e+00
-1.206910967826843262e+00
-1.679207444190979004e+00
1.449200630187988281e+00
-2.889909148216247559e-01
-3.136276304721832275e-01
8.878941535949707031e-01
-5.477582216262817383e-01
-5.621309876441955566e-01
-1.836520552635192871e+00
9.581315517425537109e-02
-1.908828377723693848e+00
1.342598944902420044e-01
4.445641040802001953e-01
4.320585429668426514e-01
-3.847762942314147949e-01
2.693260312080383301e-01
-1.659899473190307617e+00
-1.168292164802551270e+00
-6.550762057304382324e-01
-1.392952501773834229e-01
1.654605293879285455e-04
6.172913908958435059e-01
1.934877872467041016e+00
-1.157901406288146973e+00
-1.439142972230911255e-01
1.195852980017662048e-01
-5.974962711334228516e-01
7.675976753234863281e-01
-4.623835384845733643e-01
9.695261716842651367e-01
-6.951625943183898926e-01
3.825109302997589111e-01
9.769530892372131348e-01
8.275095820426940918e-01
-2.521477043628692627e-01
-2.042596787214279175e-01
2.391833662986755371e-01
-1.052940845489501953e+00
-1.948694825172424316e+00
1.404276024550199509e-02
4.572596400976181030e-02
-1.766542531549930573e-02
-3.180723190307617188e-01
5.371467769145965576e-02
-9.714859724044799805e-01
3.523195162415504456e-02
8.127328157424926758e-01
-1.706136018037796021e-02
-1.405082941055297852e-01
-1.194815267808735371e-03
-1.513816356658935547e+00
-6.600860357284545898e-01
7.483308911323547363e-01
8.812216520309448242e-01
-1.223479509353637695e+00
1.108060002326965332e+00
-9.169940948486328125e-01
8.996891975402832031e-01
-8.026154041290283203e-01
-1.519521117210388184e+00
6.065059900283813477e-01
-8.656675338745117188e+00
-1.252030730247497559e+00
1.178386285901069641e-01
2.560296356678009033e-01
9.021935462951660156e-01
-8.735040426254272461e-01
-2.950018644332885742e-01
1.060109511017799377e-01
5.517494678497314453e-01
-5.899022221565246582e-01
4.821876585483551025e-01
2.255451977252960205e-01
3.214507400989532471e-01
7.273107767105102539e-01
8.517107367515563965e-01
-5.726199746131896973e-01
1.353003233671188354e-01
-3.184461295604705811e-01
9.331963211297988892e-02
5.086224079132080078e-01
1.526572227478027344e+00
-5.260825753211975098e-01
-2.706978619098663330e-01
-6.866430044174194336e-01
-8.848191052675247192e-02
-1.532191634178161621e-01
7.704667448997497559e-01
5.259224772453308105e-01
-1.035294890403747559e+00
-1.187789916992187500e+00
3.984592258930206299e-01
1.270845234394073486e-01
-2.110763937234878540e-01
1.016286730766296387e+00
-7.279620170593261719e-01
-1.321978569030761719e+00
-5.623560547828674316e-01
-5.651341080665588379e-01
3.953564539551734924e-02
3.025549054145812988e-01
9.560005664825439453e-01
-8.686798810958862305e-01
4.071935117244720459e-01
-1.545487523078918457e+00
5.177930593490600586e-01
-3.205949664115905762e-01
-2.343266271054744720e-02
-4.343912005424499512e-02
3.468002974987030029e-01
7.130164504051208496e-01
3.500098884105682373e-01
-4.501515328884124756e-01
3.125071287155151367e+00
-8.826704025268554688e-01
8.363621234893798828e-01
8.110817521810531616e-02
-9.061739593744277954e-02
6.078915596008300781e-01
-2.922410666942596436e-01
-1.883324980735778809e+00
1.987148076295852661e-01
-2.421299934387207031e+00
-5.025493502616882324e-01
1.492567658424377441e-01
2.167070508003234863e-01
1.515466332435607910e+00
3.484326601028442383e-01
5.256330370903015137e-01
8.441859856247901917e-03
-6.107439398765563965e-01
-8.613505959510803223e-01
3.446024358272552490e-01
1.080230474472045898e+00
-1.077842712402343750e-01
-1.853242218494415283e-01
-1.190164208412170410e+00
1.356026232242584229e-01
4.661060273647308350e-01
6.945975422859191895e-01
1.396326869726181030e-01
1.111459374427795410e+00
-1.851506114006042480e+00
-1.619178652763366699e-01
-9.976066946983337402e-01
-6.441895961761474609e-01
-1.225873231887817383e+00
1.797039806842803955e-01
1.300491243600845337e-01
-2.386842817068099976e-01
4.493926763534545898e-01
-9.998643994331359863e-01
2.751524746417999268e-01
8.667210936546325684e-01
1.676858067512512207e-01
-4.690706729888916016e-01
8.956575393676757812e-02
-1.841090559959411621e+00
2.423634082078933716e-01
-1.143210768699645996e+00
1.864011645317077637e+00
-9.538331031799316406e-01
3.811183571815490723e-01
1.844954252243041992e+00
-6.462054848670959473e-01
-1.789971441030502319e-01
6.378127932548522949e-01
-2.583460696041584015e-02
-2.288440316915512085e-01
-8.408348560333251953e-01
5.497677326202392578e-01
4.395677149295806885e-01
8.643937110900878906e-02
-9.657471179962158203e-01
9.775701165199279785e-01
-2.116742283105850220e-01
5.081026554107666016e-01
-1.467521786689758301e+00
-8.315109610557556152e-01
-8.162811994552612305e-01
-6.396204233169555664e-01
5.939491987228393555e-01
1.023540552705526352e-02
9.569183588027954102e-01
-7.325422167778015137e-01
1.437785476446151733e-01
-6.716670393943786621e-01
1.043448925018310547e+00
-2.251982688903808594e-01
7.683717459440231323e-02
1.248139142990112305e+00
-3.933841586112976074e-01
8.332816958427429199e-01
-2.859802842140197754e-01
7.649831771850585938e-01
5.524243712425231934e-01
-1.063415646553039551e+00
2.040460407733917236e-01
-1.621277809143066406e+00
-4.222602844238281250e-01
2.892588376998901367e-01
-4.971615374088287354e-01
-3.129003047943115234e-01
1.000925183296203613e+00
6.416378617286682129e-01
-7.459577322006225586e-01
9.861297011375427246e-01
-5.030179619789123535e-01
-1.901760548353195190e-01
-1.900101155042648315e-01
-1.010288834571838379e+00
1.132591366767883301e+00
6.200877428054809570e-01
-5.172803401947021484e-01
-1.166160464286804199e+00
7.820287346839904785e-01
5.847556591033935547e-01
-8.335176110267639160e-01
1.822095036506652832e+00
-1.063241839408874512e+00
1.887008994817733765e-01
1.616439223289489746e-01
-3.716626390814781189e-02
3.630421161651611328e-01
1.271585702896118164e+00
1.602487683296203613e+00
4.265069961547851562e-01
4.420650899410247803e-01
-1.168100833892822266e-01
-3.894070386886596680e-01
5.094245672225952148e-01
-1.021142750978469849e-01
-1.947532773017883301e+00
4.487689435482025146e-01
3.181015849113464355e-01
7.133411765098571777e-01
4.954603910446166992e-01
1.989289045333862305e+00
-2.427380383014678955e-01
-9.630790948867797852e-01
-7.122495174407958984e-01
1.381248086690902710e-01
-1.476241827011108398e+00
-6.764720082283020020e-01
1.101218819618225098e+00
-2.783108949661254883e-01
6.687849760055541992e-02
-3.882925510406494141e-01
-1.441809892654418945e+00
-4.087956547737121582e-01
-1.031228542327880859e+00
-8.632080554962158203e-01
7.538090646266937256e-02
3.960061967372894287e-01
5.943396091461181641e-01
-2.017720192670822144e-01
7.455320358276367188e-01
-7.128642797470092773e-01
6.347413659095764160e-01
1.375367641448974609e+00
1.944105744361877441e+00
2.844837009906768799e-01
-1.618725061416625977e-01
1.043365597724914551e+00
7.815286517143249512e-01
-1.313325524330139160e+00
-1.048453450202941895e+00
1.054277122020721436e-01
8.964605927467346191e-01
-9.401206970214843750e-01
8.538536429405212402e-01
-1.338909417390823364e-01
3.925514221191406250e-01
-1.359902918338775635e-01
-1.221732854843139648e+00
-3.693384230136871338e-01
-5.972307920455932617e-01
-1.654175966978073120e-01
-4.486682415008544922e-01
1.052300781011581421e-01
-3.926374614238739014e-01
4.493956863880157471e-01
5.822826623916625977e-01
9.089214354753494263e-02
4.229578077793121338e-01
-1.025170922279357910e+00
5.259875059127807617e-01
-4.596471488475799561e-01
-1.161941170692443848e+00
-1.972273737192153931e-01
-7.343054413795471191e-01
9.891641139984130859e-01
-1.074789047241210938e+00
9.115064144134521484e-02
2.028147876262664795e-01
-3.882713913917541504e-01
5.515148863196372986e-02
5.808486938476562500e-01
7.245703339576721191e-01
7.171331644058227539e-01
-4.681324362754821777e-01
2.177567481994628906e+00
-5.387969017028808594e-01
2.063104659318923950e-01
-1.391570925712585449e+00
7.609412074089050293e-01
-9.468783736228942871e-01
-1.598223447799682617e-01
-5.424879863858222961e-02
2.808076143264770508e-01
-1.352781057357788086e+00
-4.780988693237304688e-01
8.628358244895935059e-01
3.743893504142761230e-01
-9.773551225662231445e-01
1.019379734992980957e+00
-2.418433576822280884e-01
1.483170270919799805e+00
1.105520963668823242e+00
3.348201811313629150e-01
-1.264296174049377441e-01
-3.829687535762786865e-01
8.518320918083190918e-01
-1.339631080627441406e+00
3.108870238065719604e-02
-2.490144968032836914e-01
1.626851916313171387e+00
-9.700716137886047363e-01
-2.656754255294799805e-01
5.927138328552246094e-01
2.354380935430526733e-01
-4.264489412307739258e-01
-8.379411697387695312e-01
-1.764521598815917969e+00
7.525344491004943848e-01
-1.205914616584777832e+00
1.095587372779846191e+00
-3.010538816452026367e-01
-1.728317886590957642e-02
-6.054605841636657715e-01
3.717003166675567627e-01
-6.618586182594299316e-01
-3.158285617828369141e+00
6.408702135086059570e-01
-1.775056123733520508e-01
2.513387501239776611e-01
2.298758029937744141e-01
3.823080956935882568e-01
3.563201427459716797e-01
2.923749387264251709e-01
1.225595593452453613e+00
-1.614942401647567749e-01
1.711925864219665527e+00
1.366826176643371582e+00
1.246026903390884399e-01
-5.308803915977478027e-01
-3.981597125530242920e-01
2.291924476623535156e+00
-9.739987254142761230e-01
-3.345041871070861816e-01
7.251387238502502441e-01
-1.345099210739135742e+00
3.064960241317749023e-01
1.380726844072341919e-01
-1.032702088356018066e+00
-4.363931119441986084e-01
4.316722452640533447e-01
-4.417411088943481445e-01
-2.564997375011444092e-01
9.653798341751098633e-01
1.415477097034454346e-01
-7.180134654045104980e-01
-1.157742261886596680e+00
4.324413537979125977e-01
-1.112946391105651855e+00
-1.518831729888916016e+00
-3.294538855552673340e-01
1.572246670722961426e+00
1.151050925254821777e+00
-5.417976379394531250e-01
-8.223921656608581543e-01
1.319499462842941284e-01
7.018755674362182617e-01
7.014869451522827148e-01
-5.789432525634765625e-01
2.023301839828491211e+00
7.122671008110046387e-01
-1.361369490623474121e+00
-7.698683738708496094e-01
1.069936633110046387e+00
-9.468093514442443848e-02
2.261325597763061523e+00
2.273274511098861694e-01
-1.992321014404296875e-01
6.243865489959716797e-01
1.387151982635259628e-02
2.177019119262695312e-01
2.189339995384216309e-01
-6.458758711814880371e-01
-8.589772582054138184e-01
1.373074203729629517e-01
1.378560718148946762e-02
6.860482096672058105e-01
1.123449727892875671e-01
-2.997480928897857666e-01
1.353044062852859497e-01
6.510257124900817871e-01
-5.242943763732910156e-01
1.611147761344909668e+00
7.297057509422302246e-01
5.852633118629455566e-01
-5.101364850997924805e-01
1.380780100822448730e+00
1.208087801933288574e+00
-1.699844121932983398e+00
1.025954723358154297e+00
-7.527534365653991699e-01
1.419394731521606445e+00
-1.189423441886901855e+00
-1.415570497512817383e+00
-8.721978664398193359e-01
-3.779785633087158203e-01
-3.087517321109771729e-01
-6.017779707908630371e-01
6.736431121826171875e-01
5.891589522361755371e-01
5.043188929557800293e-01
-5.489609241485595703e-01
-5.125705152750015259e-02
-1.023185849189758301e+00
-4.490175247192382812e-01
-1.892150998115539551e+00
-8.284427523612976074e-01
-1.761527538299560547e+00
-7.056366801261901855e-01
2.438823431730270386e-01
-2.150806933641433716e-01
-2.253699541091918945e+00
4.234263598918914795e-01
1.184431195259094238e+00
1.609946846961975098e+00
1.743908286094665527e+00
-2.746060371398925781e+00
1.517613649368286133e+00
1.017649292945861816e+00
6.775780320167541504e-01
-1.495383501052856445e+00
-1.789397597312927246e-01
7.138356566429138184e-02
8.587735891342163086e-01
4.154748022556304932e-01
-1.334223151206970215e-01
-2.888351976871490479e-01
7.202751636505126953e-01
-8.692237138748168945e-01
1.860978722572326660e+00
-6.793881058692932129e-01
-1.633853793144226074e+00
8.590409755706787109e-01
-6.355544328689575195e-01
-3.247062265872955322e-01
-2.515988349914550781e-01
-4.754263758659362793e-01
4.041679501533508301e-01
-8.490151911973953247e-02
3.096955120563507080e-01
-1.203997060656547546e-01
-2.229855358600616455e-01
-1.716868602670729160e-03
1.019905090332031250e+00
8.957625627517700195e-01
1.985449075698852539e+00
5.406551957130432129e-01
1.057720541954040527e+00
-1.364245295524597168e+00
1.369541049003601074e+00
-4.270655512809753418e-01
1.535960316658020020e+00
4.752653539180755615e-01
1.901568412780761719e+00
1.520770788192749023e-01
-1.707458198070526123e-01
-1.872405260801315308e-01
-4.295163601636886597e-02
-9.894760251045227051e-01
-1.265427589416503906e+00
3.068019747734069824e-01
-8.262111544609069824e-01
1.568618774414062500e+00
4.458245038986206055e-01
1.956267356872558594e+00
-1.994047045707702637e+00
9.115813970565795898e-01
-8.896756768226623535e-01
1.809945255517959595e-01
-1.690810441970825195e+00
-1.879759430885314941e-01
-1.649061918258666992e+00
-2.268923670053482056e-01
-4.039636850357055664e-01
-7.729834318161010742e-01
2.789587378501892090e-01
-7.933922410011291504e-01
1.217410802841186523e+00
-7.893604785203933716e-02
-1.092167735099792480e+00
-1.062942504882812500e+00
5.705841183662414551e-01
1.226242661476135254e+00
-3.366439342498779297e-01
1.406898260116577148e+00
-7.936532050371170044e-02
1.042426705360412598e+00
1.538072712719440460e-02
4.774354398250579834e-01
-1.820900440216064453e+00
6.992319226264953613e-01
1.053347945213317871e+00
1.149423003196716309e+00
2.867004394531250000e+00
-1.419544458389282227e+00
-3.469705954194068909e-02
-1.738680720329284668e+00
-5.956140160560607910e-01
-8.760719746351242065e-02
-4.709911942481994629e-01
-8.498432636260986328e-01
2.748207151889801025e-01
-2.659801840782165527e-01
-1.371250391006469727e+00
-4.867735207080841064e-01
7.905687391757965088e-02
-2.386651039123535156e+00
-5.411803245544433594e+00
2.544487416744232178e-01
-1.574653625488281250e+00
5.128986835479736328e-01
3.753538131713867188e-01
-8.056432753801345825e-02
-1.056862235069274902e+00
2.740244865417480469e-01
6.111542582511901855e-01
-1.508825540542602539e+00
-1.129826545715332031e+00
2.114792108535766602e+00
1.198886781930923462e-01
2.090087532997131348e-01
-1.260748028755187988e+00
4.581384658813476562e-01
3.522391617298126221e-01
-1.137560680508613586e-01
1.433434128761291504e+00
-1.365850865840911865e-01
-2.196823120117187500e+00
3.254898488521575928e-01
-2.735604941844940186e-01
-7.086303234100341797e-01
-1.512615799903869629e+00
-4.238449037075042725e-03
1.073912382125854492e+00
5.982226133346557617e-02
6.553335189819335938e-01
-4.250283837318420410e-01
2.103119343519210815e-01
6.014871597290039062e-01
-2.002501010894775391e+00
1.311218738555908203e+00
-4.351429045200347900e-01
1.395791023969650269e-01
1.065246820449829102e+00
-1.025122761726379395e+00
5.198185443878173828e-01
-1.100234538316726685e-01
-2.561325207352638245e-02
1.321782946586608887e+00
-1.236936569213867188e+00
-3.822146952152252197e-01
6.198894977569580078e-02
-2.071003913879394531e+00
-1.792553812265396118e-01
-1.110234260559082031e-01
-1.999417692422866821e-01
3.656745851039886475e-01
9.191610217094421387e-01
8.011477589607238770e-01
4.785514175891876221e-01
-1.528912663459777832e+00
1.332469105720520020e+00
1.142664432525634766e+00
1.278335690498352051e+00
-4.083202481269836426e-01
-1.396782517433166504e+00
-3.496208786964416504e-02
5.439457669854164124e-02
-7.547643780708312988e-01
7.171364426612854004e-01
-5.711953639984130859e-01
9.936217069625854492e-01
-5.073620676994323730e-01
5.466783642768859863e-01
-4.747917652130126953e-01
1.999629735946655273e+00
-1.108179092407226562e+00
-6.207830905914306641e-01
2.011898607015609741e-01
-1.182655215263366699e+00
-1.695755869150161743e-01
3.722977340221405029e-01
2.607198059558868408e-01
-1.360338449478149414e+00
6.062216162681579590e-01
-2.745174169540405273e-01
-8.220379054546356201e-02
