-9.080263972282409668e-02
8.882480263710021973e-01
9.056127816438674927e-02
-1.874104380607604980e+00
-2.724147558212280273e+00
8.445101976394653320e-01
2.244556903839111328e+00
-8.963677287101745605e-01
1.619450688362121582e+00
6.935883164405822754e-01
1.496707320213317871e+00
8.253726363182067871e-01
-8.363930583000183105e-01
-4.202169179916381836e-01
1.054665327072143555e+00
-2.639532327651977539e+00
1.608626127243041992e+00
7.052400708198547363e-01
1.540070772171020508e+00
-1.341096282005310059e+00
-1.870531886816024780e-01
-1.599281430244445801e+00
2.290392398834228516e+00
-9.202946424484252930e-01
-2.106778383255004883e+00
-5.631785392761230469e-01
1.076514363288879395e+00
1.005234360694885254e+00
9.469650983810424805e-01
1.167081668972969055e-02
-1.908179163932800293e+00
-1.145332813262939453e+00
1.097656846046447754e+00
1.822448819875717163e-01
-1.838779598474502563e-01
-1.299725174903869629e+00
6.222712993621826172e-01
-1.143819212913513184e+00
4.239339753985404968e-02
-4.071690738201141357e-01
4.167605638504028320e-01
-8.791908025741577148e-01
-1.713541865348815918e+00
4.802696704864501953e-01
-1.543151021003723145e+00
-1.465060263872146606e-01
1.003855615854263306e-01
-1.291611909866333008e+00
-1.522267222404479980e+00
-2.675998210906982422e+00
-1.349656701087951660e+00
-1.871206760406494141e+00
7.019741535186767578e-01
-1.767239093780517578e+00
-1.011214852333068848e+00
-7.797866314649581909e-02
-2.215413935482501984e-02
2.094420909881591797e+00
1.093731895089149475e-01
1.779906511306762695e+00
-1.387439489364624023e+00
1.563577204942703247e-01
-1.080642417073249817e-01
2.929785847663879395e-01
1.572038412094116211e+00
1.413544863462448120e-01
3.385935723781585693e-01
1.452260851860046387e+00
-2.288284778594970703e+00
-2.823987007141113281e+00
-1.430794596672058105e+00
4.963285848498344421e-02
-1.705340266227722168e+00
5.437641143798828125e-01
-5.937957763671875000e-01
8.156875371932983398e-01
-5.480787903070449829e-02
1.822235733270645142e-01
1.964748144149780273e+00
-2.055205106735229492e+00
3.199990689754486084e-01
1.307593464851379395e+00
-7.174230813980102539e-01
-4.880459308624267578e-01
-6.877115368843078613e-01
6.619814634323120117e-01
-2.027903795242309570e+00
-2.029720544815063477e-01
-8.250852823257446289e-01
7.415184378623962402e-01
-1.704337954521179199e+00
-1.545099973678588867e+00
1.029355287551879883e+00
-4.611259400844573975e-01
-1.240351319313049316e+00
-2.120625734329223633e+00
1.297535181045532227e+00
-5.901662707328796387e-01
-3.513235971331596375e-02
4.826907813549041748e-01
-2.119626849889755249e-02
-1.549587845802307129e+00
-1.716969162225723267e-01
1.250812411308288574e+00
5.128957033157348633e-01
-7.327322363853454590e-01
-1.168339014053344727e+00
7.477307915687561035e-01
-1.371993422508239746e+00
-2.815672159194946289e-01
5.195231437683105469e-01
3.474025428295135498e-01
-1.124905943870544434e+00
-1.304865479469299316e+00
-7.193691730499267578e-01
-2.130696058273315430e+00
-1.880208373069763184e+00
-1.533238649368286133e+00
-2.357821613550186157e-01
1.088454604148864746e+00
-1.169836401939392090e+00
-2.027831315994262695e+00
-2.371642589569091797e+00
4.787190854549407959e-01
2.445175170898437500e+00
1.068026900291442871e+00
8.595039248466491699e-01
-1.222471073269844055e-01
2.322797298431396484e+00
6.735185980796813965e-01
5.786013007164001465e-01
-1.917666643857955933e-01
-2.146202474832534790e-01
-2.386745512485504150e-01
7.373288273811340332e-01
-6.366046071052551270e-01
9.896414875984191895e-01
-1.162412405014038086e+00
-2.507465839385986328e+00
-8.073385357856750488e-01
-8.179482817649841309e-01
-1.168787837028503418e+00
-2.013830184936523438e+00
-1.072050571441650391e+00
9.246488809585571289e-01
-8.184378147125244141e-01
6.672758609056472778e-03
-8.241254091262817383e-01
-2.893592715263366699e-01
-8.150951266288757324e-01
4.042015373706817627e-01
1.048679590225219727e+00
1.281573176383972168e+00
5.144102126359939575e-02
3.345782041549682617e+00
-6.226689219474792480e-01
-6.037590503692626953e-01
2.364272594451904297e+00
-1.125609993934631348e+00
5.473259687423706055e-01
-1.132668375968933105e+00
8.377694487571716309e-01
2.018380880355834961e+00
1.241669535636901855e+00
-1.422560334205627441e+00
-1.987426638603210449e+00
-1.737499833106994629e+00
-6.933703273534774780e-02
9.061626791954040527e-01
1.631456732749938965e+00
-1.216912984848022461e+00
-5.532637834548950195e-01
-8.603585362434387207e-01
4.513184428215026855e-01
4.313827753067016602e-01
2.964621186256408691e-01
2.054344177246093750e+00
-1.996290445327758789e+00
7.032144665718078613e-01
1.856866359710693359e+00
7.453433275222778320e-01
7.196959853172302246e-02
2.226404428482055664e+00
-1.573183894157409668e+00
1.467915177345275879e+00
-1.058600260876119137e-03
-5.148820877075195312e-01
1.171905040740966797e+00
1.199385404586791992e+00
-1.446157574653625488e+00
-9.866092205047607422e-01
-1.058858871459960938e+00
9.961220026016235352e-01
3.264566659927368164e-01
-1.659605056047439575e-01
-1.040369033813476562e+00
1.686040163040161133e+00
1.963783949613571167e-01
-1.557027339935302734e+00
-2.212609767913818359e+00
2.061235427856445312e+00
1.804653525352478027e+00
-5.341653823852539062e-01
-1.643857002258300781e+00
-2.332747220993041992e+00
-1.588931322097778320e+00
-6.663836836814880371e-01
2.743626117706298828e+00
1.619456529617309570e+00
-3.336839973926544189e-01
1.117802023887634277e+00
8.458071947097778320e-01
1.166845411062240601e-01
-9.976724982261657715e-01
-9.418234229087829590e-02
4.097447916865348816e-02
-2.883556127548217773e+00
-5.669936537742614746e-01
-1.977988719940185547e+00
1.302429556846618652e+00
1.222375869750976562e+00
-1.071951270103454590e+00
-5.477034673094749451e-02
-1.166986346244812012e+00
-7.760038375854492188e-01
-1.144038558006286621e+00
-1.053866147994995117e+00
2.327223718166351318e-01
-2.816095352172851562e-01
2.400595903396606445e+00
6.103075146675109863e-01
-5.544261932373046875e-01
-1.233713507652282715e+00
-1.430339932441711426e+00
-1.119064331054687500e+00
-5.393108725547790527e-01
2.678317546844482422e+00
1.664552241563796997e-01
2.170455455780029297e+00
7.609327435493469238e-01
-7.278317213058471680e-01
-9.458339810371398926e-01
-4.421763122081756592e-01
1.793679237365722656e+00
-1.069486737251281738e+00
-4.775384068489074707e-01
-1.231054514646530151e-01
-9.316510558128356934e-01
-5.800036787986755371e-01
4.977438151836395264e-01
-1.159550547599792480e+00
-3.248206973075866699e-01
2.116329431533813477e+00
1.868571192026138306e-01
-2.321208715438842773e-01
-1.710140585899353027e+00
5.643176436424255371e-01
-1.997376441955566406e+00
5.904173478484153748e-02
-1.092872023582458496e+00
2.746811211109161377e-01
2.404838502407073975e-01
-5.526053905487060547e-01
-1.199397742748260498e-01
-4.553385078907012939e-01
1.526785850524902344e+00
1.388881444931030273e+00
2.714815735816955566e-01
4.719606876373291016e+00
-1.563740611076354980e+00
-6.300738453865051270e-01
-3.758129775524139404e-01
-1.954618394374847412e-01
1.195635199546813965e+00
-3.981932401657104492e-01
1.296234488487243652e+00
-1.743544578552246094e+00
-2.226119041442871094e+00
9.070076942443847656e-01
1.762959361076354980e+00
9.469110965728759766e-01
6.803916692733764648e-01
8.135553598403930664e-01
-1.417268753051757812e+00
-2.290726453065872192e-01
-1.152002930641174316e+00
2.906368076801300049e-01
-4.054813086986541748e-01
-1.037507057189941406e+00
-2.298897027969360352e+00
-8.562152385711669922e-01
2.209329307079315186e-01
-7.009579241275787354e-02
2.566707611083984375e+00
8.393974304199218750e-01
3.170758485794067383e-01
-3.680587112903594971e-01
1.214576005935668945e+00
-7.832370996475219727e-01
-1.793935060501098633e+00
-1.695799469947814941e+00
-1.284962534904479980e+00
1.431397438049316406e+00
1.243151307106018066e+00
9.570173621177673340e-01
3.315914273262023926e-01
5.184092521667480469e-01
-1.238853707909584045e-01
1.817110061645507812e+00
-8.796830177307128906e-01
2.195448875427246094e+00
1.588365674018859863e+00
-6.042798981070518494e-02
-1.227894201874732971e-01
-1.530713289976119995e-01
1.213648170232772827e-01
8.125330805778503418e-01
-1.167298316955566406e+00
-1.699232161045074463e-01
6.021868586540222168e-01
7.094877362251281738e-01
-1.272462725639343262e+00
-1.195528984069824219e+00
-6.438775062561035156e-01
2.181688547134399414e+00
1.541915982961654663e-01
-1.065722346305847168e+00
-4.558806419372558594e-01
3.639827668666839600e-01
-8.731387853622436523e-01
-5.871768593788146973e-01
1.627256572246551514e-01
-2.494845628738403320e+00
-4.326573610305786133e-01
1.965280532836914062e+00
1.554886698722839355e+00
8.197990059852600098e-01
-2.629886567592620850e-01
-1.586979255080223083e-02
-1.468065500259399414e+00
9.214654564857482910e-01
3.137736320495605469e-01
2.067402601242065430e-01
-1.266995519399642944e-01
4.574706852436065674e-01
2.106338262557983398e+00
-4.418769478797912598e-01
1.350118398666381836e+00
1.026234388351440430e+00
7.501707971096038818e-02
-4.608347415924072266e-01
-6.068502068519592285e-01
-5.493761301040649414e-01
-3.099301815032958984e+00
-8.068023324012756348e-01
9.926396608352661133e-01
-9.615091085433959961e-01
-1.420117020606994629e+00
-8.736045360565185547e-01
-1.799856901168823242e+00
-1.320639371871948242e+00
3.246858343482017517e-02
-2.358675241470336914e+00
-5.644089728593826294e-02
1.399653673171997070e+00
9.850179553031921387e-01
1.918966621160507202e-01
4.684268534183502197e-01
-1.266006708145141602e+00
-1.083563804626464844e+00
1.313691884279251099e-01
1.668316006660461426e+00
-5.115439295768737793e-01
4.363731741905212402e-01
-5.121522545814514160e-01
-8.644691705703735352e-01
-3.435874283313751221e-01
1.605598807334899902e+00
2.219234466552734375e+00
1.551196813583374023e+00
-1.582850068807601929e-01
7.639247775077819824e-01
-1.193029046058654785e+00
-1.327003717422485352e+00
-1.419924020767211914e+00
-1.132230877876281738e+00
1.664814949035644531e+00
-9.149835109710693359e-01
8.459070920944213867e-01
-8.121103048324584961e-01
1.156978487968444824e+00
-5.523788332939147949e-01
-1.980770379304885864e-01
1.144182085990905762e+00
-5.247527956962585449e-01
-5.977662801742553711e-01
-2.100208997726440430e+00
1.353330373764038086e+00
-9.297418594360351562e-02
-2.543683052062988281e+00
9.518705308437347412e-02
-8.791163563728332520e-01
-5.935141444206237793e-01
-1.514169096946716309e+00
-4.184291660785675049e-01
2.160055875778198242e+00
-1.189338192343711853e-01
-1.204353928565979004e+00
6.533711552619934082e-01
-1.949814081192016602e+00
-1.117756009101867676e+00
1.073707222938537598e+00
1.898579150438308716e-01
-1.872188597917556763e-01
4.331733584403991699e-01
1.237946271896362305e+00
-1.439585722982883453e-02
-6.753463149070739746e-01
1.245154738426208496e+00
-9.590199589729309082e-01
-5.548735260963439941e-01
-1.232277631759643555e+00
1.425878167152404785e+00
1.698752641677856445e+00
1.060812473297119141e+00
-1.346054196357727051e+00
-2.830211818218231201e-01
1.494424462318420410e+00
-1.119413495063781738e+00
4.768466651439666748e-01
-3.793663680553436279e-01
1.368547201156616211e+00
1.329249609261751175e-02
-1.639908909797668457e+00
2.053300619125366211e+00
-5.473599433898925781e-01
-9.414538741111755371e-01
1.009171232581138611e-01
-1.138310909271240234e+00
1.795465588569641113e+00
-2.619021892547607422e+00
9.776873588562011719e-01
1.291176676750183105e+00
-3.197282254695892334e-01
6.522696614265441895e-01
4.741805195808410645e-01
7.199329733848571777e-01
-6.208599209785461426e-01
8.577104210853576660e-01
2.977632284164428711e-01
-4.223358929157257080e-01
-9.584537893533706665e-02
3.722148835659027100e-01
1.706961154937744141e+00
3.240549564361572266e-01
-1.594087839126586914e+00
-5.647255182266235352e-01
8.983498215675354004e-01
6.528398990631103516e-01
2.064069271087646484e+00
7.006806135177612305e-01
5.879861488938331604e-02
2.261528745293617249e-02
1.119907617568969727e+00
-1.995981931686401367e+00
-9.100532531738281250e-01
1.181391835212707520e+00
6.879070401191711426e-01
9.950122237205505371e-01
1.756598234176635742e+00
-4.329120516777038574e-01
1.759383082389831543e+00
1.236240029335021973e+00
9.358257055282592773e-01
-3.836387693881988525e-01
2.944790124893188477e-01
-1.929064035415649414e+00
-4.036236703395843506e-01
-1.155195593833923340e+00
1.250743389129638672e+00
8.553880453109741211e-01
6.420761346817016602e-01
-1.894495964050292969e+00
3.426095843315124512e-01
-1.365076154470443726e-01
3.459632992744445801e-01
-1.410409957170486450e-01
2.679441869258880615e-01
-5.132838487625122070e-01
-1.667347192764282227e+00
-5.594233870506286621e-01
1.028231978416442871e+00
-1.135113835334777832e+00
1.419932484626770020e+00
-8.272023797035217285e-01
9.089000225067138672e-01
1.314850807189941406e+00
-2.807023048400878906e+00
-1.026732683181762695e+00
7.441331148147583008e-01
-4.917343556880950928e-01
-2.450158834457397461e+00
1.214642643928527832e+00
2.911364473402500153e-02
1.853228688240051270e+00
1.581758737564086914e+00
1.086990594863891602e+00
3.514164388179779053e-01
1.473786950111389160e+00
-4.851439893245697021e-01
2.471813000738620758e-02
-1.131139278411865234e+00
-1.587654948234558105e+00
-4.954133033752441406e-01
9.252733588218688965e-01
6.669503450393676758e-01
1.251819252967834473e+00
6.972148418426513672e-01
-7.914074659347534180e-01
3.139847815036773682e-01
8.002951741218566895e-01
1.618235826492309570e+00
5.736700892448425293e-01
3.358658850193023682e-01
-7.596197128295898438e-01
1.957421302795410156e-01
1.670662499964237213e-02
-8.539649844169616699e-01
4.286317229270935059e-01
6.415086388587951660e-01
-6.008367612957954407e-02
-1.881419062614440918e+00
9.432739019393920898e-01
-1.001017689704895020e+00
1.101236581802368164e+00
4.608582854270935059e-01
2.686064541339874268e-01
8.067123293876647949e-01
-1.527253150939941406e+00
-1.779238134622573853e-01
9.104521274566650391e-01
1.989058136940002441e+00
-2.484876364469528198e-01
-2.251942396163940430e+00
3.459269046783447266e+00
4.515714943408966064e-01
-5.642648339271545410e-01
-1.129136919975280762e+00
1.039455085992813110e-01
-1.478058218955993652e+00
1.069482564926147461e+00
7.994926571846008301e-01
-4.775559008121490479e-01
-4.130475521087646484e-01
1.878431320190429688e+00
-4.990035593509674072e-01
-1.329982578754425049e-01
2.228278875350952148e+00
7.914076447486877441e-01
-1.852210521697998047e+00
-1.953840136528015137e+00
7.063146680593490601e-02
-4.731238484382629395e-01
-8.489359617233276367e-01
8.617991209030151367e-01
-3.679102063179016113e-01
-1.405988216400146484e+00
9.565610289573669434e-01
-9.458249211311340332e-01
-7.074641585350036621e-01
-2.755806207656860352e+00
-4.914421439170837402e-01
8.921202421188354492e-01
-6.165995001792907715e-01
-1.197698354721069336e+00
9.493129849433898926e-01
2.427799224853515625e+00
-8.083898425102233887e-01
-1.137091964483261108e-01
1.310277462005615234e+00
-1.569068789482116699e+00
9.710904955863952637e-01
-7.396126389503479004e-01
-3.104111254215240479e-01
-2.727225609123706818e-02
8.715032339096069336e-01
-6.845970749855041504e-01
-6.500303745269775391e-01
-1.139351367950439453e+00
1.699831128120422363e+00
-6.807330250740051270e-01
-1.047751531004905701e-01
1.803918600082397461e+00
2.645312845706939697e-01
3.411509990692138672e+00
5.505527555942535400e-02
3.379484891891479492e+00
1.852678060531616211e-01
-1.235869050025939941e+00
8.750029802322387695e-01
1.216889262199401855e+00
-1.003796458244323730e+00
-1.829081296920776367e+00
-4.250288605690002441e-01
5.803350210189819336e-01
-1.148378729820251465e+00
-1.091257691383361816e+00
-1.295047879219055176e+00
-1.456674218177795410e+00
-1.545441895723342896e-01
2.246852517127990723e-01
-8.248504996299743652e-02
2.546144247055053711e+00
-5.289989709854125977e-01
-1.048347353935241699e+00
-3.932445049285888672e-01
9.136934280395507812e-01
-1.296980381011962891e+00
1.830990016460418701e-01
1.069711923599243164e+00
3.003076076507568359e+00
-4.187258481979370117e-01
-6.372821927070617676e-01
7.854696512222290039e-01
8.525682687759399414e-01
-6.104578375816345215e-01
1.055208563804626465e+00
7.730596065521240234e-01
1.901684641838073730e+00
4.396780431270599365e-01
-6.860221028327941895e-01
4.114725887775421143e-01
2.369734048843383789e+00
-1.428532123565673828e+00
1.415616869926452637e+00
3.393367290496826172e+00
-5.689780712127685547e-01
-3.178509175777435303e-01
2.449250936508178711e+00
2.276010036468505859e+00
-1.998761057853698730e+00
1.509867548942565918e+00
-2.269254684448242188e+00
1.153004646301269531e+00
1.517201185226440430e+00
2.777945995330810547e+00
-7.476686835289001465e-01
-5.561165809631347656e-01
2.120805978775024414e+00
-9.726923108100891113e-01
5.040473937988281250e-01
-2.055855274200439453e+00
7.395803928375244141e-01
-1.258881241083145142e-01
9.708252549171447754e-01
-1.065171003341674805e+00
7.211484313011169434e-01
2.308767795562744141e+00
1.219127535820007324e+00
1.140208959579467773e+00
-1.690487504005432129e+00
-2.630920886993408203e+00
-1.467890739440917969e+00
-3.809217810630798340e-01
-5.306117609143257141e-02
9.295849800109863281e-01
3.124493658542633057e-01
-2.954489290714263916e-01
6.615032553672790527e-01
-1.605826318264007568e-01
8.003268241882324219e-01
4.690666496753692627e-01
-1.899249404668807983e-01
1.643023729324340820e+00
1.295434474945068359e+00
-1.037098884582519531e+00
-1.614902377128601074e+00
5.346225500106811523e-01
3.207682967185974121e-01
-3.409684896469116211e-01
-4.740956053137779236e-02
6.742651015520095825e-02
6.461654305458068848e-01
2.917983829975128174e-01
-8.348615765571594238e-01
-1.870903253555297852e+00
-5.985623598098754883e-01
9.102450013160705566e-01
-4.329139709472656250e+00
6.664423644542694092e-02
-5.882841944694519043e-01
2.043343544006347656e+00
2.634568691253662109e+00
-1.779723525047302246e+00
-1.699076175689697266e+00
-1.249200105667114258e+00
1.471085190773010254e+00
-1.742532253265380859e+00
8.929424285888671875e-01
7.429234981536865234e-01
-2.177579849958419800e-01
-3.794737160205841064e-01
-3.184910416603088379e-01
-7.763202786445617676e-01
4.443908929824829102e-01
1.766870260238647461e+00
7.566782474517822266e+00
1.270461440086364746e+00
-3.732576847076416016e+00
-5.861861705780029297e-01
-7.522791624069213867e-01
1.627155095338821411e-01
-1.381034612655639648e+00
2.646946191787719727e+00
1.018227338790893555e+00
-7.308565974235534668e-01
8.462309092283248901e-02
-1.361976146697998047e+00
-8.104005455970764160e-01
-2.948142290115356445e+00
-1.148294925689697266e+00
9.618039131164550781e-01
1.968233585357666016e-01
1.914901852607727051e+00
3.987390995025634766e-01
-9.641727209091186523e-01
3.224694430828094482e-01
7.420175522565841675e-02
-2.228296995162963867e+00
3.272495567798614502e-01
-8.583737611770629883e-01
-1.965721011161804199e+00
-2.562401592731475830e-01
-9.061921238899230957e-01
1.840215563774108887e+00
7.232481241226196289e-02
1.878118395805358887e+00
1.314177155494689941e+00
6.819223761558532715e-01
1.805656909942626953e+00
-1.281956195831298828e+00
9.135039448738098145e-01
-7.660941481590270996e-01
7.030002772808074951e-02
-1.186363220214843750e+00
2.874136865139007568e-01
-7.571297287940979004e-01
-5.878028273582458496e-01
-6.857227087020874023e-01
5.976256132125854492e-01
1.971902489662170410e+00
-1.540637135505676270e+00
4.951654970645904541e-01
3.977882862091064453e-01
-1.471766829490661621e+00
2.197227001190185547e+00
-3.096449136734008789e+00
2.486411482095718384e-01
-7.114672660827636719e-01
6.434629112482070923e-02
8.108838796615600586e-01
-1.330489069223403931e-01
-1.813168883323669434e+00
-2.309484779834747314e-01
-1.626752376556396484e+00
-2.011766195297241211e+00
-1.809883952140808105e+00
-5.239909514784812927e-02
