1.317952156066894531e+00
7.263689041137695312e-01
3.409107625484466553e-01
-2.688888311386108398e-01
-3.726400136947631836e-01
-1.337286233901977539e+00
2.062821537256240845e-01
-1.462396830320358276e-01
-1.417988687753677368e-01
2.094982564449310303e-01
5.328372716903686523e-01
-2.646279633045196533e-01
1.373193740844726562e+00
-7.807597517967224121e-02
2.812041640281677246e-01
-1.427224397659301758e+00
-5.133756399154663086e-01
1.040048956871032715e+00
-1.056915163993835449e+00
3.132987022399902344e-01
-3.131707906723022461e-01
-7.160535454750061035e-01
-2.951036989688873291e-01
8.717100322246551514e-02
5.979458093643188477e-01
-7.383565604686737061e-02
1.117118835449218750e+00
-6.427569389343261719e-01
-6.005424857139587402e-01
-3.132045865058898926e-01
-1.684654355049133301e+00
-1.172473505139350891e-01
-1.538862943649291992e+00
-2.158619835972785950e-02
-5.318946838378906250e-01
-4.271235466003417969e-01
-1.705709576606750488e+00
-2.142578125000000000e+00
2.469190396368503571e-02
4.968275725841522217e-01
-2.514551207423210144e-02
-1.005594134330749512e+00
-5.861231684684753418e-01
-5.227246284484863281e-01
-2.117343693971633911e-01
-7.705680727958679199e-01
1.056377887725830078e+00
6.609710454940795898e-01
-7.107700705528259277e-01
2.933278083801269531e-01
-4.246070981025695801e-01
2.148709595203399658e-01
1.259718537330627441e+00
-2.888707518577575684e-01
-4.674969315528869629e-01
-2.778367102146148682e-01
5.657726526260375977e-01
-8.344303369522094727e-01
1.306493729352951050e-01
-1.004998445510864258e+00
-4.487879872322082520e-01
-1.120843529701232910e+00
2.128183841705322266e+00
-5.674012303352355957e-01
-6.716917734593153000e-03
-3.564087748527526855e-01
3.030470758676528931e-02
-1.066011860966682434e-01
4.099234938621520996e-01
9.018791913986206055e-01
5.841601174324750900e-03
5.686960816383361816e-01
7.921314835548400879e-01
-5.440592169761657715e-01
8.212311863899230957e-01
-1.339343667030334473e+00
2.038864791393280029e-01
3.670845031738281250e-01
-6.003366708755493164e-01
4.194557070732116699e-01
5.548086762428283691e-01
8.150478601455688477e-01
-9.085755944252014160e-01
-7.018506526947021484e-01
-1.142975926399230957e+00
4.266436696052551270e-01
-1.634187102317810059e+00
-3.760812878608703613e-01
6.692513823509216309e-01
-6.684852242469787598e-01
8.089397102594375610e-02
5.254754051566123962e-02
-9.436059594154357910e-01
1.367367148399353027e+00
-1.068803593516349792e-01
1.017692565917968750e+00
6.055696010589599609e-01
-1.219517230987548828e+00
6.079434156417846680e-01
8.872076272964477539e-01
-1.866164803504943848e+00
3.585958480834960938e-02
7.214737534523010254e-01
8.200108408927917480e-01
-2.909665405750274658e-01
4.029087126255035400e-01
-3.807237744331359863e-01
-1.636689454317092896e-01
6.529327630996704102e-01
-4.697022438049316406e-01
9.089972972869873047e-01
-3.511081039905548096e-01
9.703012108802795410e-01
5.460748821496963501e-02
6.522526741027832031e-01
6.571052670478820801e-01
1.154209971427917480e-01
-1.299468278884887695e+00
-6.637687087059020996e-01
3.223579525947570801e-01
-1.199102044105529785e+00
-3.905015885829925537e-01
-1.818969011306762695e+00
1.643052816390991211e+00
2.395226955413818359e-01
-1.048611998558044434e+00
8.752478957176208496e-01
6.367006152868270874e-02
-3.321524858474731445e-01
1.923123836517333984e+00
-1.236658841371536255e-01
1.057619333267211914e+00
9.121324419975280762e-01
8.074393868446350098e-01
-9.065265655517578125e-01
-3.614231944084167480e-01
2.579149901866912842e-01
-2.898589074611663818e-01
5.674112215638160706e-02
6.952520608901977539e-01
-3.829960227012634277e-01
1.294954419136047363e+00
1.322350382804870605e+00
1.680345654487609863e+00
-7.876235246658325195e-01
-8.372318744659423828e-01
-8.287725038826465607e-03
-6.048746705055236816e-01
3.649751245975494385e-01
9.274248480796813965e-01
-9.318948984146118164e-01
1.370786786079406738e+00
2.228794060647487640e-02
-5.057238936424255371e-01
7.639563679695129395e-01
-5.675923228263854980e-01
-8.760770559310913086e-01
1.147472485899925232e-01
-6.049900650978088379e-01
1.665628194808959961e+00
-3.987497985363006592e-01
-1.030384063720703125e+00
-3.095084428787231445e-01
-1.515914916992187500e+00
-7.743042111396789551e-01
-3.533045053482055664e-01
-6.716312170028686523e-01
-1.336789965629577637e+00
-7.066385149955749512e-01
9.136341512203216553e-02
-1.754354476928710938e+00
-1.782769203186035156e+00
-1.303345561027526855e+00
-4.763078987598419189e-01
-5.957037806510925293e-01
2.346443235874176025e-01
4.386766850948333740e-01
-6.753720641136169434e-01
2.617140412330627441e-01
1.414423942565917969e+00
-1.091781258583068848e+00
-2.194677144289016724e-01
1.272648572921752930e-01
-8.656373620033264160e-01
3.849601447582244873e-01
-9.986622333526611328e-01
-9.272466301918029785e-01
1.258693099021911621e+00
-9.178721159696578979e-02
-6.783543527126312256e-02
9.262706637382507324e-01
4.715460240840911865e-01
-1.299442201852798462e-01
3.732470273971557617e-01
-1.509731650352478027e+00
3.988216519355773926e-01
-1.059758588671684265e-01
2.306835055351257324e-01
-8.395747542381286621e-01
-1.210504412651062012e+00
-2.951171696186065674e-01
1.332146525382995605e-01
-5.541568398475646973e-01
2.032440155744552612e-01
-4.278667569160461426e-01
2.104084342718124390e-01
-4.651306569576263428e-02
7.467660903930664062e-01
2.979067564010620117e+00
-8.205668330192565918e-01
8.297768235206604004e-01
-1.178466320037841797e+00
5.303126573562622070e-01
9.054413437843322754e-01
-8.039528727531433105e-01
9.045524597167968750e-01
-8.615286946296691895e-01
-1.848155021667480469e+00
-8.702011108398437500e-01
-7.839880883693695068e-02
-6.310785561800003052e-02
1.534588456153869629e+00
-3.111563026905059814e-01
3.475878834724426270e-01
4.863112568855285645e-01
7.337599396705627441e-01
-3.585520982742309570e-01
1.477968394756317139e-01
-1.152879476547241211e+00
-1.003176927566528320e+00
7.292461991310119629e-01
-6.319354176521301270e-01
-1.085208654403686523e+00
-1.138328909873962402e+00
2.473674774169921875e+00
9.088869094848632812e-01
3.488524258136749268e-01
-4.291384816169738770e-01
6.558221578598022461e-01
6.952162981033325195e-01
-9.493077993392944336e-01
-7.399621009826660156e-01
-1.357753634452819824e+00
1.691367268562316895e+00
-1.469741106033325195e+00
-2.840204536914825439e-01
9.499912150204181671e-03
1.040832996368408203e-01
2.268719911575317383e+00
1.102076292037963867e+00
6.913008689880371094e-01
-3.848316669464111328e-01
-6.465430855751037598e-01
6.607837677001953125e-01
-2.876728475093841553e-01
-7.807324528694152832e-01
7.494868040084838867e-01
5.167670845985412598e-01
-5.002661347389221191e-01
1.292214691638946533e-01
-1.859858781099319458e-01
9.595337510108947754e-01
2.862626016139984131e-01
-1.558775007724761963e-01
7.142722010612487793e-01
1.396922111511230469e+00
1.692919015884399414e+00
-5.527799203991889954e-02
1.823662161827087402e+00
-2.819623053073883057e-01
3.686186671257019043e-01
7.767696976661682129e-01
-4.622159302234649658e-01
8.314761519432067871e-01
-1.292025685310363770e+00
9.452897310256958008e-01
5.902314186096191406e-01
-8.709826469421386719e-01
-6.102881431579589844e-01
-1.373160362243652344e+00
-5.596338510513305664e-01
-4.554633796215057373e-01
-4.568666219711303711e-01
-3.634364902973175049e-01
3.783301115036010742e-01
-7.683091163635253906e-01
-1.662424504756927490e-01
5.375323295593261719e-01
3.182672858238220215e-01
-2.051011472940444946e-01
-2.562436163425445557e-01
-9.561935663223266602e-01
-8.374432325363159180e-01
2.691663503646850586e+00
-6.756543517112731934e-01
1.194604188203811646e-01
8.000960946083068848e-01
-2.073613852262496948e-01
1.487694263458251953e+00
7.840183973312377930e-01
-8.314597606658935547e-02
-1.236055135726928711e+00
-4.390144348144531250e-01
-5.217693746089935303e-02
-1.517461299896240234e+00
2.583115696907043457e-01
-2.179273962974548340e-01
-3.091455399990081787e-01
4.915099591016769409e-02
-4.247160255908966064e-01
-3.995405435562133789e-01
2.386541664600372314e-02
-7.822627425193786621e-01
-4.295907914638519287e-01
-1.681498587131500244e-01
-4.911091327667236328e-01
-7.050905227661132812e-01
-1.250956207513809204e-01
9.567044377326965332e-01
3.447938263416290283e-01
-3.319821357727050781e-01
-5.196911096572875977e-01
1.454593300819396973e+00
1.910653114318847656e-01
-5.306864976882934570e-01
6.203528046607971191e-01
-3.157929778099060059e-01
-2.897593379020690918e-01
-1.481306672096252441e+00
5.498539805412292480e-01
-7.246817350387573242e-01
4.459510371088981628e-02
-4.791058897972106934e-01
2.638388872146606445e-01
4.503766298294067383e-01
-2.256686836481094360e-01
-8.213024139404296875e-01
-7.133649587631225586e-01
-1.112343072891235352e-01
-8.932066559791564941e-01
1.131234884262084961e+00
-1.561705946922302246e+00
1.933330416679382324e+00
-8.302907347679138184e-01
-1.478832006454467773e+00
2.454598248004913330e-01
-2.537386715412139893e-01
9.538766145706176758e-01
-6.828377842903137207e-01
-1.604238748550415039e-01
-1.081208586692810059e+00
-2.135342732071876526e-02
-1.918850988149642944e-01
-2.346141338348388672e+00
-6.351833045482635498e-02
7.390433549880981445e-02
3.315223157405853271e-01
2.891241312026977539e-01
1.059619665145874023e+00
-3.440064191818237305e-01
1.814160048961639404e-01
3.759082406759262085e-02
1.314023494720458984e+00
-1.709149479866027832e+00
-5.881452560424804688e-01
-7.998924851417541504e-01
1.437004327774047852e+00
-3.392336368560791016e-01
8.209205865859985352e-01
5.772510766983032227e-01
9.602700471878051758e-01
1.273145437240600586e+00
-7.757576704025268555e-01
4.122059941291809082e-01
-5.009149312973022461e-01
-9.690716862678527832e-01
-4.233938455581665039e-01
-6.707527041435241699e-01
6.593791246414184570e-01
2.959669530391693115e-01
1.250696182250976562e+00
1.182361364364624023e+00
4.249680042266845703e-01
-8.964332342147827148e-01
-4.835161864757537842e-01
3.619682192802429199e-01
-2.917538881301879883e-01
-1.527667939662933350e-01
-4.718007743358612061e-01
1.578024268150329590e+00
1.298784852027893066e+00
-1.499020606279373169e-01
2.496525526046752930e+00
-7.432602643966674805e-01
1.426824688911437988e+00
-6.209262609481811523e-01
7.248755693435668945e-01
-7.108778357505798340e-01
-9.523914456367492676e-01
3.114267885684967041e-01
2.034748792648315430e-01
-7.720452547073364258e-01
1.217226743698120117e+00
7.901092767715454102e-01
4.085416197776794434e-01
8.333545327186584473e-01
-5.039410591125488281e-01
1.380699500441551208e-02
1.658003926277160645e-01
3.943016529083251953e-01
-2.049543857574462891e+00
-5.097520947456359863e-01
-3.535679876804351807e-01
-3.145192563533782959e-01
2.809706032276153564e-01
6.451317667961120605e-01
-6.901338696479797363e-01
9.581810235977172852e-01
-6.131195425987243652e-01
5.338538885116577148e-01
-8.769228458404541016e-01
-2.409869194030761719e+00
-2.269860059022903442e-01
-7.264700531959533691e-01
-6.521530747413635254e-01
8.606848716735839844e-01
-8.004546761512756348e-01
3.206687271595001221e-01
-8.735321760177612305e-01
3.224217593669891357e-01
-7.699430584907531738e-01
-1.590940356254577637e-02
1.291825890541076660e+00
-1.190259695053100586e+00
2.289901524782180786e-01
3.906611800193786621e-01
1.531761646270751953e+00
4.558478891849517822e-01
1.022468209266662598e+00
-8.582948446273803711e-01
2.698783874511718750e-01
4.147707521915435791e-01
-1.849130034446716309e+00
3.614335358142852783e-01
-6.278430819511413574e-01
-3.532829880714416504e-01
9.472316503524780273e-02
4.318597912788391113e-01
4.343127906322479248e-01
-8.868723362684249878e-02
8.177511692047119141e-01
6.791166067123413086e-01
6.166761517524719238e-01
-1.963894367218017578e-01
6.674818992614746094e-01
8.870298415422439575e-02
1.901570439338684082e+00
-8.025732040405273438e-01
-6.477512121200561523e-01
3.449986279010772705e-01
1.366400837898254395e+00
3.186411261558532715e-01
-5.015589594841003418e-01
4.393889382481575012e-02
3.402578532695770264e-01
-1.564297556877136230e+00
7.141915559768676758e-01
-7.391821146011352539e-01
-5.265682563185691833e-02
1.020264029502868652e+00
3.838284015655517578e-01
2.545158267021179199e-01
5.925366878509521484e-01
4.743188917636871338e-01
-8.992631435394287109e-01
-4.687832891941070557e-01
4.483412951231002808e-02
6.611459702253341675e-02
-7.513235211372375488e-01
9.941126108169555664e-01
-2.386030256748199463e-01
8.468603491783142090e-01
-1.426387310028076172e+00
3.375487625598907471e-01
4.650782644748687744e-01
-2.623171545565128326e-02
-8.589595556259155273e-01
9.849040508270263672e-01
2.781358361244201660e-01
1.062305092811584473e+00
-5.917229652404785156e-01
6.203343272209167480e-01
2.904900014400482178e-01
-5.520719885826110840e-01
-1.853796005249023438e+00
-6.914122104644775391e-01
8.605504631996154785e-01
-2.753298282623291016e+00
1.906056761741638184e+00
-4.256530106067657471e-01
5.207049250602722168e-01
3.305387496948242188e-02
-6.498465538024902344e-01
-8.396241813898086548e-02
-2.260444164276123047e-01
4.308081865310668945e-01
1.365280300378799438e-01
-1.278494834899902344e+00
-1.741879940032958984e+00
4.235234856605529785e-01
6.271747350692749023e-01
-4.071809053421020508e-01
6.731417775154113770e-02
-3.883163034915924072e-01
3.392471075057983398e-01
1.053809404373168945e+00
-8.478929996490478516e-01
4.858926534652709961e-01
-2.561358809471130371e-01
-6.729784607887268066e-01
-4.782371520996093750e-01
-4.927070140838623047e-01
-5.449311733245849609e-01
5.123386159539222717e-03
3.073550462722778320e-01
8.852978348731994629e-01
5.875915288925170898e-01
-4.560610949993133545e-01
7.763479351997375488e-01
-2.206026792526245117e+00
-1.099011540412902832e+00
-2.252360731363296509e-01
6.004444956779479980e-01
-1.344732344150543213e-01
8.850101828575134277e-01
-8.107966780662536621e-01
3.369875252246856689e-01
1.045643687248229980e+00
1.055240854620933533e-01
-4.158039093017578125e-01
1.611589342355728149e-01
5.784071981906890869e-02
-9.576426148414611816e-01
2.012898474931716919e-01
1.405638337135314941e+00
-4.965686202049255371e-01
6.663856506347656250e-01
1.522965133190155029e-01
-1.616619378328323364e-01
5.066738128662109375e-01
-5.649394392967224121e-01
-4.308034181594848633e-01
-3.683606684207916260e-01
-9.580356478691101074e-01
7.709000259637832642e-02
1.690867543220520020e-01
1.354836970567703247e-01
5.971569418907165527e-01
-3.287635445594787598e-01
-1.643206596374511719e+00
-5.466721057891845703e-01
-2.279105931520462036e-01
1.166370272636413574e+00
-8.840156197547912598e-01
9.022461771965026855e-01
-1.683037877082824707e+00
-1.009622097015380859e+00
2.744163386523723602e-02
2.031835079193115234e+00
-6.247780323028564453e-01
6.912623047828674316e-01
1.566037774085998535e+00
3.285635635256767273e-02
-3.264813125133514404e-01
-1.303550958633422852e+00
-1.430052369832992554e-01
-4.100458323955535889e-01
9.443978071212768555e-01
1.470904111862182617e+00
-1.594023257493972778e-01
-3.919788002967834473e-01
7.805039286613464355e-01
1.753288507461547852e-01
-4.649442434310913086e-02
-7.883115410804748535e-01
-1.270186543464660645e+00
-2.443633228540420532e-02
-8.773413896560668945e-01
1.492050141096115112e-01
-7.465748786926269531e-01
6.647074818611145020e-01
1.218341708183288574e+00
5.250180363655090332e-01
1.230727314949035645e+00
3.089716434478759766e-01
5.853663682937622070e-01
1.160557508468627930e+00
-1.299592852592468262e-01
-6.243791058659553528e-02
-4.973542094230651855e-01
-7.411499619483947754e-01
5.537264943122863770e-01
1.077237576246261597e-01
2.558370828628540039e-01
1.307454466819763184e+00
-7.143917679786682129e-01
7.312449216842651367e-01
-3.396978378295898438e-01
-3.212973475456237793e-02
1.268225014209747314e-01
-1.908605694770812988e-01
-1.266973733901977539e+00
5.099359750747680664e-01
1.824750192463397980e-02
-1.238791584968566895e+00
1.955339908599853516e-01
9.993312358856201172e-01
-7.830476164817810059e-01
-4.806682765483856201e-01
-4.454615414142608643e-01
-6.999278068542480469e-01
5.466023087501525879e-02
2.724189125001430511e-02
-5.334031581878662109e-01
-1.156265854835510254e+00
1.233028173446655273e+00
1.412408232688903809e+00
1.042488336563110352e+00
7.218996286392211914e-01
3.561761975288391113e-01
1.266069889068603516e+00
1.066930294036865234e-01
1.830358147621154785e+00
5.379679203033447266e-01
1.527642488479614258e+00
-2.335408180952072144e-01
9.741429090499877930e-01
-1.004356265068054199e+00
9.546980857849121094e-01
-8.403314948081970215e-01
6.373091936111450195e-01
3.919257316738367081e-03
-6.417672634124755859e-01
7.875854372978210449e-01
-9.569662213325500488e-01
3.549003601074218750e+00
-9.087519049644470215e-01
-2.721006870269775391e-01
6.466222405433654785e-01
-1.710677146911621094e+00
5.502634495496749878e-02
-6.940900683403015137e-01
-1.572160959243774414e+00
7.023544311523437500e-01
6.449866294860839844e-01
-6.180505752563476562e-01
-1.318725943565368652e-02
8.984662294387817383e-01
9.710592031478881836e-01
-5.465442538261413574e-01
1.213311105966567993e-01
4.160516560077667236e-01
-1.714817434549331665e-01
-1.142825633287429810e-01
-1.179777622222900391e+00
1.501929521560668945e+00
9.689230322837829590e-01
3.966736495494842529e-01
2.532295882701873779e-02
-2.650531768798828125e+00
-1.074301123619079590e+00
5.874849557876586914e-01
-2.903663218021392822e-01
1.063947439193725586e+00
1.064959168434143066e+00
-1.119265913963317871e+00
4.736132919788360596e-01
-2.259396612644195557e-01
2.897276580333709717e-01
-1.696957349777221680e+00
6.022384762763977051e-02
-7.389386892318725586e-01
-1.918273270130157471e-01
1.139376163482666016e+00
-6.785683035850524902e-01
-2.384210973978042603e-01
-1.143180280923843384e-01
-1.156122684478759766e+00
-3.815669775009155273e+00
-2.184504717588424683e-01
-9.551407694816589355e-01
1.286269426345825195e+00
1.826061129570007324e+00
-6.136422753334045410e-01
-1.464200615882873535e+00
-5.006288290023803711e-01
2.621603012084960938e-01
-1.464740276336669922e+00
-5.539432168006896973e-01
-1.020365804433822632e-01
4.424913525581359863e-01
1.662304878234863281e+00
-1.430815339088439941e+00
-7.908763736486434937e-02
3.433393239974975586e-01
6.273319721221923828e-01
1.835237860679626465e+00
-6.005905866622924805e-01
-7.423991560935974121e-01
-4.355214238166809082e-01
-8.389641642570495605e-01
-4.569904506206512451e-01
-1.073548674583435059e+00
4.906019568443298340e-01
-7.962772846221923828e-01
-8.520149588584899902e-01
7.735858559608459473e-01
-5.843721032142639160e-01
-4.102989435195922852e-01
1.996498227119445801e+00
7.749345302581787109e-01
2.972419559955596924e-01
-3.631936609745025635e-01
1.817115068435668945e+00
2.527151815593242645e-02
-7.757276296615600586e-01
-1.282833576202392578e+00
2.583407163619995117e-01
7.420744895935058594e-01
-4.081354141235351562e-01
1.189388409256935120e-01
-2.311803400516510010e-01
-1.218426749110221863e-01
-2.137691080570220947e-01
-7.871428132057189941e-01
1.164255380630493164e+00
-5.770196914672851562e-01
4.263702332973480225e-01
1.016222834587097168e+00
1.971424967050552368e-01
-5.470473766326904297e-01
-8.921098113059997559e-01
3.619534075260162354e-01
1.560072064399719238e+00
1.976875305175781250e+00
-1.621075510978698730e+00
3.254730021581053734e-03
-7.903649210929870605e-01
1.918701529502868652e-01
3.689353466033935547e-01
8.036317825317382812e-01
-2.774138562381267548e-02
2.438676506280899048e-01
-5.834865570068359375e-01
-3.825398683547973633e-01
4.494267106056213379e-01
1.778506398200988770e+00
-1.802949190139770508e+00
-1.411860704421997070e+00
1.645776182413101196e-01
-1.536034345626831055e-01
1.374096609652042389e-02
4.981221556663513184e-01
-7.728265523910522461e-01
-1.257632851600646973e+00
6.149202585220336914e-01
-2.819680273532867432e-01
5.242244005203247070e-01
