1.125799775123596191e+00
8.809590339660644531e-01
7.048813104629516602e-01
-2.102192491292953491e-01
4.688900709152221680e-01
-1.613466441631317139e-02
2.969474792480468750e-01
7.254968881607055664e-01
-9.799708724021911621e-01
6.080563664436340332e-01
1.687392473220825195e+00
-7.183155417442321777e-01
1.161964178085327148e+00
-1.270326524972915649e-01
1.082539651542901993e-02
-1.662836313247680664e+00
-3.467607200145721436e-01
5.097616314888000488e-01
6.842058897018432617e-01
-2.407767623662948608e-01
5.296372175216674805e-01
4.993174970149993896e-01
1.627787590026855469e+00
-2.594398856163024902e-01
1.694307178258895874e-01
-7.140823006629943848e-01
-9.050921201705932617e-01
4.183174371719360352e-01
-9.744496345520019531e-01
4.334414005279541016e-01
4.449660703539848328e-02
-1.015942245721817017e-01
9.063853025436401367e-01
1.032536149024963379e+00
5.283455252647399902e-01
-5.100645357742905617e-04
1.536225527524948120e-01
-1.673745989799499512e+00
-4.330796003341674805e-02
4.949196577072143555e-01
-2.030344009399414062e+00
-7.506510615348815918e-02
8.148187994956970215e-01
-9.417343884706497192e-02
1.409290581941604614e-01
-7.372888326644897461e-01
7.960439920425415039e-01
-2.245711684226989746e-01
-8.532401919364929199e-01
3.996122181415557861e-01
-2.087718993425369263e-01
2.568656811490654945e-03
4.563789665699005127e-01
9.660411477088928223e-01
1.430593490600585938e+00
-1.410641968250274658e-01
3.612571954727172852e-01
-2.321973741054534912e-01
-1.164437294006347656e+00
-9.097313880920410156e-01
8.526669144630432129e-01
-6.216853857040405273e-01
2.437875509262084961e+00
-3.163466453552246094e-01
-1.906457245349884033e-01
-3.490196466445922852e-01
4.535025656223297119e-01
8.950088173151016235e-02
5.096175670623779297e-01
1.924435138702392578e+00
8.443744182586669922e-01
6.719143986701965332e-01
-6.867381930351257324e-01
-1.652648091316223145e+00
6.966951489448547363e-01
4.260709583759307861e-01
-7.655116915702819824e-01
4.496016353368759155e-02
9.751912951469421387e-02
1.006772756576538086e+00
1.201367378234863281e-02
-8.586342334747314453e-01
1.431488633155822754e+00
-7.461013197898864746e-01
-3.634130358695983887e-01
8.218920230865478516e-01
-4.108543992042541504e-01
4.782953262329101562e-01
-1.104496002197265625e+00
-3.309769332408905029e-01
3.593286275863647461e-01
3.487288355827331543e-01
-8.951700329780578613e-01
9.574879407882690430e-01
1.064587593078613281e+00
-2.018055692315101624e-02
7.222298979759216309e-01
1.328176446259021759e-02
4.600804150104522705e-01
-3.004487156867980957e-01
-3.056147694587707520e-02
7.625426054000854492e-01
8.636861294507980347e-02
8.341224864125251770e-03
-3.023533523082733154e-01
-5.573710203170776367e-01
2.843821235001087189e-02
1.205746650695800781e+00
9.780580401420593262e-01
-2.845304906368255615e-01
1.282275438308715820e+00
7.913355827331542969e-01
6.668374687433242798e-02
-4.520537853240966797e-01
1.818143278360366821e-01
2.784513235092163086e-01
-3.693494498729705811e-01
-4.089305698871612549e-01
-1.505603432655334473e+00
7.039728164672851562e-01
-1.646029949188232422e-01
3.071896135807037354e-01
-1.468306779861450195e+00
1.070829629898071289e+00
8.289215713739395142e-02
8.874424099922180176e-01
1.312380313873291016e+00
-5.512265563011169434e-01
-1.096884846687316895e+00
-9.340966939926147461e-01
7.056866884231567383e-01
8.234822750091552734e-01
1.069331407546997070e+00
-1.931550949811935425e-01
-1.249097466468811035e+00
4.455631673336029053e-01
-6.984541416168212891e-01
-1.216330528259277344e+00
-4.935353696346282959e-01
9.707145094871520996e-01
-1.124346137046813965e+00
2.018752843141555786e-01
9.844509959220886230e-01
2.989187836647033691e-01
-1.980739682912826538e-01
-4.917345046997070312e-01
-1.806075423955917358e-01
-2.295188009738922119e-01
-1.202089905738830566e+00
1.052512764930725098e+00
-4.165720641613006592e-01
9.732542634010314941e-01
6.799769401550292969e-01
-2.121209912002086639e-02
1.354516744613647461e+00
-3.200430274009704590e-01
-1.454187273979187012e+00
-4.517361521720886230e-01
-5.633985996246337891e-01
3.265805840492248535e-01
-9.387120604515075684e-02
-6.969727873802185059e-01
3.236445486545562744e-01
-5.916504263877868652e-01
1.375722140073776245e-01
-5.503250360488891602e-01
-7.106953859329223633e-01
-1.641785621643066406e+00
-4.396896660327911377e-01
-2.780379913747310638e-02
-5.165193676948547363e-01
-1.087760925292968750e+00
-7.773498892784118652e-01
6.474544405937194824e-01
-3.256646916270256042e-02
-6.287802457809448242e-01
-4.329743981361389160e-01
-3.706765174865722656e-01
-1.892078965902328491e-01
5.893948674201965332e-01
3.889096379280090332e-01
-9.305271506309509277e-01
-6.087682247161865234e-01
-7.505168914794921875e-01
9.012626484036445618e-03
-1.331589836627244949e-02
-7.927880287170410156e-01
-1.227574944496154785e+00
-2.522755563259124756e-01
-6.269469857215881348e-02
-3.453240990638732910e-01
-1.166919805109500885e-02
1.804161518812179565e-01
2.562729120254516602e-01
-3.191547691822052002e-01
5.922881364822387695e-01
-2.025192379951477051e-01
-4.241062104701995850e-01
-1.526724934577941895e+00
-1.358607649803161621e+00
-2.198022902011871338e-01
8.082016110420227051e-01
9.491890668869018555e-01
-2.450107783079147339e-01
1.786598563194274902e+00
-4.494306147098541260e-01
-1.056690141558647156e-01
7.281913757324218750e-01
5.418002009391784668e-01
-7.568449378013610840e-01
-7.907912135124206543e-01
2.266175895929336548e-01
9.791808724403381348e-01
3.749633431434631348e-01
-8.123215436935424805e-01
1.040723323822021484e+00
-1.525658845901489258e+00
-1.784969419240951538e-01
1.714384406805038452e-01
-7.220495939254760742e-01
-1.061720132827758789e+00
4.497039318084716797e-01
-5.599613785743713379e-01
6.608495712280273438e-01
-1.045754790306091309e+00
5.789919495582580566e-01
1.232764124870300293e+00
-5.329949259757995605e-01
-4.261335134506225586e-01
-3.739927113056182861e-01
9.199032187461853027e-01
-8.747024536132812500e-01
-5.485265851020812988e-01
1.310146808624267578e+00
1.005855798721313477e+00
4.770994782447814941e-01
1.384170413017272949e+00
-1.214209944009780884e-01
-1.044494628906250000e+00
1.614092737436294556e-01
9.983689524233341217e-03
-2.293952703475952148e+00
8.079100251197814941e-01
7.886468172073364258e-01
-1.675433397293090820e+00
2.186720073223114014e-01
3.583630025386810303e-01
1.253433585166931152e+00
6.348252892494201660e-01
-5.597040802240371704e-02
1.321794688701629639e-01
-3.834594786167144775e-02
-3.864042758941650391e-01
-1.304490447044372559e+00
-4.273568391799926758e-01
-8.858083486557006836e-01
1.382117152214050293e+00
-1.069195270538330078e+00
-4.583883583545684814e-01
-1.409060478210449219e+00
-1.328427672386169434e+00
-1.797667264938354492e+00
-5.494992733001708984e-01
-4.141046106815338135e-01
-1.176554441452026367e+00
1.346271038055419922e+00
7.649087347090244293e-03
-2.505353391170501709e-01
-5.101511478424072266e-01
-3.729134798049926758e-01
1.464325308799743652e+00
-7.886993139982223511e-02
-2.282045781612396240e-01
4.621215909719467163e-02
-1.674297809600830078e+00
7.577428221702575684e-02
8.768900036811828613e-01
-4.057501256465911865e-01
-1.212464421987533569e-01
-3.376109525561332703e-02
1.499422550201416016e+00
-5.027676820755004883e-01
7.803299427032470703e-01
8.693585395812988281e-01
7.715555429458618164e-01
1.584496349096298218e-01
8.936260938644409180e-01
-5.775895118713378906e-01
1.398537755012512207e+00
-5.635102391242980957e-01
7.968164682388305664e-01
-3.483684360980987549e-01
-1.936570107936859131e-01
3.148037433624267578e+00
-2.134911775588989258e+00
-6.500485539436340332e-01
1.839811503887176514e-01
1.058378934860229492e+00
2.277888953685760498e-01
-5.036706104874610901e-02
-8.405951261520385742e-01
-1.508051395416259766e+00
-2.312657833099365234e-01
-5.138306617736816406e-01
-1.098711133003234863e+00
8.064596652984619141e-01
4.860849380493164062e-01
-1.502532720565795898e+00
-6.150652170181274414e-01
6.565968394279479980e-01
-1.506662964820861816e+00
-3.530591428279876709e-01
-5.219753980636596680e-01
-3.875393271446228027e-01
-6.057733297348022461e-01
1.265089213848114014e-01
2.347989678382873535e-01
1.102009654045104980e+00
1.041155904531478882e-01
-4.282306432723999023e-01
-1.240285754203796387e+00
2.626275122165679932e-01
2.016325294971466064e-01
-1.035299062728881836e+00
9.777171015739440918e-01
4.210599362850189209e-01
-3.823601454496383667e-02
-2.352717816829681396e-01
-2.602432012557983398e+00
-7.197508811950683594e-01
-1.167879104614257812e+00
-1.150231242179870605e+00
1.197455883026123047e+00
-2.852045893669128418e-01
1.678400337696075439e-01
-5.371814370155334473e-01
1.941665709018707275e-01
-4.536074697971343994e-01
-4.135555326938629150e-01
-1.674272269010543823e-01
-4.708780348300933838e-01
-7.854011058807373047e-01
1.762620657682418823e-01
-4.183533489704132080e-01
3.143572509288787842e-01
5.314478278160095215e-02
3.654751777648925781e-01
5.660442635416984558e-02
-5.051679015159606934e-01
1.152154728770256042e-01
-6.511765122413635254e-01
-2.340002357959747314e-01
1.053773045539855957e+00
-1.274836301803588867e+00
-9.745428562164306641e-01
1.438370198011398315e-01
-5.536075830459594727e-01
-3.085242509841918945e-01
-6.776998043060302734e-01
3.550687134265899658e-01
-2.325186431407928467e-01
-8.923696875572204590e-01
-2.377591371536254883e+00
-1.361790776252746582e+00
3.812194466590881348e-01
6.192794442176818848e-01
2.292860746383666992e-01
-2.435970604419708252e-01
1.715635359287261963e-01
-9.210093319416046143e-02
-1.053253531455993652e+00
9.421533346176147461e-01
-9.790061712265014648e-01
3.168401420116424561e-01
-6.378738284111022949e-01
3.022375702857971191e-01
-8.011732697486877441e-01
6.204801797866821289e-01
5.990915298461914062e-01
-1.996111869812011719e-01
1.354775667190551758e+00
5.447476506233215332e-01
-2.563719451427459717e-01
1.259626001119613647e-01
-6.868393421173095703e-01
9.135851860046386719e-01
-8.392433524131774902e-01
2.290596961975097656e-01
4.825171455740928650e-02
9.295544624328613281e-01
1.171611666679382324e+00
5.176137685775756836e-01
1.702047586441040039e+00
-8.800689578056335449e-01
1.091351032257080078e+00
7.083889842033386230e-01
3.958455324172973633e-01
-9.412716627120971680e-01
-9.736746549606323242e-01
-1.679102331399917603e-01
5.744532346725463867e-01
-1.234162807464599609e+00
9.970684051513671875e-01
7.352384924888610840e-01
1.649305939674377441e+00
6.737557649612426758e-01
-8.379126787185668945e-01
7.100411057472229004e-01
-8.890248537063598633e-01
-1.346619725227355957e-01
1.216693297028541565e-01
3.971485793590545654e-01
4.961998760700225830e-02
-4.043641984462738037e-01
3.648474514484405518e-01
8.334780931472778320e-01
5.263687968254089355e-01
-1.331735551357269287e-01
-5.607375875115394592e-03
1.193944334983825684e+00
1.905250400304794312e-01
-1.803540825843811035e+00
1.921113580465316772e-01
8.212024569511413574e-01
-1.707519404590129852e-02
9.363673627376556396e-02
2.209861129522323608e-01
-1.103691816329956055e+00
-1.725874662399291992e+00
1.930301487445831299e-01
-8.430261611938476562e-01
5.073587298393249512e-01
1.263282418251037598e+00
-8.995248079299926758e-01
-3.244736194610595703e-01
4.336222112178802490e-01
1.664817482233047485e-01
-2.949147112667560577e-02
-5.405557751655578613e-01
4.083547592163085938e-01
6.585939321666955948e-03
-1.658094227313995361e-01
-4.866280555725097656e-01
-5.700434446334838867e-01
7.354160398244857788e-02
7.651657462120056152e-01
1.392229795455932617e-01
-8.996474146842956543e-01
7.008466124534606934e-01
-1.611126422882080078e+00
-9.317186474800109863e-01
-2.849105000495910645e-01
-3.307809680700302124e-02
-2.483935207128524780e-01
7.778228074312210083e-02
3.709625899791717529e-01
1.447235226631164551e+00
1.688429266214370728e-01
-4.943293631076812744e-01
1.665184617042541504e+00
3.883818984031677246e-01
-4.011938869953155518e-01
-9.083740711212158203e-01
-7.591337561607360840e-01
-8.891808390617370605e-01
6.120921373367309570e-01
-1.411752402782440186e-01
-4.284368082880973816e-02
-1.385364532470703125e-01
3.420960605144500732e-01
8.982687592506408691e-01
-3.149729371070861816e-01
-7.166949510574340820e-01
-1.784796357154846191e+00
2.233319580554962158e-01
6.634214520454406738e-01
3.430928289890289307e-02
-7.350254058837890625e-01
2.823997139930725098e-01
-2.487736195325851440e-01
4.182685613632202148e-01
4.887117072939872742e-02
1.324073672294616699e-01
-1.670949459075927734e+00
-8.774212002754211426e-02
6.176021695137023926e-01
-4.700904786586761475e-01
-4.802760183811187744e-01
1.877250671386718750e-01
1.545232683420181274e-01
4.122097790241241455e-01
7.262012362480163574e-01
-2.306983768939971924e-01
1.138854026794433594e+00
-1.001985788345336914e+00
3.364439010620117188e-01
-8.437705039978027344e-01
-3.681617021560668945e+00
4.445316493511199951e-01
1.205900907516479492e-01
1.207819104194641113e+00
7.491739392280578613e-01
9.051613807678222656e-01
1.810369968414306641e+00
-8.570511341094970703e-01
-8.835233449935913086e-01
8.393264412879943848e-01
-3.748810589313507080e-01
-8.274007588624954224e-02
3.743149042129516602e-01
-4.812181591987609863e-01
9.009062051773071289e-01
-6.235856413841247559e-01
-9.914983063936233521e-02
2.167645394802093506e-01
8.829580992460250854e-02
-4.813278466463088989e-02
-7.952007055282592773e-01
9.760266542434692383e-01
-1.396052002906799316e+00
-8.280439972877502441e-01
-9.465579688549041748e-02
4.522071480751037598e-01
-7.792846560478210449e-01
5.856531858444213867e-01
1.065240025520324707e+00
-4.788392782211303711e-01
-1.443697690963745117e+00
1.520564313977956772e-02
-4.229475259780883789e-01
5.648184567689895630e-03
6.829182505607604980e-01
9.713354706764221191e-01
4.916821420192718506e-01
-7.263364195823669434e-01
-1.360400676727294922e+00
-4.194205701351165771e-01
1.410446166992187500e-01
-3.723480701446533203e-01
-1.865874528884887695e-01
-1.071954146027565002e-01
-5.769534707069396973e-01
-1.436400532722473145e+00
-6.090494394302368164e-01
-3.954260051250457764e-01
-2.465957254171371460e-01
1.217162489891052246e+00
3.856221735477447510e-01
1.386095881462097168e-01
-6.972739100456237793e-01
8.442907035350799561e-02
-3.425546884536743164e-01
-6.093537211418151855e-01
-4.908733367919921875e-01
9.182977676391601562e-02
7.129173278808593750e-01
-2.457782983779907227e+00
-6.563270464539527893e-03
1.016611695289611816e+00
-7.830559015274047852e-01
7.532117366790771484e-01
1.414409577846527100e-01
-6.661052107810974121e-01
1.774958223104476929e-01
-7.640542834997177124e-02
1.056799769401550293e+00
6.403250098228454590e-01
2.582125365734100342e-01
1.994298100471496582e+00
-4.266166388988494873e-01
1.350847363471984863e+00
1.075817346572875977e+00
-5.251990258693695068e-02
6.161971762776374817e-02
-5.923291444778442383e-01
-1.169019490480422974e-01
-2.843677103519439697e-01
4.563753306865692139e-01
9.905738234519958496e-01
5.053940415382385254e-01
-1.728638887405395508e+00
6.436069607734680176e-01
1.494980305433273315e-01
-5.709229707717895508e-01
1.315376907587051392e-01
-6.630988121032714844e-01
-2.113146781921386719e-01
-1.315613031387329102e+00
-1.010786771774291992e+00
2.441004067659378052e-01
7.111746072769165039e-01
5.951704382896423340e-01
1.537884712219238281e+00
-5.548520684242248535e-01
1.464901864528656006e-01
3.641065061092376709e-01
-4.723506048321723938e-02
1.758357763290405273e+00
-1.118757963180541992e+00
-2.931907773017883301e-01
-4.942807257175445557e-01
-8.508398532867431641e-01
1.570788383483886719e+00
8.754147887229919434e-01
-4.842123687267303467e-01
-7.186806201934814453e-01
5.537387132644653320e-01
-1.115823030471801758e+00
-3.130874633789062500e-01
5.361452102661132812e-01
8.812952041625976562e-01
1.094985604286193848e+00
1.362987995147705078e+00
-1.124482788145542145e-02
-1.410572171211242676e+00
-7.639826536178588867e-01
-1.240992024540901184e-01
-9.626747965812683105e-01
3.669617176055908203e-01
3.198467791080474854e-01
-1.195283420383930206e-02
-2.209184169769287109e-01
-8.198146820068359375e-01
9.944357275962829590e-01
-1.662155389785766602e-01
1.424777030944824219e+00
5.440631508827209473e-01
8.925634622573852539e-01
-4.565882682800292969e-01
-1.304812431335449219e+00
1.455195546150207520e-01
1.558553576469421387e+00
-6.666220724582672119e-02
5.850211381912231445e-01
1.456913828849792480e+00
-9.935058653354644775e-02
-6.724506020545959473e-01
-2.116827219724655151e-01
-8.582761883735656738e-02
3.957135975360870361e-01
-8.682967424392700195e-01
3.578723073005676270e-01
-1.585539698600769043e+00
1.182097911834716797e+00
3.749416768550872803e-01
2.375076055526733398e+00
-8.490799069404602051e-01
1.436481833457946777e+00
8.382180929183959961e-01
-7.470763325691223145e-01
-4.723875522613525391e-01
-2.705675661563873291e-01
-4.447574317455291748e-01
1.587261706590652466e-01
3.605668842792510986e-01
-6.648519635200500488e-02
-3.924715220928192139e-01
-6.865558028221130371e-01
-9.912542700767517090e-01
-7.692800164222717285e-01
4.460642039775848389e-01
-3.446628898382186890e-02
-2.287194132804870605e-02
2.686150074005126953e-01
-7.660794258117675781e-02
1.374515533447265625e+00
-7.871232032775878906e-01
5.838212966918945312e-01
-3.500186204910278320e-01
-8.320120573043823242e-01
-1.129816412925720215e+00
-3.422309756278991699e-01
6.214193701744079590e-01
1.950334906578063965e+00
2.271268844604492188e+00
-1.486744523048400879e+00
-5.786604285240173340e-01
5.333667397499084473e-01
1.009490728378295898e+00
4.930434823036193848e-01
4.850375354290008545e-01
-1.428465008735656738e+00
-4.705847799777984619e-02
1.814469099044799805e+00
1.171471253037452698e-01
-8.607399463653564453e-01
-8.054089732468128204e-03
-8.277074098587036133e-01
-4.226300239562988281e+00
-7.599511742591857910e-01
-6.373699307441711426e-01
3.143869340419769287e-01
1.392423033714294434e+00
8.589323163032531738e-01
-8.737642168998718262e-01
-6.913934350013732910e-01
-9.618532061576843262e-01
-8.206849098205566406e-01
-2.384372949600219727e-01
-6.978690624237060547e-01
-8.360103964805603027e-01
-6.734894514083862305e-01
-1.909144520759582520e+00
3.659231662750244141e-01
3.954424262046813965e-01
-9.333244711160659790e-02
3.615362644195556641e-01
-1.022539436817169189e-01
1.635412722826004028e-01
1.534908056259155273e+00
1.475449502468109131e-01
-6.069168448448181152e-01
-7.676221430301666260e-03
-9.891350865364074707e-01
-1.613226890563964844e+00
-8.898248076438903809e-01
7.058107256889343262e-01
-1.425314188003540039e+00
1.249140262603759766e+00
4.635978043079376221e-01
-8.173700571060180664e-01
-1.079394578933715820e+00
-1.580237597227096558e-01
-3.950617611408233643e-01
6.114925742149353027e-01
-1.527645587921142578e+00
-8.976513519883155823e-03
1.034005999565124512e+00
1.008967876434326172e+00
-1.286538958549499512e+00
-5.451677441596984863e-01
-1.786248981952667236e-01
3.513171374797821045e-01
3.293389081954956055e-01
2.267797710373997688e-03
8.711624145507812500e-01
-7.814001441001892090e-01
1.571373939514160156e+00
1.456008404493331909e-01
-1.260140061378479004e+00
5.483311414718627930e-01
-1.992356061935424805e+00
1.079082369804382324e+00
1.525163650512695312e+00
-7.628321647644042969e-01
-2.009371519088745117e-01
2.296178489923477173e-01
4.678806290030479431e-02
-3.132822811603546143e-01
-1.950451731681823730e+00
3.588972985744476318e-01
4.441106617450714111e-01
-1.045028686523437500e+00
1.115608662366867065e-01
-1.352153778076171875e+00
-3.011105358600616455e-01
2.051179885864257812e+00
-8.157030493021011353e-02
2.168418020009994507e-01
-2.041074782609939575e-01
3.306264579296112061e-01
6.596488356590270996e-01
6.558110713958740234e-01
7.758712768554687500e-01
-2.815287709236145020e-01
-6.200765967369079590e-01
7.188394200056791306e-03
2.741895616054534912e-01
