2.233461141586303711e-01
4.025383293628692627e-01
-1.441161185503005981e-01
-6.965334992855787277e-03
-5.930763483047485352e-01
-6.335665583610534668e-01
-7.935154438018798828e-02
-2.540991008281707764e-01
-1.303839981555938721e-01
-6.042653918266296387e-01
6.027263998985290527e-01
-6.823522448539733887e-01
-1.305407434701919556e-01
-1.111930847167968750e+00
-5.148544311523437500e-01
-1.508180499076843262e+00
-4.128057956695556641e-01
8.940114378929138184e-01
6.899156570434570312e-01
-5.136241912841796875e-01
8.481367230415344238e-01
7.519506812095642090e-01
1.623966932296752930e+00
1.326581954956054688e+00
-7.364924550056457520e-01
-5.901722908020019531e-01
3.365255892276763916e-02
1.034705996513366699e+00
-1.073958277702331543e+00
4.038545768707990646e-03
-1.100270152091979980e+00
-1.781544685363769531e-01
-1.107245326042175293e+00
1.022028446197509766e+00
-7.864454388618469238e-01
-8.577544689178466797e-01
6.833713054656982422e-01
-8.861736655235290527e-01
-3.602275997400283813e-02
2.019543945789337158e-01
-5.284932255744934082e-01
-1.076691150665283203e+00
3.341940939426422119e-01
2.457064390182495117e-01
7.798808813095092773e-01
3.403238654136657715e-01
2.458065450191497803e-01
-1.565427303314208984e+00
-7.654727697372436523e-01
3.898103833198547363e-01
3.584128916263580322e-01
-2.565321624279022217e-01
-1.105039596557617188e+00
1.570438444614410400e-01
-7.765792608261108398e-01
-1.082647442817687988e+00
-4.106800258159637451e-01
4.027939736843109131e-01
-7.381373643875122070e-01
-7.410208582878112793e-01
3.331414699554443359e+00
-1.116461753845214844e+00
-4.984094500541687012e-01
-1.458525955677032471e-01
-2.983831465244293213e-01
-1.362203240394592285e+00
-6.261898670345544815e-03
8.632469773292541504e-01
1.016935110092163086e+00
1.088991999626159668e+00
-4.731157049536705017e-02
2.180496156215667725e-01
4.861780107021331787e-01
-5.166611075401306152e-01
3.202258646488189697e-01
8.858909010887145996e-01
-2.012073099613189697e-01
2.117965929210186005e-02
-4.452656507492065430e-01
-5.033076182007789612e-02
-2.117452770471572876e-01
-7.857587188482284546e-02
-1.319720983505249023e+00
-1.758365035057067871e-01
1.417954824864864349e-02
7.512958645820617676e-01
-5.096617341041564941e-01
-9.824342727661132812e-01
-7.147600650787353516e-01
5.182958245277404785e-01
2.702379822731018066e-01
-1.666100144386291504e+00
-5.133677124977111816e-01
1.252852082252502441e+00
7.972312718629837036e-02
1.820982217788696289e+00
-1.612996757030487061e-01
3.233962655067443848e-01
-2.132438421249389648e+00
-6.246100068092346191e-01
3.736812472343444824e-01
-8.149111866950988770e-01
5.810607075691223145e-01
-7.970284819602966309e-01
-1.074143290519714355e+00
-7.750989794731140137e-01
-1.328849792480468750e+00
6.351947188377380371e-01
-2.307694703340530396e-01
-8.754408359527587891e-02
1.006270945072174072e-01
4.159249067306518555e-01
-5.672373771667480469e-01
-2.684974670410156250e-01
-7.777971029281616211e-01
-2.316881120204925537e-01
4.552001133561134338e-02
-2.987944126129150391e+00
4.543054997920989990e-01
6.629946827888488770e-01
-3.937556743621826172e-01
-4.533022046089172363e-01
-7.273289561271667480e-01
1.320275515317916870e-01
3.745630979537963867e-01
6.600003838539123535e-01
6.570055484771728516e-01
-2.032621800899505615e-01
-6.064627766609191895e-01
-5.437359213829040527e-01
-2.402123659849166870e-01
-6.648621559143066406e-01
6.745947599411010742e-01
-7.398105263710021973e-01
-9.961453080177307129e-01
5.435082316398620605e-01
2.714333534240722656e-01
-1.484540402889251709e-01
-7.305142879486083984e-01
4.042736887931823730e-01
-1.668522655963897705e-01
-2.867471054196357727e-02
1.289507269859313965e+00
6.339463591575622559e-01
1.740659237839281559e-03
-4.492067992687225342e-01
1.582297384738922119e-01
-1.697650551795959473e-01
-9.683226048946380615e-02
-3.338809013366699219e-01
6.972970366477966309e-01
2.270616143941879272e-01
1.024540543556213379e+00
-1.376933813095092773e+00
-3.007508441805839539e-02
-4.814652502536773682e-01
-1.535253405570983887e+00
1.081282049417495728e-01
8.168614585883915424e-04
-2.845419943332672119e-01
1.282990217208862305e+00
-2.090289145708084106e-01
-6.495524048805236816e-01
-1.568430304527282715e+00
-8.130474686622619629e-01
7.125903964042663574e-01
-1.212553381919860840e-01
9.024183154106140137e-01
3.953720927238464355e-01
8.137904405593872070e-01
-9.604321122169494629e-01
-1.232639670372009277e+00
-6.412505507469177246e-01
6.400746107101440430e-01
3.081395924091339111e-01
-5.082035064697265625e-01
-8.463916778564453125e-01
3.143500387668609619e-01
-4.536605179309844971e-01
6.146037578582763672e-01
8.353460431098937988e-01
-6.966898441314697266e-01
-8.403793573379516602e-01
6.891408562660217285e-01
1.122058928012847900e-01
-1.410443425178527832e+00
6.295391172170639038e-02
-7.502011656761169434e-01
-7.286218553781509399e-02
8.943845033645629883e-01
3.889908790588378906e-01
2.481483966112136841e-01
-9.066563099622726440e-03
6.607957184314727783e-02
5.039784312248229980e-01
1.016647696495056152e+00
3.841030597686767578e-01
6.266936659812927246e-01
5.441045165061950684e-01
-3.027671277523040771e-01
1.015195026993751526e-01
1.056113541126251221e-01
4.325003027915954590e-01
8.284873962402343750e-01
1.932989358901977539e+00
-4.730924069881439209e-01
-4.226487278938293457e-01
-1.544886112213134766e+00
1.596265137195587158e-01
-8.908637166023254395e-01
-2.054153233766555786e-01
-8.702806234359741211e-01
8.436983823776245117e-01
-1.932596564292907715e-01
1.622042357921600342e-01
1.089279174804687500e+00
-4.885158240795135498e-01
-2.037357091903686523e-01
1.729507148265838623e-01
3.760984241962432861e-01
-3.949313163757324219e-01
-9.016420245170593262e-01
-3.512183576822280884e-02
1.807164400815963745e-01
3.859787881374359131e-01
-9.751114249229431152e-01
8.268550634384155273e-01
-1.137154459953308105e+00
2.320186644792556763e-01
-1.848672151565551758e+00
3.656419217586517334e-01
-5.597109794616699219e-01
-9.944884181022644043e-01
4.404956102371215820e-01
6.352607011795043945e-01
1.044414043426513672e+00
2.371401637792587280e-01
-1.247481107711791992e-01
1.421350985765457153e-01
1.022196173667907715e+00
7.537367343902587891e-01
-8.233151435852050781e-01
2.068579643964767456e-01
-1.723299324512481689e-01
-1.387370467185974121e+00
-1.363107413053512573e-01
1.133723020553588867e+00
6.773352026939392090e-01
1.038471102714538574e+00
5.398248434066772461e-01
8.072721958160400391e-01
-9.154198765754699707e-01
5.051131248474121094e-01
-9.928896427154541016e-01
1.704230904579162598e+00
3.019176125526428223e-01
-1.048985481262207031e+00
-3.121497668325901031e-02
-9.008061885833740234e-01
-4.182443916797637939e-01
-2.019786119461059570e+00
-9.291718900203704834e-02
-9.979311227798461914e-01
-4.637059271335601807e-01
-8.016365766525268555e-01
2.059543371200561523e+00
4.848397970199584961e-01
1.899336874485015869e-01
2.053599953651428223e-01
3.087555766105651855e-01
7.664657235145568848e-01
1.533249318599700928e-01
4.657924473285675049e-01
-4.243199527263641357e-01
-7.924986481666564941e-01
7.540673017501831055e-01
2.913562655448913574e-01
-9.637016803026199341e-02
7.364957332611083984e-01
3.516694009304046631e-01
5.878210663795471191e-01
-7.179173231124877930e-01
4.295487403869628906e-01
2.161636829376220703e+00
6.064016819000244141e-01
-8.116468191146850586e-01
4.858089685440063477e-01
7.954120635986328125e-01
1.476672291755676270e+00
-5.071862936019897461e-01
-5.084540843963623047e-01
8.672114461660385132e-02
2.711264193058013916e-01
1.939116835594177246e+00
6.341019868850708008e-01
1.166885197162628174e-01
1.679040551185607910e+00
2.021866589784622192e-01
1.764140725135803223e+00
-9.621561169624328613e-01
-8.442292213439941406e-01
-1.156260132789611816e+00
7.525690793991088867e-01
7.468280792236328125e-01
3.836804628372192383e-01
5.993056297302246094e-01
1.527933627367019653e-01
-1.039935469627380371e+00
-3.344259560108184814e-01
2.712030112743377686e-01
-1.182130098342895508e+00
-1.125486850738525391e+00
-1.758459925651550293e+00
-7.310683727264404297e-01
-1.141631975769996643e-01
9.331251978874206543e-01
7.230916023254394531e-01
1.509189844131469727e+00
6.985188275575637817e-02
-1.634206324815750122e-01
-1.028806567192077637e+00
3.651035130023956299e-01
-1.513070166110992432e-01
2.187824249267578125e-01
1.126385450363159180e+00
6.406220197677612305e-01
-4.379103183746337891e-01
6.606281399726867676e-01
-8.321598917245864868e-02
-2.637091279029846191e-01
2.982223406434059143e-02
-6.550751328468322754e-01
1.401260018348693848e+00
-7.836002111434936523e-01
4.078408181667327881e-01
-3.147526979446411133e-01
2.218988984823226929e-01
-5.812037587165832520e-01
2.293161630630493164e+00
-4.751747846603393555e-01
-4.112798869609832764e-01
-8.382121324539184570e-01
-7.888032197952270508e-01
1.500369161367416382e-01
2.777531147003173828e-01
-1.964977830648422241e-01
-9.098832011222839355e-01
-4.553594887256622314e-01
1.500296294689178467e-01
-8.526491522789001465e-01
-1.234834790229797363e+00
-9.343644380569458008e-01
1.039151072502136230e+00
1.006173491477966309e-01
-3.993317484855651855e-01
-3.215887546539306641e-01
-1.065051794052124023e+00
-1.559035181999206543e-01
-6.951748132705688477e-01
1.336851119995117188e+00
3.718037307262420654e-01
-9.359419345855712891e-01
-6.612271070480346680e-01
-7.108262777328491211e-01
8.819013088941574097e-02
9.963639080524444580e-02
1.226298928260803223e+00
1.156181916594505310e-01
-4.919299185276031494e-01
1.128942608833312988e+00
4.888354837894439697e-01
6.807119846343994141e-01
-9.977523684501647949e-01
2.231988906860351562e+00
-7.698709368705749512e-01
5.217204093933105469e-01
1.265290260314941406e+00
1.049380898475646973e+00
-1.093417763710021973e+00
-1.061941236257553101e-01
6.994127035140991211e-01
8.087655156850814819e-02
-7.961387932300567627e-02
-1.024657011032104492e+00
-2.079954296350479126e-01
-9.807901829481124878e-02
-3.641187548637390137e-01
2.124973982572555542e-01
2.478098869323730469e-01
4.752019345760345459e-01
2.159368991851806641e-01
4.925715923309326172e-01
7.915089726448059082e-01
-8.537687659263610840e-01
1.487434387207031250e+00
-4.529194533824920654e-01
-4.735029041767120361e-01
1.037748456001281738e+00
3.613294661045074463e-01
3.670247197151184082e-01
6.975651383399963379e-01
-1.243646442890167236e-01
7.091305255889892578e-01
-9.632177948951721191e-01
-4.292311072349548340e-01
-1.455537378787994385e-01
4.129922091960906982e-01
-2.592782676219940186e-01
-8.803680539131164551e-01
-1.138661384582519531e+00
-1.864354252815246582e+00
-3.456343710422515869e-01
-1.170708060264587402e+00
-9.293944239616394043e-01
4.356837272644042969e-01
1.614582419395446777e+00
-2.948339879512786865e-01
-4.285638630390167236e-01
-1.115388512611389160e+00
9.570439457893371582e-01
-9.960632920265197754e-01
-4.106337428092956543e-01
4.079404175281524658e-01
1.509981274604797363e+00
-1.504033207893371582e+00
8.842079639434814453e-01
5.140677094459533691e-01
4.640968441963195801e-01
-6.628345698118209839e-02
-1.057955980300903320e+00
-7.231776714324951172e-01
-1.235384941101074219e-01
8.256183266639709473e-01
-2.687178850173950195e-01
-8.445769548416137695e-01
-2.455775290727615356e-01
4.283517897129058838e-01
6.820439696311950684e-01
-4.535945653915405273e-01
9.900283217430114746e-01
9.304751157760620117e-01
4.820615947246551514e-01
7.572223991155624390e-02
-6.891919970512390137e-01
7.373263835906982422e-01
-8.499378561973571777e-01
-1.751544326543807983e-01
-5.270973443984985352e-01
-7.438568472862243652e-01
-4.521963000297546387e-01
-2.049002982676029205e-02
-4.589143097400665283e-01
1.216673612594604492e+00
-1.128125071525573730e+00
-9.381985068321228027e-01
7.906303405761718750e-01
-4.742181301116943359e-01
1.970823168754577637e+00
-8.637256026268005371e-01
-1.995982080698013306e-01
2.782513499259948730e-01
-1.153929591178894043e+00
8.364226222038269043e-01
2.316755950450897217e-01
4.496992826461791992e-01
1.497257202863693237e-01
-3.463231325149536133e-01
1.416732311248779297e+00
-1.543252915143966675e-01
-2.082453072071075439e-01
-1.128850281238555908e-01
-3.561547994613647461e-01
-2.108621746301651001e-01
3.193944990634918213e-01
9.596634507179260254e-01
-1.090118169784545898e+00
3.716095089912414551e-01
3.248443603515625000e-01
4.105223119258880615e-01
8.709154725074768066e-01
3.781414031982421875e-01
5.461846590042114258e-01
-7.135744094848632812e-01
-1.654897689819335938e+00
-8.499819040298461914e-01
2.186545580625534058e-01
-1.150729581713676453e-01
-1.519534707069396973e+00
-1.321862459182739258e+00
3.052078783512115479e-01
-1.792700402438640594e-02
8.628720045089721680e-01
9.896263480186462402e-01
7.616981863975524902e-01
-1.193692088127136230e+00
-2.148919701576232910e-01
-2.068014383316040039e+00
-2.602590560913085938e+00
-1.257131155580282211e-02
-1.725455932319164276e-02
-6.145283579826354980e-01
5.723415017127990723e-01
-2.533026635646820068e-01
2.151030600070953369e-01
1.478961706161499023e-01
-1.564412236213684082e+00
3.972564041614532471e-01
-1.302017867565155029e-01
-1.113876223564147949e+00
1.597518682479858398e+00
3.819942474365234375e-01
-4.202245175838470459e-01
8.767008781433105469e-01
3.843498229980468750e-01
-8.120619058609008789e-01
4.905648529529571533e-02
-3.007290661334991455e-01
-7.094935774803161621e-01
-1.719498336315155029e-01
3.415768146514892578e-01
9.276296943426132202e-02
-7.818313241004943848e-01
-4.574470221996307373e-01
-3.779521584510803223e-01
-6.249107792973518372e-02
5.499418377876281738e-01
-1.289547562599182129e+00
-1.367914676666259766e-01
3.379395306110382080e-01
-1.632023930549621582e+00
-1.446212083101272583e-01
2.256823062896728516e+00
-9.610398411750793457e-01
1.158150061964988708e-01
-1.422557979822158813e-01
-1.666966676712036133e+00
6.076535955071449280e-02
1.022449433803558350e-01
-1.998944640159606934e+00
-3.134188950061798096e-01
9.456232190132141113e-01
9.585435986518859863e-01
-3.140317499637603760e-01
1.332714676856994629e+00
3.074910342693328857e-01
7.903613448143005371e-01
1.845826208591461182e-01
1.953817248344421387e+00
-1.223816633224487305e+00
-1.423423737287521362e-01
-4.755367040634155273e-01
-2.264648526906967163e-01
-5.522713661193847656e-01
-1.036237359046936035e+00
1.056937813758850098e+00
6.947323083877563477e-01
6.075255274772644043e-01
-2.028037607669830322e-01
-8.956318497657775879e-01
1.516238301992416382e-01
2.213869839906692505e-01
1.898882865905761719e+00
-1.022089600563049316e+00
2.856141328811645508e-01
-9.634158760309219360e-02
9.177947044372558594e-01
-6.636527180671691895e-01
2.910872399806976318e-01
2.222394704818725586e+00
1.048313453793525696e-01
7.881279587745666504e-01
1.131379127502441406e+00
-6.826858520507812500e-01
2.096594572067260742e-01
-6.115383505821228027e-01
-1.220444217324256897e-01
2.241272032260894775e-01
-2.523272335529327393e-01
-3.763356804847717285e-01
-4.153778553009033203e-01
-2.559605538845062256e-01
1.967889517545700073e-01
-1.027266979217529297e+00
2.151724845170974731e-01
-5.903774499893188477e-02
5.356706976890563965e-01
-1.778641939163208008e-01
2.258474677801132202e-01
3.257381916046142578e-01
-2.814926207065582275e-01
1.084247112274169922e+00
4.480112493038177490e-01
-3.459814786911010742e-01
-1.931591480970382690e-01
3.491778075695037842e-01
-1.114672899246215820e+00
3.041471838951110840e-01
1.582717895507812500e+00
-5.270924568176269531e-01
4.189843535423278809e-01
-8.935322165489196777e-01
-4.323519468307495117e-01
3.586848974227905273e-01
9.848457574844360352e-01
-1.157487630844116211e+00
-1.452985256910324097e-01
3.451488316059112549e-01
-2.249111652374267578e+00
-9.574053883552551270e-01
1.062804684042930603e-01
-1.264063358306884766e+00
-2.979800403118133545e-01
-1.073312878608703613e+00
-4.543622136116027832e-01
-9.473983049392700195e-01
-2.503968477249145508e-01
-1.148593544960021973e+00
8.272439241409301758e-02
9.708743542432785034e-02
-3.869965672492980957e-01
6.429663896560668945e-01
5.376800894737243652e-01
-5.697388648986816406e-01
-9.244218468666076660e-01
1.946321725845336914e+00
5.771304965019226074e-01
-2.334558218717575073e-02
3.101850748062133789e-01
-5.249410271644592285e-01
2.726571559906005859e-01
2.135993987321853638e-01
6.403982639312744141e-02
5.574284791946411133e-01
5.728901624679565430e-01
-2.385996729135513306e-01
-1.532364606857299805e+00
-2.067462056875228882e-01
-3.460631966590881348e-01
2.698967754840850830e-01
1.856919527053833008e-01
-2.679182589054107666e-01
-1.694005131721496582e-01
-1.156259402632713318e-01
1.603418469429016113e+00
3.415270447731018066e-01
-9.540637135505676270e-01
-2.190239667892456055e+00
1.058736801147460938e+00
1.447158008813858032e-01
5.779254436492919922e-01
5.516587495803833008e-01
2.754487097263336182e-01
1.341393589973449707e-01
8.564446568489074707e-01
5.838101506233215332e-01
-3.690690994262695312e-01
-1.355315893888473511e-01
-1.397809743881225586e+00
-1.986177265644073486e-01
-5.727165937423706055e-02
6.299899220466613770e-01
9.280109405517578125e-01
7.255263924598693848e-01
-3.157814964652061462e-02
1.280439257621765137e+00
6.354999542236328125e-01
7.941876053810119629e-01
8.512214422225952148e-01
4.189271032810211182e-01
-2.058061599731445312e+00
-1.007065057754516602e+00
2.937960922718048096e-01
-1.509357057511806488e-02
3.848341703414916992e-01
7.110372781753540039e-01
-4.857760667800903320e-01
-5.802685022354125977e-01
-2.822559475898742676e-01
4.024460613727569580e-01
1.305184662342071533e-01
1.095987439155578613e+00
-1.533385634422302246e+00
-9.754166007041931152e-01
5.080890655517578125e-01
-3.841716945171356201e-01
9.849030971527099609e-01
-2.108228206634521484e-01
1.008431434631347656e+00
-4.975030422210693359e+00
1.420657634735107422e+00
-1.648530006408691406e+00
1.376621127128601074e-01
1.250471472740173340e+00
2.024167478084564209e-01
-9.504089951515197754e-01
8.404927849769592285e-01
-1.000003099441528320e+00
7.230356335639953613e-01
-1.411715388298034668e+00
-9.711011648178100586e-01
8.304211497306823730e-01
-1.556862235069274902e+00
-1.459917187690734863e+00
1.038136959075927734e+00
-1.172817870974540710e-01
4.277862310409545898e-01
8.372810482978820801e-01
-1.117929369211196899e-01
-3.935788631439208984e+00
6.589848399162292480e-01
-2.414077222347259521e-01
6.361295580863952637e-01
-4.870890676975250244e-01
-3.321131765842437744e-01
1.220413684844970703e+00
8.433259129524230957e-01
1.152499079704284668e+00
-6.142245531082153320e-01
1.329468965530395508e+00
-7.532307505607604980e-01
-3.438079655170440674e-01
-1.464270830154418945e+00
-5.128197669982910156e-01
-6.659003347158432007e-02
-2.487571835517883301e-01
-2.291193753480911255e-01
-1.028968095779418945e+00
2.018147110939025879e-01
6.633833646774291992e-01
-5.488121509552001953e-01
1.523120235651731491e-02
-1.195151448249816895e+00
-7.394337654113769531e-01
1.166548967361450195e+00
4.892838001251220703e-01
1.183802127838134766e+00
3.323786556720733643e-01
1.330971717834472656e+00
3.022687882184982300e-02
-7.973853945732116699e-01
-6.722198724746704102e-01
-5.271368026733398438e-01
1.495237708091735840e+00
1.128452181816101074e+00
-1.332143545150756836e-01
6.427902579307556152e-01
-2.549689710140228271e-01
2.018221765756607056e-01
-2.179904095828533173e-02
1.476647257804870605e-01
1.604204654693603516e+00
-1.332594156265258789e+00
1.713203787803649902e-01
-1.497782945632934570e+00
5.339034199714660645e-01
7.870782166719436646e-02
-2.504599392414093018e-01
4.675268828868865967e-01
-7.865669727325439453e-01
1.224774271249771118e-01
1.041065096855163574e+00
5.016737580299377441e-01
-3.876861929893493652e-01
6.535016894340515137e-01
1.747376441955566406e+00
-1.799119710922241211e-01
4.961962997913360596e-01
1.000751376152038574e+00
