6.556744575500488281e-01
1.389322757720947266e+00
1.146171763539314270e-01
-5.977318286895751953e-01
2.000631988048553467e-01
1.544813811779022217e-01
-1.108067393302917480e+00
-1.115752100944519043e+00
-9.992021322250366211e-01
9.527107477188110352e-01
6.882413625717163086e-01
-3.128888905048370361e-01
3.114412426948547363e-01
-6.203959584236145020e-01
4.526788890361785889e-01
-3.267520666122436523e-01
-1.116817831993103027e+00
4.052495956420898438e-01
-5.006666183471679688e-01
3.911627233028411865e-01
1.424183696508407593e-01
6.822305917739868164e-02
7.484343051910400391e-01
1.033175468444824219e+00
1.020526409149169922e+00
-9.299251437187194824e-01
4.042540863156318665e-02
-1.075251221656799316e+00
2.675488591194152832e-01
4.352019429206848145e-01
-7.221469879150390625e-01
-2.995238304138183594e-01
-7.464867830276489258e-02
8.761438727378845215e-02
2.569281160831451416e-01
-3.321262001991271973e-01
7.582838833332061768e-02
-3.095360696315765381e-01
-1.061554346233606339e-02
-4.868776202201843262e-01
-1.140672087669372559e+00
-4.881243035197257996e-02
-3.279592096805572510e-01
1.282176136970520020e+00
-1.376184225082397461e+00
-8.202313780784606934e-01
-4.173509031534194946e-02
-1.498106002807617188e+00
-4.425021633505821228e-02
-3.843685388565063477e-01
-7.559745311737060547e-01
-4.515451788902282715e-01
-1.204999163746833801e-01
-4.015499949455261230e-01
8.859675526618957520e-01
-9.217545390129089355e-01
-1.816181093454360962e-01
-6.776703000068664551e-01
5.405455827713012695e-02
3.125951290130615234e-01
1.596491694450378418e+00
3.511310815811157227e-01
-1.892781704664230347e-01
8.254388570785522461e-01
8.481055498123168945e-01
-4.451173245906829834e-01
1.148817390203475952e-01
-1.011193513870239258e+00
5.890355706214904785e-01
-7.800645660609006882e-03
-2.033283188939094543e-02
4.844544827938079834e-02
-5.407995581626892090e-01
-1.561948210000991821e-01
9.227513670921325684e-01
6.892991065979003906e-01
-1.063126549124717712e-01
4.100265204906463623e-01
9.036338925361633301e-01
4.052292704582214355e-01
-1.014673933386802673e-01
-3.830483853816986084e-01
-2.584426164627075195e+00
-2.599854469299316406e-01
-1.059314131736755371e+00
1.819731712341308594e+00
-1.735997200012207031e+00
-4.357672929763793945e-01
-1.689755201339721680e+00
-1.238870382308959961e+00
-1.451483368873596191e+00
-1.003379002213478088e-01
-4.146210253238677979e-01
1.401547789573669434e+00
-1.218978285789489746e+00
6.691599637269973755e-02
-1.365767121315002441e-01
1.147441744804382324e+00
-9.735198616981506348e-01
6.773036718368530273e-01
-1.088670611381530762e+00
-2.145684957504272461e-01
6.397448778152465820e-01
1.641276627779006958e-01
-3.910244107246398926e-01
-5.539612174034118652e-01
-4.311576783657073975e-01
8.679922819137573242e-01
1.096251845359802246e+00
-5.488088726997375488e-01
-1.823425292968750000e-01
6.337471008300781250e-01
-6.692837476730346680e-01
-2.547871470451354980e-01
6.653521060943603516e-01
-1.202638223767280579e-01
8.380456566810607910e-01
-2.186694145202636719e+00
5.911769270896911621e-01
1.133781671524047852e+00
-8.340743184089660645e-02
7.574992775917053223e-01
-1.412534356117248535e+00
-3.280538022518157959e-01
1.374498963356018066e+00
1.026370048522949219e+00
1.090660691261291504e+00
1.690716892480850220e-01
-1.248336791992187500e+00
-1.582999110221862793e+00
1.042273879051208496e+00
-4.038866236805915833e-02
-8.068573474884033203e-01
7.305073738098144531e-02
-6.721791028976440430e-01
2.704289555549621582e-01
-5.397929549217224121e-01
1.316885650157928467e-01
-1.321498036384582520e+00
1.081419229507446289e+00
-1.496510028839111328e+00
5.586082935333251953e-01
1.034263372421264648e+00
1.174217581748962402e+00
3.213625252246856689e-01
-5.680564641952514648e-01
-2.227591276168823242e-01
-9.303149580955505371e-01
-2.257080316543579102e+00
5.701820254325866699e-01
-2.548446953296661377e-01
-1.566019803285598755e-01
-1.810794025659561157e-01
-1.074775680899620056e-01
1.403050303459167480e+00
2.766995131969451904e-01
5.758823752403259277e-01
2.737448811531066895e-01
3.683630228042602539e-01
8.324817419052124023e-01
1.398362278938293457e+00
-9.525780081748962402e-01
7.078258991241455078e-01
-5.555156469345092773e-01
8.182164430618286133e-01
3.582574129104614258e-01
-7.219686508178710938e-01
3.961452096700668335e-02
-5.198370218276977539e-01
-6.357365250587463379e-01
-4.954519867897033691e-01
-2.230712175369262695e+00
-1.716419816017150879e+00
1.601029932498931885e-01
-5.297310948371887207e-01
-7.230820655822753906e-01
-3.249649405479431152e-01
9.672671556472778320e-01
-6.792114973068237305e-01
1.382358551025390625e+00
-2.061593979597091675e-01
-1.103303670883178711e+00
7.951419949531555176e-01
5.201108381152153015e-02
-2.480302155017852783e-01
-1.551080465316772461e+00
-1.255767703056335449e+00
-3.539475798606872559e-01
8.571096509695053101e-02
5.574925541877746582e-01
4.782717227935791016e-01
-3.560641109943389893e-01
-1.126655459403991699e+00
7.392991781234741211e-01
7.141196727752685547e-01
1.116276860237121582e+00
-6.992831826210021973e-02
1.493257880210876465e+00
1.042111068964004517e-01
-2.023061752319335938e+00
8.215658068656921387e-01
1.709443777799606323e-01
2.176212072372436523e+00
-1.332371592521667480e+00
9.473642706871032715e-01
-3.924367949366569519e-02
-2.884317636489868164e-01
1.145161390304565430e-01
1.534289479255676270e+00
-8.154901266098022461e-01
-5.648614168167114258e-01
7.766760587692260742e-01
7.790077328681945801e-01
8.082283139228820801e-01
7.617486715316772461e-01
5.675628781318664551e-01
2.772560715675354004e-01
-4.498575329780578613e-01
4.098589718341827393e-01
-7.849047780036926270e-01
1.436274409294128418e+00
7.371162176132202148e-01
2.288796752691268921e-02
1.391038745641708374e-01
-8.701836466789245605e-01
1.969387233257293701e-01
-7.430703192949295044e-02
-5.915949344635009766e-01
5.081488564610481262e-02
-1.477289319038391113e+00
-3.851563036441802979e-01
-1.969172433018684387e-02
1.164375543594360352e+00
5.275633335113525391e-01
3.210283517837524414e-01
6.029472351074218750e-01
9.684599637985229492e-01
-4.360806047916412354e-01
-8.221316337585449219e-01
1.689342199824750423e-03
1.602357327938079834e-01
-4.029218256473541260e-01
-9.061131477355957031e-01
-4.519919157028198242e-01
-1.948786854743957520e+00
-1.042520776391029358e-01
4.932335913181304932e-01
3.200905323028564453e-01
1.282548666000366211e+00
-2.978352308273315430e-01
-1.604438424110412598e-01
-1.190551891922950745e-01
-1.464828014373779297e+00
3.192432522773742676e-01
5.017195940017700195e-01
1.943667292594909668e+00
-2.635426633059978485e-02
-5.332918465137481689e-02
2.385241389274597168e-01
-2.594578862190246582e-01
-6.339774280786514282e-02
7.291928529739379883e-01
-3.902641832828521729e-01
-1.006978869438171387e+00
-1.147298097610473633e+00
1.320300936698913574e+00
-1.003333449363708496e+00
1.071084260940551758e+00
6.732958555221557617e-01
-3.381274640560150146e-01
7.617189884185791016e-01
-8.423555642366409302e-02
4.585400819778442383e-01
6.203137040138244629e-01
-9.148644804954528809e-01
-4.111101329326629639e-01
2.753798365592956543e-01
3.102386891841888428e-01
5.461803078651428223e-01
-1.442416310310363770e+00
1.122900843620300293e+00
-2.929970026016235352e-01
5.980439186096191406e-01
1.421368002891540527e+00
1.158273935317993164e+00
-1.815130114555358887e-01
3.271030783653259277e-01
-6.610763072967529297e-02
1.809567660093307495e-01
-7.253618240356445312e-01
-1.196932077407836914e+00
6.391871571540832520e-01
3.101001381874084473e-01
9.725653380155563354e-02
-8.430717587471008301e-01
-2.770559191703796387e-01
1.419524312019348145e+00
1.213654160499572754e+00
5.953072309494018555e-01
-1.242099642753601074e+00
-5.009196400642395020e-01
-7.085635066032409668e-01
-2.199472337961196899e-01
-1.661824285984039307e-01
3.960390686988830566e-01
-3.216736912727355957e-01
4.630787074565887451e-01
-1.872924685478210449e+00
1.631550550460815430e+00
2.071703433990478516e+00
-1.299511909484863281e+00
-6.728404164314270020e-01
-9.375411868095397949e-01
-1.739760518074035645e+00
-1.195166468620300293e+00
-1.178925558924674988e-01
1.267465472221374512e+00
1.207814335823059082e+00
-4.061121866106987000e-02
4.024374485015869141e-01
1.183418780565261841e-01
3.074544072151184082e-01
1.286120772361755371e+00
-1.976681351661682129e-01
7.051893509924411774e-03
-2.195854783058166504e-01
-1.230722546577453613e+00
-4.748071432113647461e-01
1.173001602292060852e-01
1.185208797454833984e+00
-8.162158131599426270e-01
1.855277717113494873e-01
5.097279548645019531e-01
6.272153854370117188e-01
-4.463563859462738037e-02
2.039077132940292358e-01
-2.286107540130615234e-01
7.927019000053405762e-01
1.137085318565368652e+00
1.430720537900924683e-01
-2.020603567361831665e-01
-8.648959398269653320e-01
-1.317409239709377289e-02
5.050781965255737305e-01
-2.028501182794570923e-01
2.261835336685180664e-01
-6.298643946647644043e-01
1.527862995862960815e-01
-5.356669425964355469e-02
-3.967164158821105957e-01
-1.312913537025451660e+00
-1.053235769271850586e+00
1.142222642898559570e+00
-5.160877704620361328e-01
-6.829194426536560059e-01
7.342076301574707031e-01
3.229844272136688232e-01
-1.020044445991516113e+00
4.982880353927612305e-01
4.378685355186462402e-01
-8.319414854049682617e-01
-1.111498236656188965e+00
-1.779362708330154419e-01
7.978563904762268066e-01
-5.808942914009094238e-01
8.338287472724914551e-01
8.651109933853149414e-01
-3.733580410480499268e-01
-1.711939722299575806e-01
1.353139132261276245e-01
6.757647991180419922e-01
8.584063053131103516e-01
-6.058898568153381348e-01
1.320207118988037109e+00
-1.903995871543884277e-01
-1.848736852407455444e-01
1.970564872026443481e-01
-5.163394808769226074e-01
5.126113891601562500e-01
1.464545261114835739e-02
-3.406758010387420654e-01
7.676435112953186035e-01
-1.437899023294448853e-01
-1.689839959144592285e+00
-1.035852551460266113e+00
2.801252305507659912e-01
-2.293383032083511353e-01
-2.398467063903808594e-01
2.740628719329833984e-01
7.408332228660583496e-01
2.299047231674194336e+00
2.197690963745117188e+00
2.758102118968963623e-01
5.700415372848510742e-01
6.434184908866882324e-01
1.103851556777954102e+00
-4.763111770153045654e-01
1.566437780857086182e-01
5.806237086653709412e-02
6.958379745483398438e-01
-1.730288416147232056e-01
-2.493206262588500977e-01
3.762249648571014404e-02
7.382133603096008301e-02
-8.336102366447448730e-01
1.078557491302490234e+00
-5.767692923545837402e-01
-6.178851723670959473e-01
1.729246377944946289e-01
-9.229033589363098145e-01
-9.117124080657958984e-01
-3.691961755976080894e-03
-1.175256609916687012e+00
8.176609873771667480e-01
6.401119232177734375e-01
9.185312986373901367e-01
-5.384670495986938477e-01
5.985382795333862305e-01
8.815721869468688965e-01
5.871173143386840820e-01
-8.672181963920593262e-01
-1.936851620674133301e+00
8.115354180335998535e-01
-4.743965566158294678e-01
-2.136373370885848999e-01
4.075846374034881592e-01
4.233150184154510498e-01
-1.362984657287597656e+00
8.463781476020812988e-01
5.293734669685363770e-01
3.602941036224365234e-01
1.458112448453903198e-01
6.713810563087463379e-01
-4.481094181537628174e-01
-2.763947546482086182e-01
8.961220830678939819e-02
3.217822313308715820e-02
1.127150058746337891e+00
-6.504430770874023438e-01
-1.652015149593353271e-01
-1.148585900664329529e-01
-2.386364936828613281e-01
2.173932939767837524e-01
2.950311899185180664e-01
2.207764148712158203e+00
-8.928682804107666016e-01
2.312067709863185883e-02
7.613014578819274902e-01
-8.621600270271301270e-01
-1.828946828842163086e+00
-4.938785359263420105e-02
-7.208901643753051758e-01
3.518937230110168457e-01
4.415861889719963074e-02
7.963035255670547485e-02
-3.764903843402862549e-01
1.254673480987548828e+00
5.172947645187377930e-01
8.584251999855041504e-01
1.273375749588012695e+00
6.559436321258544922e-01
3.256262242794036865e-01
8.066898584365844727e-02
3.660256564617156982e-01
1.279998570680618286e-01
3.981103301048278809e-01
7.372838854789733887e-01
1.437078952789306641e+00
-5.777257084846496582e-01
9.247744083404541016e-02
-2.968699038028717041e-01
-1.740881323814392090e+00
-7.126204967498779297e-01
-8.671215176582336426e-01
1.049169540405273438e+00
2.642893232405185699e-02
5.073700547218322754e-01
-2.916004955768585205e-01
-1.187991976737976074e+00
-7.692330479621887207e-01
1.473734259605407715e+00
3.180698752403259277e-01
-7.350314855575561523e-01
-5.293769836425781250e-01
8.712300658226013184e-01
-8.639404177665710449e-02
1.133207753300666809e-01
-1.384330272674560547e+00
-3.897067904472351074e-01
-3.724932074546813965e-01
-1.164338663220405579e-01
-2.694565989077091217e-02
-1.235479235649108887e+00
9.647135734558105469e-01
-9.801557660102844238e-01
2.945669293403625488e-01
-7.696655988693237305e-01
-2.918113231658935547e+00
4.220741987228393555e-01
-8.969483375549316406e-01
-1.071447968482971191e+00
-1.965297944843769073e-02
3.872815966606140137e-01
7.099131345748901367e-01
-6.093911528587341309e-01
-5.265812873840332031e-01
-1.103671267628669739e-01
-2.538997828960418701e-01
7.187994122505187988e-01
-4.380782544612884521e-01
3.437084332108497620e-02
-7.238107323646545410e-01
-2.667124271392822266e-01
-2.294791042804718018e-01
1.112866044044494629e+00
7.030668258666992188e-01
-3.671337366104125977e-01
7.892409712076187134e-02
6.738554835319519043e-01
1.468107700347900391e-01
2.851634323596954346e-01
3.117996752262115479e-01
-1.035026669502258301e+00
-2.581433057785034180e-01
-4.592816829681396484e-01
2.601315081119537354e-01
-1.029983520507812500e+00
7.163349986076354980e-01
-6.320900321006774902e-01
-9.025864601135253906e-01
-1.808205366134643555e+00
1.922852158546447754e+00
1.763727068901062012e-01
-2.728976309299468994e-01
-2.385415434837341309e-01
-3.133802860975265503e-02
-4.858547449111938477e-01
2.952963411808013916e-01
-9.198482036590576172e-01
4.879094064235687256e-01
6.788730025291442871e-01
1.321453809738159180e+00
-5.366535782814025879e-01
-4.351271092891693115e-01
5.527754426002502441e-01
2.736449614167213440e-02
1.278055071830749512e+00
1.259817481040954590e+00
-1.214716434478759766e+00
9.274592995643615723e-02
1.822442561388015747e-01
-7.626041769981384277e-01
-9.252442419528961182e-02
7.722837924957275391e-01
2.188033461570739746e-01
7.628031373023986816e-01
3.357773423194885254e-01
4.886546432971954346e-01
-5.385947823524475098e-01
7.442670464515686035e-01
6.323825716972351074e-01
4.188733398914337158e-01
-2.118016004562377930e+00
-1.247788310050964355e+00
2.154330462217330933e-01
8.501107692718505859e-01
-4.780415892601013184e-01
-1.862781345844268799e-01
2.232881546020507812e+00
-3.270080685615539551e-01
5.862973332405090332e-01
-3.554191589355468750e-01
-6.915885210037231445e-01
-2.305289745330810547e+00
-4.307664334774017334e-01
-1.267496943473815918e+00
6.228982210159301758e-01
-1.708898991346359253e-01
-2.507186867296695709e-02
-5.718600153923034668e-01
-4.078925251960754395e-01
1.571210741996765137e+00
-1.643745899200439453e+00
-2.554627358913421631e-01
-5.486283898353576660e-01
-4.165357351303100586e-01
-1.137187600135803223e+00
-5.019991397857666016e-01
1.629118323326110840e-01
7.025144696235656738e-01
7.000638842582702637e-01
2.797658443450927734e-01
-1.002160310745239258e+00
-6.519199609756469727e-01
-1.239375025033950806e-01
3.379962146282196045e-01
-2.645941078662872314e-01
1.254944324493408203e+00
2.504901587963104248e-01
-4.407540559768676758e-01
1.830276697874069214e-01
-8.641284704208374023e-02
1.906312853097915649e-01
8.700511455535888672e-01
-1.558194041252136230e+00
-2.016920804977416992e+00
-4.401264786720275879e-01
-1.085512757301330566e+00
-1.328986406326293945e+00
-4.429447650909423828e-02
5.930314064025878906e-01
-8.645033836364746094e-01
8.837988376617431641e-01
1.029759645462036133e-02
-6.589304804801940918e-01
2.151481509208679199e-01
-2.394825071096420288e-01
3.834181129932403564e-01
-2.968893647193908691e-01
1.487326174974441528e-01
2.615343034267425537e-01
7.825696468353271484e-01
-1.472462177276611328e+00
-9.185627102851867676e-01
4.417586326599121094e-02
5.302330255508422852e-01
4.743799567222595215e-01
1.046431064605712891e+00
1.236217975616455078e+00
-2.447069734334945679e-01
-1.047647465020418167e-02
-6.449702978134155273e-01
3.519342839717864990e-01
4.145669043064117432e-01
2.823952138423919678e-01
-1.300155997276306152e+00
2.774152755737304688e-01
-1.953504085540771484e-01
3.363346457481384277e-01
1.748365879058837891e+00
6.025502681732177734e-01
2.872425317764282227e-01
-5.704129338264465332e-01
1.399059891700744629e+00
-7.439672946929931641e-01
2.113983392715454102e+00
-3.555539548397064209e-01
6.226865053176879883e-01
-8.302370309829711914e-01
-7.177305817604064941e-01
6.611604690551757812e-01
3.431928455829620361e-01
-1.744947433471679688e+00
-6.381394267082214355e-01
1.936426520347595215e+00
-5.118548870086669922e-01
-1.771513342857360840e+00
-1.468068480491638184e+00
7.749073207378387451e-02
4.294534921646118164e-01
4.242248237133026123e-01
-8.654878288507461548e-02
1.282340884208679199e-01
-1.141880899667739868e-01
-1.017924547195434570e+00
1.377498060464859009e-01
8.520055413246154785e-01
1.367197871208190918e+00
3.330426812171936035e-01
-1.433057934045791626e-01
-2.422105312347412109e+00
-1.821383386850357056e-01
-2.207572944462299347e-02
1.373935103416442871e+00
-3.909947872161865234e-01
7.145795822143554688e-01
-8.291574716567993164e-01
-4.322471916675567627e-01
-2.186391353607177734e-01
6.831166148185729980e-01
5.174295306205749512e-01
-7.123800516128540039e-01
1.910152137279510498e-01
1.268552780151367188e+00
-3.267874717712402344e-01
8.847532868385314941e-01
5.431474447250366211e-01
-6.053222417831420898e-01
-3.255780458450317383e+00
-1.518648397177457809e-02
-9.794160127639770508e-01
-4.511640369892120361e-01
3.556199073791503906e-01
9.978935718536376953e-01
-9.667391180992126465e-01
-1.213267669081687927e-01
-3.468245863914489746e-01
5.496807694435119629e-01
1.887339651584625244e-01
5.828744769096374512e-01
-1.397147923707962036e-01
-2.199333906173706055e+00
2.694631814956665039e-01
4.578814506530761719e-01
9.899545311927795410e-01
1.050974577665328979e-01
1.245442390441894531e+00
-1.742368459701538086e+00
-2.186727285385131836e+00
2.866277694702148438e-01
-1.641847252845764160e+00
2.919765412807464600e-01
2.932364642620086670e-01
-1.014927148818969727e+00
1.043723702430725098e+00
4.674012660980224609e-01
1.081971645355224609e+00
3.263049125671386719e-01
5.855749174952507019e-02
2.564457654953002930e-01
-5.462481975555419922e-01
-5.659701228141784668e-01
-4.986009299755096436e-01
2.002408504486083984e-01
7.519893050193786621e-01
-1.279469728469848633e+00
-2.211249172687530518e-01
2.586234174668788910e-02
6.627730727195739746e-01
-5.971484184265136719e-01
4.718914628028869629e-01
-3.515662550926208496e-01
2.996378391981124878e-02
5.706790685653686523e-01
1.377808094024658203e+00
1.582218170166015625e+00
2.749887667596340179e-02
-1.963338106870651245e-01
6.855682730674743652e-01
1.005545109510421753e-01
-1.813308894634246826e-01
-1.148605704307556152e+00
-5.608815550804138184e-01
9.843359589576721191e-01
-1.030886992812156677e-01
-1.380716085433959961e+00
7.152575850486755371e-01
-4.287730753421783447e-01
4.165081977844238281e-01
6.452652812004089355e-01
-4.207245409488677979e-01
-4.651210010051727295e-01
4.152843952178955078e-01
2.171269208192825317e-01
5.050902441143989563e-02
1.146819628775119781e-02
-8.510198444128036499e-02
2.050942927598953247e-01
-2.003448009490966797e+00
-5.901827942579984665e-03
-7.504361867904663086e-01
2.851179838180541992e-01
-4.088297784328460693e-01
5.434399843215942383e-01
2.173808664083480835e-01
-2.248577922582626343e-01
-5.211195349693298340e-01
-6.280823945999145508e-01
