-8.818107098340988159e-02
6.770581603050231934e-01
8.298581242561340332e-01
-1.121891975402832031e+00
-2.220637798309326172e-01
-4.052618145942687988e-01
9.354836344718933105e-01
2.897444413974881172e-03
-5.185083150863647461e-01
1.305435061454772949e+00
5.287680625915527344e-01
5.370771512389183044e-02
-5.510158091783523560e-02
-6.264000535011291504e-01
-2.508684620261192322e-02
-1.461557865142822266e+00
-6.077286005020141602e-01
2.117825597524642944e-01
2.682416141033172607e-01
-9.359038472175598145e-01
5.739192962646484375e-01
2.656550109386444092e-01
-3.614639937877655029e-01
-5.763052701950073242e-01
-5.490303039550781250e-01
-6.858170777559280396e-02
-2.192176692187786102e-02
-9.715127348899841309e-01
-1.896173119544982910e+00
-6.602102518081665039e-02
-1.206005573272705078e+00
7.979481816291809082e-01
-2.023283541202545166e-01
-2.245222926139831543e-01
-5.923442244529724121e-01
1.505818665027618408e-01
-4.068819880485534668e-01
-1.939340233802795410e+00
-1.002706810832023621e-01
1.194089174270629883e+00
-6.015485525131225586e-01
-1.131020784378051758e+00
4.614757001399993896e-02
7.010604739189147949e-01
4.886589199304580688e-02
-9.376364350318908691e-01
8.982790112495422363e-01
-8.945274949073791504e-01
-8.491811901330947876e-02
-1.014382690191268921e-01
-9.924374222755432129e-01
-8.751617670059204102e-01
-1.711612343788146973e-01
-7.906199693679809570e-01
-3.966728597879409790e-02
-7.357528209686279297e-01
4.773936420679092407e-02
-1.241643071174621582e+00
-1.309621483087539673e-01
4.766222238540649414e-01
-8.295108675956726074e-01
-5.851414203643798828e-01
1.049636363983154297e+00
-3.688062429428100586e-01
3.592710196971893311e-01
-3.455208241939544678e-01
-8.393986523151397705e-02
1.045703887939453125e+00
-3.257612287998199463e-01
-1.176492094993591309e+00
-8.315364122390747070e-01
2.336397767066955566e-01
1.829693168401718140e-01
-6.893180012702941895e-01
3.426586985588073730e-01
6.192355602979660034e-02
-2.450470477342605591e-01
-2.532013356685638428e-01
4.639842361211776733e-02
2.646978572010993958e-02
2.503193020820617676e-01
-1.652625203132629395e-01
-7.962381839752197266e-01
-6.306593418121337891e-01
-7.175303250551223755e-02
9.409244358539581299e-02
-1.798510313034057617e+00
-3.045593798160552979e-01
-4.021609723567962646e-01
-1.835776716470718384e-01
-1.354778856039047241e-01
-1.916846781969070435e-01
-6.300699114799499512e-01
3.885734677314758301e-01
-2.239646911621093750e-01
-6.381773203611373901e-02
6.751547455787658691e-01
9.879016876220703125e-02
5.131518244743347168e-01
1.150008082389831543e+00
-1.096298933029174805e+00
5.913298130035400391e-01
3.435877561569213867e-01
6.240393519401550293e-01
-1.143522143363952637e+00
1.524913460016250610e-01
3.949211444705724716e-03
-2.796817719936370850e-01
5.892149209976196289e-01
-3.143546879291534424e-01
9.742654561996459961e-01
2.866502702236175537e-01
1.038348376750946045e-01
-3.509352505207061768e-01
-5.920912027359008789e-01
5.068723559379577637e-01
-7.761132717132568359e-01
-8.400540351867675781e-01
-6.121173501014709473e-01
1.553454279899597168e+00
-7.034334540367126465e-01
1.207986116409301758e+00
-2.411092281341552734e+00
7.386062741279602051e-01
8.522316217422485352e-01
-4.386904090642929077e-02
1.200572252273559570e+00
3.071256875991821289e-01
7.106199264526367188e-01
5.116480588912963867e-01
-2.236987352371215820e-01
4.644849523901939392e-02
4.060727655887603760e-01
-2.124501317739486694e-01
-1.467705011367797852e+00
2.268370687961578369e-01
6.352564692497253418e-01
-1.196522712707519531e+00
-1.403299272060394287e-01
1.703515052795410156e-01
-1.474476695060729980e+00
3.321440517902374268e-01
9.766692519187927246e-01
3.876489698886871338e-01
1.048353686928749084e-01
1.121528506278991699e+00
9.502521753311157227e-01
-6.832290887832641602e-01
-1.071300581097602844e-01
-1.439405512064695358e-02
-4.569971933960914612e-02
1.251708269119262695e+00
4.371240139007568359e-01
-4.095268249511718750e-01
7.889679074287414551e-01
-6.708414107561111450e-02
2.061507478356361389e-02
2.486289888620376587e-01
-1.309757232666015625e-01
4.037001729011535645e-01
2.068843543529510498e-01
-6.025670170783996582e-01
2.954023778438568115e-01
-3.148277699947357178e-01
2.566012442111968994e-01
-4.983088374137878418e-01
-1.345732688903808594e+00
-9.059098362922668457e-02
6.956278681755065918e-01
-9.131399989128112793e-01
-4.678022563457489014e-01
-1.255325675010681152e+00
-1.423851251602172852e+00
5.837989449501037598e-01
3.268043324351310730e-02
-3.144417703151702881e-01
3.716264069080352783e-01
-7.927696704864501953e-01
-7.891606688499450684e-01
1.281701683998107910e+00
-4.090600013732910156e-01
-1.506241083145141602e+00
1.375137209892272949e+00
2.526725828647613525e-01
4.713147282600402832e-01
-7.989444732666015625e-01
-1.692680239677429199e+00
3.745302259922027588e-01
-6.509430706501007080e-02
4.938476085662841797e-01
-3.084755539894104004e-01
6.969307065010070801e-01
2.648752629756927490e-01
9.020892381668090820e-01
1.292282133363187313e-03
-8.384545892477035522e-02
-1.514403820037841797e-01
2.688671648502349854e-01
-3.533039391040802002e-01
-1.187556624412536621e+00
3.244990855455398560e-02
-2.473520673811435699e-02
1.391793012619018555e+00
-8.909468650817871094e-01
1.002179924398660660e-02
-1.802291274070739746e-01
2.225153446197509766e-01
-3.267193213105201721e-02
1.026375532150268555e+00
-1.806502602994441986e-02
-9.666569828987121582e-01
4.067630767822265625e-01
1.704359889030456543e+00
-2.012435197830200195e-01
-6.205933913588523865e-02
1.053352117538452148e+00
8.418790698051452637e-01
-9.539148807525634766e-01
-1.304317951202392578e+00
-1.863739639520645142e-01
1.656173467636108398e-01
7.907298207283020020e-01
-3.509325385093688965e-01
-5.246789455413818359e-01
2.694048881530761719e-01
5.248983502388000488e-01
2.975178360939025879e-01
-6.734222173690795898e-01
-1.040579199790954590e+00
-6.499052047729492188e-01
9.457753598690032959e-02
-1.089743822813034058e-01
-1.694747924804687500e+00
1.233275160193443298e-01
9.999479651451110840e-01
7.482911348342895508e-01
9.446535706520080566e-01
-5.467915534973144531e-01
3.918692469596862793e-01
8.054457902908325195e-01
-9.370259642601013184e-01
-1.612760424613952637e+00
-7.624767422676086426e-01
7.755720019340515137e-01
-1.181230783462524414e+00
-3.854508697986602783e-01
3.513121306896209717e-01
3.772515654563903809e-01
5.227063894271850586e-01
8.529369831085205078e-01
-3.189229071140289307e-01
-1.095799088478088379e+00
-4.046592414379119873e-01
3.536347150802612305e-01
-1.196910381317138672e+00
-3.250170350074768066e-01
3.939046561717987061e-01
-1.657361239194869995e-01
7.030850052833557129e-01
-6.570518612861633301e-01
6.319927573204040527e-01
2.905729711055755615e-01
-3.639582395553588867e-01
-8.784655928611755371e-01
4.555688053369522095e-02
5.608126521110534668e-01
1.870971798896789551e+00
7.546886801719665527e-01
2.033697366714477539e+00
5.465775132179260254e-01
1.176115632057189941e+00
8.338699340820312500e-01
-3.565185070037841797e-01
5.407266616821289062e-01
-1.402843832969665527e+00
5.523220300674438477e-01
2.985922396183013916e-01
-1.471086740493774414e+00
-3.015106916427612305e-01
-9.950097799301147461e-01
3.901062011718750000e-01
-5.325350761413574219e-01
2.496883571147918701e-01
-3.549117743968963623e-01
5.107934474945068359e-01
2.191527746617794037e-02
-6.102284193038940430e-01
-1.497502028942108154e-01
1.620577089488506317e-02
-1.145722791552543640e-01
-3.684394359588623047e-01
-4.621867239475250244e-01
7.177836447954177856e-02
4.083355426788330078e+00
-1.412711590528488159e-01
-8.190985918045043945e-01
-4.726827442646026611e-01
1.540543586015701294e-01
6.048151850700378418e-02
-5.134295821189880371e-01
-2.376805245876312256e-01
-1.204549908638000488e+00
2.398297041654586792e-01
-1.542377769947052002e-01
2.347775101661682129e-01
4.872038066387176514e-01
5.153595209121704102e-01
-4.729189872741699219e-01
1.234249472618103027e+00
-4.063379466533660889e-01
-4.268024861812591553e-02
-9.038051366806030273e-01
-2.795758247375488281e-01
5.391120910644531250e-01
-9.891885519027709961e-01
-3.022506535053253174e-01
3.523676991462707520e-01
9.373625516891479492e-01
7.314139604568481445e-01
-1.014995649456977844e-01
-2.024133354425430298e-01
6.297515630722045898e-01
1.195638895034790039e+00
-8.876810073852539062e-01
-5.180471539497375488e-01
-2.488762587308883667e-01
-7.729794979095458984e-01
-8.045238256454467773e-01
-1.106196641921997070e+00
4.128785729408264160e-01
-1.035402417182922363e+00
-1.558731943368911743e-01
1.515829414129257202e-01
4.848057627677917480e-01
-6.119911670684814453e-01
-1.647597074508666992e+00
-8.776702284812927246e-01
-3.739743530750274658e-01
2.201506197452545166e-01
-5.816314220428466797e-01
7.211121916770935059e-01
-1.207451105117797852e+00
1.889118552207946777e+00
-2.897748649120330811e-01
-4.581275582313537598e-01
5.244233608245849609e-01
-1.013537049293518066e+00
5.928347110748291016e-01
-6.974055767059326172e-01
6.796746253967285156e-01
-8.595479130744934082e-01
6.589468717575073242e-01
8.504568934440612793e-01
-9.127121567726135254e-01
-2.892502844333648682e-01
-1.130478262901306152e+00
3.565356433391571045e-01
-2.057687193155288696e-01
1.616432666778564453e-01
-4.632542431354522705e-01
-2.015597522258758545e-01
2.531339526176452637e-01
-2.800989151000976562e-01
5.921991541981697083e-02
-6.038104295730590820e-01
-8.570727705955505371e-01
2.778577804565429688e-01
3.100515604019165039e-01
-8.371813595294952393e-02
1.339065134525299072e-01
-3.297481685876846313e-02
1.363910555839538574e+00
-4.693986177444458008e-01
5.561832785606384277e-01
1.082989946007728577e-01
-7.420524954795837402e-01
-7.463337182998657227e-01
-1.975481212139129639e-01
2.667498886585235596e-01
1.873827911913394928e-02
8.023992180824279785e-01
2.840264737606048584e-01
7.410753369331359863e-01
-1.052911803126335144e-01
-8.915207982063293457e-01
-1.034166336059570312e+00
-8.725133538246154785e-01
-1.382878303527832031e+00
-5.073387548327445984e-02
1.464161753654479980e+00
1.040655612945556641e+00
-4.920366406440734863e-02
1.018113613128662109e+00
-6.707319021224975586e-01
1.155408978462219238e+00
-5.392274260520935059e-01
-1.116548776626586914e+00
-9.089747667312622070e-01
-4.240064620971679688e-01
8.418398350477218628e-02
-8.440190553665161133e-01
-2.937770485877990723e-01
5.160664916038513184e-01
5.597819760441780090e-02
6.307149529457092285e-01
7.683985233306884766e-01
-1.047745108604431152e+00
8.226318359375000000e-01
-1.724288612604141235e-01
-9.668437242507934570e-01
-4.615755081176757812e-01
1.264862418174743652e-01
-3.668473064899444580e-01
9.377662092447280884e-02
-4.628512859344482422e-01
1.323597908020019531e+00
-3.026172518730163574e-01
2.998323142528533936e-01
-1.208129167556762695e+00
1.268851041793823242e+00
-1.183150768280029297e+00
-2.196891546249389648e+00
1.178147867321968079e-01
1.362829953432083130e-01
2.635157108306884766e-01
-1.075091958045959473e-01
-7.966274619102478027e-01
2.328066974878311157e-01
-8.429748415946960449e-01
-5.407188534736633301e-01
-1.054549142718315125e-01
5.983831882476806641e-01
1.877708435058593750e+00
-1.364672064781188965e+00
1.007612943649291992e+00
1.203194484114646912e-01
-1.052847862243652344e+00
6.195587515830993652e-01
-1.202156692743301392e-01
-6.307855248451232910e-01
-4.989584386348724365e-01
-8.068053424358367920e-02
-9.507094025611877441e-01
2.511544227600097656e-01
-2.786467373371124268e-01
8.860288858413696289e-01
1.296581178903579712e-01
-4.545651674270629883e-01
-7.784517854452133179e-02
-5.769424438476562500e-01
-9.137770533561706543e-02
-7.134804725646972656e-01
-6.037248373031616211e-01
-8.199713826179504395e-01
4.079352617263793945e-01
-1.391592025756835938e+00
4.091320633888244629e-01
3.970645368099212646e-01
-1.822351336479187012e+00
8.142913579940795898e-01
1.094522595405578613e+00
-3.163028061389923096e-01
-7.348420470952987671e-02
1.792715489864349365e-02
-1.123333699069917202e-03
7.106874585151672363e-01
4.788708314299583435e-02
5.236129164695739746e-01
5.377743840217590332e-01
-8.293682932853698730e-01
-7.939919084310531616e-02
1.075227737426757812e+00
7.035652995109558105e-01
7.184463739395141602e-01
-8.131325244903564453e-01
1.229482889175415039e-01
1.043408811092376709e-01
6.759829521179199219e-01
-3.787498772144317627e-01
8.374688625335693359e-01
9.654620885848999023e-01
5.905038118362426758e-01
-6.457037925720214844e-01
-4.894089996814727783e-01
4.061883091926574707e-01
-2.827616333961486816e-01
-7.079148292541503906e-01
-4.596614837646484375e-01
1.511126160621643066e+00
-1.686291992664337158e-01
7.177146673202514648e-01
1.206072926521301270e+00
1.220814108848571777e+00
5.185417532920837402e-01
-6.472985148429870605e-01
6.754468679428100586e-01
1.131563186645507812e+00
-3.116974353790283203e+00
1.245149731636047363e+00
-1.466659784317016602e+00
8.994405865669250488e-01
1.015146374702453613e+00
3.257880806922912598e-01
1.181374430656433105e+00
-8.009316325187683105e-01
3.081665933132171631e-01
-6.506108641624450684e-01
-9.659327864646911621e-01
-1.868752360343933105e+00
6.486009955406188965e-01
5.465532541275024414e-01
-6.254298985004425049e-02
-6.044148206710815430e-01
-4.236811101436614990e-01
2.708203792572021484e-01
1.571113824844360352e+00
-4.381001293659210205e-01
1.277383685111999512e+00
-3.093361295759677887e-02
-1.063860893249511719e+00
-5.335779190063476562e-01
8.258205652236938477e-01
-2.113235294818878174e-01
-7.306583523750305176e-01
1.863707900047302246e-01
5.205705165863037109e-01
-4.327033162117004395e-01
3.269306421279907227e-01
5.601038336753845215e-01
-4.619252979755401611e-01
-8.147885203361511230e-01
-3.244042694568634033e-01
1.159126520156860352e+00
-9.118419885635375977e-02
1.075331449508666992e+00
4.660132154822349548e-02
6.785616278648376465e-02
3.636235892772674561e-01
3.324024081230163574e-01
-2.374997437000274658e-01
-1.403736770153045654e-01
-4.348963499069213867e-01
-8.783211708068847656e-01
2.289955914020538330e-01
1.332767367362976074e+00
2.932718098163604736e-01
1.393679618835449219e+00
5.829279869794845581e-02
2.819349467754364014e-01
1.034812033176422119e-01
2.154823243618011475e-01
-3.121636509895324707e-01
-3.713528513908386230e-01
-1.022867441177368164e+00
6.915843486785888672e-01
8.136222362518310547e-01
1.247206777334213257e-01
3.608623445034027100e-01
2.856281958520412445e-02
-9.007600545883178711e-01
-2.906139791011810303e-01
1.034592866897583008e+00
-4.912868440151214600e-01
4.725534915924072266e-01
-1.087426781654357910e+00
-4.646247923374176025e-01
2.273397445678710938e-01
-2.100318521261215210e-01
1.983574926853179932e-01
-8.157821893692016602e-01
5.106352567672729492e-01
5.909140110015869141e-01
1.736880391836166382e-01
-3.124394416809082031e-01
-1.234783291816711426e+00
-3.444090783596038818e-01
-2.327490597963333130e-01
3.780237436294555664e-01
5.866571068763732910e-01
-8.609233796596527100e-02
-1.124238014221191406e+00
6.338895559310913086e-01
6.832199692726135254e-01
-1.219627559185028076e-01
-1.297771036624908447e-01
-1.186246648430824280e-01
-3.402782678604125977e-01
-1.414418667554855347e-01
5.131463333964347839e-02
2.957393527030944824e-01
1.496116667985916138e-01
-1.274721920490264893e-01
6.987993121147155762e-01
-4.163372516632080078e-01
1.124548435211181641e+00
-1.172757446765899658e-01
6.065269708633422852e-01
1.003057241439819336e+00
-5.282573103904724121e-01
8.919330239295959473e-01
3.502628505229949951e-01
1.041607111692428589e-01
8.518869429826736450e-02
7.210267782211303711e-01
9.050393700599670410e-01
-4.510854780673980713e-01
-5.337650179862976074e-01
-1.056715130805969238e+00
-7.947302460670471191e-01
-4.404946863651275635e-01
-5.327260494232177734e-01
-1.757818013429641724e-01
-1.076932325959205627e-01
3.873845338821411133e-01
-2.468209981918334961e+00
-4.187308549880981445e-01
8.428389430046081543e-01
-6.404784917831420898e-01
4.426304697990417480e-01
3.397851437330245972e-02
2.142695933580398560e-01
-8.329069614410400391e-01
-6.328237652778625488e-01
8.025760054588317871e-01
1.670052111148834229e-01
-2.084340900182723999e-01
1.380440592765808105e+00
7.364033460617065430e-01
-3.560675382614135742e-01
-4.367659687995910645e-01
-4.841167628765106201e-01
7.513009011745452881e-02
1.263627290725708008e+00
7.657765150070190430e-01
1.720261812210083008e+00
3.949350714683532715e-01
3.932893872261047363e-01
-6.506710313260555267e-03
6.052334904670715332e-01
1.919493377208709717e-01
5.647001266479492188e-01
6.315881013870239258e-01
-7.937892675399780273e-01
1.243761658668518066e+00
-3.015629947185516357e-01
2.619068145751953125e+00
-1.327316999435424805e+00
-1.595349013805389404e-01
7.863544225692749023e-01
-1.084469556808471680e+00
-1.352707445621490479e-01
1.051611423492431641e+00
-2.148846626281738281e+00
6.840081214904785156e-01
6.281940937042236328e-01
2.679640650749206543e-01
-6.949183940887451172e-01
2.120564132928848267e-01
-1.713871210813522339e-02
-1.242728114128112793e+00
3.024163842201232910e-01
5.731819868087768555e-01
2.763533294200897217e-01
9.534834027290344238e-01
-2.292920202016830444e-01
1.409572005271911621e+00
2.831703126430511475e-01
9.468483328819274902e-01
-3.021953999996185303e-01
-1.227517724037170410e+00
-9.859810471534729004e-01
1.193558096885681152e+00
-5.093339681625366211e-01
1.246246814727783203e+00
1.058582901954650879e+00
1.990298368036746979e-02
-5.686277747154235840e-01
2.408045977354049683e-01
4.796727001667022705e-01
6.095622181892395020e-01
-3.994077444076538086e-01
-1.505466341972351074e+00
2.886509709060192108e-02
6.997455358505249023e-01
-2.978856563568115234e-01
-3.445629775524139404e-02
-1.368675231933593750e-01
-1.087722539901733398e+00
-5.398232460021972656e+00
-8.468651771545410156e-02
-1.932651519775390625e+00
-3.385687470436096191e-01
1.565824389457702637e+00
5.859221890568733215e-02
-2.144011259078979492e+00
8.510031104087829590e-01
-1.687966287136077881e-01
-5.964115858078002930e-01
9.613451361656188965e-02
1.523917675018310547e+00
3.920385837554931641e-01
5.426602065563201904e-02
-1.221673488616943359e+00
-6.388816833496093750e-01
2.907608449459075928e-01
6.436733007431030273e-01
1.348435759544372559e+00
5.642901659011840820e-01
4.263974353671073914e-02
1.013800859451293945e+00
-8.157054334878921509e-02
-4.838420152664184570e-01
-4.971566498279571533e-01
1.029372885823249817e-01
-2.050233781337738037e-01
-2.300165146589279175e-01
1.439557909965515137e+00
-1.462777376174926758e+00
-7.236136198043823242e-01
8.746171593666076660e-01
-5.221488475799560547e-01
6.305158734321594238e-01
-4.516896605491638184e-01
1.289235830307006836e+00
4.171832501888275146e-01
-3.955226838588714600e-01
-8.803392052650451660e-01
7.635292410850524902e-01
4.904341101646423340e-01
-6.406760811805725098e-01
6.322907805442810059e-01
-1.755902290344238281e+00
2.427343577146530151e-01
-7.010564208030700684e-01
5.397450923919677734e-01
-2.500374801456928253e-02
1.250444948673248291e-01
7.256635278463363647e-02
2.484351694583892822e-01
-5.148522853851318359e-01
2.524296343326568604e-01
-1.468053460121154785e+00
1.459834575653076172e+00
1.739716291427612305e+00
-1.153851032257080078e+00
-1.825207352638244629e+00
-4.263454973697662354e-01
-1.020956158638000488e+00
6.033024787902832031e-01
2.299545556306838989e-01
-5.554503202438354492e-01
5.169270634651184082e-01
9.091497063636779785e-01
4.003217518329620361e-01
-1.196278333663940430e+00
1.784084886312484741e-01
1.204265117645263672e+00
-1.516242742538452148e+00
-1.394399285316467285e+00
1.368979215621948242e+00
-2.759249508380889893e-01
-1.764195971190929413e-02
3.874971270561218262e-01
1.021952033042907715e+00
-1.025577187538146973e+00
-2.961511909961700439e-01
-7.382137775421142578e-01
3.266441822052001953e-01
