5.919554457068443298e-02
1.018090605735778809e+00
-6.340103149414062500e-01
-1.893738746643066406e+00
6.031301617622375488e-01
-6.863169670104980469e-01
8.140954971313476562e-01
3.913649916648864746e-01
-1.112021923065185547e+00
5.425795912742614746e-01
9.550892710685729980e-01
-1.799748241901397705e-01
-1.315958797931671143e-01
-1.495659202337265015e-01
9.716663956642150879e-01
-6.394423246383666992e-01
-1.295010566711425781e+00
1.252201944589614868e-01
-1.234610676765441895e+00
7.123078107833862305e-01
2.017210006713867188e+00
-2.922131419181823730e-01
4.622740447521209717e-01
-3.681421577930450439e-01
1.359765172004699707e+00
-9.202197790145874023e-01
2.931244969367980957e-01
-4.932538568973541260e-01
-1.220878735184669495e-01
1.055580615997314453e+00
-4.086340665817260742e-01
7.458918094635009766e-01
-7.883392572402954102e-01
9.235296845436096191e-01
-2.298431843519210815e-01
-7.485975623130798340e-01
-1.019904613494873047e+00
1.998907327651977539e-01
-5.163311026990413666e-03
9.441335201263427734e-01
2.752899527549743652e-01
-5.544303059577941895e-01
4.946586489677429199e-02
-6.091734170913696289e-01
8.502825498580932617e-01
1.065041184425354004e+00
-2.775804698467254639e-01
-1.521328926086425781e+00
-4.792836606502532959e-01
-3.646508753299713135e-01
7.742819190025329590e-01
-2.300626784563064575e-01
-3.129625916481018066e-01
-1.880587339401245117e-01
-8.486784696578979492e-01
-5.582945346832275391e-01
1.270164370536804199e+00
-6.219101697206497192e-02
9.036197327077388763e-03
-6.069970130920410156e-01
-8.815388083457946777e-01
-1.136193990707397461e+00
4.830721914768218994e-01
9.818623065948486328e-01
1.621654629707336426e-01
-1.502782702445983887e-01
-3.431907594203948975e-01
3.089866936206817627e-01
2.709805667400360107e-01
-6.297316551208496094e-01
-4.332155287265777588e-01
-8.920045495033264160e-01
-5.086873769760131836e-01
-4.149381220340728760e-01
1.562670946121215820e+00
-1.574742197990417480e-01
-4.206046164035797119e-01
-1.360328078269958496e+00
3.394775092601776123e-01
1.802711009979248047e+00
7.274948358535766602e-01
1.397841215133666992e+00
-1.018518328666687012e+00
7.570032775402069092e-02
3.389995992183685303e-01
7.130492925643920898e-01
-6.948234438896179199e-01
2.426446825265884399e-01
4.890822768211364746e-01
2.189215039834380150e-03
-1.176231265068054199e+00
-2.668616771697998047e-01
-8.979431390762329102e-01
1.205986142158508301e+00
9.397123754024505615e-02
-1.055434226989746094e+00
1.068704485893249512e+00
3.325057327747344971e-01
-6.314574480056762695e-01
2.317116975784301758e+00
-7.784280776977539062e-01
-3.093551993370056152e-01
-5.338679552078247070e-01
8.653854727745056152e-01
2.963453531265258789e-01
-8.358420133590698242e-01
-1.569607496261596680e+00
-7.157095670700073242e-01
3.313141763210296631e-01
-7.113220095634460449e-01
1.857852786779403687e-01
-4.017311036586761475e-01
-8.263857960700988770e-01
-9.872871041297912598e-01
8.444992303848266602e-01
-7.772784233093261719e-01
-4.762916564941406250e-01
-1.539074778556823730e+00
4.970645010471343994e-01
-2.506163902580738068e-02
-6.733441948890686035e-01
-1.405411511659622192e-01
-2.372892141342163086e+00
6.600902676582336426e-01
1.207255125045776367e+00
2.646889388561248779e-01
6.791737079620361328e-01
-3.875383436679840088e-01
-2.156138885766267776e-03
3.339333832263946533e-01
1.615436792373657227e+00
-1.610484004020690918e+00
8.623642474412918091e-02
1.865507662296295166e-01
3.928883671760559082e-01
-3.680295050144195557e-01
4.974271357059478760e-01
-1.233462393283843994e-01
-5.122222471982240677e-03
2.085213214159011841e-01
-1.159715294837951660e+00
9.755456447601318359e-01
1.243823289871215820e+00
-9.934472441673278809e-01
-9.303115010261535645e-01
7.507732510566711426e-01
7.036337256431579590e-02
7.184652090072631836e-01
-8.489013463258743286e-02
1.244505763053894043e+00
3.518590331077575684e-01
5.109224915504455566e-01
-2.025608420372009277e-01
-7.167974114418029785e-02
1.377206563949584961e+00
-4.321816563606262207e-01
-5.620937943458557129e-01
-1.011864468455314636e-01
-9.607949852943420410e-01
6.028696298599243164e-01
1.131048202514648438e+00
7.432080060243606567e-02
-9.332572817802429199e-01
-9.552783370018005371e-01
-1.215477108955383301e+00
-7.636184692382812500e-01
-3.846579790115356445e-01
3.129382133483886719e-01
5.757443904876708984e-01
8.046813607215881348e-01
-1.155905961990356445e+00
-4.585447534918785095e-02
-4.111407995223999023e-01
9.782243967056274414e-01
-5.473149418830871582e-01
2.648108601570129395e-01
5.295675992965698242e-01
-4.833002090454101562e-01
-8.352514356374740601e-02
1.217765569686889648e+00
-2.636908888816833496e-01
6.784530282020568848e-01
7.610308527946472168e-01
-1.102154493331909180e+00
-3.573274910449981689e-01
-1.469135999679565430e+00
-1.449116587638854980e+00
6.114149689674377441e-01
1.219064474105834961e+00
-1.046184062957763672e+00
-6.570296287536621094e-01
1.243549346923828125e+00
5.032069683074951172e-01
9.551125764846801758e-01
-1.889885902404785156e+00
-5.860388875007629395e-01
6.021024584770202637e-01
1.911589145660400391e+00
-7.823715806007385254e-01
-1.672127842903137207e-01
1.351537555456161499e-01
8.616546392440795898e-01
1.387829542160034180e+00
-1.594253927469253540e-01
-2.749874293804168701e-01
1.654245138168334961e+00
9.811483621597290039e-01
-1.421554803848266602e+00
-1.265505850315093994e-01
-1.497627198696136475e-01
-2.163016796112060547e+00
-4.470505714416503906e-01
1.064906954765319824e+00
-1.564514935016632080e-01
6.506816148757934570e-01
7.913358211517333984e-01
-2.306196689605712891e-01
-1.199568510055541992e+00
-1.647783994674682617e+00
8.555771708488464355e-01
-1.076909154653549194e-01
1.224447488784790039e+00
-6.618769466876983643e-02
-5.807546973228454590e-01
1.043465495109558105e+00
1.519240140914916992e+00
9.181496500968933105e-01
-4.880515038967132568e-01
-1.421055436134338379e+00
-5.461484938859939575e-02
5.243968963623046875e-01
7.236931324005126953e-01
-7.267101407051086426e-01
5.709877610206604004e-01
1.036806941032409668e+00
9.966891407966613770e-01
-2.630682289600372314e-01
7.394214719533920288e-02
1.593016088008880615e-02
1.885868757963180542e-01
3.091251254081726074e-01
-3.229240775108337402e-01
-5.125111341476440430e-01
9.195397496223449707e-01
-1.115574836730957031e+00
-1.180694580078125000e+00
8.386073112487792969e-01
1.255270600318908691e+00
-3.276061713695526123e-01
-4.389480054378509521e-01
-4.146373271942138672e-01
-4.452842772006988525e-01
-1.042689204216003418e+00
-3.865042924880981445e-01
-8.233640789985656738e-01
-3.021073043346405029e-01
-1.504634022712707520e-01
1.050612926483154297e+00
1.213536620140075684e+00
3.338147401809692383e-01
-3.232054114341735840e-01
-1.322412252426147461e+00
-1.231065869331359863e+00
5.063469409942626953e-01
-7.866504043340682983e-02
1.201975703239440918e+00
2.028414726257324219e+00
-9.468722939491271973e-01
5.194212913513183594e+00
-1.495679378509521484e+00
-4.085800796747207642e-02
2.120712548494338989e-01
3.961282074451446533e-01
-4.500913247466087341e-02
-5.071115493774414062e-01
1.328748345375061035e+00
3.294543549418449402e-02
-1.423854231834411621e+00
-8.719822168350219727e-01
-1.148851156234741211e+00
7.951503992080688477e-02
-1.394072771072387695e-01
6.585388630628585815e-02
3.633168339729309082e-01
1.530341058969497681e-01
-1.965102851390838623e-01
5.366532206535339355e-01
4.985537007451057434e-02
-1.701928228139877319e-01
-1.062688112258911133e+00
3.220103979110717773e-01
-7.708656191825866699e-01
2.495033144950866699e-01
7.425247430801391602e-01
-5.092040896415710449e-01
4.256436228752136230e-02
1.170381009578704834e-01
-8.785171508789062500e-01
6.214053183794021606e-02
-2.287295818328857422e+00
-7.243470549583435059e-01
-5.457397103309631348e-01
9.419169425964355469e-01
-3.706963062286376953e-01
1.276856303215026855e+00
7.067919373512268066e-01
1.307753324508666992e+00
7.890951633453369141e-02
-1.149480231106281281e-02
5.246198549866676331e-02
4.500268697738647461e-01
8.191620111465454102e-01
1.560981273651123047e-01
8.346627950668334961e-01
-1.207635626196861267e-01
-7.068123817443847656e-01
4.442927613854408264e-02
3.171107470989227295e-01
1.365030527114868164e+00
-6.607262492179870605e-01
-1.684091567993164062e+00
-2.745615243911743164e-01
-1.423388421535491943e-01
6.839553266763687134e-02
-3.313690125942230225e-01
1.070270299911499023e+00
-5.962634682655334473e-01
-1.177399992942810059e+00
-4.198687672615051270e-01
1.798983573913574219e+00
-5.241667628288269043e-01
-5.439768433570861816e-01
1.119923830032348633e+00
4.906918406486511230e-01
-1.673157326877117157e-02
-6.877653002738952637e-01
-4.073854982852935791e-01
-2.087599337100982666e-01
1.221061229705810547e+00
-1.117232561111450195e+00
-8.705542087554931641e-01
-3.764523565769195557e-01
-2.620374560356140137e-01
-5.781864747405052185e-02
-8.215165734291076660e-01
-9.784318804740905762e-01
-1.258573889732360840e+00
4.030207991600036621e-01
-9.154503345489501953e-01
-8.769398927688598633e-01
1.042496040463447571e-01
-7.854598164558410645e-01
2.236697375774383545e-01
-1.434559822082519531e+00
5.582588165998458862e-02
-3.124723136425018311e-01
1.072795271873474121e+00
-7.462666630744934082e-01
2.900347113609313965e-01
3.615236878395080566e-01
8.596626669168472290e-02
2.608618699014186859e-02
1.025738790631294250e-01
-1.420466661453247070e+00
8.389578461647033691e-01
-4.049430787563323975e-01
8.467708230018615723e-01
-5.231246352195739746e-01
-3.844700381159782410e-02
5.369294881820678711e-01
1.024583935737609863e+00
1.706081926822662354e-01
2.862762808799743652e-01
-9.405357837677001953e-01
-7.817383408546447754e-01
6.894204765558242798e-02
-3.223193287849426270e-01
-1.065571546554565430e+00
9.080887436866760254e-01
3.271742761135101318e-01
1.471982121467590332e+00
1.431238204240798950e-01
1.029948830604553223e+00
9.913339614868164062e-01
-5.190958976745605469e-01
-1.804407835006713867e-01
9.300634860992431641e-01
-1.236428380012512207e+00
8.527413606643676758e-01
-1.348719894886016846e-01
1.040678024291992188e+00
9.287936091423034668e-01
1.199629426002502441e+00
-8.159421682357788086e-01
7.797763347625732422e-01
-1.112390279769897461e+00
-1.413335680961608887e+00
6.490715742111206055e-01
-1.118636369705200195e+00
-5.513512492179870605e-01
1.568736553192138672e+00
-6.951680183410644531e-01
-6.371838450431823730e-01
-1.275020122528076172e+00
-9.916691780090332031e-01
8.188591152429580688e-02
-1.903247714042663574e+00
6.344556212425231934e-01
1.324285864830017090e-01
-1.149605512619018555e+00
-7.482277750968933105e-01
5.043255090713500977e-01
-4.326467812061309814e-01
-4.621534943580627441e-01
-5.032984614372253418e-01
1.006668567657470703e+00
2.545679211616516113e-01
-6.273976564407348633e-01
-6.471186876296997070e-01
1.245343208312988281e+00
-1.806666702032089233e-01
-5.681291818618774414e-01
5.967537760734558105e-01
-1.132963657379150391e+00
-8.954505920410156250e-01
-1.242959722876548767e-01
-7.801744937896728516e-01
1.236806139349937439e-01
-2.052078008651733398e+00
-8.986501097679138184e-01
2.517973482608795166e-01
4.690877795219421387e-01
1.404932856559753418e+00
-1.871572017669677734e+00
1.233427524566650391e+00
1.435931086540222168e+00
-1.419544458389282227e+00
5.189443230628967285e-01
6.158289909362792969e-01
1.220284998416900635e-01
-6.519160270690917969e-01
4.955814778804779053e-01
-9.662340283393859863e-01
-1.210949897766113281e+00
1.087738394737243652e+00
3.905347287654876709e-01
-6.880513429641723633e-01
1.368693947792053223e+00
1.340519428253173828e+00
-6.229498982429504395e-01
1.666283905506134033e-01
-4.869444668292999268e-01
-3.258065581321716309e-01
4.289341866970062256e-01
7.622838020324707031e-01
9.093053638935089111e-02
-9.336533397436141968e-02
1.407836079597473145e-01
-5.508231520652770996e-01
1.357573747634887695e+00
1.745637416839599609e+00
-8.055689930915832520e-01
-3.761848434805870056e-02
-2.265398353338241577e-01
-2.641538679599761963e-01
-4.532617628574371338e-01
2.988514304161071777e-01
-1.542163491249084473e-01
-7.334582805633544922e-01
-4.298987090587615967e-01
1.695508658885955811e-01
5.073373317718505859e-01
-1.323281049728393555e+00
-1.096344470977783203e+00
-1.060246229171752930e+00
-4.616633355617523193e-01
4.366493821144104004e-01
7.866405695676803589e-02
-6.021337956190109253e-02
1.959215402603149414e+00
6.218115687370300293e-01
1.467882037162780762e+00
-2.027488201856613159e-01
1.557940337806940079e-02
8.432608842849731445e-01
1.781150102615356445e-01
-1.144431710243225098e+00
4.944868981838226318e-01
7.405889630317687988e-01
-3.767044097185134888e-02
-6.401284933090209961e-01
1.310976505279541016e+00
4.791824221611022949e-01
3.710027635097503662e-01
6.585538387298583984e-02
5.137497186660766602e-01
4.093176424503326416e-01
-1.495925426483154297e+00
4.696573913097381592e-01
-7.271960377693176270e-01
2.071851253509521484e+00
-3.473999500274658203e-01
-8.592087626457214355e-01
-2.319267839193344116e-01
-2.411553412675857544e-01
-6.836032867431640625e-02
-1.001817584037780762e+00
-2.872711718082427979e-01
3.871036767959594727e-01
1.110116243362426758e+00
-9.650160074234008789e-01
-5.584450960159301758e-01
-2.918390631675720215e-01
-1.397561073303222656e+00
2.606807947158813477e-01
3.080933392047882080e-01
2.417010366916656494e-01
-7.258752584457397461e-01
5.327308773994445801e-01
4.612275063991546631e-01
-8.046229928731918335e-02
-5.367409586906433105e-01
-6.929090023040771484e-01
-1.876791119575500488e-01
-3.872422575950622559e-01
1.798234879970550537e-01
-1.398377656936645508e+00
1.485794782638549805e-01
1.190384507179260254e+00
-1.092618823051452637e+00
6.842721700668334961e-01
-5.447713136672973633e-01
1.950179785490036011e-01
-6.597907841205596924e-02
-2.317389845848083496e-01
3.971145153045654297e-01
1.450447738170623779e-01
-1.429353356361389160e-01
6.182653307914733887e-01
-1.507362842559814453e+00
-6.007590889930725098e-01
-9.307339191436767578e-01
2.669688463211059570e-01
-2.042340636253356934e-01
6.072322726249694824e-01
-2.414154410362243652e-01
1.093714870512485504e-02
1.008948087692260742e+00
-1.017017006874084473e+00
-3.218319416046142578e-01
-5.197697877883911133e-01
-1.040961220860481262e-01
-1.890933632850646973e+00
-2.607092261314392090e-01
1.109141826629638672e+00
1.396418094635009766e+00
6.728186607360839844e-01
1.310101747512817383e+00
7.192106842994689941e-01
-1.222153782844543457e+00
-7.218448072671890259e-02
-6.259933114051818848e-01
-2.277953475713729858e-01
-4.163618683815002441e-01
-1.155763268470764160e+00
-5.590973496437072754e-01
6.754732131958007812e-01
9.140168428421020508e-01
2.494430780410766602e+00
-5.294564366340637207e-01
-4.636771082878112793e-01
7.369036227464675903e-02
-3.329956904053688049e-02
2.416104637086391449e-02
-2.628213465213775635e-01
3.966597020626068115e-01
-9.197166562080383301e-01
2.566013038158416748e-01
4.633598029613494873e-01
-3.532151281833648682e-01
-2.637029625475406647e-02
5.266860127449035645e-01
2.396190017461776733e-01
7.552267313003540039e-01
-8.869245052337646484e-01
-7.527871727943420410e-01
-2.791873216629028320e+00
-1.194237232208251953e+00
4.565115272998809814e-01
-8.139886707067489624e-02
-1.941956430673599243e-01
9.869502782821655273e-01
3.229008913040161133e-01
-1.264568716287612915e-01
9.541275501251220703e-01
-7.761479020118713379e-01
8.059881925582885742e-01
-7.889319062232971191e-01
6.893126368522644043e-01
3.732145428657531738e-01
-5.864475965499877930e-01
-1.283416032791137695e+00
-2.043661326169967651e-01
8.327076435089111328e-01
4.263679981231689453e-01
-1.096938014030456543e+00
9.899364709854125977e-01
-4.961477220058441162e-01
9.652790427207946777e-01
-3.890361264348030090e-02
2.412779331207275391e-01
5.362007617950439453e-01
1.696940302848815918e+00
8.326054215431213379e-01
-2.161846876144409180e+00
6.193831562995910645e-02
-1.222449913620948792e-01
-1.035362243652343750e+00
2.525813877582550049e-01
1.028344392776489258e+00
8.491236567497253418e-01
-3.207655251026153564e-01
-7.219855785369873047e-01
3.451178371906280518e-01
-7.839286923408508301e-01
1.559905529022216797e+00
5.268102884292602539e-01
2.148506402969360352e+00
-1.489477604627609253e-01
-1.046243667602539062e+00
5.798994898796081543e-01
-7.704635262489318848e-01
-5.276892334222793579e-02
4.947063922882080078e-01
8.310330510139465332e-01
3.504273593425750732e-01
-2.743056043982505798e-02
1.506098173558712006e-02
5.970072150230407715e-01
-7.665448784828186035e-01
2.251303195953369141e+00
5.739463567733764648e-01
-6.495523452758789062e-02
1.342059671878814697e-01
-2.531947195529937744e-02
1.035794854164123535e+00
-9.813501834869384766e-01
-8.743329048156738281e-01
8.896234035491943359e-01
-4.936461448669433594e-01
7.710899710655212402e-01
6.568096876144409180e-01
-1.314393043518066406e+00
2.096648886799812317e-02
-3.832069635391235352e-01
1.386745929718017578e+00
-7.017576694488525391e-01
1.674229979515075684e+00
-1.910546123981475830e-01
-4.917709231376647949e-01
-4.352459311485290527e-01
-9.163934588432312012e-01
7.191755771636962891e-01
9.042456150054931641e-01
-1.051207542419433594e+00
1.536085128784179688e+00
1.243030786514282227e+00
2.430511116981506348e-01
5.118492618203163147e-02
-1.188925862312316895e+00
-1.043910145759582520e+00
5.007512569427490234e-01
1.458210498094558716e-01
2.929516315460205078e+00
-6.456676125526428223e-01
9.638803005218505859e-01
-2.092081606388092041e-01
-1.286519169807434082e-01
8.623239994049072266e-01
-8.192033767700195312e-01
-7.704603075981140137e-01
-2.449521869421005249e-01
8.193929791450500488e-01
9.542098045349121094e-01
-6.431507468223571777e-01
-2.478722333908081055e-01
-2.310710214078426361e-02
2.022162228822708130e-01
-4.964030265808105469e+00
-4.921186268329620361e-01
-1.117516279220581055e+00
-1.234962701797485352e+00
1.126791238784790039e+00
2.143192142248153687e-01
-2.088200002908706665e-01
5.040941834449768066e-01
-1.633549571037292480e+00
-7.915056347846984863e-01
9.930133223533630371e-01
5.001451969146728516e-01
6.042905449867248535e-01
1.045878648757934570e+00
-1.154827922582626343e-01
-7.290260791778564453e-01
7.971456646919250488e-01
-4.932211339473724365e-01
2.039916753768920898e+00
-6.282424330711364746e-01
-2.623988389968872070e+00
9.809521436691284180e-01
3.521014451980590820e-01
2.493309825658798218e-01
-4.433691799640655518e-01
3.802711665630340576e-01
-1.217603087425231934e+00
4.075069725513458252e-02
-8.469361662864685059e-01
-7.556852698326110840e-01
3.014244735240936279e-01
-4.383373260498046875e-01
-1.687090873718261719e+00
5.199615955352783203e-01
-1.737880557775497437e-01
1.621032118797302246e+00
9.357585310935974121e-01
-1.128656148910522461e+00
-1.521303534507751465e+00
-4.542527496814727783e-01
6.077678203582763672e-01
-4.486429970711469650e-03
-3.655146434903144836e-02
-1.417600989341735840e+00
-1.330492854118347168e+00
-1.368059039115905762e+00
1.418787956237792969e+00
1.495068985968828201e-02
1.396413892507553101e-01
-6.990268230438232422e-01
1.112350940704345703e+00
2.264581918716430664e-01
-6.193681955337524414e-01
-1.420615553855895996e+00
1.985039234161376953e+00
1.092992305755615234e+00
-2.254137247800827026e-01
-7.351663112640380859e-01
3.064702637493610382e-02
-2.655951082706451416e-01
5.208709239959716797e-01
-6.854354143142700195e-01
-1.024313941597938538e-01
2.141808420419692993e-01
-3.432251513004302979e-01
8.838559985160827637e-01
-1.945361971855163574e+00
-1.476023066788911819e-02
-1.871899127960205078e+00
-6.847329735755920410e-01
-1.775445342063903809e+00
-4.338250681757926941e-02
1.428100913763046265e-01
2.000085860490798950e-01
-4.515419602394104004e-01
1.897196173667907715e+00
-1.682394981384277344e+00
-8.914983272552490234e-01
-7.613683342933654785e-01
1.193897247314453125e+00
