-1.226723670959472656e+00
1.266223549842834473e+00
-1.877004951238632202e-01
7.047814130783081055e-01
-2.409789264202117920e-01
-5.901655554771423340e-01
-9.034174084663391113e-01
-1.515703320503234863e+00
-1.668905854225158691e+00
-1.598862528800964355e+00
5.780313163995742798e-02
-9.043618440628051758e-01
5.982505083084106445e-01
7.395036518573760986e-02
7.636674642562866211e-01
-1.683903813362121582e+00
-1.147755861282348633e+00
5.977706909179687500e-01
5.405055880546569824e-01
-8.508005738258361816e-01
-1.480765342712402344e-01
-3.973275721073150635e-01
6.229076385498046875e-01
-9.040133357048034668e-01
-8.894875049591064453e-01
-2.585793733596801758e-01
-2.066886901855468750e+00
2.077619433403015137e-01
-1.615780830383300781e+00
1.505387067794799805e+00
-3.394750356674194336e+00
-1.259384870529174805e+00
-7.045925855636596680e-01
-8.332926630973815918e-01
-3.806571662425994873e-02
-8.146815299987792969e-01
4.127805531024932861e-01
-1.692191839218139648e+00
-7.432138174772262573e-02
5.633791089057922363e-01
7.140330076217651367e-01
-3.358293175697326660e-01
-8.269333839416503906e-01
3.590576648712158203e-01
9.317961335182189941e-01
-3.104128539562225342e-01
-1.344448208808898926e+00
-1.104465246200561523e+00
-2.041080474853515625e+00
-1.914452463388442993e-01
-5.179463028907775879e-01
-1.416144073009490967e-01
5.556950569152832031e-01
1.668229937553405762e+00
-7.168931365013122559e-01
-6.287064552307128906e-01
-6.297596096992492676e-01
-1.976727992296218872e-01
-6.509541273117065430e-01
-5.653392672538757324e-01
1.698971688747406006e-01
1.199715584516525269e-01
1.698598384857177734e+00
3.178547620773315430e-01
-1.429843902587890625e-01
-2.182898521423339844e+00
-1.241842627525329590e+00
6.203962862491607666e-02
-1.024059295654296875e+00
-1.147010445594787598e+00
-2.759813964366912842e-01
-9.684218168258666992e-01
-5.177560448646545410e-01
-6.794355511665344238e-01
1.202529907226562500e+00
1.150962829589843750e+00
-2.065950930118560791e-01
6.396679878234863281e-01
2.446670383214950562e-01
5.973127484321594238e-01
6.291215866804122925e-02
-8.616033792495727539e-01
-1.282267212867736816e+00
1.589442975819110870e-02
-8.454057574272155762e-01
9.372020363807678223e-01
-3.405123651027679443e-01
6.761397123336791992e-01
-1.374374508857727051e+00
4.370218813419342041e-01
3.884641826152801514e-02
-3.446796655654907227e+00
-7.086833715438842773e-01
-3.970970213413238525e-01
1.694902777671813965e-01
1.324078202247619629e+00
5.196753144264221191e-02
8.742243051528930664e-01
-3.250160515308380127e-01
3.232971578836441040e-02
-7.934792041778564453e-01
-1.291687011718750000e+00
1.009542346000671387e+00
3.082573413848876953e-02
7.988056540489196777e-01
-1.520793698728084564e-02
-2.370446473360061646e-01
1.365174531936645508e+00
6.598426699638366699e-01
5.740382671356201172e-01
-1.413640022277832031e+00
1.348477244377136230e+00
-1.095860123634338379e+00
-1.118816614151000977e+00
3.399054110050201416e-01
3.922199904918670654e-01
3.307614028453826904e-01
-4.045505046844482422e+00
2.615447938442230225e-01
5.989586934447288513e-02
3.769084513187408447e-01
2.564002871513366699e-01
4.499331414699554443e-01
-4.565964937210083008e-01
-5.560116171836853027e-01
9.791158437728881836e-01
1.747290730476379395e+00
-1.171625629067420959e-01
-7.410020232200622559e-01
-1.204086661338806152e+00
8.172888308763504028e-02
-1.903629302978515625e-01
-9.502270817756652832e-01
-5.575326681137084961e-01
-8.008645772933959961e-01
3.335216045379638672e-01
-6.455694139003753662e-02
-4.240482151508331299e-01
-8.098852038383483887e-01
1.058107614517211914e-01
-4.872375726699829102e-01
-7.022810578346252441e-01
1.239434361457824707e+00
1.319950461387634277e+00
3.997231125831604004e-01
7.852465659379959106e-02
1.171004772186279297e-02
-6.501708924770355225e-02
1.528821587562561035e-01
6.049277186393737793e-01
4.831118509173393250e-02
-3.540210425853729248e-02
3.671617209911346436e-01
-1.124684333801269531e+00
-5.113805457949638367e-02
9.988943338394165039e-01
1.541794538497924805e-01
-7.920308113098144531e-01
5.019759293645620346e-03
6.645437479019165039e-01
-9.584348797798156738e-01
-8.187173604965209961e-01
4.440810084342956543e-01
-6.953176856040954590e-01
-2.173586785793304443e-01
1.345597207546234131e-02
5.397103428840637207e-01
-1.500142812728881836e-01
7.205424904823303223e-01
1.225101709365844727e+00
-3.899004757404327393e-01
-1.840754747390747070e+00
-1.134755373001098633e+00
1.135597586631774902e+00
1.061872959136962891e+00
1.178554296493530273e+00
-1.938776820898056030e-01
-6.022818088531494141e-01
-1.353669643402099609e+00
-1.911983639001846313e-01
1.484726190567016602e+00
-1.216110706329345703e+00
-5.074571967124938965e-01
-1.917019724845886230e+00
-4.598005712032318115e-01
-1.798239946365356445e-01
1.736120730638504028e-01
-1.130377650260925293e+00
8.983208537101745605e-01
-2.093660831451416016e-01
-5.813637971878051758e-01
-5.714932680130004883e-01
-3.465223908424377441e-01
-1.509158015251159668e+00
-1.711865544319152832e+00
-2.073126137256622314e-01
-1.273343324661254883e+00
-4.217583239078521729e-01
-2.149193525314331055e+00
-1.166889309883117676e+00
-2.577157132327556610e-02
1.677193522453308105e+00
-4.048332199454307556e-02
3.633471727371215820e-01
2.674553692340850830e-01
-4.998297989368438721e-02
1.218479424715042114e-01
-3.458243608474731445e-01
9.491617083549499512e-01
-8.190053105354309082e-01
-1.203421652317047119e-01
4.453191161155700684e-01
-4.532386660575866699e-01
9.269005060195922852e-01
-2.875928282737731934e-01
7.356531620025634766e-01
7.137718200683593750e+00
-1.664212346076965332e+00
-1.575249880552291870e-01
-1.307131070643663406e-02
1.302334904670715332e+00
1.181223034858703613e+00
1.114067658782005310e-01
8.860397338867187500e-01
-9.687309861183166504e-01
9.201889634132385254e-01
-8.614243268966674805e-01
1.078230142593383789e-02
1.871358603239059448e-01
9.224862456321716309e-01
-1.273244261741638184e+00
9.909369796514511108e-02
-9.761328101158142090e-01
-2.955830395221710205e-01
1.610011339187622070e+00
3.915608227252960205e-01
2.189272880554199219e+00
4.701423645019531250e-01
3.314001858234405518e-01
-9.095230102539062500e-01
6.227557659149169922e-01
-1.988663554191589355e+00
-1.098287105560302734e+00
-1.292316019535064697e-01
-1.082676768302917480e+00
2.561373710632324219e-01
-3.648097515106201172e-01
-6.658639311790466309e-01
1.630473494529724121e+00
5.248339772224426270e-01
1.631777405738830566e+00
-6.951728463172912598e-01
1.880419999361038208e-01
1.598113626241683960e-01
-2.910214662551879883e-01
-3.600596264004707336e-02
4.335484206676483154e-01
-9.470041990280151367e-01
7.032465655356645584e-03
-2.970676720142364502e-01
4.496637284755706787e-01
-6.301780343055725098e-01
8.849676847457885742e-01
-1.644851803779602051e+00
2.506222948431968689e-02
-8.026798069477081299e-02
1.002067446708679199e+00
3.143866062164306641e-01
-2.369216233491897583e-01
-1.699156761169433594e-01
1.196761012077331543e+00
-9.226221442222595215e-01
-1.432392477989196777e+00
1.710520863533020020e+00
-3.904377520084381104e-01
-1.366319179534912109e+00
9.560987949371337891e-01
1.041535854339599609e+00
-2.990594208240509033e-01
-9.002296924591064453e-01
-4.746203720569610596e-01
-6.933426856994628906e-01
-9.886596202850341797e-01
1.459189534187316895e+00
2.688821256160736084e-01
-1.140468358993530273e+00
-7.264879345893859863e-01
3.703351020812988281e-01
1.506886959075927734e+00
4.733584821224212646e-01
-1.135689139366149902e+00
5.821112990379333496e-01
5.781044363975524902e-01
2.375634193420410156e+00
9.782752990722656250e-01
-1.632320404052734375e+00
7.171472311019897461e-01
1.077678203582763672e+00
-1.589088588953018188e-01
-6.548328399658203125e-01
-4.862366616725921631e-02
-7.366678714752197266e-01
5.069764256477355957e-01
1.406419277191162109e-01
9.975937604904174805e-01
9.961457848548889160e-01
-5.880200862884521484e-01
8.056053519248962402e-01
4.871376156806945801e-01
2.356235235929489136e-01
3.660098016262054443e-01
-4.978747367858886719e-01
1.363333821296691895e+00
8.937954306602478027e-01
-1.573517084121704102e+00
-5.815346725285053253e-03
1.023302316665649414e+00
2.077803313732147217e-01
1.885466933250427246e+00
-1.576802134513854980e+00
-2.910316288471221924e-01
2.463959604501724243e-01
8.432821035385131836e-01
6.827905774116516113e-01
-2.967815697193145752e-01
-5.750462412834167480e-01
8.437428623437881470e-02
-5.463798642158508301e-01
2.160883694887161255e-01
4.440045654773712158e-01
-7.638643383979797363e-01
2.342759817838668823e-01
-1.348571062088012695e+00
-5.083848163485527039e-02
-1.363478422164916992e+00
-3.856641426682472229e-02
3.855550587177276611e-01
1.420189142227172852e+00
4.631167948246002197e-01
-9.981669187545776367e-01
1.108503222465515137e+00
-5.404908061027526855e-01
-1.118657708168029785e+00
1.655673384666442871e-01
-6.279085278511047363e-01
3.390516638755798340e-01
-2.135580539703369141e+00
-5.062391161918640137e-01
-5.543878674507141113e-01
1.064152456820011139e-02
-1.229190111160278320e+00
2.005085814744234085e-03
1.000007629394531250e+00
-2.274507135152816772e-01
3.748874366283416748e-02
-1.064197301864624023e+00
4.599245786666870117e-01
-1.923303604125976562e+00
-4.038687348365783691e-01
1.080377459526062012e+00
-3.135526776313781738e-01
-7.375293970108032227e-01
1.980717480182647705e-01
-1.637058854103088379e-01
4.021625220775604248e-01
-1.096132874488830566e+00
1.077663064002990723e+00
5.951717495918273926e-01
1.611481606960296631e-01
-2.723502926528453827e-02
1.143810153007507324e+00
1.504051804542541504e+00
-3.039260953664779663e-02
8.200951814651489258e-01
-8.861616849899291992e-01
-1.111928224563598633e+00
2.403430193662643433e-01
-1.101936459541320801e+00
-8.682733774185180664e-01
5.064423084259033203e-01
-1.628045141696929932e-01
1.555696129798889160e+00
1.594412446022033691e+00
-1.163342356681823730e+00
-6.461039185523986816e-01
-5.626581311225891113e-01
2.375809192657470703e+00
3.171153739094734192e-02
-4.117077887058258057e-01
1.963204026222229004e+00
-1.165710985660552979e-01
4.233758449554443359e-01
-1.445898115634918213e-01
1.788230836391448975e-01
2.472164928913116455e-01
-2.519447505474090576e-01
-8.632658720016479492e-01
-4.781022071838378906e-01
-6.381733417510986328e-01
2.074958324432373047e+00
-4.957517385482788086e-01
-7.005876898765563965e-01
4.132482707500457764e-01
2.660531103610992432e-01
5.296178460121154785e-01
-9.547598958015441895e-01
-1.198641538619995117e+00
-3.724161982536315918e-01
-3.983668088912963867e-01
5.366836115717887878e-02
1.218376636505126953e+00
6.022248417139053345e-02
-3.492202460765838623e-01
-1.343105584383010864e-01
-4.516161978244781494e-01
1.861123085021972656e+00
-3.146079927682876587e-02
-4.103442430496215820e-01
-5.600910782814025879e-01
1.182653665542602539e+00
-1.202115893363952637e+00
-2.080452203750610352e+00
1.183625102043151855e+00
1.455338239669799805e+00
-1.510487437248229980e+00
2.786844372749328613e-01
7.315332889556884766e-01
-9.553677402436733246e-03
-6.660870909690856934e-01
-1.107192188501358032e-01
9.097755551338195801e-01
7.452503442764282227e-01
9.076735973358154297e-01
-9.988537430763244629e-01
3.266132771968841553e-01
-2.869447767734527588e-01
3.008213639259338379e-01
7.629131078720092773e-01
6.995505690574645996e-01
-1.090481996536254883e+00
6.151251792907714844e-01
-5.220460295677185059e-01
-2.042656987905502319e-01
-4.286985993385314941e-01
-2.556952238082885742e-01
1.614740192890167236e-01
5.665745735168457031e-01
3.062810897827148438e-01
1.792920567095279694e-02
-7.903382182121276855e-01
-6.831766366958618164e-01
3.651809692382812500e-02
-7.587993741035461426e-01
1.235370278358459473e+00
-1.983894556760787964e-01
-2.829798758029937744e-01
5.387358069419860840e-01
1.350106894969940186e-01
-5.787650346755981445e-01
-4.194225370883941650e-01
9.169849157333374023e-01
-9.080322980880737305e-01
-2.214756160974502563e-01
-1.111490607261657715e+00
4.747777283191680908e-01
-6.288214921951293945e-01
1.053020715713500977e+00
3.382634222507476807e-01
-8.964048624038696289e-01
-1.627437770366668701e-01
5.233803987503051758e-01
-6.957632303237915039e-01
1.163191795349121094e-01
-5.541635751724243164e-01
-4.766111075878143311e-02
-3.455574512481689453e-01
9.904536008834838867e-01
-6.386693120002746582e-01
-1.298574090003967285e+00
9.093573689460754395e-01
-5.314242243766784668e-01
7.129957675933837891e-01
6.249677017331123352e-02
5.948730111122131348e-01
-3.840761184692382812e-01
-7.366487979888916016e-01
-1.198616862297058105e+00
-3.150610253214836121e-02
6.161209940910339355e-01
5.093759894371032715e-01
1.376484155654907227e+00
1.150867223739624023e+00
4.185253083705902100e-01
1.948797941207885742e+00
-8.218398690223693848e-01
6.622527837753295898e-01
-9.387133717536926270e-01
-2.836390256881713867e+00
1.123993277549743652e+00
6.283367276191711426e-01
-3.011785149574279785e-01
-8.354662060737609863e-01
8.530144393444061279e-02
1.614555954933166504e+00
-9.915335178375244141e-01
-7.604259252548217773e-01
-7.014673352241516113e-01
3.052749112248420715e-02
-7.335314154624938965e-01
-2.420478761196136475e-01
8.317084312438964844e-01
-1.991404294967651367e-01
1.930500984191894531e+00
4.598096385598182678e-02
-6.008870601654052734e-01
-1.393576383590698242e+00
-1.520167231559753418e+00
7.440603971481323242e-01
9.168934226036071777e-01
3.325327932834625244e-01
1.185724511742591858e-01
3.142357468605041504e-01
-2.160563707351684570e+00
-4.103620052337646484e-01
-4.320020377635955811e-01
-6.664020568132400513e-02
-1.070768356323242188e+00
2.227432727813720703e-01
9.034711122512817383e-02
-4.934062957763671875e-01
1.620171785354614258e+00
-1.922212690114974976e-01
1.614040493965148926e+00
-7.993904352188110352e-01
-9.879339486360549927e-02
-1.808978319168090820e+00
3.854548335075378418e-01
-9.065656661987304688e-01
-7.295106053352355957e-01
5.736316442489624023e-01
5.296277999877929688e-01
1.477681636810302734e+00
6.754213571548461914e-02
2.859569787979125977e-01
4.116460382938385010e-01
3.166272640228271484e-01
1.545075923204421997e-01
-3.339450359344482422e-01
-2.457977831363677979e-01
-1.220949649810791016e+00
-6.987063288688659668e-01
2.438381761312484741e-01
-4.991039931774139404e-01
-1.040142893791198730e+00
8.886929154396057129e-01
1.441871643066406250e+00
1.590582728385925293e+00
1.562162399291992188e+00
2.014311552047729492e-01
-1.629476100206375122e-01
-5.021494030952453613e-01
-6.463088989257812500e-01
-2.316229343414306641e+00
1.049453020095825195e+00
-4.739469587802886963e-01
-2.313664704561233521e-01
-1.028294801712036133e+00
3.867558538913726807e-01
6.246000528335571289e-01
-5.805080533027648926e-01
2.530297636985778809e-01
1.231088191270828247e-01
-2.943894267082214355e-01
-3.103635609149932861e-01
-7.804787755012512207e-01
3.618497401475906372e-02
5.834576487541198730e-01
9.367486238479614258e-01
-1.389897465705871582e+00
-4.329486489295959473e-01
-5.617039278149604797e-02
5.796958804130554199e-01
-2.062856592237949371e-02
-8.962787985801696777e-01
-1.133601665496826172e+00
-2.777525782585144043e-01
-2.211502492427825928e-01
-1.737714856863021851e-01
-1.383476406335830688e-01
-4.537948966026306152e-01
6.421042978763580322e-02
6.571980714797973633e-01
-1.341309994459152222e-01
-4.838206246495246887e-02
-2.627327293157577515e-02
5.726051926612854004e-01
6.753468513488769531e-01
-2.852684557437896729e-01
2.448920249938964844e+00
3.640520870685577393e-01
8.372006416320800781e-01
-4.323421120643615723e-01
-4.371870774775743484e-03
7.569324374198913574e-01
9.323410391807556152e-01
-1.232888221740722656e+00
-2.892405688762664795e-01
-5.815169587731361389e-02
1.756428480148315430e-01
1.422616839408874512e+00
2.530812919139862061e-01
1.803616434335708618e-01
-1.564297676086425781e-01
9.280579090118408203e-01
-8.856372833251953125e-01
-1.693444550037384033e-01
-1.800153106451034546e-01
-1.327127575874328613e+00
-5.588192343711853027e-01
3.124308027327060699e-02
6.692956089973449707e-01
-1.719534248113632202e-01
-1.044512987136840820e+00
-1.753103882074356079e-01
1.572571843862533569e-01
3.425438329577445984e-02
4.747577905654907227e-01
6.022874712944030762e-01
1.062168836593627930e+00
-1.579160213470458984e+00
1.803537130355834961e+00
6.032058000564575195e-01
4.382781982421875000e-01
-7.498888373374938965e-01
6.982364058494567871e-01
-1.833371400833129883e+00
3.172965347766876221e-01
-1.021831154823303223e+00
9.051043391227722168e-01
1.221104636788368225e-01
2.055366277694702148e+00
7.131207734346389771e-02
-1.193880677223205566e+00
3.482865169644355774e-02
3.909201622009277344e-01
2.299903869628906250e+00
-4.796846956014633179e-02
-3.181176781654357910e-01
-6.436168551445007324e-01
-1.500363111495971680e+00
7.981002926826477051e-01
9.609301686286926270e-01
-5.826168060302734375e-01
6.940571963787078857e-02
-2.495281696319580078e-01
-3.498861193656921387e-01
-8.508625030517578125e-01
-1.846353411674499512e+00
-1.981248557567596436e-01
1.437315106391906738e+00
-7.344597578048706055e-01
-9.052581787109375000e-01
-9.064942598342895508e-01
7.966558933258056641e-01
2.747654318809509277e-01
3.839094638824462891e-01
1.969735980033874512e+00
-4.320727586746215820e-01
-1.992446482181549072e-01
5.160685181617736816e-01
-3.211373388767242432e-01
7.777341175824403763e-03
-6.505823135375976562e-01
-1.901931762695312500e-01
-3.206733465194702148e-01
-2.315190136432647705e-01
-3.929082751274108887e-01
6.041054055094718933e-02
-1.084885597229003906e-01
-8.963380455970764160e-01
4.956244826316833496e-01
-1.422833681106567383e+00
-2.203875631093978882e-01
1.356284141540527344e+00
-3.991011977195739746e-01
3.782719373703002930e-01
-2.685803472995758057e-01
1.205638274550437927e-01
-6.854667663574218750e+00
2.297475039958953857e-01
-9.066706895828247070e-01
-1.483512163162231445e+00
1.467372536659240723e+00
1.255961775779724121e+00
-1.218324661254882812e+00
-4.025940895080566406e-01
1.178943514823913574e+00
3.183667063713073730e-01
7.390517592430114746e-01
2.103433609008789062e+00
1.793821752071380615e-01
1.297255307435989380e-01
-8.856991529464721680e-01
-2.369592934846878052e-01
9.831632971763610840e-01
1.312293410301208496e+00
2.655720949172973633e+00
-1.453724741935729980e+00
-4.763319969177246094e+00
9.270495772361755371e-01
-7.862476110458374023e-01
1.494881361722946167e-01
-5.582743287086486816e-01
3.693818449974060059e-01
-6.671350598335266113e-01
-1.596606373786926270e+00
1.120932772755622864e-01
-8.075922131538391113e-01
-7.458455562591552734e-01
3.145139217376708984e-01
-7.772307842969894409e-02
3.537557840347290039e+00
-4.865508079528808594e-01
4.760038256645202637e-01
3.539661169052124023e-01
-3.832032382488250732e-01
1.264465689659118652e+00
-5.488683283329010010e-02
1.285333484411239624e-01
-6.576393730938434601e-03
-3.094687163829803467e-01
-1.625676631927490234e+00
5.924500226974487305e-01
-3.906339406967163086e-02
7.268593311309814453e-01
4.171979725360870361e-01
4.811324775218963623e-01
-1.965640634298324585e-01
7.371230423450469971e-02
8.535306453704833984e-01
7.735249996185302734e-01
-1.119286775588989258e+00
-2.756901383399963379e-01
4.704942107200622559e-01
1.077415704727172852e+00
-1.262578129768371582e+00
1.619432717561721802e-01
-1.974862515926361084e-01
-9.994006752967834473e-01
1.787797734141349792e-02
1.178241491317749023e+00
1.168186426162719727e+00
2.406457811594009399e-01
-1.201381802558898926e+00
-1.159027695655822754e+00
2.282757043838500977e+00
2.102401256561279297e+00
1.799487590789794922e+00
1.267143845558166504e+00
4.728563427925109863e-01
4.340085089206695557e-01
-5.071237683296203613e-01
-1.229693889617919922e+00
1.334168076515197754e+00
-4.095953106880187988e-01
-8.839685320854187012e-01
3.588015735149383545e-01
-6.580323725938796997e-02
