9.859697818756103516e-01
3.873301148414611816e-01
-1.012936115264892578e+00
-9.311538934707641602e-01
6.448220610618591309e-01
4.242064058780670166e-01
4.019885361194610596e-01
-1.166059374809265137e-01
-9.950384497642517090e-02
-9.309550523757934570e-01
-7.068759202957153320e-02
-1.465787589550018311e-01
-7.103911638259887695e-01
-8.646201342344284058e-02
-5.648885369300842285e-01
-1.439502239227294922e+00
-5.931440591812133789e-01
3.062977194786071777e-01
-7.789495587348937988e-01
2.057965844869613647e-01
4.645089805126190186e-01
8.754778504371643066e-01
6.301477551460266113e-01
5.153076052665710449e-01
-2.675156295299530029e-01
-7.215872406959533691e-01
2.104671299457550049e-01
9.716095924377441406e-01
5.084425806999206543e-01
1.145349502563476562e+00
-3.218689680099487305e+00
9.040381014347076416e-02
-1.577086091041564941e+00
3.099070191383361816e-01
1.329643875360488892e-01
-2.663266658782958984e-01
1.643215566873550415e-01
5.543916821479797363e-01
-1.408304832875728607e-02
-3.244143128395080566e-01
-9.861796498298645020e-01
-8.157169818878173828e-01
-4.798024594783782959e-01
5.584785342216491699e-01
1.766152232885360718e-01
3.429564237594604492e-01
3.543584048748016357e-01
-8.712671399116516113e-01
8.740068972110748291e-02
2.935595512390136719e-01
9.401175379753112793e-02
4.797058179974555969e-02
-3.812103867530822754e-01
-1.194633841514587402e+00
-4.714699685573577881e-01
-7.122836112976074219e-01
2.933326363563537598e-01
7.164905220270156860e-02
-3.304845690727233887e-01
1.046350717544555664e+00
1.332185029983520508e+00
-2.614740729331970215e-01
5.053824782371520996e-01
-2.965123653411865234e-01
1.816540211439132690e-01
-1.154902815818786621e+00
-1.081061482429504395e+00
2.486353069543838501e-01
-2.438417375087738037e-01
-5.285654962062835693e-02
3.441731631755828857e-01
2.009933143854141235e-01
-3.669463694095611572e-01
-5.750597715377807617e-01
4.318791031837463379e-01
-6.140314340591430664e-01
-1.815105378627777100e-01
-6.676912307739257812e-02
1.628768920898437500e+00
4.723724722862243652e-01
9.189555794000625610e-02
-4.870951175689697266e-01
-1.600509643554687500e+00
-8.703499436378479004e-01
-1.171659708023071289e+00
-3.037476837635040283e-01
-5.778856277465820312e-01
-3.495016098022460938e-01
-6.647617220878601074e-01
3.432489633560180664e-01
-1.206751465797424316e+00
-4.647990167140960693e-01
-1.724738180637359619e-01
6.535608172416687012e-01
-1.077479124069213867e+00
1.810715317726135254e+00
-7.153387069702148438e-01
1.358583569526672363e+00
-1.004538655281066895e+00
1.126664996147155762e+00
-7.400873899459838867e-01
-7.363774776458740234e-01
-1.317663788795471191e-01
5.650121569633483887e-01
-3.623092174530029297e-02
-1.214260220527648926e+00
-8.160912394523620605e-01
7.622938752174377441e-01
9.291888773441314697e-02
5.809962749481201172e-01
-1.560067832469940186e-01
5.146988034248352051e-01
-1.889283180236816406e+00
1.236779391765594482e-01
-2.661179006099700928e-01
1.942374557256698608e-01
-4.833227992057800293e-01
-2.265751361846923828e+00
-1.382367372512817383e+00
1.088469505310058594e+00
5.904425382614135742e-01
-2.297583818435668945e-01
-1.931150794029235840e+00
6.227510571479797363e-01
5.928902626037597656e-01
2.792369723320007324e-01
-1.460148692131042480e-01
-1.297000199556350708e-01
-1.193340778350830078e+00
-6.809450387954711914e-01
8.039807081222534180e-01
-1.372535705566406250e+00
-1.293309126049280167e-02
-1.199697732925415039e+00
5.905317664146423340e-01
-4.860275387763977051e-01
7.561550140380859375e-01
-1.361453294754028320e+00
-7.937335371971130371e-01
-1.168865039944648743e-01
-1.826400607824325562e-01
1.113661527633666992e+00
4.121568799018859863e-02
7.470760941505432129e-01
6.689314246177673340e-01
-4.326351583003997803e-01
-5.469519495964050293e-01
3.572304844856262207e-01
-1.170422434806823730e+00
2.282902598381042480e-01
7.227573990821838379e-01
-9.981799721717834473e-01
3.525914549827575684e-01
1.166652590036392212e-01
4.965603649616241455e-01
-7.796959280967712402e-01
-1.045583724975585938e+00
2.022171497344970703e+00
-1.381876826286315918e+00
3.117288947105407715e-01
5.108416676521301270e-01
2.343275099992752075e-01
-6.209788322448730469e-01
-1.035665035247802734e+00
-1.001245617866516113e+00
-4.945162236690521240e-01
-3.782383203506469727e-01
-3.140721619129180908e-01
2.835547924041748047e-01
2.418477237224578857e-01
-7.624478340148925781e-01
-3.850026130676269531e-01
-1.076800584793090820e+00
5.138016939163208008e-01
6.181675791740417480e-01
-5.678893253207206726e-02
-2.786654606461524963e-02
-1.101643085479736328e+00
-8.420282006263732910e-01
9.013682007789611816e-01
8.363879472017288208e-02
-2.517663836479187012e-01
-1.488551348447799683e-01
1.131790995597839355e+00
-1.112510800361633301e+00
-8.542600870132446289e-01
3.355392217636108398e-01
-6.207704171538352966e-02
-1.244832426309585571e-01
-4.917785227298736572e-01
-2.838256955146789551e-01
4.599151015281677246e-01
7.670037914067506790e-03
-4.709949791431427002e-01
-4.813725054264068604e-01
-7.769697159528732300e-02
1.203765571117401123e-01
8.429533243179321289e-02
-7.614490389823913574e-02
-1.531522721052169800e-01
-1.742294430732727051e-01
8.522600531578063965e-01
9.163742065429687500e-01
-4.852189719676971436e-01
1.774286031723022461e-01
-3.641876876354217529e-01
4.935856461524963379e-01
1.216266974806785583e-01
-4.021347463130950928e-01
1.018553137779235840e+00
5.432642698287963867e-01
1.048575758934020996e+00
6.414203047752380371e-01
-3.337426483631134033e-01
-9.142279624938964844e-03
7.931161522865295410e-01
5.024825334548950195e-01
-9.105198383331298828e-01
-8.504073023796081543e-01
-5.839622020721435547e-01
-3.677707910537719727e-01
5.914344191551208496e-01
2.133046388626098633e-01
6.259213685989379883e-01
3.700251132249832153e-02
-1.092036366462707520e-01
5.503467321395874023e-01
7.607033848762512207e-01
-1.568392217159271240e-01
-7.677320837974548340e-01
-6.345779895782470703e-01
-8.266228437423706055e-01
-1.163240551948547363e+00
-3.989666700363159180e-03
6.919050961732864380e-02
7.010722756385803223e-01
9.283698201179504395e-01
-4.951922968029975891e-02
1.008679628372192383e+00
6.711506247520446777e-01
2.038487046957015991e-01
-1.442934274673461914e+00
-2.249508053064346313e-01
8.778868913650512695e-01
-1.461437225341796875e+00
-6.095780134201049805e-01
-4.688334465026855469e-02
5.644583106040954590e-01
2.067627191543579102e+00
9.504742026329040527e-01
-4.606374204158782959e-01
-7.027856111526489258e-01
-1.868758164346218109e-02
1.666421145200729370e-01
1.434931159019470215e+00
3.107098937034606934e-01
1.366328261792659760e-02
1.341318339109420776e-01
-6.986460685729980469e-01
-2.931877672672271729e-01
-8.115876466035842896e-02
-8.432709574699401855e-01
-9.994059205055236816e-01
1.276064217090606689e-01
-1.793884038925170898e-01
2.033251762390136719e+00
3.255721554160118103e-02
5.849716663360595703e-01
4.182717800140380859e+00
-5.936278104782104492e-01
1.526880025863647461e+00
7.332128882408142090e-01
2.959129400551319122e-02
5.453261733055114746e-01
-1.176772236824035645e+00
1.251485586166381836e+00
1.281034827232360840e+00
-8.657722473144531250e-01
-9.246864169836044312e-02
-4.835569262504577637e-01
-4.745766147971153259e-02
-8.970842957496643066e-01
8.101883530616760254e-01
1.453440189361572266e+00
6.655002832412719727e-01
-3.867633640766143799e-01
4.095048904418945312e-01
-5.262072086334228516e-01
-1.104003489017486572e-01
-2.551792562007904053e-02
-2.819975614547729492e-01
3.535526618361473083e-02
1.503269314765930176e+00
2.945868015289306641e+00
8.617338538169860840e-01
3.119708597660064697e-01
-7.082540392875671387e-01
1.059687018394470215e+00
6.423714160919189453e-01
-2.707432508468627930e+00
4.322077333927154541e-01
-1.012554168701171875e+00
1.445194244384765625e+00
5.126720666885375977e-02
6.673006713390350342e-02
3.874153494834899902e-01
-8.763860166072845459e-02
-3.498508930206298828e-01
9.852404594421386719e-01
6.455667614936828613e-01
5.679093003273010254e-01
5.570752024650573730e-01
1.324420720338821411e-01
-3.814162909984588623e-01
1.124167516827583313e-01
-7.494925260543823242e-01
-4.927650690078735352e-01
-4.230046644806861877e-02
4.722101688385009766e-01
7.906446456909179688e-01
-1.919391036033630371e+00
-6.718358397483825684e-01
7.990778684616088867e-01
-6.221334338188171387e-01
1.083660244941711426e+00
-7.661034166812896729e-02
-5.823109149932861328e-01
-1.077776432037353516e+00
-6.368113160133361816e-01
1.559805870056152344e+00
-1.479811310768127441e+00
-5.382824540138244629e-01
3.875165581703186035e-01
1.099450945854187012e+00
-1.336238235235214233e-01
-7.801874279975891113e-01
-5.629783272743225098e-01
-6.003883481025695801e-01
3.347928524017333984e-01
-5.849650502204895020e-01
9.761480093002319336e-01
3.090038895606994629e-01
7.715142369270324707e-01
-8.220109939575195312e-01
-7.180402874946594238e-01
-2.033134177327156067e-02
-1.600937128067016602e+00
-1.177982687950134277e+00
1.106056720018386841e-01
-7.868196964263916016e-01
-6.404551863670349121e-01
-9.305939674377441406e-01
4.481342136859893799e-01
-1.007067710161209106e-01
-5.166833996772766113e-01
-2.298173606395721436e-01
5.990619659423828125e-01
-1.754904747009277344e+00
-1.082199215888977051e+00
4.421243667602539062e-01
5.776045918464660645e-01
-5.576438903808593750e-01
2.356447875499725342e-01
1.503263473510742188e+00
8.874130249023437500e-01
-6.401081681251525879e-01
-2.149527817964553833e-01
-2.980875372886657715e-01
1.322761029005050659e-01
-6.510429829359054565e-02
1.506986975669860840e+00
5.073535442352294922e-01
5.638949275016784668e-01
-8.422160744667053223e-01
-3.980784490704536438e-02
-5.720296502113342285e-01
9.177658557891845703e-01
-5.746069177985191345e-02
-8.582059741020202637e-01
1.338974386453628540e-01
-6.420692801475524902e-02
8.448264002799987793e-01
7.958277463912963867e-01
-2.122208029031753540e-01
-7.926936745643615723e-01
1.096531078219413757e-01
8.699706792831420898e-01
-1.125177264213562012e+00
3.758333027362823486e-01
6.766408085823059082e-01
-1.449994325637817383e+00
-5.066611170768737793e-01
1.362321376800537109e+00
-8.981083333492279053e-02
5.282943248748779297e-01
1.467046141624450684e-01
-7.690504193305969238e-01
8.426963090896606445e-01
2.353350669145584106e-01
-1.780168712139129639e-01
1.262615084648132324e+00
-5.514743924140930176e-01
-2.842925190925598145e-01
-7.547777891159057617e-01
-5.961099267005920410e-01
7.262452840805053711e-01
4.388105273246765137e-01
-4.124687314033508301e-01
-7.046918272972106934e-01
-9.676998257637023926e-01
-5.525836348533630371e-01
1.332235187292098999e-01
-9.794174432754516602e-01
3.090210855007171631e-01
3.365431427955627441e-01
7.602233886718750000e-01
8.524603843688964844e-01
7.100693881511688232e-02
-2.020392939448356628e-02
1.510969847440719604e-01
-3.739011585712432861e-01
-6.005976200103759766e-01
5.783103108406066895e-01
2.142423242330551147e-01
-1.078261733055114746e-01
-8.760309964418411255e-02
1.937338262796401978e-01
2.204269617795944214e-01
-5.054549574851989746e-01
-3.292748630046844482e-01
-2.680088281631469727e-01
5.647484064102172852e-01
-5.858873128890991211e-01
-1.659150600433349609e+00
3.287773132324218750e-01
1.228213787078857422e+00
-1.788682192564010620e-01
-5.902832746505737305e-02
2.111373841762542725e-01
-6.052362918853759766e-01
9.177567809820175171e-02
1.384760290384292603e-01
2.422030419111251831e-01
-3.286561667919158936e-01
3.725717961788177490e-01
1.890908032655715942e-01
6.135036051273345947e-02
-1.088091582059860229e-01
2.220853231847286224e-02
1.299369931221008301e-01
-1.321449160575866699e+00
-8.433842062950134277e-01
-4.122776389122009277e-01
-3.777457177639007568e-01
1.223028823733329773e-02
2.320843338966369629e-01
-1.098245978355407715e+00
5.427322387695312500e-01
-3.133041858673095703e-01
1.121587514877319336e+00
-2.216433584690093994e-01
-9.858940243721008301e-01
9.246273040771484375e-01
5.175678730010986328e-01
4.837052524089813232e-01
-7.468361258506774902e-01
4.684275761246681213e-02
1.116904735565185547e+00
-2.913158833980560303e-01
-2.601941525936126709e-01
-1.041259288787841797e+00
5.415388941764831543e-01
-3.853006660938262939e-01
1.319885373115539551e+00
2.222239226102828979e-01
2.893920540809631348e-01
-3.835260272026062012e-01
9.221950918436050415e-02
-8.944944739341735840e-01
1.103368043899536133e+00
9.973875880241394043e-01
1.604013562202453613e+00
-3.331610858440399170e-01
-3.764431178569793701e-01
-2.626693248748779297e-01
1.000613093376159668e+00
2.451643347740173340e-01
-1.074675440788269043e+00
5.000640153884887695e-01
9.428661465644836426e-01
-6.913219690322875977e-01
1.440974712371826172e+00
1.196033477783203125e+00
1.361229419708251953e+00
-1.592161357402801514e-01
-4.757492244243621826e-01
-5.635859370231628418e-01
-2.307849168777465820e+00
8.609271049499511719e-01
-1.939308047294616699e-01
1.376563869416713715e-02
-1.594720721244812012e+00
3.573526442050933838e-01
8.968240022659301758e-01
-9.389345645904541016e-01
-1.334953308105468750e+00
3.991392850875854492e-01
-3.168284595012664795e-01
3.963559567928314209e-01
3.002663254737854004e-01
-1.000508427619934082e+00
-8.392099738121032715e-01
1.104749441146850586e+00
8.958353400230407715e-01
1.727158874273300171e-01
-1.394870400428771973e+00
1.988766044378280640e-01
-4.707038030028343201e-02
-5.409852415323257446e-02
3.383167088031768799e-01
1.154283434152603149e-01
2.332847267389297485e-01
-9.423022270202636719e-01
-3.570447564125061035e-01
1.117037773132324219e+00
7.022774219512939453e-01
-1.098948597908020020e+00
1.267064958810806274e-01
4.467440024018287659e-02
6.003563404083251953e-01
1.307160556316375732e-01
-7.869063019752502441e-01
6.329013705253601074e-01
-6.840144395828247070e-01
4.849554388783872128e-04
1.095908209681510925e-01
1.535459518432617188e+00
-5.297646522521972656e-01
-6.106028556823730469e-01
-8.579480051994323730e-01
-6.710656285285949707e-01
3.534544110298156738e-01
-3.230590000748634338e-02
8.666568994522094727e-02
-5.307442545890808105e-01
9.137936830520629883e-01
1.083903193473815918e+00
-3.296703845262527466e-02
-6.730111241340637207e-01
-4.335520863533020020e-01
2.697043418884277344e-01
3.392521142959594727e-01
-3.022798895835876465e-01
-4.270054101943969727e-01
-8.872412890195846558e-02
1.510805964469909668e+00
-3.272471427917480469e-01
1.474891781806945801e+00
1.281648993492126465e+00
3.096574842929840088e-01
-2.950034141540527344e-01
-2.713558971881866455e-01
-9.942381978034973145e-01
-7.769124507904052734e-01
9.439632296562194824e-01
5.755048394203186035e-01
-1.095872521400451660e+00
2.942066788673400879e-01
5.219879746437072754e-01
8.196450769901275635e-02
6.131078600883483887e-01
8.374562263488769531e-01
6.462423205375671387e-01
-8.077559992671012878e-03
-3.353118002414703369e-01
-6.648637652397155762e-01
8.559327721595764160e-01
-1.227212101221084595e-01
4.358875155448913574e-01
-8.543854951858520508e-01
-3.561716973781585693e-01
1.032221317291259766e+00
8.310173749923706055e-01
-1.381846070289611816e-01
9.614683389663696289e-01
5.399060845375061035e-01
-1.054329037666320801e+00
1.101034041494131088e-02
3.263656795024871826e-01
-1.720116436481475830e-01
-3.427362143993377686e-01
2.626152932643890381e-01
1.041983008384704590e+00
-4.116791188716888428e-01
-3.952364921569824219e-01
2.605693042278289795e-01
-4.480178058147430420e-01
-2.185216099023818970e-01
1.126926541328430176e+00
1.058577537536621094e+00
6.036611646413803101e-02
2.728969156742095947e-01
-2.222579419612884521e-01
7.180970907211303711e-01
1.537827968597412109e+00
-3.029301166534423828e-01
-9.762341380119323730e-01
-2.023539245128631592e-01
5.679397583007812500e-01
4.939811229705810547e-01
-9.359827637672424316e-01
4.890699386596679688e-01
5.152362585067749023e-01
-1.095682740211486816e+00
-1.023865342140197754e+00
-4.699200391769409180e-01
-5.866767764091491699e-01
-6.407788395881652832e-01
-4.847972989082336426e-01
5.303237438201904297e-01
-6.075088977813720703e-01
-2.969709336757659912e-01
-5.286467075347900391e-01
4.929715096950531006e-01
2.668332308530807495e-03
-4.160591959953308105e-01
2.352043688297271729e-01
1.318054556846618652e+00
-3.821592926979064941e-01
-5.884411931037902832e-01
4.423722624778747559e-01
8.206269145011901855e-02
9.540702700614929199e-01
2.744350396096706390e-02
-3.638606965541839600e-01
-4.034041985869407654e-02
-2.165726721286773682e-01
-8.155854344367980957e-01
-1.029473319649696350e-01
-3.617741465568542480e-01
7.432402372360229492e-01
7.854919135570526123e-02
3.014428019523620605e-01
8.622964620590209961e-01
-7.612603902816772461e-02
-1.398932933807373047e+00
-8.051630258560180664e-01
5.824486017227172852e-01
2.562397718429565430e-01
-1.208811163902282715e+00
1.056751251220703125e+00
2.245301157236099243e-01
-6.943144202232360840e-01
3.825887143611907959e-01
-3.393739461898803711e-01
9.059315919876098633e-01
7.294070124626159668e-01
1.234459757804870605e+00
-3.674458339810371399e-02
-4.013485908508300781e-01
-3.089198768138885498e-01
-7.592863440513610840e-01
-9.532771706581115723e-01
4.511557221412658691e-01
-1.127715587615966797e+00
2.716355025768280029e-01
6.747456192970275879e-01
2.154168114066123962e-02
3.492303490638732910e-01
1.261085122823715210e-01
-2.255155742168426514e-01
-2.353636175394058228e-01
1.400625705718994141e+00
8.135852813720703125e-01
-2.837559878826141357e-01
-3.116922676563262939e-01
-7.213890552520751953e-02
-2.411416172981262207e-01
5.839786529541015625e-01
-3.242321610450744629e-01
4.563748240470886230e-01
-1.582234025001525879e+00
-6.283657550811767578e-01
-8.575758337974548340e-01
-2.736170291900634766e-01
-2.349723130464553833e-01
5.518612265586853027e-01
7.432017922401428223e-01
-5.556521415710449219e+00
1.132165908813476562e+00
-1.769604921340942383e+00
-6.196965575218200684e-01
-1.624178737401962280e-01
-1.192448362708091736e-01
-1.247389078140258789e+00
-4.051705598831176758e-01
-1.034506440162658691e+00
-1.120848208665847778e-01
9.409118294715881348e-01
1.598292142152786255e-01
5.355443358421325684e-01
-8.831067085266113281e-01
8.827221989631652832e-01
6.407764554023742676e-01
8.359494060277938843e-02
9.523145556449890137e-01
2.049247264862060547e+00
-3.506354689598083496e-01
-2.938545703887939453e+00
1.350433349609375000e+00
-5.744374394416809082e-01
-3.882202804088592529e-01
-6.386001110076904297e-01
-3.938651084899902344e-01
5.544881820678710938e-01
2.424050718545913696e-01
5.293906852602958679e-02
-1.300210356712341309e+00
9.963478147983551025e-02
-6.514939665794372559e-01
1.015612721443176270e+00
3.496662080287933350e-01
-2.324746735394001007e-02
7.761836647987365723e-01
2.704688906669616699e-01
-1.548551678657531738e+00
-1.138462305068969727e+00
4.923190772533416748e-01
1.256716132164001465e+00
-3.565413653850555420e-01
-2.209856659173965454e-01
-9.390231966972351074e-01
4.058631956577301025e-01
-4.025984704494476318e-01
1.457316279411315918e+00
-6.302527785301208496e-01
-2.452416121959686279e-01
-1.057709932327270508e+00
1.054825067520141602e+00
2.370463848114013672e+00
-3.772507905960083008e-01
-1.250124871730804443e-01
1.272851526737213135e-01
1.795747756958007812e+00
6.824635267257690430e-01
-1.483190178871154785e+00
-2.695556581020355225e-01
3.846208751201629639e-01
-7.421775460243225098e-01
-4.919980466365814209e-01
5.260325670242309570e-01
8.864496350288391113e-01
-2.300055176019668579e-01
2.817822098731994629e-01
-1.502810597419738770e+00
7.927918434143066406e-01
-2.289026498794555664e+00
-1.334677487611770630e-01
-2.041589260101318359e+00
-5.810008049011230469e-01
3.818360269069671631e-01
-2.424675077199935913e-01
1.261013507843017578e+00
1.190967440605163574e+00
3.859731853008270264e-01
-1.251410007476806641e+00
-7.678399682044982910e-01
-7.341147214174270630e-02
