-9.228681921958923340e-01
7.155569195747375488e-01
-6.317412853240966797e-01
-3.960669040679931641e-01
-6.231141090393066406e-02
-2.186666280031204224e-01
-1.536064147949218750e+00
-1.268503308296203613e+00
-2.184303998947143555e+00
1.132783412933349609e+00
8.295125365257263184e-01
-2.264634847640991211e+00
7.758570313453674316e-01
-3.972397744655609131e-02
-1.211161017417907715e+00
-1.183254003524780273e+00
3.769489750266075134e-02
-8.855019807815551758e-01
-1.680229306221008301e+00
5.928049683570861816e-01
2.042458057403564453e+00
1.598413139581680298e-01
3.151450455188751221e-01
4.508887529373168945e-01
1.213787317276000977e+00
-2.631464600563049316e-01
-1.481924802064895630e-01
-1.020319819450378418e+00
7.313352227210998535e-01
4.375441670417785645e-01
-1.033782005310058594e+00
-8.016162514686584473e-01
1.673524826765060425e-01
6.210273876786231995e-02
3.555176854133605957e-01
2.296352386474609375e-02
-8.764291405677795410e-01
-3.303668737411499023e+00
-7.258883863687515259e-02
7.519418597221374512e-01
7.981638908386230469e-01
-3.805830180644989014e-01
9.761605262756347656e-01
1.272463798522949219e+00
-5.127655267715454102e-01
1.345907300710678101e-01
-8.200860023498535156e-01
-1.032959342002868652e+00
4.739616215229034424e-01
1.760836243629455566e+00
-1.366414070129394531e+00
1.137424588203430176e+00
4.342061877250671387e-01
1.421728849411010742e+00
7.266656756401062012e-01
-2.118029594421386719e-01
-8.848765492439270020e-01
4.317849278450012207e-01
1.660975933074951172e+00
7.578017115592956543e-01
-1.159631386399269104e-01
2.086415052413940430e+00
-5.235753487795591354e-03
-2.078371345996856689e-01
4.051872789859771729e-01
4.202113151550292969e-01
1.247934699058532715e-01
1.113634347915649414e+00
9.898452758789062500e-01
-5.427791476249694824e-01
6.881349682807922363e-01
-8.729750663042068481e-02
-3.688962459564208984e-01
-9.456217288970947266e-02
2.031861782073974609e+00
2.015379667282104492e+00
6.660979986190795898e-01
-9.304307401180267334e-02
6.332127451896667480e-01
5.638890266418457031e-01
1.174540400505065918e+00
1.453871846199035645e+00
-1.149991393089294434e+00
4.952943325042724609e-02
-8.748552799224853516e-01
-1.138588070869445801e+00
-4.930303692817687988e-01
2.642068266868591309e-01
5.251897573471069336e-01
1.471378922462463379e+00
7.922717332839965820e-01
-1.149343371391296387e+00
-1.246919393539428711e+00
7.638051509857177734e-01
-5.120607018470764160e-01
-9.832402691245079041e-03
1.283495545387268066e+00
5.459282398223876953e-01
1.858618497848510742e+00
2.414211273193359375e+00
-7.004262208938598633e-01
-1.083419084548950195e+00
7.580821514129638672e-01
-8.265503644943237305e-01
6.835048794746398926e-01
9.476071000099182129e-01
-1.288726687431335449e+00
2.451272755861282349e-01
1.372520685195922852e+00
-9.607484340667724609e-01
-4.796742200851440430e-01
-3.334988355636596680e-01
1.343004852533340454e-01
-5.278017520904541016e-01
-1.642701387405395508e+00
-6.914710402488708496e-01
-9.843146204948425293e-01
-5.405705571174621582e-01
-1.114569067955017090e+00
1.033814191818237305e+00
2.372328519821166992e+00
2.051795959472656250e+00
-3.840513467788696289e+00
2.748245596885681152e-01
6.121781468391418457e-01
1.888648748397827148e+00
5.148871615529060364e-02
3.784873783588409424e-01
-5.809096693992614746e-01
5.609171986579895020e-01
6.924929618835449219e-01
-8.336617946624755859e-01
1.018684878945350647e-01
1.355107277631759644e-01
-3.292469501495361328e+00
4.845336377620697021e-01
6.813505887985229492e-01
3.103926032781600952e-02
6.625236868858337402e-01
2.086683988571166992e+00
2.008431851863861084e-01
-1.779538542032241821e-01
1.308340668678283691e+00
-5.440602302551269531e-01
-2.929207980632781982e-01
1.544169902801513672e+00
-1.202485084533691406e+00
-7.963832467794418335e-02
-8.678314276039600372e-03
-1.207306027412414551e+00
-6.074230670928955078e-01
1.267741322517395020e+00
2.231540530920028687e-01
-7.301607131958007812e-01
1.599131673574447632e-01
-7.677948474884033203e-01
-2.804841995239257812e-01
7.196574658155441284e-02
-1.672009348869323730e+00
-2.506648302078247070e-01
-8.063909411430358887e-01
2.142633050680160522e-01
-7.927607893943786621e-01
-2.460220336914062500e+00
5.640172958374023438e-01
3.040958046913146973e-01
-2.116023540496826172e+00
2.942770719528198242e-01
-8.797075152397155762e-01
-5.800735950469970703e-01
-4.750790596008300781e-01
-2.099278122186660767e-01
-2.350026369094848633e+00
-6.942052245140075684e-01
-6.707128882408142090e-01
4.262795448303222656e-01
2.268044501543045044e-01
-9.469800591468811035e-01
-5.936110019683837891e-01
4.981498420238494873e-01
-7.858472317457199097e-02
1.174269244074821472e-01
-7.641012072563171387e-01
-8.745332360267639160e-01
1.689727902412414551e+00
-1.490563511848449707e+00
1.027050495147705078e+00
4.430354237556457520e-01
7.029555439949035645e-01
5.609454512596130371e-01
8.947536945343017578e-01
6.024732589721679688e-01
1.087054014205932617e-01
-9.540939927101135254e-01
-9.944860339164733887e-01
-6.723864674568176270e-01
-1.149047017097473145e+00
1.479322910308837891e-01
-2.640822827816009521e-01
-2.287676036357879639e-01
8.675336837768554688e-01
1.157384157180786133e+00
2.177513360977172852e+00
-5.854378938674926758e-01
1.321800947189331055e+00
-2.216719388961791992e+00
-8.879414200782775879e-01
1.238744139671325684e+00
1.843702197074890137e+00
-8.834283947944641113e-01
-3.275962471961975098e-01
5.439590811729431152e-01
1.140150904655456543e+00
-7.256029248237609863e-01
7.929367423057556152e-01
-1.716543585062026978e-01
-7.666538715362548828e+00
-8.913027644157409668e-01
-7.577662467956542969e-01
6.017453670501708984e-01
-6.339855790138244629e-01
1.035861015319824219e+00
2.111458063125610352e+00
-8.014274835586547852e-01
1.021737813949584961e+00
5.357365012168884277e-01
6.611306667327880859e-01
-2.699931859970092773e-01
8.375122398138046265e-02
4.570600986480712891e-01
-6.708701848983764648e-01
-1.419056177139282227e+00
2.741568088531494141e-01
1.047925710678100586e+00
-3.123451471328735352e-01
-1.082598567008972168e+00
8.578162193298339844e-01
1.611486822366714478e-01
9.418317675590515137e-01
-2.783662557601928711e+00
-5.760698914527893066e-01
1.254578381776809692e-01
3.257274925708770752e-01
-7.867125868797302246e-01
-1.225952625274658203e+00
2.166699618101119995e-01
3.855901956558227539e-01
4.177634418010711670e-01
2.193866968154907227e+00
-5.093137025833129883e-01
5.559293925762176514e-02
-1.062414526939392090e+00
-2.514192581176757812e+00
-2.062069892883300781e+00
-5.792578216642141342e-03
9.424327872693538666e-03
-9.478580206632614136e-02
-1.389975309371948242e+00
-2.083226591348648071e-01
1.102995991706848145e+00
1.156483665108680725e-01
1.142912268638610840e+00
-9.102634787559509277e-01
1.232524961233139038e-01
-2.554953657090663910e-02
8.736519813537597656e-01
2.768488526344299316e-01
5.064188688993453979e-02
2.131772279739379883e+00
5.622360110282897949e-01
1.144167304039001465e+00
1.615658402442932129e-01
6.998501420021057129e-01
1.204319298267364502e-01
-9.623022079467773438e-01
-9.710467457771301270e-01
1.246377229690551758e+00
-7.579846382141113281e-01
-8.125475049018859863e-01
-2.083351612091064453e-01
5.391604304313659668e-01
1.375574469566345215e+00
-1.686565726995468140e-01
5.082673430442810059e-01
5.592418462038040161e-02
9.344763308763504028e-02
-4.963424801826477051e-01
-1.509404778480529785e+00
5.518398284912109375e-01
-6.728012561798095703e-01
-4.176098108291625977e-01
-2.219240516424179077e-01
7.677581906318664551e-02
-1.219068646430969238e+00
7.722381949424743652e-01
-2.813221886754035950e-02
-1.312642574310302734e+00
-1.874544262886047363e+00
-5.069786310195922852e-01
8.894696086645126343e-02
1.396749019622802734e-01
-1.414176344871520996e+00
6.835842132568359375e-01
-9.280432462692260742e-01
6.173303723335266113e-02
1.281008571386337280e-01
7.872706651687622070e-01
-8.300627470016479492e-01
2.506809949874877930e+00
6.131346821784973145e-01
-1.245187163352966309e+00
2.652008831501007080e-01
4.825313985347747803e-01
-5.556423664093017578e-01
-7.497922778129577637e-01
1.564741134643554688e-01
7.367959618568420410e-01
7.766184955835342407e-02
4.717586934566497803e-01
1.866710036993026733e-01
-5.050379037857055664e-01
2.253342866897583008e-01
1.532798886299133301e+00
-8.972364664077758789e-01
-8.309257030487060547e-02
1.134356498718261719e+00
3.660154044628143311e-01
-1.091362953186035156e+00
-8.086151480674743652e-01
1.912452101707458496e+00
-9.553630948066711426e-01
-6.926791667938232422e-01
1.146836519241333008e+00
-8.936561942100524902e-01
6.386604309082031250e-01
-8.612055182456970215e-01
-1.338146090507507324e+00
-3.019150197505950928e-01
4.816960990428924561e-01
-1.263442754745483398e+00
1.188275516033172607e-01
-7.096950411796569824e-01
-2.740810858085751534e-03
1.047907352447509766e+00
8.369336128234863281e-01
-5.070315003395080566e-01
-1.303790569305419922e+00
4.491209983825683594e-01
-5.738075375556945801e-01
-5.195496082305908203e-01
-2.278664708137512207e-01
-7.171812653541564941e-01
-1.049693766981363297e-02
-1.056362628936767578e+00
-3.310215473175048828e-01
-1.438531279563903809e+00
-1.023063063621520996e+00
-2.272683620452880859e+00
-1.134436249732971191e+00
1.400782227516174316e+00
-3.763549923896789551e-01
1.252878546714782715e+00
1.452493667602539062e-01
-1.014107942581176758e+00
-6.130190491676330566e-01
-4.339606463909149170e-01
1.643804311752319336e+00
1.687617897987365723e-01
-1.479200482368469238e+00
2.711835317313671112e-02
1.286499977111816406e+00
-4.267792999744415283e-01
-1.291892886161804199e+00
1.128121972084045410e+00
-1.026906132698059082e+00
-1.175750121474266052e-01
1.292624592781066895e+00
1.017306372523307800e-01
-6.426106691360473633e-01
-4.475446417927742004e-02
6.423276662826538086e-01
2.809880375862121582e-01
3.345125317573547363e-01
-6.741557121276855469e-01
-2.552352845668792725e-01
9.226998686790466309e-02
-3.660065829753875732e-01
-1.304939389228820801e+00
9.415566325187683105e-01
7.862780988216400146e-02
1.288822650909423828e+00
1.026181936264038086e+00
4.902954399585723877e-01
-8.015103340148925781e-01
-3.452367186546325684e-01
-6.680395603179931641e-01
-2.580406069755554199e-01
-4.853071570396423340e-01
-8.608320951461791992e-01
-1.052792593836784363e-01
5.442947149276733398e-01
8.934068679809570312e-01
-3.459068834781646729e-01
2.268973886966705322e-01
-6.793063879013061523e-01
3.852196931838989258e-01
-5.670023560523986816e-01
7.217789888381958008e-01
-5.789083242416381836e-01
-2.917902357876300812e-02
6.058296561241149902e-01
3.349667191505432129e-01
1.370946049690246582e+00
-1.729946136474609375e-01
9.887889027595520020e-02
1.231307744979858398e+00
1.137582063674926758e+00
1.187856674194335938e+00
9.014478325843811035e-01
9.837881922721862793e-01
-2.208806037902832031e+00
-1.404202818870544434e+00
1.655502766370773315e-01
1.354059875011444092e-01
-8.057335019111633301e-01
8.221046328544616699e-01
-1.473624408245086670e-01
1.054761484265327454e-01
-1.309823870658874512e+00
-1.354239135980606079e-01
-8.810999989509582520e-01
1.204316020011901855e+00
5.674873478710651398e-03
4.794832468032836914e-01
-2.243321537971496582e-01
1.133522033691406250e+00
1.018051147460937500e+00
1.384089946746826172e+00
3.197930455207824707e-01
8.263320922851562500e-01
-2.331296801567077637e-01
-4.291564524173736572e-01
1.414020508527755737e-01
1.939787417650222778e-01
1.335182666778564453e+00
-1.517136096954345703e-01
-3.946723937988281250e-01
-1.479791641235351562e+00
-2.701299190521240234e-01
-1.199684381484985352e+00
-8.253416419029235840e-01
2.692103683948516846e-01
-1.228556275367736816e+00
5.279431343078613281e-01
2.150832861661911011e-01
-4.030770361423492432e-01
9.578496217727661133e-01
-2.567450702190399170e-01
-4.401232004165649414e-01
-1.009892702102661133e+00
-3.722940012812614441e-02
5.049385428428649902e-01
-2.381479591131210327e-01
-3.959536552429199219e-01
-1.537243247032165527e+00
-1.303948283195495605e+00
3.333420157432556152e-01
4.563356637954711914e-01
-1.434114575386047363e+00
-8.893136978149414062e-01
-5.673630833625793457e-01
7.277908325195312500e-01
-4.963524043560028076e-01
-1.375912874937057495e-01
2.995028793811798096e-01
-9.051026105880737305e-01
5.636543631553649902e-01
2.765757143497467041e-01
-4.102548658847808838e-01
1.606309413909912109e-01
-1.093429565429687500e+00
7.169575989246368408e-02
-6.176301836967468262e-01
-1.486617773771286011e-01
-2.167185395956039429e-01
1.822463721036911011e-01
3.059379383921623230e-02
2.118665128946304321e-01
-6.796560883522033691e-01
1.189943790435791016e+00
-1.657707810401916504e+00
2.540044188499450684e-01
4.091630280017852783e-01
8.480398058891296387e-01
6.728772073984146118e-02
8.446671962738037109e-01
-1.667888641357421875e+00
-3.327304840087890625e+00
-4.133249819278717041e-01
8.276201039552688599e-02
-4.473241269588470459e-01
-2.969768643379211426e-01
-1.061546802520751953e+00
3.887966275215148926e-02
-9.530251622200012207e-01
-3.527722880244255066e-02
1.900997944176197052e-02
1.017023444175720215e+00
5.816133022308349609e-01
4.101566672325134277e-01
-1.248467922210693359e+00
1.010389328002929688e+00
3.062013983726501465e-01
1.620278835296630859e+00
1.450467016547918320e-02
1.572966933250427246e+00
-4.920181632041931152e-01
-8.150848746299743652e-02
1.233916759490966797e+00
-1.519552826881408691e+00
2.329504676163196564e-02
5.996255278587341309e-01
-2.206375122070312500e+00
-1.333734989166259766e+00
6.266499757766723633e-01
-4.318408370018005371e-01
7.740461081266403198e-02
3.844384476542472839e-02
-5.236795544624328613e-01
-7.485105395317077637e-01
2.768040895462036133e-01
-1.770919799804687500e+00
1.309983968734741211e+00
-1.583725690841674805e+00
6.183808445930480957e-01
-5.213161706924438477e-01
-1.560599207878112793e+00
-3.304841816425323486e-01
-4.487540125846862793e-01
8.700670003890991211e-01
1.647600173950195312e+00
2.119388818740844727e+00
-1.637504100799560547e+00
-1.139071226119995117e+00
6.363842487335205078e-01
2.081119641661643982e-02
7.535200715065002441e-01
1.294972538948059082e+00
3.308160901069641113e-01
2.298201769590377808e-01
-6.543402075767517090e-01
1.025621771812438965e+00
3.120338618755340576e-01
-8.317854404449462891e-01
-2.422046959400177002e-01
9.491139650344848633e-01
-4.194249212741851807e-01
-5.608045458793640137e-01
-1.294980883598327637e+00
-5.372021347284317017e-02
-1.685460567474365234e+00
1.969289541244506836e+00
-6.227524578571319580e-02
-6.769005060195922852e-01
1.186279535293579102e+00
7.178793549537658691e-01
-1.196759045124053955e-01
4.972546100616455078e-01
3.631799936294555664e+00
-4.490570425987243652e-01
9.833696484565734863e-01
-9.637471437454223633e-01
3.694910407066345215e-01
-9.003625512123107910e-01
-8.319438695907592773e-01
8.307884335517883301e-01
-1.244413852691650391e+00
1.428084969520568848e+00
-1.101008653640747070e-01
1.051416397094726562e-01
5.315609574317932129e-01
6.764330863952636719e-01
-7.282449603080749512e-01
2.593905627727508545e-01
-1.846116304397583008e+00
-4.315091967582702637e-01
-8.324317336082458496e-01
-6.798103451728820801e-01
-3.651008009910583496e-01
-7.792564034461975098e-01
-2.833577990531921387e-01
1.518762469291687012e+00
-1.040014743804931641e+00
1.137940526008605957e+00
1.192741632461547852e+00
7.066984176635742188e-01
8.422578871250152588e-02
-1.177284047007560730e-01
-1.012345030903816223e-01
1.224393486976623535e+00
3.789197504520416260e-01
-1.124984383583068848e+00
4.871340692043304443e-01
-5.031274557113647461e-01
-4.460051357746124268e-01
-1.529896259307861328e+00
-9.354878664016723633e-01
-4.630535244941711426e-01
-2.253741174936294556e-01
9.818455576896667480e-01
-8.703799545764923096e-02
-2.218952476978302002e-01
-1.039024114608764648e+00
9.196709394454956055e-01
-4.572561681270599365e-01
-8.926717042922973633e-01
1.374459117650985718e-01
-9.034710526466369629e-01
-1.400053262710571289e+00
-4.239633381366729736e-01
-8.001976013183593750e-01
8.238528966903686523e-01
7.958141155540943146e-03
9.502085298299789429e-02
-1.072932407259941101e-01
5.510151982307434082e-01
1.826696276664733887e+00
-3.450759351253509521e-01
9.234529137611389160e-01
-9.278978221118450165e-03
2.122503280639648438e+00
-3.135484158992767334e-01
3.771736621856689453e-01
2.655187547206878662e-01
1.003383636474609375e+00
-1.080773353576660156e+00
-1.114380955696105957e+00
-4.514641463756561279e-01
-1.421381592750549316e+00
-8.480393886566162109e-01
-7.990225553512573242e-01
-1.547009497880935669e-01
-9.258629679679870605e-01
1.024953246116638184e+00
1.510965943336486816e+00
1.993467807769775391e-01
-9.585745930671691895e-01
7.579335570335388184e-01
-9.472792148590087891e-01
6.906774640083312988e-02
6.112079620361328125e-01
-1.537976115942001343e-01
4.379918873310089111e-01
1.392940998077392578e+00
1.010456681251525879e+00
-2.138448655605316162e-01
-5.146697163581848145e-01
-2.141428232192993164e+00
6.082776784896850586e-01
8.260574936866760254e-01
-3.929848074913024902e-01
-4.308418557047843933e-02
5.829133391380310059e-01
2.163337469100952148e-01
-5.077836513519287109e-01
5.602735280990600586e-01
9.880340099334716797e-02
9.026620388031005859e-01
-1.080780550837516785e-01
-3.511916399002075195e-01
-2.003168344497680664e+00
1.308919936418533325e-01
3.694983124732971191e-01
7.069431543350219727e-01
7.906916141510009766e-01
-2.958497405052185059e-01
1.148025691509246826e-01
-1.469129621982574463e-01
9.291688352823257446e-02
-1.665621697902679443e-01
8.211978524923324585e-02
-1.123366355895996094e-01
-1.323875319212675095e-02
3.564758598804473877e-01
-2.665264308452606201e-01
1.509300708770751953e+00
6.959038376808166504e-01
1.171003699302673340e+00
-8.333491086959838867e-01
6.210881471633911133e-01
-1.674724102020263672e+00
-1.110320445150136948e-02
-1.515442252159118652e+00
5.257413983345031738e-01
-5.114917159080505371e-01
-8.603459000587463379e-01
-6.290744543075561523e-01
-9.148029088973999023e-01
-7.893115878105163574e-01
9.364520907402038574e-01
1.461905360221862793e+00
1.244154810905456543e+00
-1.010887384414672852e+00
9.836159348487854004e-01
6.958455443382263184e-01
-1.347946189343929291e-02
-2.559954524040222168e-01
-1.047174811363220215e+00
-2.966048955917358398e+00
2.974002659320831299e-01
-1.134146571159362793e+00
-1.232690453529357910e+00
-1.272333383560180664e+00
-1.163249015808105469e+00
-1.037326812744140625e+00
-6.360242962837219238e-01
-3.425443172454833984e-01
-1.000705122947692871e+00
4.208309948444366455e-01
-1.259073972702026367e+00
-1.971964120864868164e+00
4.350815773010253906e+00
-8.615255355834960938e-01
1.703174233436584473e+00
-8.495859801769256592e-03
6.542454361915588379e-01
4.986439943313598633e-01
-7.461271882057189941e-01
8.972775936126708984e-01
-1.715455055236816406e-01
7.417345046997070312e-01
7.297146916389465332e-01
1.721279174089431763e-01
2.753604888916015625e+00
-2.669433057308197021e-01
2.722419023513793945e+00
6.013154983520507812e-01
5.541778206825256348e-01
-1.809064894914627075e-01
-1.051625609397888184e+00
1.964371651411056519e-01
-1.043992400169372559e+00
5.780246853828430176e-01
1.784415721893310547e+00
3.014261424541473389e-01
-1.171856448054313660e-01
-1.624957084655761719e+00
-4.650008976459503174e-01
2.090654134750366211e+00
9.928262233734130859e-01
-1.611621618270874023e+00
-6.331989169120788574e-01
-5.543139576911926270e-01
-7.892434000968933105e-01
1.444334089756011963e-01
1.957320809364318848e+00
2.108905553817749023e+00
4.095141291618347168e-01
-3.208104372024536133e-01
1.405084282159805298e-01
-1.554619222879409790e-01
8.745182752609252930e-01
-1.414833068847656250e-01
3.208011388778686523e-01
-8.468248695135116577e-02
-7.037541866302490234e-01
1.157870769500732422e+00
-1.810538768768310547e+00
