2.833122014999389648e-01
2.808248698711395264e-01
-5.578654631972312927e-02
-5.142760872840881348e-01
-9.756280779838562012e-01
8.325251191854476929e-02
-5.509988404810428619e-03
-1.140426397323608398e+00
-8.879669904708862305e-01
-4.868170022964477539e-01
6.682051420211791992e-01
4.138990938663482666e-01
8.158640265464782715e-01
8.048229664564132690e-02
6.826846003532409668e-01
-1.890526294708251953e+00
-2.376401871442794800e-01
-1.094146132469177246e+00
3.057437539100646973e-01
-3.445005416870117188e-02
-3.734337985515594482e-01
9.281975030899047852e-02
8.273757100105285645e-01
1.833922743797302246e+00
-2.622387111186981201e-01
-1.224200963973999023e+00
-8.860131502151489258e-01
1.914775669574737549e-01
-5.044126510620117188e-01
3.272057175636291504e-01
-3.060370683670043945e-01
1.291911453008651733e-01
-9.716662168502807617e-01
8.492433428764343262e-01
-1.778526782989501953e+00
-2.073494018986821175e-03
-7.669507265090942383e-01
-7.250429987907409668e-01
-4.450467973947525024e-02
-2.350372672080993652e-01
-9.283024668693542480e-01
-4.840000569820404053e-01
1.851464509963989258e+00
1.014491200447082520e+00
-7.416388392448425293e-01
-6.989409923553466797e-01
-1.890857338905334473e+00
-3.521989881992340088e-01
-1.130449295043945312e+00
-1.662539392709732056e-01
1.076146125793457031e+00
-9.702358245849609375e-01
8.659216165542602539e-01
1.155940890312194824e+00
-8.254585266113281250e-01
-9.714072346687316895e-01
-6.812379956245422363e-01
-6.722232103347778320e-01
3.439529240131378174e-01
-9.198047518730163574e-01
2.279801130294799805e+00
-3.032045364379882812e-01
1.933733582496643066e+00
-1.039448857307434082e+00
2.914260625839233398e-01
-1.935738027095794678e-01
-6.739478558301925659e-02
-2.899648547172546387e-01
2.286144793033599854e-01
1.200164914131164551e+00
-1.384892702102661133e+00
-5.075866580009460449e-01
-1.910639524459838867e+00
-2.225248098373413086e+00
-3.223442733287811279e-01
3.423433005809783936e-02
-5.296954512596130371e-01
3.088483400642871857e-02
7.569316029548645020e-01
8.090516924858093262e-01
2.443680763244628906e-01
5.174970626831054688e-01
-2.187351942062377930e+00
-1.230247169733047485e-01
2.039081752300262451e-01
8.480415940284729004e-01
-6.057283878326416016e-01
-9.156420230865478516e-01
3.373702764511108398e-01
5.638620257377624512e-01
-1.158015489578247070e+00
-2.182638168334960938e+00
-1.037850499153137207e+00
3.872128725051879883e-01
1.387658834457397461e+00
4.121403694152832031e-01
-6.445155739784240723e-01
4.068463444709777832e-01
-9.330381751060485840e-01
-2.369429916143417358e-01
3.949970602989196777e-01
-2.400279939174652100e-01
5.520353317260742188e-01
-5.601066350936889648e-01
-7.136567234992980957e-01
-2.625027298927307129e-01
-1.388484120368957520e+00
6.943598985671997070e-01
-5.537521243095397949e-01
-1.582458168268203735e-01
-1.642640978097915649e-01
-1.303568840026855469e+00
-2.092106342315673828e-01
4.982005432248115540e-02
2.460250556468963623e-01
-6.677253246307373047e-01
-1.061947703361511230e+00
-1.672182679176330566e+00
7.764927148818969727e-01
5.457045435905456543e-01
9.449248313903808594e-01
8.781932592391967773e-01
-5.702422857284545898e-01
-1.040102958679199219e+00
5.052670836448669434e-01
8.074001073837280273e-01
2.623891592025756836e+00
-1.505124270915985107e-01
-3.438627421855926514e-01
-1.264068603515625000e+00
7.441228628158569336e-01
-1.220044970512390137e+00
2.998020946979522705e-01
-8.683489561080932617e-01
-7.109922170639038086e-01
7.942617535591125488e-01
-1.334565758705139160e+00
-1.805743455886840820e+00
-5.039260387420654297e-01
-7.133659720420837402e-01
-4.215441644191741943e-01
-8.652314543724060059e-01
2.346233844757080078e+00
1.035722374916076660e+00
7.200300097465515137e-01
-1.378172993659973145e+00
-4.269084036350250244e-01
3.176683560013771057e-02
1.243557929992675781e+00
-4.179310202598571777e-01
7.828614115715026855e-01
-3.397452533245086670e-01
1.026129603385925293e+00
-1.490437269210815430e+00
1.800138950347900391e-01
-2.439502999186515808e-02
6.577622890472412109e-01
-6.975929737091064453e-01
-2.660923004150390625e-01
1.185871839523315430e+00
6.929384469985961914e-01
-8.296014666557312012e-01
-2.563893198966979980e-01
-1.297607421875000000e+00
-4.091057777404785156e-01
-1.120446681976318359e+00
-1.143042445182800293e+00
-6.320570707321166992e-01
1.185685753822326660e+00
5.438789725303649902e-01
-1.041135191917419434e+00
-1.390217691659927368e-01
-1.585245013236999512e+00
1.671827316284179688e+00
-5.021058022975921631e-02
-7.271640896797180176e-01
5.546745285391807556e-02
6.672786474227905273e-01
-2.917515337467193604e-01
1.205625414848327637e+00
5.876548886299133301e-01
-9.275352209806442261e-02
-5.249673724174499512e-01
6.693407893180847168e-01
1.414120048284530640e-01
-9.246676564216613770e-01
-6.987208724021911621e-01
-6.126058101654052734e-01
9.924335479736328125e-01
3.430535793304443359e-01
-2.436249703168869019e-01
-2.626621127128601074e-01
4.584142267704010010e-01
-8.502238988876342773e-01
-1.831731796264648438e+00
1.613151095807552338e-02
-8.642941117286682129e-01
6.889724135398864746e-01
-2.510245442390441895e-01
-4.403489828109741211e-01
3.873908817768096924e-01
1.035373091697692871e+00
1.346073865890502930e+00
5.249024033546447754e-01
4.974287152290344238e-01
1.179674148559570312e+00
-1.342668533325195312e-01
-1.352008461952209473e+00
2.394122034311294556e-01
-2.000194311141967773e+00
-1.180224180221557617e+00
3.054728209972381592e-01
9.501428604125976562e-01
-2.395246982574462891e+00
1.476133108139038086e+00
1.435247421264648438e+00
3.216492414474487305e+00
-1.602338075637817383e+00
7.944066524505615234e-01
-5.348808765411376953e-01
-3.784529566764831543e-01
-4.602257162332534790e-02
1.406400650739669800e-01
1.042167425155639648e+00
4.215058088302612305e-01
-1.496089249849319458e-01
1.178912281990051270e+00
-1.019639372825622559e+00
8.821466565132141113e-01
-1.532381057739257812e+00
-1.129737257957458496e+00
-6.715332269668579102e-01
8.350099325180053711e-01
1.421551406383514404e-01
-3.596403077244758606e-02
-1.389892995357513428e-01
1.235420331358909607e-01
-1.002262234687805176e+00
1.550610363483428955e-01
-7.378017902374267578e-01
1.097202420234680176e+00
-3.049693405628204346e-01
-1.343267202377319336e+00
8.830744028091430664e-01
5.572665855288505554e-02
3.674034029245376587e-02
-3.953909575939178467e-01
3.127939403057098389e-01
6.886800527572631836e-01
2.529783010482788086e+00
-1.483225703239440918e+00
-1.232389807701110840e+00
-1.318958640098571777e+00
-8.361063599586486816e-01
3.282037079334259033e-01
5.922986268997192383e-01
-8.833582997322082520e-01
-1.006272912025451660e+00
-1.309460282325744629e+00
3.107616305351257324e-01
1.262451410293579102e+00
-1.852511465549468994e-01
8.584568500518798828e-01
-1.876693725585937500e+00
3.189815282821655273e-01
1.177137851715087891e+00
-6.195783615112304688e-02
-3.066761791706085205e-01
2.092582941055297852e+00
8.530901372432708740e-02
-2.766222655773162842e-01
7.119514942169189453e-01
1.480362176895141602e+00
2.811391651630401611e-01
-7.789747714996337891e-01
-1.643958538770675659e-01
4.346861839294433594e-01
7.014176845550537109e-01
9.603207111358642578e-01
-1.149159550666809082e+00
-4.079090654850006104e-01
-2.585227489471435547e-01
-4.757899641990661621e-01
5.813980102539062500e-01
7.588382363319396973e-01
-2.856297418475151062e-02
-2.574130520224571228e-02
-5.320347547531127930e-01
-3.322871625423431396e-01
7.088200747966766357e-02
-1.273998498916625977e+00
1.273998618125915527e+00
4.612968564033508301e-01
-9.586569666862487793e-01
1.072457432746887207e-01
2.096499502658843994e-01
9.304226040840148926e-01
4.512184262275695801e-01
7.205730080604553223e-01
-4.820705354213714600e-01
-2.617877721786499023e-01
-1.470423817634582520e+00
1.143441081047058105e+00
1.245208740234375000e+00
7.123009115457534790e-02
4.882410913705825806e-02
-1.295124292373657227e-01
-1.035823702812194824e+00
-4.685144126415252686e-01
9.036720991134643555e-01
-1.584761261940002441e+00
-1.068504929542541504e+00
-2.489043623208999634e-01
1.209270238876342773e+00
-1.985918998718261719e+00
-1.319608211517333984e+00
7.625267505645751953e-01
9.674094319343566895e-01
4.201069772243499756e-01
-6.294310092926025391e-01
-1.252972126007080078e+00
1.279220730066299438e-01
1.885082364082336426e+00
4.173901081085205078e-01
-1.034734129905700684e+00
6.411874294281005859e-01
-1.520254969596862793e+00
2.434584647417068481e-01
-2.504611015319824219e-02
1.204698562622070312e+00
-7.458599209785461426e-01
9.146171212196350098e-01
4.370619952678680420e-01
-2.214500755071640015e-01
6.179438829421997070e-01
-1.883703768253326416e-01
-3.497202992439270020e-01
-1.511227786540985107e-01
3.774268329143524170e-01
-8.244433403015136719e-01
7.497500181198120117e-01
-1.005500793457031250e+00
-4.093323051929473877e-01
-7.114553451538085938e-01
-3.168671429157257080e-01
-2.638255953788757324e-01
-2.587306499481201172e-01
-5.906151533126831055e-01
-1.041229248046875000e+00
-2.491579800844192505e-01
-2.946897745132446289e-01
6.938574463129043579e-02
-8.174091577529907227e-01
-1.206355452537536621e+00
-1.097354531288146973e+00
-8.737491965293884277e-01
-1.838029742240905762e+00
2.003404498100280762e-02
-2.156536877155303955e-01
2.192897945642471313e-01
-2.285334110260009766e+00
6.914296001195907593e-02
2.663945436477661133e+00
-2.882122695446014404e-01
-2.893158933147788048e-03
8.493577837944030762e-01
4.013186991214752197e-01
-5.043909549713134766e-01
9.682710468769073486e-02
7.653810381889343262e-01
5.709110498428344727e-01
4.266444742679595947e-01
-2.000177621841430664e+00
1.439152479171752930e+00
-2.214493900537490845e-01
1.352386921644210815e-01
-2.283419847488403320e+00
1.616695880889892578e+00
5.833435654640197754e-01
-2.003603875637054443e-01
2.078134715557098389e-01
9.676018357276916504e-01
-5.674514770507812500e-01
-1.196549892425537109e+00
-1.486933588981628418e+00
-4.630359113216400146e-01
1.401875972747802734e+00
-4.167504012584686279e-01
2.308887988328933716e-01
1.028875470161437988e+00
8.713790029287338257e-02
6.730933785438537598e-01
1.686127901077270508e+00
4.924824535846710205e-01
1.530717313289642334e-01
1.180812835693359375e+00
-9.282311797142028809e-01
-8.961551189422607422e-01
-1.202125191688537598e+00
8.953893184661865234e-01
-7.191415429115295410e-01
-3.067432343959808350e-01
-2.230590730905532837e-01
-2.152927033603191376e-02
-8.588588833808898926e-01
4.260054789483547211e-03
2.618902362883090973e-02
-8.172935843467712402e-01
5.461853742599487305e-01
1.429033428430557251e-01
-1.059704497456550598e-01
2.582134306430816650e-01
2.952268421649932861e-01
-5.688742399215698242e-01
-9.009681642055511475e-02
1.439728260040283203e+00
-4.167078137397766113e-01
7.166299223899841309e-01
-6.924157738685607910e-01
5.100352689623832703e-02
-1.570172429084777832e+00
-1.399601697921752930e+00
1.105720877647399902e+00
3.587354719638824463e-01
-8.674665093421936035e-01
6.916725635528564453e-01
1.447300314903259277e+00
9.679017663002014160e-01
-2.500250637531280518e-01
-1.328665137290954590e+00
1.346144199371337891e+00
-1.716400682926177979e-01
9.541159868240356445e-01
-2.063835859298706055e-01
-1.560592949390411377e-01
5.412445664405822754e-01
-7.983680814504623413e-02
4.741472303867340088e-01
-7.577813863754272461e-01
1.086556985974311829e-01
4.448229670524597168e-01
1.185732364654541016e+00
2.056793868541717529e-01
1.286974191665649414e+00
8.679394721984863281e-01
-1.871650815010070801e+00
-5.401096940040588379e-01
5.926308631896972656e-01
-4.140704870223999023e-01
-5.355240702629089355e-01
-5.417801737785339355e-01
5.628066658973693848e-01
-6.839851140975952148e-01
1.882253289222717285e-01
-1.010725378990173340e+00
-4.751406013965606689e-01
1.086765646934509277e+00
4.554585218429565430e-01
-9.313473701477050781e-01
-3.270221352577209473e-01
-1.426251046359539032e-02
-7.611737847328186035e-01
-3.005246631801128387e-02
9.274359345436096191e-01
-1.416885256767272949e-01
-1.173062920570373535e-01
1.252290129661560059e+00
6.130905747413635254e-01
-2.648684382438659668e-01
1.842463016510009766e-01
1.195460796356201172e+00
2.275492846965789795e-01
-2.311885118484497070e+00
-5.276033282279968262e-01
1.777602136135101318e-01
-1.181170046329498291e-01
1.974282622337341309e+00
-9.450028538703918457e-01
-1.675238251686096191e+00
2.128329575061798096e-01
1.144099593162536621e+00
8.437427282333374023e-01
8.488080501556396484e-01
8.807362914085388184e-01
9.348651170730590820e-01
5.779572129249572754e-01
-6.896482706069946289e-01
-8.356288671493530273e-01
5.956193804740905762e-01
1.999901175498962402e+00
1.075152635574340820e+00
-2.480770349502563477e-01
5.761148333549499512e-01
9.536197185516357422e-01
1.553600430488586426e-01
-3.328128159046173096e-02
-6.055666208267211914e-01
-3.203127145767211914e+00
1.110701680183410645e+00
2.426787018775939941e-01
-2.401854544878005981e-01
5.942732691764831543e-01
2.091471403837203979e-01
-3.782958090305328369e-01
-1.103874802589416504e+00
-1.873368144035339355e+00
-1.419107198715209961e+00
-7.806722074747085571e-02
-5.929597020149230957e-01
-9.229779243469238281e-01
6.824010014533996582e-01
-9.919774532318115234e-01
4.543610513210296631e-01
4.812346771359443665e-03
1.564254283905029297e+00
1.249133706092834473e+00
-8.333443999290466309e-01
-2.182775735855102539e-01
-7.228304743766784668e-01
-1.241092920303344727e+00
-1.183545589447021484e+00
-3.920193016529083252e-01
-1.087834119796752930e+00
9.679434895515441895e-01
5.619050264358520508e-01
-9.804935455322265625e-01
-8.901320695877075195e-01
9.739890694618225098e-01
-5.926541090011596680e-01
-1.200521737337112427e-01
-8.292054533958435059e-01
2.719511270523071289e+00
4.411794245243072510e-01
3.263469934463500977e-01
-3.689122498035430908e-01
-1.132962942123413086e+00
8.337596058845520020e-02
2.137413471937179565e-01
6.547182053327560425e-02
8.853862881660461426e-01
2.703121185302734375e+00
1.173817038536071777e+00
-1.227631926536560059e+00
2.906754016876220703e-01
2.437813282012939453e+00
9.371346831321716309e-01
2.292552709579467773e+00
3.998602628707885742e-01
3.386007249355316162e-01
-5.143234729766845703e-01
-2.092321395874023438e+00
-1.290154457092285156e-01
6.640579700469970703e-01
1.801979184150695801e+00
-5.628271698951721191e-01
1.269068002700805664e+00
1.078078746795654297e+00
1.166107296943664551e+00
-4.577471911907196045e-01
1.262075424194335938e+00
5.873162746429443359e-01
1.840053439140319824e+00
-4.056198596954345703e-01
2.305825501680374146e-01
-4.671752452850341797e-03
-7.873737812042236328e-01
5.321293473243713379e-01
1.716475248336791992e+00
-1.033087611198425293e+00
5.096787214279174805e-01
1.667234539985656738e+00
2.085065990686416626e-01
1.074930667877197266e+00
-1.848700404167175293e+00
1.454438924789428711e+00
3.005151078104972839e-02
1.408750891685485840e+00
1.483133673667907715e+00
-2.879179418087005615e-01
1.172449961304664612e-01
-6.573438644409179688e-01
1.441924691200256348e+00
7.747442126274108887e-01
6.868807226419448853e-02
5.910531878471374512e-01
-3.539804220199584961e-01
-3.725259900093078613e-01
-1.586950778961181641e+00
9.856383316218852997e-03
-3.469358682632446289e-01
9.604384899139404297e-01
1.436856627464294434e+00
7.451973855495452881e-02
1.464196920394897461e+00
4.914074540138244629e-01
1.103018879890441895e+00
2.362102419137954712e-01
1.308705925941467285e+00
-1.040770411491394043e-01
-6.811367273330688477e-01
5.881230235099792480e-01
-7.553469538688659668e-01
-5.476519837975502014e-02
-4.353565573692321777e-01
6.897103190422058105e-01
-1.319652497768402100e-01
-3.495233952999114990e-01
-2.181940793991088867e+00
-6.790794134140014648e-01
1.820182651281356812e-01
5.153812170028686523e-01
-1.289717078208923340e+00
-4.989807605743408203e-01
-5.705391764640808105e-01
-2.267442226409912109e+00
1.622701138257980347e-01
-1.426005270332098007e-02
-1.040886402130126953e+00
1.926689445972442627e-01
-1.442291975021362305e+00
-1.087540626525878906e+00
1.573431491851806641e-01
2.357656657695770264e-01
-1.864360123872756958e-01
-1.182735085487365723e+00
8.350327014923095703e-01
-4.240671694278717041e-01
3.334300518035888672e-01
2.329110622406005859e+00
8.514223694801330566e-01
7.947990894317626953e-01
-4.882907867431640625e-01
-1.275504112243652344e+00
-7.795500755310058594e-01
-2.172356843948364258e+00
-9.350328445434570312e-01
-1.037940144538879395e+00
5.698534846305847168e-01
5.298686623573303223e-01
9.914124608039855957e-01
-1.549645364284515381e-01
3.930733501911163330e-01
-1.798748016357421875e+00
7.393223047256469727e-02
6.508696079254150391e-01
4.515721797943115234e+00
-1.318379163742065430e+00
8.459776043891906738e-01
-9.284470975399017334e-02
-1.113800238817930222e-02
1.430845260620117188e+00
9.983760118484497070e-01
-1.460339784622192383e+00
7.858365029096603394e-02
2.458377331495285034e-01
4.331475496292114258e-02
-2.345103263854980469e+00
-2.160058736801147461e+00
4.584649577736854553e-02
-9.474557042121887207e-01
1.865694224834442139e-01
9.633516073226928711e-01
-6.192823648452758789e-01
-7.359205186367034912e-02
8.974926471710205078e-01
1.539311528205871582e+00
-3.977416455745697021e-01
-5.410618782043457031e-01
-4.276075959205627441e-01
-1.592676401138305664e+00
-1.081109404563903809e+00
1.992644369602203369e-01
-5.439189076423645020e-01
-3.060975670814514160e-01
5.846408605575561523e-01
3.763430714607238770e-01
1.697586178779602051e-01
-7.276751995086669922e-01
-2.430856078863143921e-01
-2.219668865203857422e+00
1.149424076080322266e+00
-9.318870306015014648e-01
-5.227013230323791504e-01
-6.289976239204406738e-01
4.118829667568206787e-01
3.159312605857849121e-01
-1.308498024940490723e+00
-8.025103211402893066e-01
-6.311602115631103516e+00
-3.552539050579071045e-01
1.168692588806152344e+00
-1.939452290534973145e-01
1.483234614133834839e-01
7.433616518974304199e-01
-9.095544815063476562e-01
2.188754796981811523e+00
1.036670684814453125e+00
3.673444390296936035e-01
-5.810917019844055176e-01
5.454248785972595215e-01
-3.546967208385467529e-01
-1.864339947700500488e+00
-5.341936647891998291e-02
1.311949968338012695e+00
8.517872095108032227e-01
-5.207177400588989258e-01
3.759051561355590820e+00
-4.884632825851440430e-01
-2.276681423187255859e+00
1.695212870836257935e-01
-4.169559478759765625e-01
4.534289538860321045e-01
-1.188065886497497559e+00
-1.019431829452514648e+00
-1.891566663980484009e-01
3.744160532951354980e-01
4.102461338043212891e-01
4.849681258201599121e-01
6.330050826072692871e-01
3.052831888198852539e-01
1.386406272649765015e-01
1.566575288772583008e+00
4.826168715953826904e-01
3.563037812709808350e-01
-7.903023362159729004e-01
-2.577996850013732910e-01
7.212758064270019531e-01
-6.506951451301574707e-01
3.004249930381774902e-01
-2.328533381223678589e-01
5.066254734992980957e-01
-1.936729431152343750e+00
-4.314543306827545166e-01
-1.170976758003234863e-01
-7.633943557739257812e-01
8.880115151405334473e-01
-3.867790997028350830e-01
-5.204337090253829956e-02
1.769091844558715820e+00
3.030581176280975342e-01
2.694665789604187012e-01
-3.286980465054512024e-02
9.148034453392028809e-01
1.562498331069946289e+00
1.521566867828369141e+00
-1.975210905075073242e-01
-9.041896462440490723e-01
-7.703518867492675781e-01
2.171982049942016602e+00
5.806506611406803131e-03
-2.670468389987945557e-01
4.870204329490661621e-01
8.218848705291748047e-01
8.559828400611877441e-01
5.676720142364501953e-01
1.521058082580566406e+00
-5.813886523246765137e-01
1.019127368927001953e+00
-9.691978693008422852e-01
3.509177267551422119e-01
2.512926757335662842e-01
4.634161889553070068e-01
-1.153419494628906250e+00
-2.775644063949584961e-01
1.114019155502319336e+00
-9.245122075080871582e-01
-1.580351740121841431e-01
1.267931699752807617e+00
