4.002995789051055908e-01
8.680019974708557129e-01
1.821448802947998047e-01
-7.095460295677185059e-01
9.599080681800842285e-01
5.231913924217224121e-01
-4.551223218441009521e-01
-4.489226937294006348e-01
-6.658074259757995605e-01
-1.607266664505004883e+00
4.628619551658630371e-01
-3.613418638706207275e-01
-2.855541110038757324e-01
-4.552838802337646484e-01
1.498485445976257324e+00
-1.579476594924926758e+00
-1.486898303031921387e+00
-5.180272832512855530e-02
2.556507587432861328e-01
3.974145352840423584e-01
9.558519124984741211e-01
-8.421743661165237427e-02
1.322936415672302246e+00
-9.137767553329467773e-01
5.811596512794494629e-01
-9.850704669952392578e-01
-3.324696123600006104e-01
1.432304978370666504e-01
2.549270391464233398e-01
1.268597006797790527e+00
-2.884428501129150391e+00
-6.682728528976440430e-01
2.574584484100341797e-01
2.189697176218032837e-01
-8.471902012825012207e-01
2.306658178567886353e-01
-6.418688222765922546e-03
5.717955827713012695e-01
-4.369059205055236816e-02
2.165599465370178223e-01
-3.700504302978515625e-01
-4.252367615699768066e-01
-3.596819639205932617e-01
6.626735925674438477e-01
1.134473159909248352e-01
3.146833181381225586e-01
4.857284426689147949e-01
-1.045006632804870605e+00
-1.602819681167602539e+00
-1.277912020683288574e+00
6.144459247589111328e-01
-1.021890193223953247e-01
-9.911125898361206055e-02
-5.067656040191650391e-01
1.070114821195602417e-01
9.587475657463073730e-01
3.408767879009246826e-01
3.475912511348724365e-01
-1.962331235408782959e-01
-9.587449021637439728e-03
8.756460547447204590e-01
-3.714978098869323730e-01
7.780460119247436523e-01
-7.478225231170654297e-01
3.651984632015228271e-01
-1.492646217346191406e+00
-1.150967240333557129e+00
-1.191193461418151855e+00
1.526501297950744629e+00
1.724078953266143799e-01
3.367418646812438965e-01
6.713623404502868652e-01
-1.757613718509674072e-01
-1.140055298805236816e+00
8.343515396118164062e-01
8.424701094627380371e-01
-4.258916079998016357e-01
6.302103400230407715e-01
8.788681030273437500e-01
1.425932884216308594e+00
2.258589863777160645e-01
7.039321213960647583e-02
-2.405841350555419922e+00
-5.929618477821350098e-01
-8.090693354606628418e-01
4.647319912910461426e-01
-1.266878247261047363e+00
4.863883554935455322e-01
5.052286200225353241e-03
-1.469787806272506714e-01
8.410986065864562988e-01
-1.228283405303955078e+00
-2.207910299301147461e+00
9.422023892402648926e-01
-1.043473005294799805e+00
1.410684108734130859e+00
2.705127000808715820e-01
1.753771185874938965e+00
-1.189230203628540039e+00
8.999714851379394531e-01
-1.156820893287658691e+00
-3.056991100311279297e-01
4.871993064880371094e-01
8.935982733964920044e-02
2.593789994716644287e-02
-1.087522864341735840e+00
4.173175394535064697e-01
7.857729196548461914e-01
4.026788175106048584e-01
6.419676542282104492e-01
-7.289712429046630859e-01
3.858741223812103271e-01
-8.962566852569580078e-01
-7.147607859224081039e-03
7.916086912155151367e-01
1.318863511085510254e+00
9.752820134162902832e-01
-3.817568302154541016e+00
1.305695176124572754e-01
7.015821933746337891e-01
1.110125258564949036e-01
2.604364752769470215e-01
-7.157259583473205566e-01
1.514787524938583374e-01
5.727459788322448730e-01
7.739028930664062500e-01
1.815857052803039551e+00
-5.728890299797058105e-01
2.541966438293457031e-01
-1.418742537498474121e+00
1.253612518310546875e+00
-4.035713374614715576e-01
-1.069970130920410156e+00
-9.439126253128051758e-01
1.352539062500000000e-01
-5.493175387382507324e-01
-5.498702079057693481e-02
-5.648374557495117188e-01
-9.533524513244628906e-01
-4.290079697966575623e-02
-2.706226110458374023e-01
1.298180967569351196e-01
1.333736896514892578e+00
9.648539423942565918e-01
1.758684158325195312e+00
1.385691910982131958e-01
-1.358533382415771484e+00
-3.128673136234283447e-01
-7.458796501159667969e-01
9.653128981590270996e-01
8.931274414062500000e-01
-3.039170801639556885e-01
4.254936873912811279e-01
-1.031156897544860840e+00
1.409726500511169434e+00
7.731361687183380127e-02
-2.423501729965209961e+00
-4.260180890560150146e-01
-4.486546814441680908e-01
1.872856020927429199e+00
1.605760008096694946e-01
-8.997740596532821655e-02
1.089474558830261230e-01
-3.810170590877532959e-01
9.118587709963321686e-03
-5.639026165008544922e-01
-1.111515089869499207e-01
-5.805892348289489746e-01
4.509685635566711426e-01
6.296054720878601074e-01
-5.009785667061805725e-02
-1.235050559043884277e+00
-1.361025452613830566e+00
6.676402091979980469e-01
-2.966400086879730225e-01
4.819207787513732910e-01
1.332880258560180664e-01
1.503767371177673340e-01
-8.370580673217773438e-01
1.331225752830505371e+00
5.314540266990661621e-01
-1.074494957923889160e+00
5.067121386528015137e-01
-4.218756854534149170e-01
-4.593138992786407471e-01
-7.101611495018005371e-01
-3.769551813602447510e-01
1.139848470687866211e+00
-6.992097944021224976e-02
-2.039045840501785278e-01
-1.847884058952331543e-01
1.051716431975364685e-01
5.074257254600524902e-01
4.755770266056060791e-01
-1.311583161354064941e+00
-1.040391206741333008e+00
2.607945166528224945e-02
3.756027519702911377e-01
-9.757603406906127930e-01
-9.528722763061523438e-01
1.342532187700271606e-01
4.687598049640655518e-01
3.431421518325805664e-01
1.220114380121231079e-01
-5.148906707763671875e-01
-8.114373087882995605e-01
1.057267069816589355e+00
-5.605839490890502930e-01
1.091904282569885254e+00
-1.666362404823303223e+00
-4.304108321666717529e-01
3.561167791485786438e-02
5.617670416831970215e-01
4.736136794090270996e-01
4.938281774520874023e-01
6.682640314102172852e-01
2.945218563079833984e+00
-1.515396088361740112e-01
-1.584926128387451172e+00
-1.079260349273681641e+00
-2.877508997917175293e-01
1.022722840309143066e+00
5.690523982048034668e-01
2.507768869400024414e-01
2.577291131019592285e-01
-6.406221985816955566e-01
-9.158773720264434814e-02
2.363847047090530396e-01
-4.254274666309356689e-01
1.117012023925781250e+00
-6.484349370002746582e-01
2.221182882785797119e-01
-3.953904658555984497e-02
-5.029663443565368652e-01
-1.083692256361246109e-02
1.040177941322326660e+00
1.065378904342651367e+00
6.120315790176391602e-01
-2.013364881277084351e-01
1.873886734247207642e-01
-3.973242342472076416e-01
-1.173716425895690918e+00
1.823294162750244141e-01
7.498962283134460449e-01
-1.673307299613952637e+00
1.017973542213439941e+00
-1.317944526672363281e+00
4.149060547351837158e-01
6.711413264274597168e-01
-2.927394211292266846e-01
1.035139635205268860e-01
-3.841155469417572021e-01
-1.174116015434265137e+00
2.116023302078247070e-01
5.880204215645790100e-02
-3.797396123409271240e-01
-6.180118322372436523e-01
-6.338853836059570312e-01
7.048147320747375488e-01
-1.865689992904663086e+00
-5.190030932426452637e-01
-1.324251413345336914e+00
4.564007744193077087e-02
1.213497817516326904e-01
-3.874146342277526855e-01
1.173432707786560059e+00
-4.224784672260284424e-02
1.211137175559997559e+00
1.788375139236450195e+00
4.490415751934051514e-01
6.779798269271850586e-01
-3.518805503845214844e-01
-2.699050664901733398e+00
2.732048928737640381e-01
-8.127921819686889648e-01
1.578696668148040771e-01
1.109058260917663574e+00
1.329403519630432129e+00
-5.436069965362548828e-01
-1.129607319831848145e+00
-8.509157299995422363e-01
-1.740606129169464111e-01
-5.917516350746154785e-01
1.025213956832885742e+00
1.310537802055478096e-03
-5.486659407615661621e-01
-1.289373822510242462e-02
-1.065919876098632812e+00
-8.463567495346069336e-02
-1.726145446300506592e-01
-4.741619229316711426e-01
-3.610682785511016846e-01
1.274019360542297363e+00
3.626361370086669922e+00
8.081423640251159668e-01
-2.997649312019348145e-01
2.076512947678565979e-02
1.616407334804534912e-01
9.696019887924194336e-01
-1.899173021316528320e+00
-1.437716364860534668e+00
-1.918063402175903320e+00
1.385745644569396973e+00
3.291621804237365723e-01
6.367604732513427734e-01
1.075687780976295471e-01
2.918475866317749023e-01
-1.209954768419265747e-01
-1.587339162826538086e+00
1.405624985694885254e+00
4.395910501480102539e-01
2.172546386718750000e-01
5.013495683670043945e-01
-1.242965221405029297e+00
-3.710571825504302979e-01
-5.390540361404418945e-01
1.558179557323455811e-01
3.771111369132995605e-02
8.201879858970642090e-01
-8.784104138612747192e-02
-1.080294966697692871e+00
-7.151610851287841797e-01
-4.741869270801544189e-01
-2.608993053436279297e-01
-7.940574735403060913e-02
-2.289991229772567749e-01
-5.729269981384277344e-01
-1.039681315422058105e+00
1.053719639778137207e+00
4.083976447582244873e-01
-4.163112640380859375e-01
-1.360886357724666595e-02
2.715611830353736877e-02
1.088431835174560547e+00
-2.994196116924285889e-01
-6.276186108589172363e-01
-3.610851466655731201e-01
1.693810462951660156e+00
2.265343964099884033e-01
-5.965250134468078613e-01
9.856279492378234863e-01
-6.170513629913330078e-01
-1.104949235916137695e+00
5.018324851989746094e-01
-1.529079454485327005e-04
-4.894735813140869141e-01
-2.045750617980957031e+00
-1.759123206138610840e-01
-2.865271270275115967e-01
-7.767010331153869629e-01
-1.749672293663024902e+00
-8.248721361160278320e-01
1.170097570866346359e-02
9.788692593574523926e-01
1.293441951274871826e-01
-3.985987305641174316e-01
-2.318152785301208496e-01
-8.587771654129028320e-01
-7.189897298812866211e-01
5.679261088371276855e-01
-4.403275903314352036e-03
-7.257510423660278320e-01
7.651287317276000977e-01
3.302564620971679688e-01
5.711109638214111328e-01
-1.002925992012023926e+00
1.385300278663635254e+00
7.367340922355651855e-01
5.125610530376434326e-02
1.113762617111206055e+00
1.309092402458190918e+00
1.010967612266540527e+00
5.802220702171325684e-01
-1.089191436767578125e-01
-6.685131192207336426e-01
-9.607691168785095215e-01
1.575633883476257324e+00
-7.093823552131652832e-01
-5.401298403739929199e-01
9.963617324829101562e-01
-7.793313264846801758e-02
2.932915687561035156e-01
7.614638209342956543e-01
2.575521767139434814e-01
-1.132512807846069336e+00
6.593543887138366699e-01
2.904089689254760742e-01
-1.254857420921325684e+00
-5.867102742195129395e-01
6.339345574378967285e-01
-4.279451966285705566e-01
4.684368371963500977e-01
2.693693935871124268e-01
1.373589485883712769e-01
1.774755418300628662e-01
-8.751314878463745117e-01
-2.931850850582122803e-01
1.418576091527938843e-01
-9.586979150772094727e-01
1.054139137268066406e+00
-2.615559846162796021e-02
-6.113016009330749512e-01
1.181012392044067383e+00
6.558768749237060547e-01
-8.275182843208312988e-01
-1.834553033113479614e-01
-9.750835895538330078e-01
-4.161674976348876953e-01
-3.200738728046417236e-01
-1.641813367605209351e-01
8.329752832651138306e-02
-1.241094231605529785e+00
-1.159826040267944336e+00
2.752495408058166504e-01
9.270914793014526367e-01
1.087000846862792969e+00
1.172754988074302673e-01
-1.114083379507064819e-01
6.026924252510070801e-01
8.182231783866882324e-01
-1.682717323303222656e+00
-1.121366620063781738e+00
1.808555051684379578e-02
-1.798127144575119019e-01
-4.188521206378936768e-01
-2.028661221265792847e-01
1.655820965766906738e+00
-2.675940692424774170e-01
-8.767653703689575195e-01
-5.400968194007873535e-01
-2.021004706621170044e-01
9.538819789886474609e-01
3.840448334813117981e-03
4.756684005260467529e-01
-1.879891455173492432e-01
-2.707935571670532227e-01
4.892241656780242920e-01
1.056571364402770996e+00
5.480455756187438965e-01
3.466979265213012695e-01
-2.191279679536819458e-01
5.869271755218505859e-01
-6.248860955238342285e-01
2.319268286228179932e-01
5.222685933113098145e-01
-4.861214756965637207e-01
1.711891405284404755e-02
3.563647866249084473e-01
1.071788594126701355e-01
3.607442975044250488e-01
-5.954177379608154297e-01
-9.565897583961486816e-01
-1.200959801673889160e+00
1.106960415840148926e+00
-5.087862014770507812e-01
8.705006241798400879e-01
1.170953869819641113e+00
-1.927618086338043213e-01
5.443975701928138733e-02
1.783707618713378906e+00
4.005542397499084473e-01
-7.150452136993408203e-01
4.336415827274322510e-01
-4.901579320430755615e-01
-5.408403277397155762e-01
-2.302371263504028320e-01
-1.549310684204101562e+00
8.923999071121215820e-01
-9.099057316780090332e-01
-5.233537554740905762e-01
-6.210490465164184570e-01
3.588711023330688477e-01
3.262401819229125977e-01
-5.303970575332641602e-01
-6.940464377403259277e-01
-9.344700574874877930e-01
2.900688350200653076e-01
-1.554696857929229736e-01
-1.631840467453002930e+00
6.947517395019531250e-01
9.403772354125976562e-01
1.150504469871520996e+00
-2.856041304767131805e-03
1.392147064208984375e+00
9.138091802597045898e-01
3.534842133522033691e-01
-4.417133927345275879e-01
-1.007881641387939453e+00
1.079308509826660156e+00
-5.111402273178100586e-01
1.006661057472229004e+00
1.323762655258178711e+00
3.964950740337371826e-01
1.764860987663269043e+00
-7.526392340660095215e-01
5.948315262794494629e-01
1.931695491075515747e-01
-1.050259709358215332e+00
4.698851108551025391e-01
5.381082743406295776e-02
2.428394258022308350e-01
-1.191220283508300781e+00
-9.057944416999816895e-01
4.267884492874145508e-01
-4.320878088474273682e-01
-9.305201768875122070e-01
-6.641901731491088867e-01
-3.849226236343383789e-02
2.296482622623443604e-01
7.332350611686706543e-01
5.288125276565551758e-01
-3.204050064086914062e-01
2.147829830646514893e-01
3.802137970924377441e-01
-8.165586590766906738e-01
-5.752125382423400879e-01
4.368708431720733643e-01
-7.738393545150756836e-01
1.655957102775573730e+00
-3.015888035297393799e-01
5.592305064201354980e-01
-7.602261304855346680e-01
-4.955778419971466064e-01
-1.352050065994262695e+00
-3.593137264251708984e-01
2.098973691463470459e-01
-1.281059741973876953e+00
2.711555734276771545e-02
1.573180258274078369e-01
-7.323379069566726685e-02
3.690706565976142883e-02
8.830560743808746338e-02
1.145980715751647949e+00
-2.602701187133789062e-01
2.410354763269424438e-01
-1.359869599342346191e+00
8.823698163032531738e-01
2.021080851554870605e-01
-1.390631914138793945e+00
7.758108377456665039e-01
9.958069771528244019e-02
4.508599638938903809e-02
-2.225265651941299438e-02
1.074265480041503906e+00
-2.535042166709899902e-01
-5.282313823699951172e-01
5.670565962791442871e-01
-2.151364982128143311e-01
-1.862603276968002319e-01
-7.663593888282775879e-01
-4.706600904464721680e-01
1.641500368714332581e-02
-1.454926848411560059e+00
-1.351978778839111328e+00
5.931521058082580566e-01
1.257632970809936523e+00
3.591148257255554199e-01
3.017834722995758057e-01
5.685529708862304688e-01
4.700932800769805908e-01
6.187810301780700684e-01
1.699884384870529175e-01
-1.432687163352966309e+00
2.457088418304920197e-02
-1.556084990501403809e+00
1.472656428813934326e-01
-1.070568203926086426e+00
-5.227920413017272949e-01
8.126231431961059570e-01
3.528820276260375977e-01
1.155752420425415039e+00
3.363889157772064209e-01
7.843650579452514648e-01
1.008574962615966797e+00
-2.938767671585083008e-01
6.184365749359130859e-01
-7.781351208686828613e-01
6.774442791938781738e-01
-6.983068585395812988e-01
-1.156615734100341797e+00
2.206145823001861572e-01
1.391141176223754883e+00
7.597546577453613281e-01
3.384682536125183105e-01
-5.115456879138946533e-02
1.026667356491088867e+00
-6.216999888420104980e-01
-4.547584354877471924e-01
2.015824019908905029e-01
6.669149398803710938e-01
-4.676633775234222412e-01
5.887777805328369141e-01
4.795449674129486084e-01
-4.560877382755279541e-01
-2.725721001625061035e-01
-4.215213358402252197e-01
-1.788707673549652100e-01
-7.885761857032775879e-01
1.160462260246276855e+00
5.204070806503295898e-01
-2.359120845794677734e+00
-7.150650024414062500e-02
-1.325612887740135193e-02
1.198694705963134766e+00
5.851752161979675293e-01
-7.896161079406738281e-01
1.530705988407135010e-01
1.722229272127151489e-02
-8.120496869087219238e-01
1.087541341781616211e+00
2.651867568492889404e-01
3.343748450279235840e-01
4.598000347614288330e-01
-1.819931119680404663e-01
-8.229330182075500488e-01
-1.425683736801147461e+00
-1.927528083324432373e-01
-6.316807270050048828e-01
-5.907667279243469238e-01
-5.658902227878570557e-02
1.184603214263916016e+00
1.959980875253677368e-01
-7.917464971542358398e-01
3.350459039211273193e-01
9.118576049804687500e-01
6.386106610298156738e-01
3.719764351844787598e-01
1.193762540817260742e+00
5.099996328353881836e-01
-1.839821338653564453e+00
-5.036055445671081543e-01
1.936977207660675049e-01
1.265517830848693848e+00
-3.380920588970184326e-01
-5.391969084739685059e-01
-9.101328253746032715e-01
-9.040936827659606934e-01
-1.473275125026702881e-01
3.055293262004852295e-01
4.866930246353149414e-01
1.977835416793823242e+00
4.318217635154724121e-01
-1.222742199897766113e-01
-8.183199167251586914e-02
4.957678020000457764e-01
-1.866746395826339722e-01
-6.852408647537231445e-01
-5.940192341804504395e-01
5.265391469001770020e-01
-1.297908425331115723e-01
-4.210606589913368225e-02
8.825254440307617188e-02
-4.048947691917419434e-01
7.258076071739196777e-01
7.177156209945678711e-01
9.025186896324157715e-01
-5.446238517761230469e-01
1.463753819465637207e+00
-9.693785570561885834e-03
-5.471553802490234375e-01
7.201908528804779053e-02
-1.013985157012939453e+00
3.191259205341339111e-01
-5.824515223503112793e-01
1.891949027776718140e-01
1.206229329109191895e+00
1.666003346443176270e+00
-1.679474115371704102e-01
2.500789798796176910e-02
1.750600636005401611e-01
-6.130809187889099121e-01
-7.497280836105346680e-01
-8.102648258209228516e-01
-8.049877360463142395e-03
1.004106283187866211e+00
-3.576046526432037354e-01
-7.107515931129455566e-01
-1.332278698682785034e-01
1.964370906352996826e-01
-4.412693381309509277e-01
8.144795298576354980e-01
-2.523207426071166992e+00
-2.287473678588867188e-01
-1.393873989582061768e-01
-8.904531002044677734e-01
-1.262993067502975464e-01
9.198513031005859375e-01
-3.199088871479034424e-01
-7.537972450256347656e+00
8.868962526321411133e-01
-9.884035587310791016e-01
-8.625342845916748047e-01
7.072498798370361328e-01
1.369863450527191162e-01
-1.322038650512695312e+00
5.068813264369964600e-02
-1.077113270759582520e+00
1.326255202293395996e+00
1.198465347290039062e+00
2.363137483596801758e+00
4.829638600349426270e-01
2.156426906585693359e-01
-6.651359200477600098e-01
-8.047097176313400269e-02
5.612512826919555664e-01
3.888182342052459717e-01
1.671855449676513672e+00
-1.694824695587158203e+00
-5.054614543914794922e+00
6.778945922851562500e-01
-8.493903279304504395e-01
8.757272735238075256e-03
8.525547385215759277e-02
1.518414020538330078e-01
-2.615901827812194824e-01
1.894181221723556519e-01
3.449098169803619385e-01
-9.707942008972167969e-01
-5.231190323829650879e-01
-1.481374502182006836e-01
2.991163916885852814e-02
7.936106324195861816e-01
2.166969925165176392e-01
3.748866915702819824e-01
6.230286955833435059e-01
-1.372312545776367188e+00
-5.760425925254821777e-01
1.327545404434204102e+00
5.824661254882812500e-01
-1.240200161933898926e+00
-9.495519399642944336e-01
-5.197362899780273438e-01
1.713811635971069336e+00
-1.140381574630737305e+00
1.318085432052612305e+00
3.830822706222534180e-01
2.354525178670883179e-01
-1.677807688713073730e+00
-2.884168922901153564e-01
1.069717764854431152e+00
4.392688870429992676e-01
8.597723394632339478e-02
5.026869177818298340e-01
1.116590142250061035e+00
3.862134218215942383e-01
-1.235240101814270020e+00
7.440936565399169922e-01
7.179652899503707886e-02
-1.023605346679687500e+00
1.942862421274185181e-01
-2.448408119380474091e-02
6.540924906730651855e-01
1.210288703441619873e-01
-7.846382856369018555e-01
-1.798747658729553223e+00
1.348648786544799805e+00
8.885026574134826660e-01
-7.305933833122253418e-01
1.529812663793563843e-01
-7.318030297756195068e-02
1.874096505343914032e-02
-1.080995202064514160e+00
9.369693994522094727e-01
7.676091194152832031e-01
1.208312034606933594e+00
-5.839672684669494629e-01
-6.426593065261840820e-01
4.049130380153656006e-01
