-2.613507509231567383e-01
9.826250672340393066e-01
-1.208681106567382812e+00
2.999029159545898438e-01
-2.332846075296401978e-01
-8.254123330116271973e-01
-3.812990486621856689e-01
-1.178312450647354126e-01
-9.372897744178771973e-01
1.097855687141418457e+00
8.726679682731628418e-01
-1.253792829811573029e-02
1.034548163414001465e+00
-2.595861554145812988e-01
1.003779768943786621e+00
-9.826439619064331055e-02
-5.988608598709106445e-01
3.030246496200561523e-01
7.320246100425720215e-01
-5.165039300918579102e-01
2.174386501312255859e+00
-4.656289517879486084e-01
1.861872196197509766e+00
-7.760992646217346191e-01
5.019546151161193848e-01
-1.180367469787597656e-01
1.506457686424255371e+00
-6.442024111747741699e-01
-9.814841151237487793e-01
6.982459425926208496e-01
8.900416493415832520e-01
7.257037758827209473e-01
-9.855650067329406738e-01
-3.746348023414611816e-01
6.281206607818603516e-01
-7.372386008501052856e-02
4.549308419227600098e-01
-1.053885698318481445e+00
-7.162360101938247681e-02
5.293768644332885742e-01
-1.260043144226074219e+00
-8.927577733993530273e-01
-5.879358649253845215e-01
6.475003808736801147e-02
-5.451616644859313965e-01
-2.360543459653854370e-01
6.703799217939376831e-02
-6.315862387418746948e-02
-6.375017166137695312e-01
7.478665709495544434e-01
-8.537661433219909668e-01
-1.328738331794738770e+00
-6.650623083114624023e-01
2.605592831969261169e-02
-8.544844985008239746e-01
-9.377788305282592773e-01
1.087380290031433105e+00
4.952125549316406250e-01
1.189105734229087830e-01
-1.055210351943969727e+00
-8.227614313364028931e-02
1.968452185392379761e-01
4.773129224777221680e-01
-1.579073309898376465e+00
1.301194310188293457e+00
-3.120526969432830811e-01
6.243109107017517090e-01
-4.075458347797393799e-01
8.619549870491027832e-01
-1.679510354995727539e+00
-1.266305923461914062e+00
-1.007383704185485840e+00
-1.778393983840942383e+00
-6.178742051124572754e-01
-7.689688205718994141e-01
1.097661852836608887e+00
-1.094107151031494141e+00
-1.876300200819969177e-02
1.030650854110717773e+00
2.834574580192565918e-01
-3.974068164825439453e-02
1.220087051391601562e+00
-1.774369120597839355e+00
1.353336691856384277e+00
-5.668147802352905273e-01
8.234865069389343262e-01
-2.515974998474121094e+00
-1.305842041969299316e+00
-5.576971173286437988e-01
3.324353694915771484e-01
-5.970654487609863281e-01
-4.435314834117889404e-01
-1.819161921739578247e-01
8.683358430862426758e-01
-1.116368293762207031e+00
-6.486032605171203613e-01
1.040691018104553223e+00
2.221587151288986206e-01
1.552492499351501465e+00
1.466538786888122559e+00
-4.475204944610595703e-01
-6.399998068809509277e-01
5.118721127510070801e-01
1.329733967781066895e+00
-6.640359163284301758e-01
-1.155638456344604492e+00
-9.414670467376708984e-01
-5.287989228963851929e-02
7.456389069557189941e-01
-7.263840641826391220e-03
1.220176458358764648e+00
1.321011066436767578e+00
-1.056288242340087891e+00
-2.000850200653076172e+00
-2.325619310140609741e-01
-4.443664252758026123e-01
-9.286757111549377441e-01
-3.343366086483001709e-02
1.271826148033142090e+00
1.078798294067382812e+00
-6.095764636993408203e-01
5.439274013042449951e-02
-3.408868312835693359e+00
-4.202103912830352783e-01
1.749804615974426270e+00
-5.210013389587402344e-01
1.460336986929178238e-02
5.383841991424560547e-01
4.697264432907104492e-01
1.352213382720947266e+00
2.350874841213226318e-01
-1.299893498420715332e+00
-2.474284470081329346e-01
-5.470325946807861328e-01
-6.706012487411499023e-01
-4.678263664245605469e-01
8.277100324630737305e-02
2.902556024491786957e-02
-1.998321890830993652e+00
1.317392140626907349e-01
-1.859892368316650391e+00
3.691515922546386719e-01
-6.616920828819274902e-01
4.061720073223114014e-01
3.783065676689147949e-01
1.041891694068908691e+00
1.261870861053466797e+00
-1.656905770301818848e+00
-1.031751409173011780e-01
-1.121626019477844238e+00
2.327099293470382690e-01
9.975901842117309570e-01
-3.103905022144317627e-01
9.752290695905685425e-02
1.083750486373901367e+00
3.144436776638031006e-01
-9.199569225311279297e-01
1.087490439414978027e+00
-2.694495618343353271e-01
-1.902625858783721924e-01
1.199806109070777893e-01
-4.685871899127960205e-01
1.577525973320007324e+00
4.751513004302978516e-01
9.748284518718719482e-02
-1.128664374351501465e+00
-6.969568729400634766e-01
-1.316164970397949219e+00
-3.414906859397888184e-01
2.377027720212936401e-01
-1.972708463668823242e+00
-1.301112771034240723e+00
-6.269160509109497070e-01
8.461380004882812500e-01
8.685485720634460449e-01
2.667995169758796692e-02
9.381099343299865723e-01
1.516148634254932404e-02
-6.579436063766479492e-01
1.926773548126220703e+00
-5.661903023719787598e-01
1.174725964665412903e-01
3.767091035842895508e-01
2.306690067052841187e-01
-9.746273607015609741e-02
-1.563157796859741211e+00
-1.846242189407348633e+00
-1.495595872402191162e-01
1.118116259574890137e+00
-3.938234746456146240e-01
-6.049536466598510742e-01
-6.800497770309448242e-01
6.274542957544326782e-02
4.168478250503540039e-01
-4.544300734996795654e-01
7.079313695430755615e-02
7.703031301498413086e-01
5.788686275482177734e-01
1.540178656578063965e-01
-4.542588293552398682e-01
3.419245779514312744e-01
2.683409690856933594e+00
7.987895011901855469e-01
-1.252344846725463867e+00
4.103034734725952148e-01
-8.728793859481811523e-01
9.948676228523254395e-01
-8.226176500320434570e-01
-3.354447484016418457e-01
-7.267261147499084473e-01
-5.763317942619323730e-01
6.846249699592590332e-01
5.927399396896362305e-01
-7.995353341102600098e-01
1.480366945266723633e+00
4.387678503990173340e-01
-4.435581207275390625e+00
-1.362885594367980957e+00
-1.090967416763305664e+00
5.300477743148803711e-01
7.224438786506652832e-01
7.236619293689727783e-02
-9.415402412414550781e-01
-1.530602693557739258e+00
9.865061640739440918e-01
-5.782979726791381836e-01
-3.682529628276824951e-01
-2.310606390237808228e-01
-1.326398611068725586e+00
1.919665932655334473e-01
6.029922962188720703e-01
1.040982246398925781e+00
-6.668389439582824707e-01
-7.331957817077636719e-01
-1.048185862600803375e-02
-2.127803713083267212e-01
1.278083086013793945e+00
-6.843388080596923828e-01
-3.448647260665893555e-01
-1.362133026123046875e+00
-3.319637775421142578e-01
-6.177973747253417969e-01
-1.278746485710144043e+00
-3.127791583538055420e-01
-9.707645773887634277e-01
-1.280884742736816406e-01
-3.573055267333984375e-01
2.592424154281616211e-01
8.578011393547058105e-01
3.200303018093109131e-01
2.451422810554504395e-01
-4.054990410804748535e-01
-7.776689529418945312e-01
1.160200312733650208e-01
-3.780328929424285889e-01
5.524899959564208984e-01
4.664238095283508301e-01
-8.549827933311462402e-01
4.637469649314880371e-01
-4.489060044288635254e-01
-2.553117275238037109e-01
1.118773221969604492e+00
-4.223533272743225098e-01
-5.148582905530929565e-02
-7.951216697692871094e-01
1.218950390815734863e+00
7.567508816719055176e-01
-3.264282941818237305e-01
3.903552055358886719e+00
1.023545414209365845e-01
1.757745146751403809e+00
8.058456182479858398e-01
3.217091262340545654e-01
4.825308024883270264e-01
-1.031412601470947266e+00
1.670476675033569336e+00
-4.633133709430694580e-01
-7.824210524559020996e-01
9.660583734512329102e-02
-7.185027003288269043e-02
1.370464682579040527e+00
-2.248138003051280975e-02
9.611564874649047852e-02
-1.627736091613769531e-01
1.557313501834869385e-01
8.609712868928909302e-02
4.858265817165374756e-01
7.352595329284667969e-01
5.592921972274780273e-01
-1.629707336425781250e+00
-9.570998549461364746e-01
9.972155839204788208e-02
5.087049007415771484e-01
1.122466921806335449e+00
-5.017389059066772461e-01
1.129993200302124023e+00
-7.891586422920227051e-01
1.095230504870414734e-01
6.424416303634643555e-01
-1.679746747016906738e+00
-3.559460341930389404e-01
-8.048128485679626465e-01
1.236068457365036011e-01
5.742820501327514648e-01
8.637970685958862305e-01
1.066742658615112305e+00
-9.390591643750667572e-03
-5.369043350219726562e-01
2.224121093750000000e+00
3.453252017498016357e-01
2.953844889998435974e-02
2.876580059528350830e-01
-1.378785222768783569e-01
-4.026961326599121094e-01
-5.475725531578063965e-01
6.615508794784545898e-01
6.003537178039550781e-01
-7.267382144927978516e-01
2.433830797672271729e-01
2.554430365562438965e-01
3.434084057807922363e-01
2.761759236454963684e-02
4.900068938732147217e-01
1.394288837909698486e-01
-6.955262422561645508e-01
-9.535079002380371094e-01
-7.224599123001098633e-01
-1.261439442634582520e+00
-1.710137575864791870e-01
1.096531391143798828e+00
-8.121370673179626465e-01
-5.090026855468750000e-01
8.230521529912948608e-02
5.014394521713256836e-01
1.258399486541748047e+00
1.676372408866882324e+00
6.384912878274917603e-02
-5.917590111494064331e-02
4.228843152523040771e-01
-8.735783100128173828e-01
1.291906181722879410e-02
-8.434510827064514160e-01
-4.745428562164306641e-01
1.288620531558990479e-01
2.131110429763793945e-01
2.515344917774200439e-01
-9.138026833534240723e-01
5.822204947471618652e-01
7.087681293487548828e-01
3.443309664726257324e-01
-1.347260951995849609e+00
4.419620931148529053e-01
3.594745993614196777e-01
-1.978872299194335938e+00
3.579664826393127441e-01
-2.701289057731628418e-01
8.163364976644515991e-02
-2.160571098327636719e+00
1.517295360565185547e+00
-4.620246291160583496e-01
-9.900566339492797852e-01
7.884331941604614258e-01
-3.749661613255739212e-03
5.906670168042182922e-02
1.337286531925201416e-01
3.095204234123229980e-01
1.558660984039306641e+00
6.183933615684509277e-01
1.090894222259521484e+00
5.906355381011962891e-02
6.270043253898620605e-01
1.738458156585693359e+00
-7.750559449195861816e-01
1.738349437713623047e+00
2.391510456800460815e-01
-1.735294908285140991e-01
-1.778821945190429688e+00
1.021204113960266113e+00
4.591021835803985596e-01
-8.891933411359786987e-02
3.174798786640167236e-01
-1.756141148507595062e-02
-9.211584329605102539e-01
-6.735647320747375488e-01
1.004272401332855225e-01
-1.693419367074966431e-01
3.519541323184967041e-01
-7.466682195663452148e-01
1.463637948036193848e+00
-6.742812395095825195e-01
2.194992303848266602e+00
2.417045682668685913e-01
1.166250586509704590e+00
3.301123082637786865e-01
2.860984802246093750e-01
-2.810662388801574707e-01
-2.435105323791503906e+00
2.229019626975059509e-02
-1.350752711296081543e-01
9.089455008506774902e-01
4.113034009933471680e-01
-4.814494550228118896e-01
-1.291179656982421875e-01
-4.583955109119415283e-01
-6.910461187362670898e-02
1.677155733108520508e+00
-1.256207346916198730e+00
-1.765585690736770630e-01
1.159388661384582520e+00
-1.528399705886840820e+00
-7.793750762939453125e-01
3.978957235813140869e-01
-1.111619591712951660e+00
-1.120736449956893921e-01
-3.199867308139801025e-01
2.588965892791748047e+00
-6.217593550682067871e-01
-3.613415062427520752e-01
4.760650396347045898e-01
-2.141418009996414185e-01
-1.964636325836181641e+00
-1.274826049804687500e+00
-3.776616454124450684e-01
8.102668523788452148e-01
-4.301394820213317871e-01
1.089782789349555969e-01
-9.537833929061889648e-01
4.756462872028350830e-01
-1.607787370681762695e+00
7.845087908208370209e-03
3.755143880844116211e-01
-4.562668502330780029e-01
1.490430593490600586e+00
-1.156442403793334961e+00
1.956158638000488281e+00
-3.478029072284698486e-01
-5.906418561935424805e-01
4.019033610820770264e-01
5.118675827980041504e-01
-6.065742373466491699e-01
-3.446409106254577637e-01
1.340916514396667480e+00
-6.789122819900512695e-01
-6.835406273603439331e-02
8.511920571327209473e-01
-2.490081489086151123e-01
-2.384365946054458618e-01
-1.128606677055358887e+00
1.100733757019042969e+00
-1.457451224327087402e+00
-1.155251979827880859e+00
-1.014631748199462891e+00
3.687836229801177979e-01
-2.592443823814392090e-01
-2.214540988206863403e-01
-5.388185381889343262e-01
-2.586735785007476807e-01
1.209493517875671387e+00
1.135652780532836914e+00
5.102893710136413574e-01
5.254452228546142578e-01
7.244968414306640625e-01
5.940835475921630859e-01
1.090749502182006836e+00
-1.185254096984863281e+00
3.907085061073303223e-01
1.199736833572387695e+00
1.927060961723327637e+00
6.005430221557617188e-01
-2.946122176945209503e-02
-2.736002504825592041e-01
-3.863136172294616699e-01
-8.622490763664245605e-01
-2.446062862873077393e-01
-3.330750167369842529e-01
-7.515628933906555176e-01
-3.668178021907806396e-01
-6.908995509147644043e-01
-5.051030218601226807e-02
1.499795794486999512e+00
1.612993121147155762e+00
4.129494428634643555e-01
-6.396207809448242188e-01
-1.346460342407226562e+00
6.597342491149902344e-01
3.763341903686523438e-01
-2.887900471687316895e-01
-6.485077738761901855e-01
1.856249123811721802e-01
-1.216150000691413879e-01
-6.742341518402099609e-01
1.377711296081542969e+00
-3.520786166191101074e-01
2.017982006072998047e+00
-6.197963356971740723e-01
2.023490905761718750e+00
6.401029229164123535e-01
-2.350982189178466797e+00
-5.949550271034240723e-01
9.340085089206695557e-02
-2.562166452407836914e-01
-2.018552422523498535e-01
6.735198199748992920e-02
1.022562980651855469e+00
-6.759221553802490234e-01
-1.354485005140304565e-01
-5.222645401954650879e-01
-3.419662266969680786e-02
8.041920065879821777e-01
1.215872019529342651e-01
1.062258705496788025e-01
-9.724107980728149414e-01
-1.670673608779907227e+00
8.465983867645263672e-01
1.162166357040405273e+00
1.124602079391479492e+00
-7.623772025108337402e-01
1.162066608667373657e-01
9.841722249984741211e-01
-6.315809488296508789e-01
-5.761843323707580566e-01
1.025879144668579102e+00
-1.500968575477600098e+00
-4.471417069435119629e-01
-3.457594290375709534e-02
4.841363430023193359e-01
-8.078420758247375488e-01
-5.440350174903869629e-01
-2.688544094562530518e-01
3.012277185916900635e-01
4.987375438213348389e-01
7.188395857810974121e-01
7.773389220237731934e-01
-9.471718072891235352e-01
-2.770081460475921631e-01
2.982243895530700684e-01
2.618576884269714355e-01
3.882160484790802002e-01
-1.173825144767761230e+00
-5.154127255082130432e-02
-5.449386239051818848e-01
1.829734802246093750e+00
-3.387418985366821289e-01
-4.642528593540191650e-01
2.949635982513427734e+00
-1.379931330680847168e+00
5.626660585403442383e-01
1.320011854171752930e+00
-1.002697706222534180e+00
-3.746271729469299316e-01
-1.024568319320678711e+00
-8.696232736110687256e-02
-6.966335773468017578e-01
-1.253010153770446777e+00
2.546588331460952759e-02
-4.111071228981018066e-01
-2.611258327960968018e-01
1.555007338523864746e+00
4.632065296173095703e-01
5.180800333619117737e-03
-1.212627172470092773e+00
-8.631078004837036133e-01
-1.682177662849426270e+00
-5.103597044944763184e-01
1.204490780830383301e+00
3.069363534450531006e-01
-3.747596964240074158e-02
-7.179983854293823242e-01
1.255139827728271484e+00
1.375030577182769775e-01
-1.287250041961669922e+00
-5.254464149475097656e-01
7.909281253814697266e-01
-2.589059591293334961e+00
-7.397171854972839355e-01
-6.822882890701293945e-01
6.914985775947570801e-01
-7.244949340820312500e-01
1.452983021736145020e+00
5.030483007431030273e-01
-4.588766098022460938e-01
6.944336295127868652e-01
-3.106763064861297607e-01
9.771836996078491211e-01
-5.457096099853515625e-01
1.052713245153427124e-01
-1.030267715454101562e+00
-9.956954419612884521e-02
-8.440231680870056152e-01
2.999109625816345215e-01
-6.383821964263916016e-01
8.385365456342697144e-02
1.056722998619079590e+00
1.075808644294738770e+00
1.586571455001831055e+00
6.577070355415344238e-01
1.174809575080871582e+00
6.273555755615234375e-01
-1.532652735710144043e+00
1.939333558082580566e+00
1.181230545043945312e+00
-1.014916181564331055e+00
-7.751128077507019043e-01
1.003142833709716797e+00
3.097221553325653076e-01
-1.127926230430603027e+00
-4.195787310600280762e-01
-1.310191154479980469e+00
-6.418628692626953125e-01
-7.474688887596130371e-01
1.217184811830520630e-01
8.355439305305480957e-01
1.290137290954589844e+00
7.159382700920104980e-01
-2.859264612197875977e+00
-5.845601558685302734e-01
2.556070871651172638e-02
-2.061803936958312988e-01
3.047290146350860596e-01
5.269694328308105469e-01
3.411720395088195801e-01
-4.236228764057159424e-01
-5.712591409683227539e-01
2.713560760021209717e-01
-9.993560314178466797e-01
7.744002938270568848e-01
5.099900960922241211e-01
4.371704757213592529e-01
1.905179023742675781e-01
-5.578227639198303223e-01
1.928679049015045166e-01
7.541056871414184570e-01
2.557417750358581543e-01
1.147762417793273926e+00
1.251681685447692871e+00
1.214714527130126953e+00
3.213003277778625488e-01
-8.806537389755249023e-01
3.544327914714813232e-01
3.238681554794311523e-01
5.702849626541137695e-01
1.999496221542358398e-01
-1.705690026283264160e+00
7.203953862190246582e-01
-1.201089262962341309e+00
2.445194005966186523e+00
-1.050313860177993774e-01
4.833701252937316895e-01
4.610480368137359619e-01
-2.683660984039306641e+00
1.008788347244262695e+00
-1.254768967628479004e+00
-1.493389725685119629e+00
-3.067432940006256104e-01
4.921825528144836426e-01
-2.134021371603012085e-01
5.984045267105102539e-01
2.768056690692901611e-01
1.776708126068115234e+00
-5.942261219024658203e-01
-1.524684548377990723e+00
-3.652470409870147705e-01
-4.700983166694641113e-01
-8.990812301635742188e-02
-1.058782935142517090e+00
3.531111404299736023e-02
1.892888545989990234e-01
-9.098778665065765381e-02
7.166487574577331543e-01
-1.173945903778076172e+00
-7.377327084541320801e-01
-1.550542376935482025e-02
-6.182377338409423828e-01
8.316658735275268555e-01
-2.217863649129867554e-01
-1.592682451009750366e-01
-1.514372706413269043e+00
-5.404874682426452637e-01
1.449085325002670288e-01
4.509266316890716553e-01
-2.859244048595428467e-01
-7.806825041770935059e-01
6.157274246215820312e-01
7.214628458023071289e-01
4.999622404575347900e-01
-1.460344910621643066e+00
-1.943782567977905273e+00
-8.162847161293029785e-01
-3.134642601013183594e+00
3.375343382358551025e-01
-1.030066251754760742e+00
1.590080976486206055e+00
8.569760918617248535e-01
2.269907444715499878e-01
-1.117516040802001953e+00
-4.901555776596069336e-01
1.342483520507812500e+00
-3.172101676464080811e-01
-2.774189040064811707e-02
1.081384778022766113e+00
6.239706873893737793e-01
-3.381827473640441895e-02
-1.390867084264755249e-01
-2.073162980377674103e-02
7.448600530624389648e-01
2.394929975271224976e-01
4.613911151885986328e+00
3.004710376262664795e-01
-2.456629991531372070e+00
2.211299389600753784e-01
-4.519360065460205078e-01
-5.669888257980346680e-01
-4.670679867267608643e-01
-2.995893657207489014e-01
-1.033272221684455872e-01
3.506200015544891357e-01
-1.206222534179687500e+00
2.941735461354255676e-02
-1.383541226387023926e-01
-8.094138503074645996e-01
-1.320971131324768066e+00
1.551300764083862305e+00
-6.545749306678771973e-02
8.653306961059570312e-01
1.634719848632812500e+00
-1.450623512268066406e+00
-1.180501580238342285e+00
-4.689317345619201660e-01
-6.339342594146728516e-01
-3.669128417968750000e-01
-6.514678001403808594e-01
-9.123710989952087402e-01
-1.725034236907958984e+00
-1.284700036048889160e+00
1.628379076719284058e-01
6.703215241432189941e-01
7.568212151527404785e-01
5.925761461257934570e-01
-3.212692588567733765e-02
1.177517771720886230e+00
7.410944104194641113e-01
-1.008494853973388672e+00
4.948207736015319824e-01
7.309957742691040039e-01
7.319646477699279785e-01
2.823710143566131592e-01
-1.209301710128784180e+00
-4.727200046181678772e-02
1.080259680747985840e+00
1.713110566139221191e+00
1.015513658523559570e+00
-4.295395314693450928e-01
4.952946305274963379e-01
-1.335601091384887695e+00
-5.188788175582885742e-01
1.034901499748229980e+00
-2.606580495834350586e+00
-1.907571911811828613e+00
-4.096445143222808838e-01
-2.323371544480323792e-02
-1.344718933105468750e-01
5.470950603485107422e-01
-1.954588770866394043e+00
1.317017436027526855e+00
-1.276850700378417969e+00
-1.254467487335205078e+00
-1.505996704101562500e+00
3.008396625518798828e-01
