-7.282782196998596191e-01
1.741787314414978027e+00
-1.606851935386657715e+00
-2.668084144592285156e+00
1.325526237487792969e+00
-6.879266500473022461e-01
8.453108668327331543e-01
-6.666246652603149414e-01
-4.995537400245666504e-01
1.528939008712768555e+00
2.459994792938232422e+00
-6.640676856040954590e-01
6.580279767513275146e-02
-3.302660584449768066e-01
6.759331226348876953e-01
-2.418690443038940430e+00
-7.327824831008911133e-02
-1.269041933119297028e-02
-8.645852208137512207e-01
8.077452778816223145e-01
2.749243497848510742e+00
-1.696543246507644653e-01
7.957734465599060059e-01
6.641591340303421021e-02
5.285270214080810547e-01
-8.705102801322937012e-01
-5.288659334182739258e-01
-7.304979562759399414e-01
-9.376580268144607544e-02
-5.354883149266242981e-02
-5.776092410087585449e-01
2.017609596252441406e+00
3.854764625430107117e-02
1.324058175086975098e-01
1.016941070556640625e+00
8.601132035255432129e-01
-8.898344039916992188e-01
-3.004213094711303711e+00
4.110156372189521790e-02
1.360499858856201172e+00
7.135150581598281860e-02
-1.244895100593566895e+00
-1.008949875831604004e+00
1.383363723754882812e+00
2.935150861740112305e-01
1.112900137901306152e+00
-9.642323851585388184e-01
-1.242273211479187012e+00
-5.743311643600463867e-01
3.498014807701110840e-01
-2.806065678596496582e-01
-2.250169366598129272e-01
-3.965126574039459229e-01
-4.638105928897857666e-01
-3.250732898712158203e+00
-5.091300010681152344e-01
7.977809309959411621e-01
2.525183558464050293e-01
-1.055177971720695496e-01
1.147367358207702637e-01
-1.401019573211669922e+00
-9.976589083671569824e-01
-2.113271951675415039e-01
1.471343755722045898e+00
-8.421902060508728027e-01
-1.189988404512405396e-01
-7.740924954414367676e-01
1.579030394554138184e+00
-4.412951171398162842e-01
-1.862641453742980957e+00
-4.072377681732177734e-01
-2.309395313262939453e+00
-3.724649667739868164e+00
3.805666565895080566e-01
1.937648534774780273e+00
3.465797305107116699e-01
-5.107631087303161621e-01
-6.707242727279663086e-01
8.890853263437747955e-03
9.526120424270629883e-01
9.039097428321838379e-01
2.740966320037841797e+00
-1.067659258842468262e+00
4.415363371372222900e-01
2.595036625862121582e-01
-4.788050949573516846e-01
-1.877276062965393066e+00
2.361738868057727814e-02
-5.251774191856384277e-01
2.273409254848957062e-02
-8.400501012802124023e-01
-1.132129430770874023e+00
1.559206545352935791e-01
-1.093614548444747925e-01
-1.676734209060668945e+00
-2.688173055648803711e+00
2.116132020950317383e+00
-1.014117360115051270e+00
8.521377444267272949e-01
4.123809337615966797e+00
-2.094251871109008789e+00
-9.832530021667480469e-01
-5.259257555007934570e-01
1.088059768080711365e-01
1.156271576881408691e+00
-9.265803098678588867e-01
-1.624191999435424805e+00
-2.122531890869140625e+00
-1.960171759128570557e-01
3.862261027097702026e-02
1.277275443077087402e+00
8.398851156234741211e-01
-1.376058101654052734e+00
-6.724225282669067383e-01
-8.038259148597717285e-01
-1.820539593696594238e+00
-5.747680664062500000e-01
-9.354307651519775391e-01
2.465640455484390259e-01
1.895541787147521973e+00
-6.365314722061157227e-01
5.214769840240478516e-01
-3.015271902084350586e+00
-2.604746818542480469e-01
8.087102770805358887e-01
-1.012305498123168945e+00
1.355777531862258911e-01
-1.151267528533935547e+00
1.330632567405700684e+00
8.473781347274780273e-01
2.077218532562255859e+00
-2.396265029907226562e+00
-4.288514554500579834e-01
-1.156512349843978882e-01
4.703130424022674561e-01
-2.710188627243041992e+00
1.702403426170349121e+00
-3.782388195395469666e-02
-3.031712174415588379e-01
6.816364526748657227e-01
-2.224307298660278320e+00
5.570630356669425964e-02
9.270854592323303223e-01
-1.472754240036010742e+00
1.169976592063903809e+00
6.100676655769348145e-01
2.193056106567382812e+00
1.755793213844299316e+00
-3.506093621253967285e-01
7.725198268890380859e-01
-5.165311098098754883e-01
9.653226137161254883e-01
6.989925503730773926e-01
2.307762652635574341e-01
1.916900992393493652e+00
-8.863131403923034668e-01
1.507388114929199219e+00
8.528729677200317383e-01
-8.227355480194091797e-01
1.456284373998641968e-01
-6.332485079765319824e-01
-4.542151689529418945e-01
-1.300515651702880859e+00
-1.308284521102905273e+00
-1.562977910041809082e+00
-1.463872343301773071e-01
-6.004638671875000000e-01
2.926141619682312012e-01
-1.682329624891281128e-01
8.639884591102600098e-01
4.965218901634216309e-01
-4.361680150032043457e-01
6.241079568862915039e-01
1.024727582931518555e+00
-6.182992830872535706e-02
7.347098588943481445e-01
-1.177751064300537109e+00
6.589730829000473022e-02
2.719625234603881836e-01
1.546026706695556641e+00
4.648199379444122314e-01
-7.920587062835693359e-01
3.118365406990051270e-01
-2.908125147223472595e-02
1.459769606590270996e+00
-1.971760511398315430e+00
-2.586797237396240234e+00
5.412096381187438965e-01
7.611306905746459961e-01
-4.816387891769409180e-01
3.597258925437927246e-01
-6.534640789031982422e-01
1.431644201278686523e+00
7.167757153511047363e-01
-1.315010190010070801e+00
-5.529072284698486328e-01
9.257754087448120117e-01
-2.642036080360412598e-01
-9.751868993043899536e-02
-1.993950843811035156e+00
1.416429281234741211e+00
4.997502267360687256e-01
1.349162101745605469e+00
-1.647125005722045898e+00
-3.042736649513244629e-01
-4.157920181751251221e-01
-7.117177546024322510e-02
-1.178504899144172668e-01
-6.055982708930969238e-01
8.592314720153808594e-01
-1.645811200141906738e+00
-1.132422804832458496e+00
1.448042035102844238e+00
-1.004187539219856262e-01
1.854129880666732788e-01
2.291159391403198242e+00
-3.590909957885742188e+00
-2.622840404510498047e+00
-1.892289996147155762e+00
1.233567833900451660e+00
1.252059102058410645e+00
8.785230517387390137e-01
-2.334028035402297974e-01
-1.305264949798583984e+00
3.071305036544799805e+00
1.780247092247009277e+00
5.346212387084960938e-01
-8.978167176246643066e-02
-1.271121352910995483e-01
-3.242293000221252441e-02
1.192862749099731445e+00
1.121495246887207031e+00
-6.257903575897216797e-01
3.863535225391387939e-01
1.007765650749206543e+00
5.310797691345214844e-01
7.224847376346588135e-02
7.346281409263610840e-01
9.694877266883850098e-01
-1.049603939056396484e+00
6.005057096481323242e-01
-1.392570883035659790e-01
-1.845002770423889160e+00
1.378584265708923340e+00
-1.235197067260742188e+00
-1.430965900421142578e+00
-5.446926876902580261e-02
-8.231981992721557617e-01
1.316555142402648926e-01
-9.737845510244369507e-02
-7.274044752120971680e-01
4.458729624748229980e-01
-3.195324242115020752e-01
-6.783729884773492813e-03
-6.113512516021728516e-01
-7.505297660827636719e-01
-6.483399271965026855e-01
1.729930520057678223e+00
2.006474256515502930e+00
1.763673067092895508e+00
-3.171091079711914062e-01
-7.860760688781738281e-01
-1.273354172706604004e+00
9.063923954963684082e-01
8.650933206081390381e-02
2.153190851211547852e+00
2.872510194778442383e+00
-1.454988598823547363e+00
6.737117290496826172e+00
-1.328223705291748047e+00
-6.367046833038330078e-01
9.215198159217834473e-01
1.462107658386230469e+00
-8.178797364234924316e-01
-1.462823390960693359e+00
1.798672676086425781e+00
4.358915686607360840e-01
-2.119582176208496094e+00
-2.740967512130737305e+00
6.241376399993896484e-01
-5.518468022346496582e-01
-1.606573462486267090e+00
3.121903240680694580e-01
-1.410555839538574219e-01
7.996575832366943359e-01
-6.436797380447387695e-01
-4.417426511645317078e-02
6.753368377685546875e-01
-3.957538008689880371e-01
-1.166824936866760254e+00
3.426840063184499741e-03
1.263032197952270508e+00
4.772064387798309326e-01
1.876346468925476074e+00
1.076135635375976562e-01
1.515106558799743652e+00
1.325894892215728760e-01
-1.062848925590515137e+00
-1.918988674879074097e-01
-2.610565662384033203e+00
-6.163820624351501465e-01
-8.405687212944030762e-01
1.106560111045837402e+00
-1.666516512632369995e-01
7.901681065559387207e-01
-3.121279776096343994e-01
2.481745958328247070e+00
3.586949035525321960e-02
-3.576854709535837173e-03
5.148535370826721191e-01
-3.854327201843261719e-01
9.706581234931945801e-01
1.057938456535339355e+00
1.116961479187011719e+00
-3.479837179183959961e-01
4.595871269702911377e-01
1.617293804883956909e-01
-1.488731741905212402e+00
9.688008427619934082e-01
3.439351916313171387e-01
-9.480706602334976196e-02
-1.083263516426086426e+00
-5.966218188405036926e-03
-7.306143641471862793e-01
-1.423405528068542480e+00
-6.341800689697265625e-01
-1.316898465156555176e-01
-1.488574385643005371e+00
-1.202511414885520935e-01
3.718312740325927734e+00
-1.916374325752258301e+00
1.355441927909851074e+00
4.236898720264434814e-01
-7.739081047475337982e-03
7.984467148780822754e-01
6.432170514017343521e-03
-8.817155361175537109e-01
2.777539789676666260e-01
-2.411347441375255585e-02
-5.277057886123657227e-01
-1.356589317321777344e+00
3.041801750659942627e-01
-5.252359434962272644e-03
6.518628001213073730e-01
-2.235946178436279297e+00
-1.317098379135131836e+00
-1.315828919410705566e+00
-1.956824064254760742e-01
-1.305846214294433594e+00
-8.505408465862274170e-02
6.486170291900634766e-01
3.556607961654663086e-01
9.368182420730590820e-01
-2.678216099739074707e-01
1.209432244300842285e+00
-2.393727004528045654e-01
8.326995372772216797e-01
-2.780205488204956055e+00
1.125946164131164551e+00
-6.138888001441955566e-01
-7.644581049680709839e-02
1.977355957031250000e+00
-1.184625864028930664e+00
-1.050194978713989258e+00
2.022277832031250000e+00
-1.269799947738647461e+00
1.424168825149536133e+00
6.631143856793642044e-03
-3.419105112552642822e-01
1.945119142532348633e+00
2.759539186954498291e-01
2.530820608139038086e+00
-5.552156567573547363e-01
-8.513363599777221680e-01
6.001776456832885742e-01
-6.135774850845336914e-01
5.984643697738647461e-01
1.053898707032203674e-01
1.219668149948120117e+00
9.261290431022644043e-01
3.566197752952575684e-01
1.390966892242431641e+00
1.033990025520324707e+00
-1.180892959237098694e-01
-3.989608287811279297e-01
1.545768231153488159e-01
3.463466465473175049e-01
-2.211506605148315430e+00
1.363862514495849609e+00
1.712273657321929932e-01
1.656880140304565430e+00
1.117527127265930176e+00
2.207526683807373047e+00
-1.114802360534667969e+00
1.396382093429565430e+00
-4.262620210647583008e-01
-1.322016239166259766e+00
7.763314247131347656e-02
-1.346112847328186035e+00
7.457261681556701660e-01
7.867106199264526367e-01
-1.015421822667121887e-01
-1.212904214859008789e+00
-1.711776494979858398e+00
-2.094799280166625977e+00
1.341471195220947266e+00
-2.271580457687377930e+00
1.590861201286315918e+00
-4.176678955554962158e-01
-1.453648447990417480e+00
3.450784683227539062e-01
8.393688201904296875e-01
-1.045039817690849304e-01
6.747160553932189941e-01
-1.111472606658935547e+00
6.867327094078063965e-01
-8.144082427024841309e-01
-5.266507863998413086e-01
-6.898618936538696289e-01
5.600857734680175781e-02
-7.355977296829223633e-01
-1.243293166160583496e+00
4.099144041538238525e-01
-2.316080331802368164e+00
9.666056036949157715e-01
1.454643487930297852e+00
-1.778925955295562744e-01
1.670427083969116211e+00
-6.937680244445800781e-01
-8.069967627525329590e-01
5.129587650299072266e-01
-1.195683360099792480e+00
5.808404684066772461e-01
-2.263890027999877930e+00
7.302854061126708984e-01
4.324987828731536865e-01
-1.252453446388244629e+00
7.696309685707092285e-01
6.653867959976196289e-01
2.470206767320632935e-01
-5.773664116859436035e-01
7.491735816001892090e-01
3.136411309242248535e-01
-1.615257859230041504e-01
1.760877609252929688e+00
1.363376617431640625e+00
4.993002414703369141e-01
2.882546782493591309e-01
1.877593994140625000e+00
-2.708388328552246094e+00
-4.244720041751861572e-01
-2.140401601791381836e-01
-1.306385695934295654e-01
-1.018188223242759705e-01
1.789089083671569824e+00
-9.641929268836975098e-01
-2.143581390380859375e+00
-2.398093491792678833e-01
-9.436347484588623047e-01
1.337958097457885742e+00
2.086719274520874023e+00
9.033705592155456543e-01
1.339148283004760742e-01
-1.856817603111267090e-01
-3.453781008720397949e-01
-8.209546208381652832e-01
-3.731508553028106689e-01
1.272607892751693726e-01
3.530907034873962402e-01
1.288040161132812500e+00
1.551607608795166016e+00
-3.332785964012145996e-01
-1.421540737152099609e+00
1.282803118228912354e-01
-2.117265701293945312e+00
-3.989008665084838867e-01
4.340647459030151367e-01
4.118021726608276367e-01
1.226082324981689453e+00
1.750591754913330078e+00
-6.211253404617309570e-01
1.250589609146118164e+00
-6.405317187309265137e-01
-3.738794922828674316e-01
5.757468938827514648e-01
9.381259679794311523e-01
-1.337721943855285645e+00
7.314072847366333008e-01
1.038029044866561890e-01
-8.565195202827453613e-01
-1.208729743957519531e+00
-2.367123365402221680e-01
-2.503573894500732422e-01
-2.504776418209075928e-01
4.316166341304779053e-01
6.248365044593811035e-01
1.697698086500167847e-01
-9.201195240020751953e-01
1.901463121175765991e-01
-1.387377858161926270e+00
2.680754959583282471e-01
6.063317656517028809e-01
-2.207172662019729614e-01
8.748264908790588379e-01
2.750642597675323486e-01
3.464907109737396240e-01
-1.395170569419860840e+00
6.221119165420532227e-01
-5.357210636138916016e-01
1.396856069564819336e+00
-8.223385810852050781e-01
-1.060919523239135742e+00
7.242089509963989258e-01
-5.865996479988098145e-01
3.023998737335205078e-01
-7.068645954132080078e-02
-7.001460194587707520e-01
-7.009750008583068848e-01
-1.151843547821044922e+00
1.094049811363220215e+00
-2.056794762611389160e-01
5.587021112442016602e-01
-1.812455534934997559e+00
-5.747219920158386230e-01
-1.726875782012939453e+00
-1.641741037368774414e+00
-7.685286998748779297e-01
-4.883888065814971924e-01
7.597837448120117188e-01
-1.549576044082641602e+00
7.186493873596191406e-01
-1.057964920997619629e+00
8.901931047439575195e-01
-1.497786283493041992e+00
-6.860425472259521484e-01
1.294011473655700684e+00
8.504946231842041016e-01
4.479278624057769775e-01
1.068841099739074707e+00
-4.159457385540008545e-01
1.111095070838928223e+00
1.727779150009155273e+00
-5.227894783020019531e-01
-1.371894180774688721e-01
2.231269359588623047e+00
-3.634207844734191895e-01
1.650856256484985352e+00
1.588189959526062012e+00
-6.631270647048950195e-01
-1.301993727684020996e+00
-6.859424710273742676e-01
1.150256276130676270e+00
-2.045201778411865234e+00
-1.555042505264282227e+00
1.084747314453125000e+00
1.953016519546508789e+00
7.364673018455505371e-01
2.214927673339843750e+00
6.770415902137756348e-01
-2.397544384002685547e+00
-1.000459671020507812e+00
1.561972379684448242e+00
-1.344860076904296875e+00
9.476767182350158691e-01
6.495869159698486328e-01
-4.648641049861907959e-01
8.818417787551879883e-01
5.182598531246185303e-02
1.325722217559814453e+00
-1.459079027175903320e+00
1.025141596794128418e+00
6.283426284790039062e-01
-7.870788872241973877e-02
-1.340784668922424316e+00
3.465419709682464600e-01
1.374405384063720703e+00
-1.129375457763671875e+00
-4.926728606224060059e-01
4.050093237310647964e-03
-1.160817623138427734e+00
-7.871244549751281738e-01
1.009034872055053711e+00
-2.879317151382565498e-03
1.225106954574584961e+00
-2.949593365192413330e-01
-8.562367558479309082e-01
-1.053866744041442871e+00
-1.834704518318176270e+00
-2.481962442398071289e-01
1.852859370410442352e-02
-3.829477131366729736e-01
1.578369021415710449e+00
1.703806281089782715e+00
-6.978387832641601562e-01
2.000950098037719727e+00
2.529472410678863525e-01
2.221926689147949219e+00
3.911248147487640381e-01
7.683991193771362305e-01
-5.957956910133361816e-01
-5.420181155204772949e-01
-1.212756633758544922e+00
-6.567586064338684082e-01
5.157901644706726074e-01
1.577567607164382935e-01
-7.824775576591491699e-02
-2.271341718733310699e-02
-7.487854361534118652e-01
1.494129151105880737e-01
8.538343906402587891e-01
1.822862267494201660e+00
-8.945000171661376953e-02
4.317389726638793945e-01
1.990264415740966797e+00
-1.764501929283142090e+00
-5.618191361427307129e-01
7.011179924011230469e-01
-1.823031187057495117e+00
1.006072044372558594e+00
4.762457907199859619e-01
3.520569950342178345e-02
1.392790377140045166e-01
8.337998390197753906e-01
6.205625534057617188e-01
-1.376199841499328613e+00
1.559734225273132324e+00
8.883088231086730957e-01
1.264388918876647949e+00
2.027194350957870483e-01
3.654112517833709717e-01
1.527035951614379883e+00
-1.605981826782226562e+00
1.218897342681884766e+00
5.637805461883544922e-01
1.918351769447326660e+00
-2.450529672205448151e-02
7.142679095268249512e-01
1.314724922180175781e+00
-8.442135155200958252e-02
-2.276814728975296021e-02
3.347171247005462646e-01
1.554366588592529297e+00
1.228631615638732910e+00
8.291753530502319336e-01
-7.773118019104003906e-01
1.089642047882080078e+00
-5.062486529350280762e-01
4.684345722198486328e-01
1.213376283645629883e+00
-1.572430610656738281e+00
7.817703485488891602e-01
1.389636192470788956e-03
-1.358628153800964355e+00
-4.316900968551635742e-01
-1.360497117042541504e+00
8.622735738754272461e-01
-1.532464623451232910e+00
-4.190465807914733887e-01
6.971024274826049805e-01
-1.903380393981933594e+00
1.293642520904541016e-01
-5.070293545722961426e-01
6.088241338729858398e-01
1.754781126976013184e+00
-8.902077078819274902e-01
3.019158840179443359e-01
1.237995386123657227e+00
1.098883748054504395e+00
5.756148695945739746e-01
-1.431890964508056641e+00
-1.152016878128051758e+00
1.529987096786499023e+00
-2.762753725051879883e+00
3.782065629959106445e+00
3.378533292561769485e-03
3.171577155590057373e-01
-2.618063390254974365e-01
-3.648047521710395813e-02
3.956271708011627197e-01
-1.417494416236877441e+00
-7.519338130950927734e-01
-1.133234500885009766e+00
1.774848222732543945e+00
4.477401077747344971e-01
-4.025742709636688232e-01
8.897037506103515625e-01
5.800658464431762695e-02
-7.495738267898559570e-01
-6.241752147674560547e+00
-1.284026950597763062e-01
-2.195605754852294922e+00
-1.265182495117187500e+00
2.033886432647705078e+00
-1.199118018150329590e+00
-2.931784987449645996e-01
1.230857610702514648e+00
3.407628238201141357e-01
-1.435301184654235840e+00
9.361329078674316406e-01
3.062123060226440430e-01
2.823920547962188721e-01
8.054252266883850098e-01
8.733440637588500977e-01
-5.445764958858489990e-02
5.384218692779541016e-01
3.667321205139160156e-01
4.683993339538574219e+00
3.222823441028594971e-01
-4.541500568389892578e+00
1.238800048828125000e+00
-3.177924454212188721e-01
-9.416212141513824463e-02
-1.100048065185546875e+00
1.030349969863891602e+00
-6.830217838287353516e-01
8.380723595619201660e-01
-1.140211299061775208e-01
4.106218367815017700e-02
-8.127675652503967285e-01
-7.573231458663940430e-01
-1.482828736305236816e+00
1.194283246994018555e+00
-5.016687512397766113e-02
1.102755546569824219e+00
6.168690323829650879e-01
2.145437896251678467e-01
2.911491394042968750e-01
-4.252706468105316162e-01
-2.531678080558776855e-01
5.027188062667846680e-01
3.512508273124694824e-01
-4.043540000915527344e+00
-1.000839710235595703e+00
-1.818325042724609375e+00
5.920864939689636230e-01
1.190212368965148926e+00
5.327619314193725586e-01
-1.574577331542968750e+00
2.697311937808990479e-01
1.508765965700149536e-01
-7.778688669204711914e-01
-8.420962095260620117e-01
1.490661501884460449e+00
1.916711091995239258e+00
-8.634033203125000000e-01
-1.293916106224060059e+00
-3.940831422805786133e-01
-8.161640167236328125e-01
7.687346935272216797e-01
5.585686564445495605e-01
7.379021048545837402e-01
-2.708448767662048340e-01
-5.939778313040733337e-02
1.610456705093383789e+00
-9.499719738960266113e-01
1.455764651298522949e+00
-2.296502590179443359e+00
-1.352450489997863770e+00
-1.802333474159240723e+00
3.427538573741912842e-01
-1.093962073326110840e+00
-3.728210031986236572e-01
-2.588028430938720703e+00
2.373199701309204102e+00
-1.278291940689086914e+00
-8.486099839210510254e-01
-2.116516828536987305e+00
2.129402160644531250e+00
