1.936697125434875488e+00
1.213239789009094238e+00
1.117660403251647949e+00
1.978302001953125000e-01
-1.124568209052085876e-01
-5.473025441169738770e-01
-5.306432843208312988e-01
4.251419901847839355e-01
-1.203516840934753418e+00
-2.861621379852294922e-01
9.590271711349487305e-01
-2.453269064426422119e-02
4.499189257621765137e-01
6.274901628494262695e-01
1.118877291679382324e+00
-2.150706768035888672e+00
-8.906751275062561035e-01
-7.653892636299133301e-01
7.819479107856750488e-01
-4.920814335346221924e-01
1.635381698608398438e+00
2.592345476150512695e-01
6.523278355598449707e-01
-3.677980303764343262e-01
1.706559300422668457e+00
-7.682909369468688965e-01
5.224064588546752930e-01
1.931409001350402832e+00
-5.113315582275390625e-01
3.151219189167022705e-01
-1.239126205444335938e+00
-7.706924527883529663e-02
-9.491944909095764160e-01
3.765708804130554199e-01
3.170699477195739746e-01
-1.526160359382629395e+00
-1.088743686676025391e+00
-5.179712772369384766e-01
-2.644481137394905090e-02
1.289482265710830688e-01
-1.247678637504577637e+00
-6.723647713661193848e-01
1.563395380973815918e+00
9.231576919555664062e-01
7.865953445434570312e-01
-1.706061244010925293e+00
-1.229018211364746094e+00
-8.889042735099792480e-01
-7.922747135162353516e-01
8.837642669677734375e-01
-1.570518463850021362e-01
-3.417254611849784851e-02
4.009789824485778809e-01
6.243237853050231934e-01
2.495060920715332031e+00
-1.065606236457824707e+00
-2.027337253093719482e-01
-1.384347200393676758e+00
-9.385795332491397858e-03
6.737059950828552246e-01
2.747862577438354492e+00
7.337867617607116699e-01
1.539975166320800781e+00
-1.151562202721834183e-03
-6.511588692665100098e-01
-5.756747126579284668e-01
1.639984846115112305e-01
6.291229724884033203e-01
1.311931371688842773e+00
-3.784890770912170410e-01
-9.355221688747406006e-02
1.732636243104934692e-01
-3.262867927551269531e-01
-9.456922411918640137e-01
4.918074980378150940e-02
-2.498581856489181519e-01
-8.100453615188598633e-01
6.690725684165954590e-02
5.451870560646057129e-01
5.858196616172790527e-01
-4.974214136600494385e-01
-1.033410787582397461e+00
-2.604913115501403809e-01
-5.012583732604980469e-01
-6.409508585929870605e-01
6.445156931877136230e-01
-5.138269662857055664e-01
1.005059257149696350e-01
-7.849547863006591797e-01
-3.803046941757202148e-01
-1.946155786514282227e+00
-3.144772052764892578e-01
-2.531598210334777832e-01
1.627286076545715332e+00
8.621976375579833984e-01
2.004711031913757324e-01
-5.502308607101440430e-01
-2.290751226246356964e-02
-7.081069946289062500e-01
7.029020190238952637e-01
-6.825186014175415039e-01
-3.463852703571319580e-01
3.915471434593200684e-01
4.260725900530815125e-02
-1.593038439750671387e-01
-5.842827260494232178e-02
-1.186944842338562012e+00
1.946780204772949219e+00
-1.165567934513092041e-01
-1.881589889526367188e-01
-2.983516454696655273e-01
-2.448316477239131927e-02
-1.000163435935974121e+00
-6.631444096565246582e-01
-5.043869614601135254e-01
-1.081080794334411621e+00
-6.698925495147705078e-01
-1.670019984245300293e+00
5.020295977592468262e-01
9.764505624771118164e-01
-4.946984946727752686e-01
1.530736684799194336e+00
-2.613475322723388672e+00
6.554426550865173340e-01
2.857266664505004883e-01
-2.725329697132110596e-01
1.486390471458435059e+00
6.241141557693481445e-01
8.375015854835510254e-02
4.949980974197387695e-02
1.986912190914154053e-01
-1.094589948654174805e+00
5.371763706207275391e-01
1.950314939022064209e-01
-1.170903921127319336e+00
-1.122825294733047485e-01
8.574309945106506348e-01
-4.369369149208068848e-01
-9.341119527816772461e-01
-9.526094049215316772e-02
3.630367815494537354e-01
-9.655279517173767090e-01
1.300943493843078613e+00
9.565654397010803223e-01
-6.074656918644905090e-02
6.721763610839843750e-01
-6.969393044710159302e-02
-3.879213631153106689e-01
8.572744131088256836e-01
-4.008214473724365234e-01
8.983872085809707642e-02
2.357816696166992188e+00
1.057895898818969727e+00
1.694923825562000275e-02
1.372596144676208496e+00
-6.869495511054992676e-01
-2.258642911911010742e+00
-7.757403254508972168e-01
-2.757519483566284180e-01
2.442206889390945435e-01
-6.693671345710754395e-01
-5.292609333992004395e-01
-2.007240504026412964e-01
-9.945831894874572754e-01
-1.099795103073120117e+00
-1.359094858169555664e+00
-3.028162419795989990e-01
2.512269914150238037e-01
1.490870863199234009e-01
3.825100883841514587e-02
-1.099589586257934570e+00
5.656952857971191406e-01
-2.056734800338745117e+00
1.312497854232788086e+00
1.670773863792419434e+00
1.409734338521957397e-01
1.177155017852783203e+00
2.945027351379394531e-01
-2.179862409830093384e-01
4.383901953697204590e-01
-8.993771672248840332e-01
-8.046206086874008179e-02
3.575296700000762939e-01
-8.022431135177612305e-01
-1.320911884307861328e+00
-4.680859148502349854e-01
-1.261376619338989258e+00
-4.554072916507720947e-01
3.760882616043090820e-01
1.109185218811035156e+00
8.538981527090072632e-02
2.050527334213256836e-01
-6.864181756973266602e-01
6.337620615959167480e-01
1.130338311195373535e-01
-2.906233966350555420e-01
-8.477955311536788940e-02
2.535739660263061523e+00
8.315663784742355347e-02
-1.603822231292724609e+00
5.911037921905517578e-01
9.115399122238159180e-01
8.803172707557678223e-01
-7.449632883071899414e-01
1.426747441291809082e+00
-1.283515989780426025e-01
9.935847520828247070e-01
-1.182578921318054199e+00
9.373072385787963867e-01
-8.333242535591125488e-01
-4.176020026206970215e-01
-4.070664644241333008e-01
3.316355049610137939e-01
-2.470475062727928162e-02
4.274558126926422119e-01
3.105086088180541992e-01
1.791248798370361328e+00
-5.240898132324218750e-01
-6.067870259284973145e-01
-5.272195935249328613e-01
-4.146898631006479263e-03
1.243453145027160645e+00
1.926373094320297241e-01
2.912472188472747803e-01
6.795707345008850098e-01
8.148438930511474609e-01
1.134134888648986816e+00
2.108847498893737793e-01
-4.623615145683288574e-01
-9.200783371925354004e-01
-3.407031595706939697e-01
-8.044201731681823730e-01
-1.724350154399871826e-01
8.091216087341308594e-01
3.982454165816307068e-02
1.874840110540390015e-01
1.926306843757629395e+00
-1.154516220092773438e+00
2.880024015903472900e-01
1.163695603609085083e-01
2.066659629344940186e-01
-7.215093374252319336e-01
-1.554594516754150391e+00
5.323433876037597656e-01
-3.401385247707366943e-01
5.008417963981628418e-01
-3.029047250747680664e-01
1.030664205551147461e+00
9.464402794837951660e-01
7.580145597457885742e-01
-1.246866822242736816e+00
-1.474037885665893555e+00
-1.941484808921813965e+00
-9.094249010086059570e-01
7.886696457862854004e-01
-1.007345914840698242e+00
4.274749159812927246e-01
-6.683049201965332031e-01
-1.127195715904235840e+00
-2.270582467317581177e-01
4.946985244750976562e-01
6.906535625457763672e-01
6.453778147697448730e-01
-1.324453234672546387e+00
-4.074919223785400391e-01
1.289682239294052124e-01
-5.277842283248901367e-01
1.989812701940536499e-01
5.743706822395324707e-01
5.724398046731948853e-02
7.889524102210998535e-01
-2.804112434387207031e-02
1.456490308046340942e-01
9.459303021430969238e-01
1.241749227046966553e-01
-1.569745391607284546e-01
7.016776800155639648e-01
-1.600967049598693848e+00
-1.662346422672271729e-01
-1.097169876098632812e+00
-7.099410295486450195e-01
-1.652731060981750488e+00
1.167073607444763184e+00
7.063804864883422852e-01
6.789348721504211426e-01
-1.041805863380432129e+00
-2.040259242057800293e-01
-7.779882550239562988e-01
-3.433374464511871338e-01
-7.744385600090026855e-01
-1.630249738693237305e+00
-2.230557948350906372e-01
-5.003030300140380859e-01
2.709647715091705322e-01
-1.923796385526657104e-01
-6.304397583007812500e-01
3.291381895542144775e-01
-1.297373920679092407e-01
8.050093054771423340e-01
1.003356099128723145e+00
4.164591804146766663e-02
-1.278753519058227539e+00
1.174125790596008301e+00
6.515705585479736328e-01
7.636932730674743652e-01
8.390399217605590820e-01
-6.629038453102111816e-01
-3.789909183979034424e-01
-2.210839092731475830e-01
1.276801824569702148e+00
-2.049209594726562500e+00
-1.387424707412719727e+00
-3.416942358016967773e-01
6.691797971725463867e-01
3.223905861377716064e-01
3.232634067535400391e-01
4.152230024337768555e-01
5.231713652610778809e-01
3.483858704566955566e-01
-3.613253533840179443e-01
-1.235116481781005859e+00
-7.605131715536117554e-02
1.381101846694946289e+00
-1.418467998504638672e+00
-3.064560294151306152e-01
1.297842264175415039e+00
-5.444607734680175781e-01
-1.116629600524902344e+00
-1.420007348060607910e+00
9.479056596755981445e-01
2.963992357254028320e-01
3.879809379577636719e-01
7.466898858547210693e-02
9.122129678726196289e-01
-1.327111721038818359e+00
-3.000589907169342041e-01
9.970763325691223145e-02
-1.185934066772460938e+00
8.116798400878906250e-01
-9.819620847702026367e-01
1.537789255380630493e-01
-9.728417992591857910e-01
8.071766048669815063e-02
9.449003934860229492e-01
-2.892273962497711182e-01
3.009687662124633789e-01
-1.207054257392883301e+00
-1.041789576411247253e-01
7.243529558181762695e-01
-5.005183815956115723e-01
-1.229943156242370605e+00
-6.177416443824768066e-01
6.257641315460205078e-01
-7.211153954267501831e-02
-5.217052102088928223e-01
-1.576857864856719971e-01
-1.446758747100830078e+00
-6.803948283195495605e-01
-9.594973325729370117e-01
4.831932187080383301e-01
1.854184865951538086e-01
-5.054767057299613953e-02
8.672052621841430664e-01
-1.126228213310241699e+00
-8.881959915161132812e-01
-9.894430041313171387e-01
2.418774127960205078e+00
1.508564203977584839e-01
3.305960446596145630e-02
8.569735884666442871e-01
4.217654466629028320e-01
6.559557914733886719e-01
-2.900690436363220215e-01
8.201825022697448730e-01
-5.637565255165100098e-01
-2.151544094085693359e-01
-7.160801291465759277e-01
-3.810948133468627930e-01
9.013767838478088379e-01
4.936219453811645508e-01
4.092835485935211182e-01
2.243388444185256958e-01
8.060418963432312012e-01
3.217253684997558594e-01
-4.042795002460479736e-01
9.376327395439147949e-01
-6.656015515327453613e-01
5.137608051300048828e-01
-9.049926996231079102e-01
-7.334793210029602051e-01
3.781881570816040039e+00
-8.690627813339233398e-01
2.456913702189922333e-03
-6.691833734512329102e-01
1.355529427528381348e+00
-6.290035247802734375e-01
-1.062715649604797363e+00
1.847483962774276733e-01
1.521179229021072388e-01
1.326165944337844849e-01
-7.354436516761779785e-01
-1.503456950187683105e+00
5.220203399658203125e-01
-8.851194977760314941e-01
1.774824857711791992e-01
-1.158388733863830566e+00
2.454898655414581299e-01
-7.021816074848175049e-02
5.869403481483459473e-01
1.900207102298736572e-01
-6.647090613842010498e-02
-2.109235376119613647e-01
-4.182550311088562012e-02
3.727411925792694092e-01
-3.670082092285156250e-01
1.264982581138610840e+00
3.398874402046203613e-01
-5.200096368789672852e-01
-7.781431078910827637e-01
8.396606445312500000e-01
-6.965850591659545898e-01
-3.688176572322845459e-01
1.493670105934143066e+00
-5.193089246749877930e-01
-1.215466618537902832e+00
7.300823181867599487e-02
1.050399094820022583e-01
-5.277199149131774902e-01
-4.234298169612884521e-01
3.388732075691223145e-01
-9.086185693740844727e-01
2.039639353752136230e-01
1.011573314666748047e+00
-5.484644323587417603e-03
-1.500744581222534180e+00
8.560692071914672852e-01
6.501636654138565063e-02
8.317282795906066895e-01
6.890214681625366211e-01
1.128586411476135254e+00
-3.279831632971763611e-02
-1.158253788948059082e+00
-9.391236305236816406e-01
-2.212778329849243164e-01
-2.664544284343719482e-01
-2.771256268024444580e-01
-2.154098302125930786e-01
-5.358605980873107910e-01
-1.296838998794555664e+00
-4.092792272567749023e-01
-4.739422202110290527e-01
-8.073875904083251953e-01
7.060378193855285645e-01
3.985044658184051514e-01
-6.606801748275756836e-01
2.705570459365844727e-01
9.518418312072753906e-01
-3.049490749835968018e-01
-6.627618074417114258e-01
1.052491426467895508e+00
1.406641602516174316e+00
-7.786331176757812500e-01
2.584269642829895020e-01
9.204962849617004395e-01
1.011885285377502441e+00
-4.272415935993194580e-01
-7.446838617324829102e-01
1.284574747085571289e+00
-4.022593796253204346e-01
4.977357089519500732e-01
-4.638588726520538330e-01
1.829128563404083252e-01
1.880806535482406616e-01
-1.067943096160888672e+00
-4.539998769760131836e-01
-4.481357336044311523e-01
-1.192239150404930115e-01
-1.036403656005859375e+00
-7.538483291864395142e-02
-1.444054096937179565e-01
-5.655668973922729492e-01
1.210929304361343384e-01
3.595169186592102051e-01
1.290249228477478027e+00
-5.899382829666137695e-01
-1.766838133335113525e-01
2.086678504943847656e+00
-2.521211862564086914e+00
1.168457746505737305e+00
1.124118089675903320e+00
-2.541111111640930176e-01
-3.263788819313049316e-01
-7.612353563308715820e-01
9.721004366874694824e-01
-4.849205911159515381e-01
-3.586910292506217957e-02
-8.058114647865295410e-01
-3.132345199584960938e+00
1.098738074302673340e+00
-1.209802269935607910e+00
8.029067516326904297e-01
-4.161001369357109070e-02
4.236885905265808105e-01
2.512355446815490723e-01
-8.317527770996093750e-01
-7.443021535873413086e-01
5.133812427520751953e-01
2.141764312982559204e-01
-3.272786736488342285e-02
8.218548297882080078e-01
2.742442488670349121e-01
-7.524306178092956543e-01
7.042875885963439941e-01
-5.045336484909057617e-01
3.487505316734313965e-01
5.129141807556152344e-01
-9.522445797920227051e-01
-5.842353701591491699e-01
3.694891333580017090e-01
-7.888978123664855957e-01
-8.552939891815185547e-01
4.253698587417602539e-01
-1.301981568336486816e+00
-7.859628200531005859e-01
-2.076250910758972168e-01
7.375354766845703125e-01
-2.351791143417358398e+00
-2.585386857390403748e-02
-2.759575843811035156e-01
-1.248289197683334351e-01
8.472567796707153320e-01
8.373668789863586426e-01
1.239460110664367676e+00
5.151420235633850098e-01
-3.484664112329483032e-02
-1.682054847478866577e-01
4.898066520690917969e-01
8.200446367263793945e-01
-2.983001768589019775e-01
-7.187129855155944824e-01
3.733169734477996826e-01
3.190408051013946533e-01
-1.057715415954589844e+00
-4.070844650268554688e-01
5.250654816627502441e-01
-2.945953607559204102e-01
3.553053438663482666e-01
1.470310449600219727e+00
3.793218433856964111e-01
3.002453744411468506e-01
-3.499925434589385986e-01
1.685144007205963135e-01
-4.250355064868927002e-01
-6.153713464736938477e-01
-2.569038271903991699e-01
6.800380945205688477e-01
1.438080310821533203e+00
8.479675650596618652e-01
-1.822387576103210449e+00
-2.238391160964965820e+00
5.848500132560729980e-01
8.954889178276062012e-01
-7.572754621505737305e-01
-1.340822726488113403e-01
-1.891094744205474854e-01
-3.452351689338684082e-01
6.295270919799804688e-01
6.344544887542724609e-01
2.433510780334472656e+00
-7.213053852319717407e-02
-1.211383640766143799e-01
6.863884925842285156e-01
-9.635977745056152344e-01
-1.009489536285400391e+00
-9.954876303672790527e-01
-1.564522862434387207e+00
-6.576019525527954102e-01
6.263247728347778320e-01
6.796180009841918945e-01
6.455572247505187988e-01
-4.429052174091339111e-01
1.124539256095886230e+00
1.541538715362548828e+00
-4.924715161323547363e-01
-2.416619807481765747e-01
-1.858341842889785767e-01
-4.817664921283721924e-01
-7.430279850959777832e-01
-9.211640357971191406e-01
4.701666831970214844e-01
1.277632266283035278e-01
-1.126452088356018066e-01
-6.828342080116271973e-01
2.913594245910644531e-01
-1.380516648292541504e+00
8.021977543830871582e-01
-4.052739441394805908e-01
-4.030551612377166748e-01
4.218742251396179199e-02
3.848638236522674561e-01
1.051750063896179199e+00
-8.483478426933288574e-01
1.781447768211364746e+00
9.139633737504482269e-03
8.135336041450500488e-01
-7.658088803291320801e-01
-3.891906738281250000e-01
-8.936243057250976562e-01
-5.814418792724609375e-01
6.332772374153137207e-01
-2.999598681926727295e-01
8.722197264432907104e-03
-4.088468253612518311e-01
-6.612910032272338867e-01
-1.058798313140869141e+00
-9.452616423368453979e-02
5.922107771039009094e-02
-8.948458731174468994e-02
8.046998381614685059e-01
-1.896852105855941772e-01
-5.116764903068542480e-01
1.299192458391189575e-01
-1.230395674705505371e+00
7.175318002700805664e-01
-1.901164054870605469e-01
-9.580389410257339478e-02
4.478587210178375244e-01
-1.860639452934265137e-01
6.796758174896240234e-01
-1.417752981185913086e+00
4.277211725711822510e-01
1.538314819335937500e+00
2.034147381782531738e-01
5.847712755203247070e-01
7.481782436370849609e-01
-5.548573136329650879e-01
7.130514383316040039e-01
-1.393995523452758789e+00
2.505871951580047607e-01
1.076765179634094238e+00
1.047528982162475586e+00
-3.297902941703796387e-01
-1.381573200225830078e+00
-1.927932798862457275e-01
-1.066259026527404785e+00
1.067231059074401855e+00
-1.995049476623535156e+00
1.847631782293319702e-01
1.159960865974426270e+00
1.496616959571838379e+00
-3.061179518699645996e-01
-4.392968416213989258e-01
-9.970707446336746216e-02
-4.160802066326141357e-01
7.390292286872863770e-01
8.676849603652954102e-01
-1.666863709688186646e-01
-8.009766787290573120e-02
-2.017821073532104492e-01
1.481047391891479492e+00
1.323465347290039062e+00
1.395587325096130371e+00
-6.721199490129947662e-03
-2.181387096643447876e-01
-2.542506456375122070e-01
6.216539144515991211e-01
3.915846645832061768e-01
3.059285283088684082e-01
4.214088916778564453e-01
-1.373538851737976074e+00
1.648633778095245361e-01
-6.116424798965454102e-01
8.669335246086120605e-01
1.710333347320556641e+00
3.903796672821044922e-01
-7.745295763015747070e-01
5.442124232649803162e-02
-4.841433763504028320e-01
6.034642457962036133e-01
-5.262895822525024414e-01
3.676307499408721924e-01
-6.681587547063827515e-02
-7.002907991409301758e-01
-2.633099257946014404e-01
8.849951438605785370e-03
9.895315766334533691e-01
-1.069958209991455078e-01
-1.142225861549377441e+00
-3.857872724533081055e+00
1.062088981270790100e-01
-5.722332596778869629e-01
8.924329280853271484e-01
5.027649998664855957e-01
2.016073316335678101e-01
2.046927958726882935e-01
1.175555706024169922e+00
-9.347130656242370605e-01
-7.606509327888488770e-01
-1.948759317398071289e+00
1.713915586471557617e+00
4.866667985916137695e-01
-8.767877221107482910e-01
-8.935969471931457520e-01
-2.166416645050048828e-01
2.923483550548553467e-01
6.053093075752258301e-02
1.847520768642425537e-01
-6.198529601097106934e-01
3.176413178443908691e-01
-1.666933298110961914e-01
-6.024950742721557617e-01
-2.248131483793258667e-01
1.096061170101165771e-01
-1.024443030357360840e+00
-9.111927151679992676e-01
3.945633471012115479e-01
-1.004885077476501465e+00
-1.090488553047180176e+00
3.504542708396911621e-01
4.236183315515518188e-02
-1.555784702301025391e+00
-1.361896872520446777e+00
-9.163035154342651367e-01
-2.700935304164886475e-01
1.348170161247253418e+00
-1.328650712966918945e+00
-5.318922996520996094e-01
2.110210806131362915e-01
8.851028680801391602e-01
-8.212607502937316895e-01
8.255658149719238281e-01
-1.006479978561401367e+00
-1.966023564338684082e+00
-3.591472208499908447e-01
-1.912160217761993408e-01
7.294849753379821777e-01
-6.760001182556152344e-01
3.187718391418457031e-01
4.100274667143821716e-02
-7.749324440956115723e-01
2.671984434127807617e-01
-1.195559144020080566e+00
1.992419242858886719e+00
1.916765213012695312e+00
-1.176642537117004395e+00
-5.671750903129577637e-01
2.211564630270004272e-01
-1.629542708396911621e+00
1.575413107872009277e+00
-2.464471310377120972e-01
4.492651522159576416e-01
9.084496498107910156e-01
2.391373395919799805e+00
-4.274546802043914795e-01
-3.976047337055206299e-01
1.327340602874755859e+00
2.223455667495727539e+00
1.018995285034179688e+00
-3.667794764041900635e-01
-1.117154806852340698e-01
4.129467308521270752e-01
1.497118830680847168e+00
9.811511039733886719e-01
4.230494797229766846e-01
1.796242833137512207e+00
4.421944320201873779e-01
-4.267548918724060059e-01
-1.237609744071960449e+00
