-1.240415692329406738e+00
-3.298459947109222412e-01
4.039743840694427490e-01
-1.382186561822891235e-01
-1.543858051300048828e+00
-6.878465414047241211e-01
1.191627025604248047e+00
-6.849050521850585938e-01
-1.365125536918640137e+00
9.407117366790771484e-01
2.135020196437835693e-01
-6.447275876998901367e-01
-1.769466698169708252e-01
-1.219496011734008789e+00
1.202726438641548157e-01
-1.714017093181610107e-01
-8.679084181785583496e-01
1.959327161312103271e-01
8.723909258842468262e-01
1.035461187362670898e+00
-7.452620863914489746e-01
-8.993068337440490723e-01
6.738582253456115723e-01
-1.631670117378234863e+00
7.068790793418884277e-01
-2.325803041458129883e-01
-6.348703503608703613e-01
4.930120110511779785e-01
-1.111262798309326172e+00
1.434738874435424805e+00
-1.926108002662658691e+00
-1.604231357574462891e+00
-8.025866150856018066e-01
-1.160454601049423218e-01
-3.106942772865295410e-01
-1.403954863548278809e+00
1.864592880010604858e-01
-2.725206911563873291e-01
-3.902032971382141113e-02
7.830698490142822266e-01
-6.205948814749717712e-02
-1.672935843467712402e+00
-5.630895495414733887e-01
8.450223803520202637e-01
2.184224128723144531e-01
7.554633021354675293e-01
-6.351212859153747559e-01
-1.756243221461772919e-02
-5.760536193847656250e-01
-4.817049801349639893e-01
7.084974646568298340e-02
1.185920834541320801e-02
5.566529035568237305e-01
-6.710814833641052246e-01
-1.698366105556488037e-01
-1.916056573390960693e-01
-1.443439841270446777e+00
-2.580252587795257568e-01
6.419409066438674927e-02
3.610725104808807373e-01
2.177404165267944336e+00
-9.756375104188919067e-02
2.438387393951416016e+00
-6.286671757698059082e-01
-4.001616835594177246e-01
-9.846448898315429688e-01
-6.781652569770812988e-01
1.999860405921936035e-01
1.715765714645385742e+00
-5.920832753181457520e-01
5.712502002716064453e-01
3.245814740657806396e-01
-1.360533714294433594e+00
1.113793700933456421e-01
-1.281091094017028809e+00
6.704210638999938965e-01
1.910132318735122681e-01
-3.781037330627441406e-01
1.032367348670959473e-01
7.376418113708496094e-01
1.088631272315979004e+00
-2.186297476291656494e-01
-1.067725419998168945e+00
3.778969645500183105e-01
1.102123409509658813e-01
4.286953508853912354e-01
-9.402970671653747559e-01
-1.261394023895263672e+00
-8.941403627395629883e-01
-9.797834753990173340e-01
-1.016880795359611511e-01
-9.775730967521667480e-01
4.427185654640197754e-01
7.682577967643737793e-01
3.595850467681884766e-01
1.045356154441833496e+00
1.553326606750488281e+00
1.669548392295837402e+00
-1.209958195686340332e+00
-1.335265636444091797e-01
-1.480054736137390137e+00
-4.469894766807556152e-01
1.185010299086570740e-01
-2.486446499824523926e-01
-1.210650324821472168e+00
-7.646090388298034668e-01
-2.058071792125701904e-01
1.024040102958679199e+00
8.081625103950500488e-01
5.226578712463378906e-01
-3.254900574684143066e-01
1.556951522827148438e+00
1.067943647503852844e-01
-1.318770647048950195e+00
6.618412733078002930e-01
7.872051596641540527e-01
-3.090001344680786133e-01
-3.409379959106445312e+00
-3.201705515384674072e-01
3.317919969558715820e-01
-7.816342711448669434e-01
5.647969245910644531e-01
7.252495884895324707e-01
-8.341615796089172363e-01
6.723756790161132812e-01
-6.703461408615112305e-01
2.274847030639648438e+00
-9.740504622459411621e-01
5.800846219062805176e-01
-7.031181454658508301e-01
8.990807533264160156e-01
1.614054441452026367e+00
-2.465220168232917786e-02
-7.436856031417846680e-01
-2.694197371602058411e-02
3.521316647529602051e-01
9.625992737710475922e-03
-7.348337173461914062e-01
-8.385334014892578125e-01
2.914966456592082977e-02
-6.094382405281066895e-01
-2.938474714756011963e-01
1.766193985939025879e+00
1.391358017921447754e+00
1.286999821662902832e+00
9.038911461830139160e-01
-1.148349404335021973e+00
-1.530887007713317871e+00
1.058780625462532043e-01
4.342756271362304688e-01
5.936535596847534180e-01
1.481201291084289551e+00
-7.192013859748840332e-01
-1.213528871536254883e+00
4.777161180973052979e-01
3.643739521503448486e-01
-2.642297744750976562e+00
-1.442063808441162109e+00
-7.626752555370330811e-02
2.070285081863403320e+00
-1.038414239883422852e+00
4.196998178958892822e-01
1.095515608787536621e+00
-7.658725976943969727e-01
-1.259185791015625000e+00
-1.963349938392639160e+00
-7.144647836685180664e-01
-5.122500061988830566e-01
-5.583568811416625977e-01
-6.469645500183105469e-01
-8.123034834861755371e-01
-8.851593732833862305e-01
-2.121876478195190430e+00
-3.767533600330352783e-01
5.535314083099365234e-01
3.305267393589019775e-01
7.437296211719512939e-02
-8.401674032211303711e-01
-5.722135305404663086e-01
9.903095960617065430e-01
2.697765827178955078e-02
-6.086093559861183167e-02
-1.448933005332946777e+00
-2.805140018463134766e-01
-4.576893746852874756e-01
-4.113073050975799561e-01
6.985377669334411621e-01
6.911525875329971313e-02
1.893636465072631836e+00
1.978762149810791016e+00
-1.200815677642822266e+00
3.234214782714843750e-01
1.092788577079772949e-01
-1.961469836533069611e-02
9.368149042129516602e-01
4.384523630142211914e-01
-1.746290475130081177e-01
-1.040854826569557190e-01
-1.431540995836257935e-01
-8.018955588340759277e-01
9.770697951316833496e-01
2.576615810394287109e-01
-2.956856191158294678e-01
1.782243490219116211e+00
1.221642732620239258e+00
-2.173878811299800873e-02
-8.111315369606018066e-01
-7.600210309028625488e-01
1.278995275497436523e+00
-5.799327492713928223e-01
-2.328690737485885620e-01
7.238754536956548691e-03
8.655543923377990723e-01
1.409500479698181152e+00
-7.751080393791198730e-01
9.401117563247680664e-01
4.753879547119140625e+00
-3.030998468399047852e+00
-6.862950921058654785e-01
-1.330347180366516113e+00
1.251015067100524902e-01
4.731592535972595215e-01
-1.514145582914352417e-01
-2.625663280487060547e-01
-2.635908126831054688e-01
4.451996088027954102e-01
2.445732504129409790e-01
6.083780527114868164e-01
-7.332648336887359619e-02
2.376126199960708618e-01
-4.637665748596191406e-01
8.068001270294189453e-01
-7.457945942878723145e-01
6.058772802352905273e-01
1.344611287117004395e+00
8.700893521308898926e-01
1.989659786224365234e+00
3.693164288997650146e-01
4.671091735363006592e-01
-3.184646070003509521e-01
-1.286367416381835938e+00
-8.388085365295410156e-01
2.143789976835250854e-01
1.300471544265747070e+00
-1.602186918258666992e+00
6.610880494117736816e-01
7.510059475898742676e-01
8.826362490653991699e-01
1.982653260231018066e+00
6.846914291381835938e-01
1.291325688362121582e+00
-1.794649660587310791e-01
9.237229824066162109e-02
-1.711045742034912109e+00
-7.508694529533386230e-01
-8.431418538093566895e-01
-1.268755942583084106e-01
4.945133626461029053e-01
-1.638207674026489258e+00
-7.219572663307189941e-01
-1.658589601516723633e+00
-7.863870859146118164e-01
-6.811701059341430664e-01
-1.487020552158355713e-01
8.719973564147949219e-01
1.654969096183776855e+00
9.927849769592285156e-01
6.786504983901977539e-01
5.561654567718505859e-01
5.523686408996582031e-01
-5.349431931972503662e-02
-1.965450644493103027e-01
-6.565050221979618073e-03
9.672252088785171509e-02
4.749611392617225647e-02
4.755320250988006592e-01
1.378234982490539551e+00
-4.427598118782043457e-01
5.392768383026123047e-01
-1.471557617187500000e+00
-4.613430798053741455e-01
-8.393911719322204590e-01
-8.985370397567749023e-01
1.660953044891357422e+00
-4.023227989673614502e-01
-1.325408101081848145e+00
-8.357554674148559570e-03
1.346461892127990723e+00
-9.706707000732421875e-01
-1.662137955427169800e-01
-9.554144740104675293e-01
-3.276208639144897461e-01
-8.977633714675903320e-01
4.931063652038574219e+00
-4.244279265403747559e-01
1.025026440620422363e+00
9.327801465988159180e-01
-2.419677376747131348e-01
7.603977918624877930e-01
1.081660628318786621e+00
7.299464941024780273e-01
3.504090905189514160e-01
5.262027382850646973e-01
-1.409661650657653809e+00
7.805601358413696289e-01
6.080098748207092285e-01
6.544615030288696289e-01
-1.703322529792785645e+00
-7.656142711639404297e-01
2.322403043508529663e-01
-6.487225741147994995e-02
-2.140706777572631836e+00
-4.990436732769012451e-01
-1.161768913269042969e+00
4.768204391002655029e-01
3.189166486263275146e-01
-5.731656029820442200e-02
8.532819747924804688e-01
-6.174606680870056152e-01
-8.464401960372924805e-01
-2.224450588226318359e+00
7.760180830955505371e-01
8.840926736593246460e-02
-3.440056443214416504e-01
-1.354812264442443848e+00
-8.544854819774627686e-02
-1.059314727783203125e+00
-6.206565499305725098e-01
4.122340679168701172e-01
-5.736346244812011719e-01
-9.211491346359252930e-01
-6.575421094894409180e-01
-3.716148138046264648e-01
-5.066688060760498047e-01
-1.042618632316589355e+00
-1.598808050155639648e+00
-1.956702768802642822e-01
1.435541063547134399e-01
9.857604503631591797e-01
-4.070425927639007568e-01
6.730989217758178711e-01
-1.053192019462585449e+00
-8.774133324623107910e-01
5.556743144989013672e-01
-5.089942216873168945e-01
9.383433461189270020e-01
-2.158958911895751953e+00
2.587127871811389923e-02
2.792379260063171387e-01
-1.490866303443908691e+00
-2.257227897644042969e+00
-3.937104344367980957e-01
6.831990480422973633e-01
6.720032095909118652e-01
2.875034809112548828e-01
-3.464324772357940674e-01
1.000439286231994629e+00
-3.603055179119110107e-01
9.411495327949523926e-01
1.405234932899475098e+00
7.996199131011962891e-01
-5.874039977788925171e-02
-6.601113677024841309e-01
-5.002461671829223633e-01
-1.050539374351501465e+00
-6.602992415428161621e-01
7.596831917762756348e-01
1.091934964060783386e-01
2.457641810178756714e-01
1.999448776245117188e+00
1.610922932624816895e+00
2.967224717140197754e-01
1.195350050926208496e+00
2.708357572555541992e-01
-9.439138770103454590e-01
-1.144111394882202148e+00
5.280658602714538574e-01
-4.872284457087516785e-02
-1.924820184707641602e+00
1.301526546478271484e+00
5.195519328117370605e-02
1.234524369239807129e+00
9.849126338958740234e-01
-5.465710163116455078e-01
-9.727604985237121582e-01
-5.429595112800598145e-01
-4.543754756450653076e-01
-1.305714130401611328e+00
-4.401075467467308044e-02
5.697524547576904297e-01
7.811160683631896973e-01
1.919602274894714355e+00
4.883759319782257080e-01
8.751560449600219727e-01
9.787249565124511719e-01
1.470292359590530396e-01
-3.592944145202636719e-02
3.281544148921966553e-01
-6.736564040184020996e-01
3.662262201309204102e+00
1.089764237403869629e+00
-1.808843374252319336e+00
1.185164570808410645e+00
1.058184146881103516e+00
-9.887886047363281250e-01
2.011173516511917114e-01
-6.887003183364868164e-01
-2.932757437229156494e-01
-3.777193650603294373e-02
3.826294839382171631e-01
5.517983809113502502e-02
2.988043427467346191e-01
-6.742430329322814941e-01
8.973747491836547852e-03
-2.048425674438476562e-01
9.273756146430969238e-01
6.300340890884399414e-01
2.768786065280437469e-02
1.806199252605438232e-01
-3.731984794139862061e-01
-5.307064652442932129e-01
-9.828677177429199219e-01
6.106708198785781860e-02
-7.896051406860351562e-01
-9.504235982894897461e-01
1.002012729644775391e+00
8.875598311424255371e-01
-7.342452406883239746e-01
-4.004117548465728760e-01
-1.053286790847778320e-01
-3.451369702816009521e-01
6.850102543830871582e-01
2.218374013900756836e+00
-2.707916498184204102e-01
-2.572532296180725098e-01
-1.048403978347778320e-01
-5.937774181365966797e-01
1.396775603294372559e+00
3.329764008522033691e-01
-2.063508518040180206e-02
1.654136776924133301e-01
6.177551150321960449e-01
-1.262585401535034180e+00
-3.740057051181793213e-01
-3.975886702537536621e-01
-1.077931404113769531e+00
1.399697661399841309e-01
-1.056554198265075684e+00
7.066633701324462891e-01
4.176417589187622070e-01
-2.668657004833221436e-01
-1.385515213012695312e+00
1.436457969248294830e-03
1.107959225773811340e-01
-1.746185779571533203e+00
-5.638970732688903809e-01
9.181298017501831055e-01
1.347255706787109375e+00
3.687598705291748047e-01
5.133261680603027344e-01
2.777495086193084717e-01
5.968334153294563293e-03
-1.521593928337097168e-01
2.558706998825073242e-01
1.003611326217651367e+00
2.484946884214878082e-02
-8.521744608879089355e-01
7.321340441703796387e-01
4.478507637977600098e-01
-1.821129769086837769e-01
-7.890483140945434570e-01
-9.401373267173767090e-01
-4.188781976699829102e-01
-4.295733571052551270e-02
-1.348869353532791138e-01
-2.218883037567138672e-01
9.070202112197875977e-01
-3.580297231674194336e-01
-4.706765115261077881e-01
5.132893323898315430e-01
7.336922883987426758e-01
9.929502755403518677e-02
-3.107815384864807129e-01
1.121505141258239746e+00
3.954167068004608154e-01
-4.903740882873535156e-01
-1.118866801261901855e+00
-8.482661843299865723e-01
1.687887310981750488e-01
-1.165502667427062988e-01
1.249650478363037109e+00
1.119799733161926270e+00
2.483918070793151855e-01
4.449271261692047119e-01
-1.776792109012603760e-01
3.746131956577301025e-01
-3.695598840713500977e-01
-2.561433076858520508e+00
7.175506353378295898e-01
-1.040543198585510254e+00
-4.853721857070922852e-01
5.681190639734268188e-02
-3.203825652599334717e-01
9.712064862251281738e-01
7.968022227287292480e-01
-4.643306732177734375e-01
-1.096229553222656250e+00
-1.162927031517028809e+00
1.984062790870666504e-01
1.485815271735191345e-02
1.986558198928833008e+00
-1.034109115600585938e+00
1.705695152282714844e+00
9.158189296722412109e-01
1.568470150232315063e-02
3.849287331104278564e-01
-1.737903058528900146e-01
-8.836434483528137207e-01
8.784677982330322266e-01
-3.190504014492034912e-01
-2.300841212272644043e-01
2.153261154890060425e-01
-1.277413249015808105e+00
1.086395978927612305e+00
-1.020638823509216309e+00
1.713140845298767090e+00
-3.092000007629394531e+00
3.046903610229492188e-01
-8.862010836601257324e-01
-2.881006002426147461e-01
4.302125796675682068e-02
-3.539131283760070801e-01
-2.956271767616271973e-01
4.700426757335662842e-01
1.352984160184860229e-01
-1.682084321975708008e+00
3.753781020641326904e-01
-5.685653090476989746e-01
-1.650861740112304688e+00
4.214470386505126953e-01
2.825106382369995117e-01
3.855346739292144775e-01
4.641735553741455078e-02
7.858904004096984863e-01
1.039618492126464844e+00
-1.190261393785476685e-01
3.578988611698150635e-01
8.739433884620666504e-01
-3.984612822532653809e-01
-5.425698161125183105e-01
8.705649971961975098e-01
2.651548981666564941e-01
2.609735354781150818e-02
-1.280840516090393066e+00
7.003249526023864746e-01
3.386125266551971436e-01
-7.055864930152893066e-01
-9.557774662971496582e-02
3.352110087871551514e-01
-1.407929897308349609e+00
-1.139059543609619141e+00
1.643154740333557129e+00
-6.691691875457763672e-01
7.766878604888916016e-02
-5.800337195396423340e-01
7.459370493888854980e-01
-3.588544726371765137e-01
3.466420173645019531e-01
4.385422766208648682e-01
-3.249943554401397705e-01
1.392941594123840332e+00
2.504449710249900818e-02
3.342303037643432617e-01
5.337810516357421875e-01
-1.344548165798187256e-01
-1.049825429916381836e+00
2.529473602771759033e-01
1.036180615425109863e+00
-8.332051634788513184e-01
1.081008911132812500e+00
5.518762469291687012e-01
1.410527348518371582e+00
-4.474078416824340820e-01
-8.124003410339355469e-01
-3.675029873847961426e-01
-1.501304507255554199e-01
5.315262451767921448e-02
-3.868496045470237732e-02
-7.512125968933105469e-01
1.811839193105697632e-01
-7.988757491111755371e-01
7.600433379411697388e-02
7.835830450057983398e-01
-3.796902894973754883e-01
-2.094709873199462891e-01
8.955396711826324463e-02
2.063288390636444092e-01
2.381548732519149780e-01
-2.837984263896942139e-01
-9.792724996805191040e-02
-1.386964917182922363e+00
1.678554713726043701e-01
1.148331910371780396e-01
1.787482261657714844e+00
5.794504284858703613e-01
-7.918986678123474121e-01
2.740693092346191406e-01
-3.991884887218475342e-01
-1.752902388572692871e+00
1.307309269905090332e+00
-1.241689443588256836e+00
6.666660904884338379e-01
5.576054453849792480e-01
-9.005144238471984863e-01
-1.122575640678405762e+00
-1.065834283828735352e+00
4.693948924541473389e-01
-1.453379243612289429e-01
-4.430146515369415283e-01
-1.825425960123538971e-02
5.672417283058166504e-01
8.137241005897521973e-01
-1.144713640213012695e+00
-7.235137820243835449e-01
5.316685419529676437e-04
3.403777182102203369e-01
1.020179033279418945e+00
-4.020906388759613037e-01
1.760410219430923462e-01
-1.353817582130432129e+00
-6.984871625900268555e-01
1.140300512313842773e+00
2.517620563507080078e+00
2.401942461729049683e-01
7.854387760162353516e-01
-5.441071391105651855e-01
-1.330988764762878418e+00
-5.566503405570983887e-01
-7.168848514556884766e-01
6.210948824882507324e-01
1.749908447265625000e+00
7.801145911216735840e-01
-7.793895155191421509e-02
3.527431488037109375e-01
-1.764327287673950195e+00
1.054411847144365311e-02
-1.161928772926330566e+00
6.214458346366882324e-01
-1.022759675979614258e+00
-7.309610247611999512e-01
1.028898119926452637e+00
-1.373633980751037598e+00
3.507131934165954590e-01
1.130954980850219727e+00
-1.352179646492004395e-01
9.056421369314193726e-02
-8.847631812095642090e-01
-2.117847353219985962e-01
-4.940638840198516846e-01
-6.125662010163068771e-03
1.818957328796386719e+00
-3.713101446628570557e-01
9.699273109436035156e-01
-7.632901072502136230e-01
-1.331348657608032227e+00
1.122871518135070801e+00
1.554376244544982910e+00
-9.601449966430664062e-01
8.638244271278381348e-01
-2.117443323135375977e+00
-6.460897326469421387e-01
-1.123819649219512939e-01
-5.211033225059509277e-01
-8.057748526334762573e-02
9.798295497894287109e-01
-1.419424772262573242e+00
-1.153787493705749512e+00
3.764147758483886719e-01
4.955540895462036133e-01
4.930527135729789734e-02
-2.920822426676750183e-02
-1.084561228752136230e+00
6.322557330131530762e-01
8.406767249107360840e-01
-3.691123425960540771e-01
-1.460736393928527832e+00
1.614729911088943481e-01
6.634533405303955078e-02
-6.362360000610351562e+00
1.121401667594909668e+00
-4.599737003445625305e-03
-3.495024442672729492e-01
1.919354081153869629e+00
-1.191980391740798950e-01
-2.297245979309082031e+00
-4.484752714633941650e-01
-5.703679323196411133e-01
2.221779897809028625e-02
1.374218106269836426e+00
1.728841304779052734e+00
-1.583230644464492798e-01
6.600459814071655273e-01
-5.576217770576477051e-01
2.590173482894897461e-01
7.578315562568604946e-04
1.014106154441833496e+00
1.329614281654357910e+00
-1.425549864768981934e+00
-2.169120073318481445e+00
-2.696711719036102295e-01
-1.077443242073059082e+00
3.804407715797424316e-01
7.267836928367614746e-01
-8.476751297712326050e-02
-1.550140976905822754e+00
6.839072704315185547e-02
1.477194309234619141e+00
-9.327423572540283203e-01
2.496776431798934937e-01
4.346595108509063721e-01
-7.851690053939819336e-01
2.727830648422241211e+00
-7.431838512420654297e-01
-5.810943245887756348e-01
1.200570821762084961e+00
-9.011859893798828125e-01
-1.085362315177917480e+00
6.391184926033020020e-01
7.429529428482055664e-01
-8.819734454154968262e-01
-2.688166499137878418e-01
7.147124409675598145e-01
-3.082170188426971436e-01
-1.033530712127685547e+00
6.567440629005432129e-01
7.234392762184143066e-01
5.741987228393554688e-01
1.058930873870849609e+00
3.036505281925201416e-01
1.240690469741821289e+00
4.421928524971008301e-01
-1.447093933820724487e-01
8.685553073883056641e-01
8.702460527420043945e-01
-1.087028861045837402e+00
-1.019223451614379883e+00
-5.402016639709472656e-02
-1.554560184478759766e+00
6.407908201217651367e-01
1.103969097137451172e+00
-1.054346442222595215e+00
-3.155710697174072266e-01
-1.098685860633850098e+00
-7.864921092987060547e-01
-9.128776937723159790e-02
2.113345563411712646e-01
2.765321254730224609e+00
-8.344295620918273926e-01
-2.740158140659332275e-01
1.316388696432113647e-01
-7.571263313293457031e-01
-1.092570781707763672e+00
5.918825268745422363e-01
1.322000384330749512e+00
2.835733592510223389e-01
4.176906049251556396e-01
-1.079973578453063965e+00
-1.081621199846267700e-01
