4.155848622322082520e-01
1.431393772363662720e-01
-1.166650429368019104e-01
-6.757158041000366211e-01
2.481849491596221924e-01
5.748721957206726074e-02
2.759517729282379150e-01
7.396907210350036621e-01
-1.694114923477172852e+00
-1.395618468523025513e-01
4.721187353134155273e-01
-6.150051355361938477e-01
-3.087843656539916992e-01
-3.879852294921875000e-01
5.261641740798950195e-01
-7.263804674148559570e-01
-6.001383066177368164e-01
6.504901051521301270e-01
-3.254393041133880615e-01
1.221727490425109863e+00
7.310592532157897949e-01
6.645398736000061035e-01
1.468154072761535645e+00
-9.945288896560668945e-01
1.343691587448120117e+00
-9.577586650848388672e-01
1.441838026046752930e+00
1.528687477111816406e-01
-1.589570045471191406e+00
5.207496881484985352e-01
-7.016403079032897949e-01
-3.476524353027343750e-01
-5.965880751609802246e-01
3.879173994064331055e-01
1.567740738391876221e-01
-1.172855854034423828e+00
-2.061264216899871826e-01
-1.570580840110778809e+00
-3.883583098649978638e-02
1.678785800933837891e+00
-9.682875871658325195e-01
-4.240781664848327637e-01
-2.665073871612548828e-01
-2.962914407253265381e-01
-4.511436522006988525e-01
-6.963475942611694336e-01
-5.467461943626403809e-01
-9.256773591041564941e-01
4.482116103172302246e-01
1.239509582519531250e+00
-3.248652219772338867e-01
-4.111162722110748291e-01
-3.360278308391571045e-01
6.157369613647460938e-01
-5.305339097976684570e-01
-9.879040718078613281e-01
1.072198271751403809e+00
2.051711529493331909e-01
-6.753636896610260010e-02
-3.457976505160331726e-02
7.388716936111450195e-01
6.638161540031433105e-01
1.613151550292968750e+00
1.759780794382095337e-01
2.256884723901748657e-01
-7.208321690559387207e-01
7.398457825183868408e-02
5.069612264633178711e-01
6.715237498283386230e-01
-7.894834876060485840e-02
-6.027584671974182129e-01
-7.770404964685440063e-02
9.230966120958328247e-02
-5.707530379295349121e-01
8.213427662849426270e-02
3.438621759414672852e-01
-2.163347601890563965e-01
-5.335183814167976379e-02
3.267481625080108643e-01
2.124739736318588257e-01
-3.295138776302337646e-01
-2.997865676879882812e-01
-1.691607236862182617e+00
-1.157946735620498657e-01
4.652084708213806152e-01
6.830365657806396484e-01
-9.976249933242797852e-01
-2.478935569524765015e-01
9.569313377141952515e-02
5.606080219149589539e-02
-1.015498757362365723e+00
-4.350607991218566895e-01
5.812865495681762695e-01
1.028318166732788086e+00
-1.180503964424133301e+00
3.331229090690612793e-01
6.786983013153076172e-01
2.629341781139373779e-01
-6.579169034957885742e-01
1.466879725456237793e+00
-1.223872780799865723e+00
6.610164046287536621e-02
4.064540863037109375e-01
-1.098901331424713135e-01
-2.463457137346267700e-01
-7.193168997764587402e-01
-1.195833086967468262e+00
2.081012874841690063e-01
1.016817808151245117e+00
-1.042811989784240723e+00
5.180018395185470581e-02
9.286573529243469238e-01
-8.341361284255981445e-01
-7.207424044609069824e-01
3.837087452411651611e-01
-2.184205055236816406e-01
-3.194527029991149902e-01
-1.169597864151000977e+00
-2.250220328569412231e-01
9.057515263557434082e-01
-6.374887228012084961e-01
-4.279045462608337402e-01
-2.562760353088378906e+00
5.260240435600280762e-01
7.225649356842041016e-01
4.453539550304412842e-01
1.011879205703735352e+00
1.227333098649978638e-01
-1.673155665397644043e+00
-2.086329460144042969e-01
6.196286678314208984e-01
-6.742718219757080078e-01
7.310186028480529785e-01
-1.242646694183349609e+00
-1.395414590835571289e+00
2.896746434271335602e-02
5.243816375732421875e-01
-1.142466187477111816e+00
-2.408115714788436890e-01
4.550783038139343262e-01
-1.628724575042724609e+00
1.811231255531311035e+00
4.668872654438018799e-01
-5.869454145431518555e-01
-3.921416997909545898e-01
1.982470005750656128e-01
7.868634462356567383e-01
-5.826086997985839844e-01
-8.425596952438354492e-01
-8.467721343040466309e-01
-5.021207928657531738e-01
-4.404886960983276367e-01
2.558957040309906006e-02
-8.192434906959533691e-02
1.033179521560668945e+00
3.809433579444885254e-01
-1.109139919281005859e+00
5.435971021652221680e-01
-8.092225790023803711e-01
1.180481910705566406e-02
-6.266307085752487183e-02
-3.277178704738616943e-01
6.412512660026550293e-01
-5.992642045021057129e-01
9.337570518255233765e-02
-1.185945510864257812e+00
1.709996461868286133e-01
6.829271465539932251e-02
-8.844913244247436523e-01
-3.337315618991851807e-01
-6.085956096649169922e-01
-2.212145328521728516e+00
-1.375191450119018555e+00
3.029596507549285889e-01
-2.159539163112640381e-01
2.843324840068817139e-01
9.267486929893493652e-01
-7.251201868057250977e-01
-3.220442831516265869e-01
5.450317263603210449e-01
-3.997268974781036377e-01
-3.799424469470977783e-01
6.192873120307922363e-01
-4.487582743167877197e-01
1.141283512115478516e+00
-6.663204431533813477e-01
-1.349753022193908691e+00
-3.533465564250946045e-01
8.573370575904846191e-01
-1.660384982824325562e-01
-5.879534408450126648e-02
-1.310207396745681763e-01
-2.349093556404113770e-01
1.176946043968200684e+00
-9.142655134201049805e-01
1.017171621322631836e+00
5.417780280113220215e-01
4.416899383068084717e-01
-3.387924730777740479e-01
-1.164488911628723145e+00
-1.116476580500602722e-01
-5.820451676845550537e-02
1.386807084083557129e+00
-4.327845573425292969e-01
1.067736506462097168e+00
-4.354419410228729248e-01
3.983090221881866455e-01
-4.154413938522338867e-01
1.317837119102478027e+00
-1.007550120353698730e+00
6.240316033363342285e-01
-7.028486132621765137e-01
1.208509564399719238e+00
-5.307633280754089355e-01
-1.121961951255798340e+00
7.943380475044250488e-01
-2.682862758636474609e+00
-8.628978729248046875e-01
-7.357892394065856934e-01
-6.116135716438293457e-01
-6.325155496597290039e-01
4.983661174774169922e-01
5.142658948898315430e-01
-9.196798205375671387e-01
8.516938686370849609e-01
3.204176127910614014e-01
3.428376317024230957e-01
2.201578468084335327e-01
-3.615392446517944336e-01
-4.365954101085662842e-01
1.498539090156555176e+00
-2.392745465040206909e-01
1.827547848224639893e-01
1.514484286308288574e+00
9.042541384696960449e-01
1.085797697305679321e-01
7.450602650642395020e-01
-1.713060438632965088e-01
-6.428248882293701172e-01
-5.291802883148193359e-01
-9.425808191299438477e-01
-1.022667214274406433e-01
-7.079281806945800781e-01
1.149839758872985840e-01
-7.815163135528564453e-01
-8.940913081169128418e-01
-2.311429530382156372e-01
9.307135939598083496e-01
1.071315929293632507e-01
6.477278470993041992e-01
8.547508716583251953e-01
-4.363842904567718506e-01
-1.020450949668884277e+00
1.664104014635086060e-01
-4.304998815059661865e-01
-2.514118552207946777e-01
7.188237309455871582e-01
-7.944347262382507324e-01
4.200971424579620361e-01
-4.214881360530853271e-01
-2.917643189430236816e-01
6.857438087463378906e-01
3.459758758544921875e-01
-1.902992129325866699e-01
-2.563137188553810120e-02
9.177042841911315918e-01
8.405863642692565918e-01
-1.593976318836212158e-01
2.903259754180908203e+00
4.637160152196884155e-02
2.351984977722167969e-01
1.281969308853149414e+00
-3.038530349731445312e-01
1.062882423400878906e+00
1.973770260810852051e-01
1.139318108558654785e+00
-1.138789802789688110e-01
-4.276888966560363770e-01
-7.097750902175903320e-01
-9.621634483337402344e-01
9.948755502700805664e-01
-5.055902600288391113e-01
3.466421067714691162e-01
-2.022229880094528198e-01
-7.007579505443572998e-02
-2.143326848745346069e-01
-2.329389899969100952e-01
-5.407432913780212402e-01
-2.299118414521217346e-02
-1.462258219718933105e+00
-1.243684440851211548e-01
3.326600193977355957e-01
-5.869975686073303223e-01
-1.414577811956405640e-01
4.626695215702056885e-01
-4.243144989013671875e-01
4.101735353469848633e-02
-1.767809391021728516e-01
2.697362378239631653e-02
-3.823098540306091309e-02
-6.777024865150451660e-01
-1.174745678901672363e+00
3.721137940883636475e-01
-1.021796107292175293e+00
1.018440842628479004e+00
-1.020256727933883667e-01
-2.185763977468013763e-02
-1.219630002975463867e+00
1.491942405700683594e-01
5.371485352516174316e-01
-3.591698408126831055e-01
-1.422811001539230347e-01
-5.981118679046630859e-01
4.188718497753143311e-01
6.981073319911956787e-02
5.649651288986206055e-01
5.516101717948913574e-01
1.089518070220947266e+00
1.120477318763732910e+00
-2.491870671510696411e-01
-1.036803126335144043e+00
5.843006968498229980e-01
9.432313442230224609e-01
-1.080813556909561157e-01
-1.582445651292800903e-01
9.138631224632263184e-01
-9.217970371246337891e-01
-4.849969446659088135e-01
-3.648458123207092285e-01
6.016039848327636719e-01
-4.126059710979461670e-01
-7.432336807250976562e-01
1.987208276987075806e-01
2.528155744075775146e-01
7.507342100143432617e-01
-4.993527829647064209e-01
-2.590352296829223633e-01
-5.347246527671813965e-01
1.284557580947875977e+00
-6.556700468063354492e-01
1.409925818443298340e-01
-1.833878904581069946e-01
1.059341192245483398e+00
1.294667422771453857e-01
6.590542942285537720e-02
2.661032080650329590e-01
2.692354321479797363e-01
-2.110591977834701538e-01
-1.405330896377563477e-01
3.527721762657165527e-01
-7.570703625679016113e-01
-3.822693228721618652e-01
2.443111687898635864e-01
-7.757648825645446777e-01
-7.315829992294311523e-01
4.112415611743927002e-01
-1.395378261804580688e-01
-1.306895732879638672e+00
-5.742588043212890625e-01
-1.241993308067321777e-01
-2.039730101823806763e-01
-3.707681596279144287e-01
-4.974475502967834473e-01
-4.958470165729522705e-01
-4.342762529850006104e-01
-3.559969961643218994e-01
3.886407017707824707e-01
5.228022933006286621e-01
5.498358607292175293e-01
-2.462776303291320801e-01
9.673825502395629883e-01
3.081125915050506592e-01
-3.730078935623168945e-01
5.872328877449035645e-01
3.330018520355224609e-01
-1.562713831663131714e-01
1.235148534178733826e-01
-2.454734407365322113e-02
-8.780854940414428711e-01
8.507910370826721191e-01
8.454506993293762207e-01
-3.278209567070007324e-01
2.889584600925445557e-01
-4.492169246077537537e-02
-2.086288034915924072e-01
-2.319322377443313599e-01
1.227797120809555054e-01
1.930828392505645752e-01
2.602303326129913330e-01
-3.065415620803833008e-01
1.834961891174316406e+00
4.838283956050872803e-01
1.011401295661926270e+00
-6.781078577041625977e-01
8.190011382102966309e-01
-7.148253321647644043e-01
-1.854670405387878418e+00
7.402905821800231934e-01
-3.434081375598907471e-01
3.979453742504119873e-01
2.879987955093383789e-01
-7.436173558235168457e-01
-5.580463260412216187e-02
-4.916290193796157837e-02
-3.372354805469512939e-02
4.515070617198944092e-01
1.752908676862716675e-01
4.289086759090423584e-01
1.406157463788986206e-01
-8.205408453941345215e-01
7.997215390205383301e-01
-6.030039861798286438e-03
-5.335977673530578613e-01
8.496029376983642578e-01
9.641219377517700195e-01
1.323506355285644531e+00
-1.994053870439529419e-01
5.949320793151855469e-01
4.819827154278755188e-02
1.525035858154296875e+00
-4.051584303379058838e-01
-7.230911254882812500e-01
8.189161419868469238e-01
5.863392353057861328e-01
-1.664447903633117676e+00
4.759419262409210205e-01
-8.938165903091430664e-01
-1.052907586097717285e+00
-7.699945569038391113e-01
-3.867257237434387207e-01
-2.374145984649658203e-01
2.937517166137695312e-01
3.913102746009826660e-01
-1.264649271965026855e+00
-3.781497180461883545e-01
1.133213341236114502e-01
-2.334199398756027222e-01
7.110272049903869629e-01
-4.076200723648071289e-01
-7.044466733932495117e-01
-2.835490405559539795e-01
-1.046453192830085754e-01
-1.186782240867614746e+00
-3.622267544269561768e-01
1.303349375724792480e+00
-1.191298514604568481e-01
9.890945553779602051e-01
3.999476730823516846e-01
-3.791667520999908447e-01
-1.527639389038085938e+00
-4.423241019248962402e-01
2.479342669248580933e-01
6.038544178009033203e-01
7.119137048721313477e-01
-1.239767670631408691e+00
-1.367510110139846802e-01
8.136835694313049316e-01
9.881123900413513184e-01
-5.488125681877136230e-01
6.321392655372619629e-01
2.468796223402023315e-01
-9.876022487878799438e-02
-2.173697203397750854e-01
-7.535379528999328613e-01
-1.344334334135055542e-02
1.254022866487503052e-01
9.948461651802062988e-01
3.152032494544982910e-01
-3.701588213443756104e-01
-1.123328357934951782e-01
-6.245498657226562500e-01
7.979207672178745270e-03
-4.770226180553436279e-01
-1.700986623764038086e-01
2.181285619735717773e-01
2.690291106700897217e-01
8.689560294151306152e-01
6.072414666414260864e-02
-1.423376798629760742e+00
1.370160460472106934e+00
6.862393021583557129e-01
8.231776356697082520e-01
-1.001144647598266602e+00
-1.155103296041488647e-01
-1.355639696121215820e-01
-1.607777029275894165e-01
-1.003172874450683594e+00
-4.832617342472076416e-01
7.486104965209960938e-02
2.534735798835754395e-01
-8.206340074539184570e-01
1.633388996124267578e+00
1.815573722124099731e-01
1.609790921211242676e+00
-1.261908292770385742e+00
4.629045426845550537e-01
-3.893903195858001709e-01
-2.392376184463500977e+00
4.911732077598571777e-01
1.490042507648468018e-01
1.139963045716285706e-02
-4.558890759944915771e-01
-1.771725863218307495e-01
1.264693856239318848e+00
-1.267260789871215820e+00
1.980593651533126831e-01
-8.844761848449707031e-01
2.493004947900772095e-01
-7.377384305000305176e-01
7.288594245910644531e-01
3.003743290901184082e-01
-5.100783705711364746e-01
-3.361345231533050537e-01
-3.080775737762451172e-01
5.318165421485900879e-01
6.699199080467224121e-01
-1.351380586624145508e+00
3.328888863325119019e-02
9.762141704559326172e-01
-7.435916662216186523e-01
8.427585363388061523e-01
6.604657173156738281e-01
-1.498773574829101562e+00
-7.938821911811828613e-01
7.179927229881286621e-01
3.952035307884216309e-02
5.490584969520568848e-01
2.158422470092773438e-01
7.910954356193542480e-01
-6.072750687599182129e-01
2.106878459453582764e-01
-2.529044449329376221e-01
7.789028286933898926e-01
-4.668523073196411133e-01
6.675522327423095703e-01
-3.637902438640594482e-01
-4.382847249507904053e-01
1.289149373769760132e-01
3.466328382492065430e-01
-2.347820848226547241e-01
-6.945785880088806152e-01
1.024314761161804199e-01
-8.251550793647766113e-01
1.365298777818679810e-01
1.226907134056091309e+00
2.898542582988739014e-01
6.986473202705383301e-01
3.588642477989196777e-01
-1.044633269309997559e+00
2.700214087963104248e-01
-7.368673086166381836e-01
6.394900679588317871e-01
-8.973835110664367676e-01
4.106058739125728607e-03
5.426091551780700684e-01
1.161878705024719238e+00
-6.482774019241333008e-01
7.292899489402770996e-01
-7.817652821540832520e-02
-1.684711098670959473e+00
-1.686623096466064453e-01
9.427150487899780273e-01
-1.502027511596679688e+00
-1.142136096954345703e+00
-1.457142382860183716e-01
-5.635109543800354004e-01
4.528955817222595215e-01
1.333522796630859375e+00
2.250900506973266602e+00
-1.191902399063110352e+00
6.136145815253257751e-02
1.163666605949401855e+00
-3.522451519966125488e-01
-5.552147030830383301e-01
-1.122979283332824707e+00
-5.338380336761474609e-01
3.644767403602600098e-01
4.483920037746429443e-01
6.735064983367919922e-01
-6.126647591590881348e-01
-1.120665073394775391e+00
3.939515054225921631e-01
9.479351043701171875e-01
1.722321212291717529e-01
-1.333043072372674942e-02
-7.744901180267333984e-01
-7.072133421897888184e-01
-6.385450959205627441e-01
1.389310061931610107e-01
-5.275250077247619629e-01
-3.883354961872100830e-01
-8.724254369735717773e-01
-8.788235187530517578e-01
7.759619951248168945e-01
6.750933527946472168e-01
-1.388811826705932617e+00
1.069088101387023926e+00
3.335507810115814209e-01
-4.820977151393890381e-01
1.168473243713378906e+00
-4.531841725111007690e-02
-1.267336606979370117e+00
-2.380461394786834717e-01
4.435918629169464111e-01
9.076403975486755371e-01
-9.466046094894409180e-01
-5.376299023628234863e-01
-1.136542439460754395e+00
6.388849765062332153e-02
5.569580197334289551e-01
2.276711165904998779e-01
8.392176032066345215e-02
1.112666726112365723e+00
1.253278367221355438e-02
-1.120766639709472656e+00
-4.452662467956542969e-01
7.499056458473205566e-01
-4.369743168354034424e-01
9.159812331199645996e-01
5.185841321945190430e-01
-4.136899858713150024e-02
2.430157512426376343e-01
-1.181807398796081543e+00
-1.214481424540281296e-02
-3.017940223217010498e-01
8.499202132225036621e-01
6.457055211067199707e-01
1.324207544326782227e+00
9.043213725090026855e-02
-5.162987709045410156e-01
1.292959690093994141e+00
-4.791023582220077515e-02
7.274398803710937500e-01
7.355329990386962891e-01
3.365631103515625000e-01
8.252479434013366699e-01
1.041290163993835449e+00
-1.731531471014022827e-01
5.709891915321350098e-01
7.649114727973937988e-01
8.922662138938903809e-01
2.677298486232757568e-01
-1.498391270637512207e+00
8.955875039100646973e-01
3.498292565345764160e-01
3.090654373168945312e+00
-1.080632805824279785e+00
1.125935539603233337e-01
1.150143027305603027e+00
-5.418007373809814453e-01
-7.370004653930664062e-01
5.950713157653808594e-01
-2.286853313446044922e+00
4.793615266680717468e-02
8.748372793197631836e-01
-5.488547086715698242e-01
3.856740593910217285e-01
2.853325605392456055e-01
-6.245159730315208435e-02
6.155303120613098145e-01
-4.203803241252899170e-01
3.502450585365295410e-01
1.126578077673912048e-01
-7.383216619491577148e-01
-6.374967694282531738e-01
6.044870615005493164e-01
1.761064678430557251e-01
1.324171781539916992e+00
1.438392251729965210e-01
-6.441506743431091309e-02
-1.135546445846557617e+00
6.441784501075744629e-01
1.071801662445068359e+00
2.256451368331909180e+00
2.711500525474548340e-01
-4.580404758453369141e-01
-7.195278257131576538e-02
-6.914789676666259766e-01
1.301896929740905762e+00
4.803141653537750244e-01
-1.643590331077575684e-01
-2.280693501234054565e-01
2.036858052015304565e-01
6.353722810745239258e-01
-6.246381402015686035e-01
-7.924950122833251953e-01
-6.061868071556091309e-01
5.240795016288757324e-02
-1.570275068283081055e+00
3.330745100975036621e-01
-1.301586151123046875e+00
4.399894475936889648e-01
-8.685737848281860352e-02
1.093796491622924805e+00
1.743449419736862183e-01
-2.414955496788024902e-01
-6.271574497222900391e-01
-6.345466375350952148e-01
-7.357282638549804688e-01
-5.126052498817443848e-01
-8.602369576692581177e-02
3.430621698498725891e-02
-5.221686959266662598e-01
-1.064136773347854614e-01
1.242163658142089844e+00
-3.765807747840881348e-01
8.550225496292114258e-01
-4.267782568931579590e-01
-8.946008086204528809e-01
4.512666463851928711e-01
-5.954048037528991699e-01
-1.089568972587585449e+00
-7.449464201927185059e-01
2.495985478162765503e-01
7.898896932601928711e-01
7.651100307703018188e-02
2.585564255714416504e-01
-4.047050476074218750e-01
-4.452155530452728271e-02
6.471309065818786621e-01
-1.115403771400451660e+00
1.431391090154647827e-01
-9.738579392433166504e-01
-2.262443453073501587e-01
1.582898646593093872e-01
-1.660914272069931030e-01
-7.152213156223297119e-02
-3.066150248050689697e-01
-9.680183231830596924e-02
-7.840801477432250977e-01
1.268275529146194458e-01
-6.214802861213684082e-01
-7.281424403190612793e-01
2.000963501632213593e-02
5.635099411010742188e-01
6.444654464721679688e-01
-2.863503992557525635e-02
3.745020329952239990e-01
7.945513129234313965e-01
-3.943361639976501465e-01
3.097716569900512695e-01
-1.812957882881164551e+00
3.457328081130981445e-01
2.199392557144165039e+00
-4.680594503879547119e-01
-1.754780650138854980e+00
1.155199036002159119e-01
-6.096819043159484863e-01
7.303444147109985352e-01
1.722797006368637085e-01
4.752106070518493652e-01
-2.834556102752685547e-01
-8.494079709053039551e-01
1.092428088188171387e+00
-4.662562608718872070e-01
1.337927579879760742e-01
4.112585186958312988e-01
-1.129111647605895996e+00
-1.278786063194274902e+00
9.764518737792968750e-01
3.567735254764556885e-01
-4.105134010314941406e-01
-8.927302360534667969e-01
3.062372803688049316e-01
-1.555921554565429688e+00
-3.966147899627685547e-01
1.921223551034927368e-01
-2.986039593815803528e-02
