-4.709321558475494385e-01
4.941865801811218262e-02
6.356415748596191406e-01
-6.572022438049316406e-01
-6.703160405158996582e-01
1.525536775588989258e-01
-6.528181433677673340e-01
9.658198058605194092e-02
-1.544834136962890625e+00
3.992375135421752930e-01
1.708273172378540039e+00
-5.332670211791992188e-01
5.401160120964050293e-01
5.312331914901733398e-01
1.414562702178955078e+00
-9.939085245132446289e-01
-6.963802576065063477e-01
1.117216199636459351e-01
-9.214503169059753418e-01
4.237143695354461670e-02
-7.266905903816223145e-01
-4.926700890064239502e-01
-3.603717386722564697e-01
-2.010572254657745361e-01
7.695583701133728027e-01
-8.480617403984069824e-01
4.648955762386322021e-01
-1.195835828781127930e+00
-1.920987844467163086e+00
8.638147115707397461e-01
2.398942857980728149e-01
4.740084409713745117e-01
-2.308714240789413452e-01
8.220643997192382812e-01
-4.441588521003723145e-01
5.810689926147460938e-01
-2.709616422653198242e-01
-2.590295076370239258e+00
-9.614468365907669067e-02
1.371715813875198364e-01
1.183501705527305603e-01
8.161753416061401367e-01
5.892188549041748047e-01
1.158120393753051758e+00
-1.388426899909973145e+00
-5.961092561483383179e-02
9.776821732521057129e-02
5.785554647445678711e-01
-4.122988879680633545e-02
4.640852510929107666e-01
-2.115131318569183350e-01
6.900880951434373856e-03
1.412309646606445312e+00
3.753570616245269775e-01
-2.519578337669372559e-01
1.891581341624259949e-02
1.087231397628784180e+00
7.676661014556884766e-01
2.418446838855743408e-01
-5.450667738914489746e-01
-8.058053255081176758e-01
5.891408920288085938e-01
7.567749023437500000e-01
-8.434786647558212280e-02
1.354680180549621582e+00
-3.760232627391815186e-01
1.636308073997497559e+00
-2.402192652225494385e-01
-1.337881535291671753e-01
-1.192794203758239746e+00
-1.362720131874084473e+00
-7.951071858406066895e-01
-1.577228546142578125e+00
-6.149836350232362747e-03
1.073143362998962402e+00
1.695148468017578125e+00
-4.807727336883544922e-01
-1.287128329277038574e-01
3.506905138492584229e-01
-3.992101922631263733e-02
8.884972333908081055e-02
-6.018035858869552612e-02
-4.683877229690551758e-01
7.594746947288513184e-01
-2.468934535980224609e+00
1.263378381729125977e+00
-1.775158882141113281e+00
-5.878751277923583984e-01
-3.979303538799285889e-01
6.776649355888366699e-01
-1.306301951408386230e+00
2.509396709501743317e-02
-9.072259068489074707e-01
7.815881967544555664e-01
-2.390048503875732422e-01
5.236929059028625488e-01
1.247951626777648926e+00
2.188121557235717773e+00
-3.621948957443237305e-01
1.935116410255432129e+00
-1.240955471992492676e+00
-6.896308064460754395e-01
-1.865002810955047607e-01
-6.430209875106811523e-01
-1.590893864631652832e+00
-3.909825384616851807e-01
-6.828640699386596680e-01
1.479071378707885742e+00
6.025818586349487305e-01
-8.718970417976379395e-01
-2.753422856330871582e-01
1.009632587432861328e+00
-7.519927024841308594e-01
-6.897585391998291016e-01
-6.686380505561828613e-02
5.501350760459899902e-01
-5.825493335723876953e-01
3.378392755985260010e-01
-1.873703859746456146e-02
-3.312560021877288818e-01
-1.147271394729614258e+00
9.678979516029357910e-01
-2.338934659957885742e+00
9.453986883163452148e-01
6.074270606040954590e-02
6.328171491622924805e-01
9.544956684112548828e-01
2.350716479122638702e-02
2.450511902570724487e-01
-9.195271730422973633e-01
-6.678876876831054688e-01
1.806999295949935913e-01
-9.271962195634841919e-02
-8.741678595542907715e-01
-1.512654781341552734e+00
-5.779374241828918457e-01
-1.203572154045104980e+00
-1.690767049789428711e+00
-1.393934488296508789e+00
7.887736558914184570e-01
-4.262350797653198242e-01
1.342579364776611328e+00
3.626614511013031006e-01
-1.184308052062988281e+00
4.401570558547973633e-02
4.713011682033538818e-01
1.060704350471496582e+00
-8.947606086730957031e-01
1.775848031044006348e+00
-3.970619440078735352e-01
-1.816474199295043945e+00
-4.964999258518218994e-01
1.252425909042358398e+00
-1.237003803253173828e+00
1.119255781173706055e+00
-4.711704552173614502e-01
-1.294742226600646973e+00
8.640470504760742188e-01
-5.366757512092590332e-01
8.616317063570022583e-03
1.154844284057617188e+00
-1.117761492729187012e+00
-9.211594611406326294e-02
-2.947799488902091980e-02
2.234779298305511475e-01
-3.420668542385101318e-01
-4.267693459987640381e-01
2.845445871353149414e-01
-5.320606827735900879e-01
1.050423264503479004e+00
-2.680318951606750488e-01
-1.480709671974182129e+00
-1.443868875503540039e+00
1.915108442306518555e+00
-9.757199883460998535e-01
1.124470710754394531e+00
5.243393182754516602e-01
-1.284828782081604004e-02
-6.718419194221496582e-01
5.390650629997253418e-01
-6.981281042098999023e-01
-3.726205527782440186e-01
3.456740081310272217e-01
-6.347010731697082520e-01
7.807639837265014648e-01
-1.437904477119445801e+00
-1.102808117866516113e+00
-4.669550657272338867e-01
1.340842127799987793e+00
-8.342584967613220215e-01
-3.295179009437561035e-01
-4.048706889152526855e-01
-4.722491800785064697e-01
-8.801748156547546387e-01
-5.105203986167907715e-01
-4.191681146621704102e-01
4.147342145442962646e-01
-4.921740293502807617e-01
-1.495002985000610352e+00
-6.731462478637695312e-01
3.168466687202453613e-01
1.184941887855529785e+00
-1.146040931344032288e-01
-1.194298982620239258e+00
6.560094356536865234e-01
-2.013093382120132446e-01
-3.229115307331085205e-01
-1.249839782714843750e+00
1.254848957061767578e+00
-8.946478366851806641e-01
-5.517998933792114258e-01
-8.869454264640808105e-01
2.323007106781005859e+00
-1.879265904426574707e-01
-7.581323385238647461e-01
4.790523946285247803e-01
-4.888262271881103516e+00
-1.776466965675354004e+00
1.423787623643875122e-01
-3.678922951221466064e-01
9.366631507873535156e-01
2.151479125022888184e-01
-7.242715358734130859e-01
5.436773896217346191e-01
2.275928735733032227e+00
5.392447113990783691e-01
-9.224962443113327026e-02
-3.994117975234985352e-01
-4.146252870559692383e-01
-1.066410914063453674e-01
-7.039723992347717285e-01
3.996776044368743896e-01
3.508794009685516357e-01
2.736526727676391602e-01
1.464990258216857910e+00
-1.297648157924413681e-02
3.717513084411621094e-01
1.244840741157531738e+00
-1.143743753433227539e+00
-1.586042761802673340e+00
8.727284073829650879e-01
8.126800656318664551e-01
-1.449184060096740723e+00
-1.498074084520339966e-01
-2.323191404342651367e+00
-1.457805395126342773e+00
3.313299715518951416e-01
1.857133060693740845e-01
3.524268567562103271e-01
-4.012582004070281982e-01
1.178268432617187500e+00
-1.291632175445556641e+00
-1.984707593917846680e+00
-2.258021235466003418e-01
-4.736265540122985840e-01
2.426873743534088135e-01
6.044231057167053223e-01
-2.770317494869232178e-01
-4.212935268878936768e-01
9.040997177362442017e-02
1.963141560554504395e-01
8.013013601303100586e-01
3.435713350772857666e-01
-1.987771987915039062e-01
-4.300527274608612061e-02
5.328615382313728333e-02
1.035965204238891602e+00
-7.323962450027465820e-01
4.577728271484375000e+00
-1.099778294563293457e+00
2.098894119262695312e+00
4.391336739063262939e-01
1.637264937162399292e-01
5.356940627098083496e-01
-1.677120774984359741e-01
-6.234381794929504395e-01
-5.904982089996337891e-01
-1.131102442741394043e+00
-6.265913844108581543e-01
1.045279651880264282e-01
1.224997043609619141e+00
-7.340146899223327637e-01
1.904127001762390137e+00
2.450023591518402100e-01
6.361735463142395020e-01
1.785385370254516602e+00
-1.761401891708374023e-01
5.326896309852600098e-01
7.574115991592407227e-01
-6.779485344886779785e-01
-6.092911362648010254e-01
-7.046437263488769531e-01
4.445085227489471436e-01
2.999006807804107666e-01
1.363501429557800293e+00
2.343805730342864990e-01
1.300848126411437988e-01
-1.018606543540954590e+00
-2.338715493679046631e-01
-1.366018414497375488e+00
-3.822281062602996826e-01
-7.265597581863403320e-01
-5.781536698341369629e-01
2.095798015594482422e+00
1.068997383117675781e+00
-1.153494596481323242e+00
-3.096424341201782227e-01
-1.098368316888809204e-01
2.499827384948730469e+00
-8.561707735061645508e-01
-1.569579720497131348e+00
1.748318076133728027e+00
4.753527045249938965e-01
1.722876191139221191e+00
-3.455472290515899658e-01
9.123045802116394043e-01
1.178021788597106934e+00
-6.287603080272674561e-02
1.329259157180786133e+00
-9.818995594978332520e-01
-1.298019737005233765e-01
9.484319090843200684e-01
-3.041848540306091309e-01
-4.319261610507965088e-01
6.509609818458557129e-01
-2.387045323848724365e-01
7.061331868171691895e-01
1.535049319267272949e+00
-1.029444694519042969e+00
3.412002027034759521e-01
5.606541633605957031e-01
-1.193136215209960938e+00
-3.152794241905212402e-01
-8.530713319778442383e-01
1.152419805526733398e+00
-4.932655096054077148e-01
4.223417937755584717e-01
-4.447267204523086548e-02
9.724678993225097656e-01
-1.641649723052978516e+00
-4.151418432593345642e-02
-8.385642170906066895e-01
-1.138112545013427734e+00
-8.473910093307495117e-01
-1.592712879180908203e+00
2.235886454582214355e-01
-1.976349711418151855e+00
1.250386238098144531e+00
8.203006982803344727e-01
5.833033323287963867e-01
-8.938574790954589844e-01
-7.648076415061950684e-01
-2.240314893424510956e-02
-9.461511969566345215e-01
6.944548487663269043e-01
-1.703706383705139160e+00
3.542542457580566406e-01
-1.612441301345825195e+00
1.308049678802490234e+00
-3.072274327278137207e-01
-4.019415080547332764e-01
-1.323880314826965332e+00
-6.754422187805175781e-01
-9.545655846595764160e-01
4.449466764926910400e-01
4.853692054748535156e-01
5.315320491790771484e-01
8.294460773468017578e-01
-6.214177012443542480e-01
7.602365612983703613e-01
4.249484539031982422e-01
9.434031248092651367e-01
-1.607889175415039062e+00
1.227331995964050293e+00
1.998298317193984985e-01
-1.734091788530349731e-01
-1.453273296356201172e+00
7.308890819549560547e-01
-9.167234301567077637e-01
5.703427195549011230e-01
1.983635663986206055e+00
3.285142406821250916e-02
5.984798073768615723e-01
-4.982691109180450439e-01
-2.329255491495132446e-01
5.971516370773315430e-01
1.006237983703613281e+00
-3.193168342113494873e-01
1.883839964866638184e+00
5.722188949584960938e-01
7.727791666984558105e-01
5.087473243474960327e-02
1.014975547790527344e+00
1.238664388656616211e+00
4.324896335601806641e-01
-3.750061690807342529e-01
-1.181342840194702148e+00
9.002643227577209473e-01
5.622100830078125000e-01
-1.034032106399536133e+00
7.013021111488342285e-01
-1.150114893913269043e+00
-1.098676323890686035e-01
-1.251326441764831543e+00
-7.820020914077758789e-01
5.888239145278930664e-01
-1.506651379168033600e-02
-5.251638293266296387e-01
-4.111569821834564209e-01
-1.379978775978088379e+00
-2.734175324440002441e-01
-5.928615927696228027e-01
-8.802723884582519531e-01
4.558809697628021240e-01
1.029574036598205566e+00
1.563241243362426758e+00
-1.719907283782958984e+00
1.933819800615310669e-01
-1.165196821093559265e-01
1.237987160682678223e+00
-4.667051732540130615e-01
-6.565240025520324707e-01
1.567762941122055054e-01
-4.367234110832214355e-01
-8.674862980842590332e-01
-5.820079445838928223e-01
-3.810123801231384277e-01
-4.251059293746948242e-01
-2.012858539819717407e-02
-1.824208647012710571e-01
-8.183501958847045898e-01
4.506035745143890381e-01
1.162619233131408691e+00
-4.822547137737274170e-01
-1.753687858581542969e-01
-2.818424105644226074e-01
2.916056811809539795e-01
-1.147311851382255554e-01
1.307184219360351562e+00
4.968550638295710087e-04
-6.605839133262634277e-01
1.061106443405151367e+00
-9.505359530448913574e-01
-1.799446642398834229e-01
7.625588774681091309e-01
-5.511692166328430176e-01
-6.129469871520996094e-01
7.781153917312622070e-02
-4.678450524806976318e-02
-1.114123106002807617e+00
-8.087176084518432617e-01
-5.679947733879089355e-01
-5.585513114929199219e-01
1.791376709938049316e+00
-2.023157626390457153e-01
3.150092437863349915e-02
-1.464489996433258057e-01
1.487083077430725098e+00
7.298144698143005371e-01
-2.461349219083786011e-02
5.281875133514404297e-01
8.034123778343200684e-01
6.340880393981933594e-01
-1.062382221221923828e+00
-1.553088545799255371e+00
-4.387036859989166260e-01
1.233541607856750488e+00
1.470647692680358887e+00
-2.430566698312759399e-01
2.503761351108551025e-01
6.906858086585998535e-01
-4.989552497863769531e-02
-6.994817256927490234e-01
-3.472693860530853271e-01
6.273235082626342773e-01
1.731891632080078125e+00
-7.011968642473220825e-02
2.938714027404785156e-01
-8.162753582000732422e-01
4.939682781696319580e-01
2.440442442893981934e-01
1.036019325256347656e+00
-7.127743363380432129e-01
-6.873987317085266113e-01
5.229050517082214355e-01
-8.809118866920471191e-01
2.673824429512023926e-01
-3.815661370754241943e-01
-1.011330008506774902e+00
2.255149334669113159e-01
-6.393678784370422363e-01
1.085817217826843262e+00
-2.266430258750915527e-01
1.208837032318115234e+00
-1.002881765365600586e+00
8.715668320655822754e-01
-2.969998717308044434e-01
-3.244515657424926758e+00
1.578376054763793945e+00
-2.164851576089859009e-01
5.712161064147949219e-01
-1.101501509547233582e-01
-1.582948803901672363e+00
-4.123375713825225830e-01
-1.150054454803466797e+00
1.336160421371459961e+00
-4.561101496219635010e-01
1.297603368759155273e+00
-7.381538152694702148e-01
-2.215097248554229736e-01
2.919702045619487762e-02
-1.536578655242919922e+00
1.285942554473876953e+00
-7.770401239395141602e-01
1.291406303644180298e-01
8.463469147682189941e-01
-7.686336040496826172e-01
1.256994754076004028e-01
9.687222242355346680e-01
1.302452564239501953e+00
1.768429428339004517e-01
-1.265982508659362793e+00
-6.280747652053833008e-01
-1.876106262207031250e-01
6.382858753204345703e-01
8.828392028808593750e-01
-1.228669524192810059e+00
5.112557485699653625e-02
3.819499313831329346e-01
-4.283740818500518799e-01
-2.305604964494705200e-01
1.996865630149841309e+00
4.122573137283325195e-01
-5.183978676795959473e-01
2.737788856029510498e-02
4.717981815338134766e-01
-2.011680603027343750e+00
-5.637626647949218750e-01
5.158435106277465820e-01
6.832916736602783203e-01
-3.662103414535522461e-02
-6.842230558395385742e-01
-6.090404987335205078e-01
-4.618264734745025635e-01
4.063889384269714355e-01
3.701613545417785645e-01
1.571178078651428223e+00
7.397277951240539551e-01
-3.847869038581848145e-01
-2.330348938703536987e-01
-7.970764636993408203e-01
1.016957640647888184e+00
4.668332934379577637e-01
-3.214170336723327637e-01
3.588743880391120911e-02
4.861876368522644043e-01
-3.304561078548431396e-01
2.115938663482666016e-01
-2.077813297510147095e-01
-7.432134151458740234e-01
1.004459023475646973e+00
-9.814185500144958496e-01
-2.521271407604217529e-01
-3.458470702171325684e-01
7.351147532463073730e-01
-1.518326044082641602e+00
-5.369480252265930176e-01
1.120997786521911621e+00
2.342667818069458008e+00
-8.971868753433227539e-01
-7.069408297538757324e-01
8.678115606307983398e-01
2.759218931198120117e+00
-6.910794973373413086e-01
-1.821052879095077515e-01
-1.516522169113159180e+00
1.972080916166305542e-01
7.806882858276367188e-01
1.093811154365539551e+00
-4.819952249526977539e-01
-7.738801240921020508e-01
3.494328856468200684e-01
-1.571252584457397461e+00
6.478674411773681641e-01
-1.339158535003662109e+00
-9.884935021400451660e-01
-1.935942888259887695e+00
-8.369396328926086426e-01
-1.130412798374891281e-02
-9.315160103142261505e-03
8.899636268615722656e-01
-1.285742878913879395e+00
-8.814882040023803711e-01
1.023883104324340820e+00
1.145049214363098145e+00
2.154760807752609253e-01
9.592145085334777832e-01
7.441092133522033691e-01
2.213120907545089722e-01
1.389252901077270508e+00
-5.753762722015380859e-01
-5.283125042915344238e-01
-6.047948002815246582e-01
-9.284583330154418945e-01
9.470526129007339478e-02
-5.698046088218688965e-01
-5.747915506362915039e-01
-1.644079685211181641e+00
-1.045871615409851074e+00
1.888400316238403320e+00
6.388227939605712891e-01
3.285664319992065430e-01
-1.436873078346252441e-01
1.686174631118774414e+00
-9.312089085578918457e-01
-1.804678082466125488e+00
1.984936594963073730e-01
-1.600531816482543945e+00
1.072413101792335510e-01
9.190366268157958984e-01
-9.239880740642547607e-02
-9.896654486656188965e-01
5.566359162330627441e-01
1.065452933311462402e+00
7.837954908609390259e-02
2.052124261856079102e+00
4.158418476581573486e-01
1.254695892333984375e+00
1.963559150695800781e+00
-3.569644689559936523e-01
1.393020391464233398e+00
-4.810415506362915039e-01
-2.555000782012939453e-01
-5.028256773948669434e-01
2.253314018249511719e+00
-6.531658768653869629e-01
-5.530061721801757812e-01
3.486231267452239990e-01
5.576775968074798584e-02
-5.542448163032531738e-02
1.054997816681861877e-01
1.239432334899902344e+00
-1.383785486221313477e+00
9.338874816894531250e-01
-1.574955582618713379e+00
2.757748365402221680e+00
-1.559234142303466797e+00
-1.330275535583496094e-01
7.464698553085327148e-01
1.076100826263427734e+00
-3.923882246017456055e-01
1.242102146148681641e+00
-7.635227441787719727e-01
-1.499349474906921387e-01
-2.280158698558807373e-01
-3.361323177814483643e-01
-3.117284476757049561e-01
7.163492441177368164e-01
-2.355650514364242554e-01
9.893769621849060059e-01
-2.039939314126968384e-01
1.816502511501312256e-01
1.164785265922546387e+00
2.712402939796447754e-01
-1.801424324512481689e-01
1.214062720537185669e-01
9.653851389884948730e-01
1.205519199371337891e+00
6.776392459869384766e-01
-7.248453497886657715e-01
-5.859810709953308105e-01
2.779735922813415527e-01
5.070022344589233398e-01
8.902214765548706055e-01
9.858151674270629883e-01
-3.432330191135406494e-01
-3.776144981384277344e-01
-2.244525998830795288e-01
-2.267545908689498901e-01
-1.794137477874755859e+00
-7.464470863342285156e-01
-3.550024330615997314e-01
8.229632973670959473e-01
1.046125218272209167e-01
-2.131327629089355469e+00
-4.953937828540802002e-01
-9.149511456489562988e-01
-1.609237194061279297e+00
-5.058995246887207031e+00
-1.618294000625610352e+00
2.041182368993759155e-01
-1.241644006222486496e-02
3.823091834783554077e-02
6.455775350332260132e-02
-1.225145101547241211e+00
1.183774620294570923e-01
5.535341501235961914e-01
-7.473960518836975098e-01
-5.194197297096252441e-01
3.097004294395446777e-01
-6.793123483657836914e-01
3.923521637916564941e-01
-1.288205504417419434e+00
1.678113341331481934e+00
2.509906291961669922e-01
1.531756669282913208e-01
3.494146108627319336e+00
-8.429378271102905273e-01
-2.159672737121582031e+00
4.738185107707977295e-01
-1.141073331236839294e-01
-1.233084082603454590e+00
-8.552341461181640625e-01
1.064161539077758789e+00
-7.777591943740844727e-01
6.665731966495513916e-02
1.096333146095275879e+00
-1.044421672821044922e+00
1.396982312202453613e+00
9.833241105079650879e-01
-8.288023471832275391e-01
1.475569128990173340e+00
9.075871109962463379e-02
2.891266942024230957e-01
8.329122066497802734e-01
-5.503689050674438477e-01
-1.068028956651687622e-01
-3.910847306251525879e-01
-4.322058707475662231e-02
-1.940881460905075073e-01
6.415562033653259277e-01
-4.153667092323303223e-01
-9.346996545791625977e-01
-4.844352304935455322e-01
6.294211000204086304e-02
8.126628398895263672e-01
-1.101978421211242676e+00
8.815580010414123535e-01
-1.424154341220855713e-01
6.706860661506652832e-01
2.327464669942855835e-01
-1.190812826156616211e+00
-6.925859451293945312e-01
6.046370267868041992e-01
1.814958095550537109e+00
-1.227804422378540039e+00
-2.761558294296264648e-01
-2.983374595642089844e-01
-2.853030860424041748e-01
-1.288721431046724319e-02
1.650999784469604492e+00
-5.893014669418334961e-01
2.040559425950050354e-02
-7.139319181442260742e-01
-1.156843304634094238e+00
4.005461037158966064e-01
5.635755062103271484e-01
-5.528678297996520996e-01
2.415496855974197388e-01
-4.339733123779296875e-01
-1.364927589893341064e-01
3.466682434082031250e-01
-1.053110733628273010e-01
-2.615773305296897888e-02
-1.839759200811386108e-01
1.411429047584533691e-01
-1.521509736776351929e-01
-7.127357721328735352e-01
