1.069258451461791992e+00
8.876457810401916504e-01
5.521606281399726868e-02
-4.018706083297729492e-01
-9.658584594726562500e-01
-3.111304044723510742e-01
-2.401831597089767456e-01
3.463095426559448242e-01
-1.351593971252441406e+00
2.973552942276000977e-01
3.008009195327758789e-01
-3.942121267318725586e-01
3.776976764202117920e-01
-6.110968589782714844e-01
-5.272107198834419250e-02
-7.585325241088867188e-01
-5.776948481798171997e-02
9.379558563232421875e-01
-4.222194850444793701e-01
-6.079177260398864746e-01
-1.401812583208084106e-01
-4.349458813667297363e-01
-2.817676961421966553e-01
-9.520163759589195251e-03
1.742701292037963867e+00
-2.352668285369873047e+00
1.401136517524719238e+00
1.221492812037467957e-01
-3.537791669368743896e-01
3.458334803581237793e-01
-8.729249238967895508e-01
-1.717579960823059082e-01
-2.943075001239776611e-01
-5.062608718872070312e-01
-8.779943585395812988e-01
-1.052225753664970398e-01
-2.226690053939819336e-01
-7.376820445060729980e-01
-6.650651246309280396e-02
1.129925370216369629e+00
-1.266428112983703613e+00
-9.740313887596130371e-01
-1.047311544418334961e+00
1.401976943016052246e-01
-2.355749905109405518e-01
9.892888665199279785e-01
-4.316431581974029541e-01
-7.378440499305725098e-01
-8.945915102958679199e-01
6.482867002487182617e-01
-3.677819371223449707e-01
3.511536419391632080e-01
-3.338307440280914307e-01
8.072143048048019409e-02
2.719488441944122314e-01
-5.526215434074401855e-01
4.985494017601013184e-01
3.320333063602447510e-01
9.013255238533020020e-01
8.209671378135681152e-01
9.809036850929260254e-01
1.691536307334899902e-01
6.857084631919860840e-01
-2.964247465133666992e-01
-3.962644338607788086e-01
-5.675350427627563477e-01
-3.708477616310119629e-01
2.913479804992675781e-01
7.006073594093322754e-01
-9.621242880821228027e-01
-6.084186956286430359e-02
3.922844827175140381e-01
5.075391530990600586e-01
-1.326074361801147461e+00
7.616531848907470703e-01
-3.876391649246215820e-01
-1.781904697418212891e-01
-4.055302739143371582e-01
5.172553062438964844e-01
1.034854650497436523e+00
-1.200609356164932251e-01
-4.030624032020568848e-01
-9.874926805496215820e-01
-1.448279976844787598e+00
-8.496080636978149414e-01
1.990672796964645386e-01
-4.466194808483123779e-01
3.577817678451538086e-01
2.301555573940277100e-01
-6.957411766052246094e-01
-1.582537293434143066e-01
-1.294389665126800537e-01
-6.778709292411804199e-01
1.543529272079467773e+00
-2.950424253940582275e-01
1.091404795646667480e+00
1.424656987190246582e+00
1.078631281852722168e+00
-4.857205748558044434e-01
6.204639673233032227e-01
-9.494262933731079102e-01
-1.552300304174423218e-01
-2.511507868766784668e-01
8.934834003448486328e-01
-1.474121928215026855e+00
-5.775203704833984375e-01
-3.219819068908691406e-01
3.830654323101043701e-01
-5.466708540916442871e-01
-3.883605077862739563e-02
-6.661066412925720215e-01
3.415519893169403076e-01
-2.594574987888336182e-01
-6.800953745841979980e-01
5.680781006813049316e-01
3.092876374721527100e-01
1.143781915307044983e-01
-3.935152888298034668e-01
9.812470674514770508e-01
2.518454492092132568e-01
-1.188396096229553223e+00
2.807453274726867676e-01
-2.687360763549804688e+00
9.608626961708068848e-01
7.337666302919387817e-02
5.803248286247253418e-01
-2.167878150939941406e-01
1.760910302400588989e-01
-1.177886486053466797e+00
4.833556711673736572e-01
4.124583005905151367e-01
-9.457339048385620117e-01
6.000857055187225342e-02
7.765512168407440186e-02
1.287752389907836914e+00
-7.020770311355590820e-01
4.539953768253326416e-01
-4.718312919139862061e-01
-6.833070516586303711e-01
-3.025425076484680176e-01
3.405639231204986572e-01
5.291075706481933594e-01
1.220378398895263672e+00
-5.104303359985351562e-01
-4.939682781696319580e-02
4.043542444705963135e-01
1.380498334765434265e-02
-4.915921688079833984e-01
-7.124384045600891113e-01
4.331049919128417969e-01
-1.663477420806884766e-01
7.943198680877685547e-01
2.172710448503494263e-01
-6.501278877258300781e-01
5.455521345138549805e-01
-6.296361684799194336e-01
-2.381239891052246094e+00
-2.389487177133560181e-01
-1.305786967277526855e+00
1.181125640869140625e+00
-5.046722292900085449e-02
6.344191431999206543e-01
3.427946269512176514e-01
-8.436529040336608887e-01
2.228438854217529297e-01
1.530681103467941284e-01
3.913088440895080566e-01
1.915481500327587128e-02
3.099780976772308350e-01
3.923630416393280029e-01
-2.742560505867004395e-01
-4.962096810340881348e-01
-4.109659492969512939e-01
1.702408432960510254e+00
-1.756208986043930054e-01
-8.120824694633483887e-01
1.508537679910659790e-01
4.898185729980468750e-01
-2.941021919250488281e-01
1.166815042495727539e+00
-1.800444126129150391e-01
2.026527822017669678e-01
-3.968814015388488770e-02
1.628226280212402344e+00
-2.697602510452270508e-01
-1.588104605674743652e+00
-4.709868133068084717e-01
-4.531188402324914932e-03
-3.312593698501586914e-02
3.905586600303649902e-01
-3.034769594669342041e-01
-1.828026324510574341e-01
-5.839438438415527344e-01
-4.250957667827606201e-01
-5.529516935348510742e-01
-3.422192037105560303e-01
-2.416725456714630127e-02
-5.881334468722343445e-02
2.871490120887756348e-01
-8.006494641304016113e-01
2.709489464759826660e-01
1.042189598083496094e+00
1.069352868944406509e-02
-5.156266689300537109e-01
5.467417836189270020e-01
4.473158717155456543e-01
2.428917400538921356e-02
-4.511955976486206055e-01
5.946633815765380859e-01
-8.143013715744018555e-01
-8.685696125030517578e-01
1.432080626487731934e+00
5.380347967147827148e-01
-3.632086813449859619e-01
9.474135935306549072e-02
2.015934437513351440e-01
-2.343774080276489258e+00
-3.170118927955627441e-01
-1.874220520257949829e-01
1.111901044845581055e+00
1.639483422040939331e-01
6.029562950134277344e-01
-4.162274897098541260e-01
7.982322573661804199e-01
1.203787565231323242e+00
1.633864343166351318e-01
1.118425488471984863e+00
-2.420457601547241211e-01
-2.461204081773757935e-01
-1.189582198858261108e-01
-3.991290032863616943e-01
-2.839202284812927246e-01
-6.626464724540710449e-01
1.219047069549560547e+00
1.152425289154052734e+00
4.137376844882965088e-01
-1.015018463134765625e+00
3.317866623401641846e-01
-2.242362201213836670e-01
1.348132014274597168e+00
1.659774333238601685e-01
-4.042327404022216797e-01
-1.172889947891235352e+00
2.396979182958602905e-01
-2.116773605346679688e+00
-4.560604989528656006e-01
6.673768758773803711e-01
1.125685214996337891e+00
1.700772941112518311e-01
-6.767718493938446045e-02
4.151518344879150391e-01
-4.256307184696197510e-01
-8.837911486625671387e-01
-1.365584284067153931e-01
4.842276573181152344e-01
-9.993852376937866211e-01
-3.008161485195159912e-01
3.806942403316497803e-01
1.139614582061767578e-01
-1.062770128250122070e+00
4.400560855865478516e-01
-2.356591522693634033e-01
-5.427370667457580566e-01
3.300426900386810303e-01
-1.193562746047973633e+00
1.331771135330200195e+00
7.624384760856628418e-01
-2.055328935384750366e-01
3.802340984344482422e+00
-5.185472369194030762e-01
-1.956199482083320618e-02
2.808060348033905029e-01
-1.823888301849365234e+00
8.891974091529846191e-01
3.181410729885101318e-01
1.064836502075195312e+00
3.141428530216217041e-01
-7.411459088325500488e-01
-9.820554852485656738e-01
-1.551117420196533203e+00
2.486124783754348755e-01
-1.321219444274902344e+00
-4.760084748268127441e-01
8.713937997817993164e-01
1.762869507074356079e-01
-7.364068031311035156e-01
5.751077532768249512e-01
1.729321032762527466e-01
-3.303336501121520996e-01
-1.844287514686584473e-01
-2.710652947425842285e-01
-3.505949378013610840e-01
-4.254509210586547852e-01
1.733532994985580444e-01
5.200299024581909180e-01
-5.893628597259521484e-01
-8.228114247322082520e-01
3.400182723999023438e-01
4.697185754776000977e-01
-1.704993486404418945e+00
7.769060730934143066e-01
-8.252918720245361328e-01
1.268267869949340820e+00
2.837174385786056519e-02
3.515513539314270020e-01
9.011785984039306641e-01
-6.133162379264831543e-01
-3.409372866153717041e-01
-7.243114709854125977e-01
-3.506391048431396484e-01
-7.728030085563659668e-01
-5.278434753417968750e-01
-1.346957385540008545e-01
1.105077385902404785e+00
-1.395143568515777588e-01
8.427586406469345093e-02
6.455032229423522949e-01
3.010992407798767090e-01
1.205465674400329590e+00
4.262771606445312500e-01
-8.516080379486083984e-01
6.506448239088058472e-02
1.058721542358398438e+00
-4.200239181518554688e-01
4.409188628196716309e-01
4.260212779045104980e-01
-1.255515124648809433e-02
-9.414522051811218262e-01
6.544185876846313477e-01
1.320179939270019531e+00
3.209789097309112549e-01
1.084581762552261353e-01
1.534483194351196289e+00
-1.869080811738967896e-01
1.023511409759521484e+00
-3.974342346191406250e-01
-5.832879543304443359e-01
-7.519667744636535645e-01
8.942415118217468262e-01
-6.293002963066101074e-01
-1.744217723608016968e-01
-9.317139983177185059e-01
3.792122602462768555e-01
-7.878103256225585938e-01
-9.057888984680175781e-01
4.529478251934051514e-01
-1.475113272666931152e+00
-3.477391302585601807e-01
-1.226731538772583008e+00
-1.043690562248229980e+00
-9.938682615756988525e-02
-5.276272296905517578e-01
6.456139087677001953e-01
1.620676636695861816e+00
-4.950491786003112793e-01
-1.098207354545593262e+00
-5.244672894477844238e-01
-1.013441920280456543e+00
1.855009496212005615e-01
4.069615006446838379e-01
-9.904032945632934570e-01
-1.568151473999023438e+00
-7.118881940841674805e-01
-3.783213496208190918e-01
1.457835286855697632e-01
-5.631146430969238281e-01
9.525362849235534668e-01
-6.963611394166946411e-02
1.266019225120544434e+00
-4.199062585830688477e-01
2.401332706212997437e-01
1.312587969005107880e-02
-2.686201632022857666e-01
9.602883458137512207e-01
-4.586813747882843018e-01
-4.940848648548126221e-01
-2.657367587089538574e-01
-1.042041540145874023e+00
1.138014420866966248e-01
7.704274058341979980e-01
1.054904460906982422e+00
1.096804380416870117e+00
-2.918644621968269348e-02
-6.570153236389160156e-01
-4.631078541278839111e-01
-7.758399248123168945e-01
-1.042823772877454758e-02
-3.552603721618652344e-01
1.095235824584960938e+00
1.172238469123840332e+00
-1.237009540200233459e-01
3.502126932144165039e-01
5.075500011444091797e-01
-1.417712450027465820e+00
9.310175180435180664e-01
-9.460233151912689209e-03
-1.215904593467712402e+00
2.756015062332153320e-01
-2.324421554803848267e-01
-3.823242783546447754e-01
1.496641058474779129e-02
-6.399092674255371094e-01
-1.413911581039428711e-01
-6.489998102188110352e-01
-5.498921275138854980e-01
-3.587748110294342041e-01
-3.852096796035766602e-01
3.292732834815979004e-01
4.384010136127471924e-01
-7.227209955453872681e-02
-1.330236792564392090e+00
-5.896490439772605896e-02
-1.540695428848266602e+00
2.868399210274219513e-02
1.222153544425964355e+00
1.825778603553771973e+00
5.787509679794311523e-01
1.530708521604537964e-01
-3.055246314033865929e-03
1.268990635871887207e+00
-7.333975434303283691e-01
-1.735354423522949219e+00
5.261893272399902344e-01
-8.473812341690063477e-01
-3.842351734638214111e-01
6.141044497489929199e-01
1.214578375220298767e-01
-3.883215188980102539e-01
-1.023756980895996094e+00
-6.214134693145751953e-01
-7.922278642654418945e-01
1.102391362190246582e+00
9.370568990707397461e-01
-9.331855773925781250e-01
1.146415621042251587e-01
1.277808427810668945e+00
-3.456145524978637695e-01
8.112504482269287109e-01
5.223466157913208008e-01
-1.423051655292510986e-01
6.015198826789855957e-01
1.563926219940185547e+00
-2.581943869590759277e-01
3.772467374801635742e-01
2.030161023139953613e-01
-2.357343137264251709e-01
-4.706211388111114502e-01
-7.930385470390319824e-01
-2.583801150321960449e-01
-4.409487247467041016e-01
-1.109247207641601562e+00
-4.568941891193389893e-01
7.693799138069152832e-01
5.649412982165813446e-03
-7.744823233224451542e-04
-2.873381972312927246e-01
-4.224721491336822510e-01
1.460897475481033325e-01
-2.658138275146484375e-01
-3.836689889430999756e-01
-2.975234389305114746e-01
2.407526224851608276e-01
-9.379620105028152466e-02
-1.392233818769454956e-01
-3.471565544605255127e-01
-3.182325661182403564e-01
2.569351792335510254e-01
-1.355892419815063477e-01
-1.139429450035095215e+00
-1.291536808013916016e+00
-8.475372195243835449e-01
-4.238649308681488037e-01
-3.739036023616790771e-01
-1.363609917461872101e-02
4.523903131484985352e-02
-5.386445671319961548e-03
1.522568225860595703e+00
5.679894685745239258e-01
-1.429665803909301758e+00
1.702985763549804688e-01
-5.656762719154357910e-01
1.049669742584228516e+00
-1.117141127586364746e+00
1.415060162544250488e-01
9.549515843391418457e-01
6.771740317344665527e-01
-4.710015356540679932e-01
-7.437396049499511719e-01
7.847268581390380859e-01
5.476624369621276855e-01
-9.510558843612670898e-01
1.714151859283447266e+00
1.296568363904953003e-01
1.081732988357543945e+00
-1.219913721084594727e+00
-3.043707907199859619e-01
-8.705736398696899414e-01
-2.189296722412109375e+00
-8.316528052091598511e-02
-3.934543132781982422e-01
1.422924250364303589e-01
-9.895655512809753418e-01
-8.788965344429016113e-01
1.276172101497650146e-01
-9.583254456520080566e-01
-1.259261071681976318e-01
-2.760002315044403076e-01
-1.224797293543815613e-01
-3.642144799232482910e-01
7.953149080276489258e-01
1.546969175338745117e+00
4.317753612995147705e-01
6.435803174972534180e-01
6.915721893310546875e-01
-4.398722946643829346e-01
7.139568328857421875e-01
-8.442535996437072754e-01
3.659609556198120117e-01
1.798892170190811157e-01
-1.290489912033081055e+00
3.227880597114562988e-01
-3.260509371757507324e-01
-1.379151701927185059e+00
-3.412231504917144775e-01
9.683246612548828125e-01
5.556489825248718262e-01
4.034884274005889893e-01
8.654526472091674805e-01
5.758941546082496643e-02
-3.190186023712158203e-01
9.906275868415832520e-01
7.116804271936416626e-02
2.190926522016525269e-01
-5.445287004113197327e-02
-2.108708620071411133e-01
5.166235566139221191e-02
8.800640702247619629e-01
3.321191072463989258e-01
-6.682082414627075195e-01
-8.508914709091186523e-01
-1.004949569702148438e+00
1.412578463554382324e+00
2.370387911796569824e-01
8.705713152885437012e-01
-1.985756307840347290e-01
-1.113522291183471680e+00
-3.000747263431549072e-01
-4.723497331142425537e-01
-2.803373336791992188e-01
-8.060683608055114746e-01
1.293502561748027802e-02
-2.669031918048858643e-01
-1.178531765937805176e+00
-8.316562771797180176e-01
3.848756849765777588e-01
4.501786828041076660e-01
1.097313761711120605e+00
1.011573672294616699e+00
-7.074621319770812988e-01
5.784360766410827637e-01
4.895345568656921387e-01
1.097136139869689941e+00
3.186422586441040039e-01
-8.043499588966369629e-01
-7.432281970977783203e-01
1.397281050682067871e+00
-1.818944960832595825e-01
-2.183707356452941895e-01
1.095785379409790039e+00
-8.994320780038833618e-02
9.828804731369018555e-01
3.350170850753784180e-01
-9.848651289939880371e-02
5.606142878532409668e-01
1.368729472160339355e+00
2.146083265542984009e-01
9.833322763442993164e-01
6.665481720119714737e-03
7.341404557228088379e-01
3.277041018009185791e-01
3.095857203006744385e-01
1.663761615753173828e+00
1.491426974534988403e-01
-1.027432754635810852e-01
5.541213154792785645e-01
-7.146540284156799316e-01
-1.827177882194519043e+00
-8.781927824020385742e-02
-1.094621658325195312e+00
-3.340939581394195557e-01
2.781445160508155823e-02
-3.141179978847503662e-01
-1.124980766326189041e-02
1.444973349571228027e-01
5.105488300323486328e-01
3.064600229263305664e-01
8.547505736351013184e-01
2.785183787345886230e-01
9.337737411260604858e-02
7.243231534957885742e-01
2.965171635150909424e-01
-1.111879467964172363e+00
1.155042573809623718e-01
-5.602035522460937500e-01
-3.929164633154869080e-02
2.924159169197082520e-01
1.589283347129821777e-01
-8.552407622337341309e-01
1.364523470401763916e-01
2.208970934152603149e-01
-2.519747018814086914e-01
3.398231565952301025e-01
-6.350703835487365723e-01
-3.262543082237243652e-01
-5.809550881385803223e-01
1.692523956298828125e-01
-3.968520164489746094e-01
-1.368727803230285645e+00
3.446399420499801636e-02
1.050310134887695312e+00
1.333731055259704590e+00
-3.821901679039001465e-01
-7.692338228225708008e-01
9.423313736915588379e-01
2.289051115512847900e-01
1.686538308858871460e-01
3.756219446659088135e-01
1.209848403930664062e+00
9.646552205085754395e-01
-1.414848119020462036e-01
-1.831542849540710449e-01
-1.028750017285346985e-01
-3.869715631008148193e-01
8.098902106285095215e-01
4.985814690589904785e-01
4.638371765613555908e-01
-2.092235684394836426e-01
-7.415407299995422363e-01
1.707512974739074707e+00
9.895783662796020508e-01
-4.257187247276306152e-01
-1.046662628650665283e-01
-1.377254724502563477e+00
1.552537679672241211e+00
7.203646004199981689e-02
-2.123907089233398438e+00
-1.458540081977844238e+00
-7.128540873527526855e-01
1.672820091247558594e+00
-5.762173607945442200e-02
-7.051733732223510742e-01
4.349715411663055420e-01
-3.152632713317871094e-01
4.641672074794769287e-01
4.689514338970184326e-01
8.302508592605590820e-01
2.269127517938613892e-01
-2.836315929889678955e-01
1.365346670150756836e+00
-5.828493833541870117e-01
1.606782227754592896e-01
-8.331020362675189972e-03
2.266406118869781494e-01
-3.804271817207336426e-01
-1.724438369274139404e-01
1.404739379882812500e+00
8.643184900283813477e-01
-4.167496860027313232e-01
9.270860999822616577e-02
-4.160617887973785400e-01
-1.465402960777282715e+00
-4.241054058074951172e-01
6.539745330810546875e-01
1.198114156723022461e+00
5.758252143859863281e-01
-5.116259455680847168e-01
-5.263442397117614746e-01
-9.588129520416259766e-01
7.186341881752014160e-01
-8.435164391994476318e-02
-2.414313256740570068e-01
-1.771225333213806152e-01
-5.887250304222106934e-01
-2.211466990411281586e-02
-1.399761557579040527e+00
-4.891353547573089600e-01
-4.492068886756896973e-01
3.821786940097808838e-01
-5.659296512603759766e+00
-1.093695878982543945e+00
7.973721623420715332e-01
-6.166180372238159180e-01
-4.319496154785156250e-01
-4.652237594127655029e-01
-2.371347844600677490e-01
1.008839964866638184e+00
-1.726034522056579590e+00
2.654072344303131104e-01
-4.139500260353088379e-01
1.610075592994689941e+00
3.887473940849304199e-01
-4.408423900604248047e-01
-1.419490814208984375e+00
2.075201570987701416e-01
6.425064802169799805e-01
-6.880316138267517090e-02
1.570379137992858887e+00
-7.956640720367431641e-01
1.378972828388214111e-01
4.723350107669830322e-01
-1.568971015512943268e-02
-8.316972106695175171e-02
-8.343607783317565918e-01
3.131446838378906250e-01
-9.435378909111022949e-01
-6.514029111713171005e-03
-1.215334832668304443e-01
-1.105489969253540039e+00
9.266194701194763184e-01
-1.832846552133560181e-01
-2.175045907497406006e-01
-1.795322448015213013e-01
6.867234706878662109e-01
1.230236589908599854e-01
5.887148380279541016e-01
-2.245070487260818481e-01
-9.318797588348388672e-01
-4.387689232826232910e-01
1.072709321975708008e+00
-1.801888346672058105e-01
-5.816701650619506836e-01
-1.023990750312805176e+00
-3.188606202602386475e-01
-9.721263051033020020e-01
1.194728136062622070e+00
-7.891007065773010254e-01
4.236108157783746719e-03
4.440489411354064941e-01
2.395079433917999268e-01
7.688054442405700684e-01
-4.058915078639984131e-01
1.150881755165755749e-03
-4.494285285472869873e-01
1.057945847511291504e+00
2.327944993972778320e+00
-1.645245194435119629e+00
7.812863588333129883e-01
-3.271827399730682373e-01
2.885133773088455200e-02
-7.003543376922607422e-01
8.017424494028091431e-02
4.343731105327606201e-01
-2.277274876832962036e-01
2.172525227069854736e-02
-1.002721548080444336e+00
-6.984812617301940918e-01
-1.510536789894104004e+00
-7.395448684692382812e-01
-1.017710924148559570e+00
3.894129991531372070e-01
9.788542389869689941e-01
-3.822049498558044434e-01
8.480047583580017090e-01
1.136107563972473145e+00
3.631213009357452393e-01
-5.271018147468566895e-01
-3.350032269954681396e-01
5.585027337074279785e-01
