4.015539586544036865e-01
4.523310959339141846e-01
3.581099212169647217e-01
2.948091551661491394e-02
-6.148808598518371582e-01
-6.755383014678955078e-01
-1.040631413459777832e+00
-5.001688599586486816e-01
-6.864584684371948242e-01
1.567926555871963501e-01
1.124895572662353516e+00
-1.435939073562622070e+00
9.253364056348800659e-02
-2.102714329957962036e-01
7.828095555305480957e-01
-1.455146789550781250e+00
-7.363653182983398438e-01
-1.420757919549942017e-01
2.217250019311904907e-01
-1.420278996229171753e-01
1.192600369453430176e+00
-1.414475798606872559e+00
1.185706377029418945e+00
-3.858565688133239746e-01
9.127346873283386230e-01
1.649322807788848877e-01
7.376738190650939941e-01
-2.550193965435028076e-01
-2.070427179336547852e+00
8.438339233398437500e-01
9.518546611070632935e-02
-1.036296725273132324e+00
-3.849391639232635498e-01
2.974596619606018066e-01
-1.050946712493896484e+00
-4.077826738357543945e-01
-2.435674965381622314e-01
-2.920379877090454102e+00
6.581559032201766968e-02
-4.135418310761451721e-02
-1.274562597274780273e+00
-6.205590367317199707e-01
1.299027323722839355e+00
6.554301381111145020e-01
3.222605288028717041e-01
2.163429260253906250e+00
9.095696210861206055e-01
-6.548450589179992676e-01
3.364472985267639160e-01
4.194438159465789795e-01
-5.754024386405944824e-01
6.642191410064697266e-01
1.745455741882324219e+00
9.028382897377014160e-01
2.814802825450897217e-01
-1.450286626815795898e+00
8.324688076972961426e-01
-7.523148059844970703e-01
-3.541891872882843018e-01
-1.066850900650024414e+00
-6.112643480300903320e-01
-4.061421379446983337e-02
1.748270630836486816e+00
-2.343941777944564819e-01
9.832803606986999512e-01
-1.840844154357910156e+00
1.061058759689331055e+00
9.492861032485961914e-01
8.412094116210937500e-01
-4.281055927276611328e-01
-7.922059297561645508e-01
-1.377671957015991211e+00
-4.644013643264770508e-01
-3.060067892074584961e-01
-1.031041622161865234e+00
6.229503750801086426e-01
-1.245570629835128784e-01
6.818288564682006836e-01
-4.168129265308380127e-01
-1.677539795637130737e-01
-5.942692160606384277e-01
4.389521181583404541e-01
-1.513405203819274902e+00
-1.606256067752838135e-01
-1.234397888183593750e+00
1.333540678024291992e+00
-3.196836411952972412e-01
2.813265323638916016e-01
7.201428413391113281e-01
5.813819766044616699e-01
-1.660068631172180176e+00
-6.484985351562500000e-01
-7.746282219886779785e-01
4.644531011581420898e-01
1.893840134143829346e-01
-3.268624842166900635e-02
6.526680588722229004e-01
9.616377949714660645e-01
-1.013772010803222656e+00
9.647316932678222656e-01
6.098579168319702148e-01
1.370848268270492554e-01
-1.352986879646778107e-02
-6.024856567382812500e-01
-7.193775773048400879e-01
-8.072264790534973145e-01
-1.066363811492919922e+00
1.163338780403137207e+00
5.641621947288513184e-01
-7.630816698074340820e-01
-2.481298148632049561e-01
5.092662572860717773e-02
-1.321338653564453125e+00
-4.318747818470001221e-01
1.447523832321166992e-01
6.072172522544860840e-02
-3.170662820339202881e-01
1.178783059120178223e+00
5.916970372200012207e-01
7.070438861846923828e-01
7.653458118438720703e-01
-2.553958594799041748e-01
-1.157124876976013184e+00
9.107012748718261719e-01
9.385214447975158691e-01
2.278292179107666016e-01
1.863763570785522461e+00
6.013172268867492676e-01
-6.402350664138793945e-01
-1.970939785242080688e-01
-9.308338761329650879e-01
-1.961095929145812988e-01
8.285496830940246582e-01
2.777987718582153320e-01
-1.794559955596923828e+00
-7.304317355155944824e-01
1.673127055168151855e+00
6.151431202888488770e-01
5.211098790168762207e-01
-6.905154585838317871e-01
-4.460954666137695312e-02
1.556206583976745605e+00
9.160748869180679321e-02
-8.619450330734252930e-01
-1.169408917427062988e+00
-6.563999652862548828e-01
1.068675637245178223e+00
-1.543752551078796387e+00
-5.905017852783203125e-01
2.896928489208221436e-01
3.383708000183105469e-01
1.222799941897392273e-01
6.537654995918273926e-01
-9.992381334304809570e-01
1.307480454444885254e+00
2.103993743658065796e-01
-5.087236166000366211e-01
3.954885303974151611e-01
-1.104634523391723633e+00
4.301760494709014893e-01
3.474198877811431885e-01
-9.506360292434692383e-01
1.061475038528442383e+00
-4.583654403686523438e-01
-7.641681432723999023e-01
-2.199628055095672607e-01
-4.357529580593109131e-01
-4.564135968685150146e-01
-8.614431619644165039e-01
8.732329607009887695e-01
-1.032552003860473633e+00
-2.379238367080688477e+00
-8.315560221672058105e-01
2.216694355010986328e+00
-6.976363062858581543e-01
-5.502762645483016968e-02
1.545574545860290527e+00
3.143283128738403320e-01
9.107266366481781006e-02
9.395594596862792969e-01
-7.353446483612060547e-01
-7.744963169097900391e-01
-4.177822768688201904e-01
-2.066195458173751831e-01
1.321094155311584473e+00
-1.513269662857055664e+00
-1.915272116661071777e+00
-9.453468769788742065e-02
1.473308563232421875e+00
-5.309103131294250488e-01
-1.152812391519546509e-01
-7.521961927413940430e-01
-6.326605379581451416e-02
1.650465130805969238e-01
-1.121107101440429688e+00
-3.428255021572113037e-01
8.049663305282592773e-01
-7.709645479917526245e-02
2.560577392578125000e-01
-2.226316034793853760e-01
3.254196643829345703e-01
1.382552742958068848e+00
1.698905587196350098e+00
-7.738643288612365723e-01
-1.102345287799835205e-01
-1.300037801265716553e-01
8.975543379783630371e-01
-7.181872129440307617e-01
2.261018902063369751e-01
-1.325261950492858887e+00
-4.758698940277099609e-01
-7.057911753654479980e-01
1.335481047630310059e+00
-6.641754508018493652e-01
-5.622982382774353027e-01
1.353408455848693848e+00
-3.415306806564331055e+00
-3.344056308269500732e-01
9.011967107653617859e-03
3.411499857902526855e-01
2.384952306747436523e-01
9.101052768528461456e-03
-6.074224039912223816e-02
-1.276574749499559402e-02
2.498585700988769531e+00
-1.035199999809265137e+00
5.615621209144592285e-01
-3.915533721446990967e-01
-8.578234910964965820e-01
-9.666735529899597168e-01
-3.542323783040046692e-02
-1.111754417419433594e+00
3.544192314147949219e-01
1.128574848175048828e+00
1.085273265838623047e+00
7.619608640670776367e-01
1.634787917137145996e+00
-3.946028947830200195e-01
-7.186940908432006836e-01
-9.991534799337387085e-02
2.242613881826400757e-01
5.111824274063110352e-01
-1.010578989982604980e+00
1.081388115882873535e+00
-1.423263430595397949e+00
-8.760015964508056641e-01
-1.528523564338684082e-01
1.441633462905883789e+00
1.532461524009704590e+00
-7.338494807481765747e-02
2.153459936380386353e-01
-3.556756079196929932e-01
-1.366922616958618164e+00
-1.025618791580200195e+00
-7.654514629393815994e-03
7.013276815414428711e-01
-8.928102254867553711e-01
3.249453008174896240e-01
-3.070203363895416260e-01
1.012796044349670410e+00
4.256603121757507324e-01
1.426864713430404663e-01
1.569283485412597656e+00
-9.287260174751281738e-01
-3.483676016330718994e-01
7.445073127746582031e-02
1.025995612144470215e+00
-7.053022980690002441e-01
3.457357883453369141e+00
8.355628848075866699e-01
1.512195706367492676e+00
-4.066661745309829712e-02
6.315777897834777832e-01
1.966912299394607544e-01
-5.813906192779541016e-01
1.122356295585632324e+00
-9.318428635597229004e-01
-7.861750125885009766e-01
8.564128875732421875e-01
-9.684672355651855469e-01
6.362056732177734375e-01
-5.046630501747131348e-01
1.397333145141601562e+00
-6.141588687896728516e-01
7.812677621841430664e-01
7.381321787834167480e-01
7.654988765716552734e-01
-2.725169956684112549e-01
7.398999333381652832e-01
-3.975614011287689209e-01
-7.495192885398864746e-01
1.214697360992431641e+00
-5.095865130424499512e-01
-1.773813128471374512e+00
5.854465812444686890e-02
4.693421721458435059e-01
1.181958913803100586e+00
-9.711959213018417358e-02
1.389200687408447266e+00
-8.671947121620178223e-01
4.444267451763153076e-01
-9.723178744316101074e-01
3.106635510921478271e-01
8.436130285263061523e-01
1.179488539695739746e+00
-1.404906362295150757e-01
2.364771068096160889e-02
-1.846129536628723145e+00
4.523551166057586670e-01
-4.538869857788085938e-01
-8.042362928390502930e-01
-1.477326512336730957e+00
-3.421367108821868896e-01
6.502103209495544434e-01
-5.594737827777862549e-03
3.626496493816375732e-01
1.080654740333557129e+00
1.016965150833129883e+00
8.412880897521972656e-01
2.381350696086883545e-01
-1.299495458602905273e+00
-5.535218715667724609e-01
7.311331033706665039e-01
2.176381498575210571e-01
-8.735064268112182617e-01
1.000847741961479187e-01
-8.942360281944274902e-01
-4.104153066873550415e-02
-1.002817392349243164e+00
9.032506942749023438e-01
7.818322181701660156e-01
-1.437677145004272461e+00
1.202118754386901855e+00
-8.414857983589172363e-01
4.521703422069549561e-01
-6.685758829116821289e-01
2.089680284261703491e-01
-1.170016527175903320e+00
9.986165165901184082e-01
-1.299042701721191406e+00
2.112996429204940796e-01
-6.298452019691467285e-01
6.952540278434753418e-01
-3.544248044490814209e-01
-2.381926774978637695e-01
3.750510215759277344e-01
-1.127152331173419952e-02
7.332797050476074219e-01
-8.788530528545379639e-02
7.066252231597900391e-01
-1.018295884132385254e+00
-2.090521007776260376e-01
-6.916332840919494629e-01
-1.292334318161010742e+00
-4.911766052246093750e-01
-1.063862681388854980e+00
-1.559094041585922241e-01
-1.263030171394348145e+00
2.263672351837158203e-01
8.369035124778747559e-01
2.002125084400177002e-01
-1.057948112487792969e+00
9.559825062751770020e-01
-2.893668413162231445e-01
-8.496481776237487793e-01
-2.242758125066757202e-01
1.327358961105346680e+00
-5.273248553276062012e-01
5.255979895591735840e-01
-2.805694043636322021e-01
8.006582856178283691e-01
6.830878853797912598e-01
-3.313081860542297363e-01
1.088071584701538086e+00
-8.084225654602050781e-01
6.470320820808410645e-01
-8.946405053138732910e-01
5.656195878982543945e-01
-8.206291198730468750e-01
1.671003848314285278e-01
5.267971158027648926e-01
6.606007814407348633e-01
6.846406459808349609e-01
-1.230698227882385254e+00
-5.041023492813110352e-01
8.402330279350280762e-01
1.855324506759643555e-01
-9.577708840370178223e-01
1.102202177047729492e+00
-6.441766619682312012e-01
2.735996723175048828e+00
1.120227098464965820e+00
4.959484934806823730e-01
-2.175683081150054932e-01
1.044159770011901855e+00
-4.445880055427551270e-01
-8.504628539085388184e-01
5.501461029052734375e-01
1.017049074172973633e+00
3.342992961406707764e-01
-1.081024527549743652e+00
-2.254004001617431641e+00
7.179830670356750488e-01
-9.105424284934997559e-01
-1.379220604896545410e+00
4.038684815168380737e-02
-7.587908506393432617e-01
3.361382707953453064e-02
-2.405422627925872803e-01
-5.345863103866577148e-01
-3.595679700374603271e-01
-1.571169942617416382e-01
-1.086000800132751465e+00
1.276490688323974609e+00
8.456929922103881836e-01
9.238021969795227051e-01
-8.320232629776000977e-01
1.873249411582946777e-01
-1.020303130149841309e+00
6.871585845947265625e-01
-2.781620323657989502e-01
-5.878292322158813477e-01
3.818307220935821533e-01
7.815300226211547852e-01
-3.768817186355590820e-01
2.724992670118808746e-02
-2.091344743967056274e-01
-8.041788935661315918e-01
-1.191888689994812012e+00
-5.193897485733032227e-01
1.416906863451004028e-01
3.637064099311828613e-01
-5.098782777786254883e-01
-9.061589241027832031e-01
-1.196056127548217773e+00
-1.388199090957641602e+00
1.303679943084716797e+00
-6.601082086563110352e-01
5.198541879653930664e-01
-5.666199922561645508e-01
-1.006411671638488770e+00
-2.989614903926849365e-01
-5.291284322738647461e-01
1.081385314464569092e-01
1.764530301094055176e+00
2.307602763175964355e-01
-8.193940669298171997e-02
-4.897111952304840088e-01
-1.092558860778808594e+00
-9.807404875755310059e-01
-2.768717110157012939e-01
-7.073752880096435547e-01
-4.989491105079650879e-01
-1.108781337738037109e+00
-1.220209717750549316e+00
-8.154042959213256836e-01
9.794691205024719238e-01
1.259457588195800781e+00
6.363928914070129395e-01
-7.842606306076049805e-01
1.768380999565124512e+00
1.024418115615844727e+00
9.958800673484802246e-02
2.211643606424331665e-01
-9.467841982841491699e-01
-6.490505337715148926e-01
1.296975970268249512e+00
6.439341306686401367e-01
-6.426741480827331543e-01
-4.916973114013671875e-01
6.396266818046569824e-01
8.461415171623229980e-01
-1.239066958427429199e+00
-2.606749534606933594e-02
-6.768247485160827637e-01
2.254859358072280884e-02
1.325716733932495117e+00
-2.391284108161926270e-01
-1.087161064147949219e+00
1.374144434928894043e+00
1.002341985702514648e+00
-2.999948859214782715e-01
-6.769350171089172363e-01
-3.133893311023712158e-01
2.423922121524810791e-01
-1.001651585102081299e-01
2.188361883163452148e-01
5.202608108520507812e-01
4.324763417243957520e-01
3.565354645252227783e-02
8.721912503242492676e-01
1.007711172103881836e+00
5.487009137868881226e-02
5.961508154869079590e-01
-1.495304346084594727e+00
5.446441769599914551e-01
-2.525716423988342285e-01
-1.133115291595458984e+00
6.019161343574523926e-01
-1.120966315269470215e+00
-1.962930262088775635e-01
9.017751216888427734e-01
-5.775583386421203613e-01
8.624909520149230957e-01
-1.579555988311767578e+00
3.627305924892425537e-01
-1.297770738601684570e+00
-6.470721960067749023e-02
-6.828420162200927734e-01
8.481138944625854492e-01
4.355441629886627197e-01
-7.621228098869323730e-01
-1.244841814041137695e+00
6.687268614768981934e-01
9.034893661737442017e-02
6.458242535591125488e-01
-1.178509712219238281e+00
3.892351640388369560e-03
1.228357911109924316e+00
2.360154092311859131e-01
-2.678247988224029541e-01
5.617948174476623535e-01
-1.262893676757812500e+00
-5.450907349586486816e-01
6.168017387390136719e-01
2.195292897522449493e-02
-7.684577107429504395e-01
9.582784771919250488e-01
4.650326073169708252e-01
-1.545317411422729492e+00
7.761994600296020508e-01
1.769411802291870117e+00
8.360593318939208984e-01
-6.063386797904968262e-01
9.166925400495529175e-02
-8.339327573776245117e-01
3.606820851564407349e-02
3.347503393888473511e-02
-8.938522338867187500e-01
1.303801387548446655e-01
-9.023201465606689453e-01
-2.635370790958404541e-01
3.553800880908966064e-01
-1.887611627578735352e+00
1.965683102607727051e+00
-9.991919398307800293e-01
8.263233900070190430e-01
1.375518560409545898e+00
-8.394173532724380493e-02
5.160911679267883301e-01
-2.315775156021118164e-01
2.497448772192001343e-01
-6.694919466972351074e-01
-5.260669160634279251e-03
6.318926066160202026e-02
6.038764715194702148e-01
-1.251029968261718750e+00
-5.653359293937683105e-01
-1.782659649848937988e+00
-1.257713794708251953e+00
8.193153142929077148e-01
-3.384744226932525635e-01
-2.080604583024978638e-01
2.656436860561370850e-01
1.193144679069519043e+00
-7.411438822746276855e-01
7.584192752838134766e-01
5.829880237579345703e-01
1.745701909065246582e+00
-1.425935626029968262e+00
1.074292585253715515e-01
4.384190142154693604e-01
-1.128152906894683838e-01
-1.776719927787780762e+00
-7.808078080415725708e-02
-5.748600959777832031e-01
1.871807575225830078e-01
-2.765122354030609131e-01
8.399855494499206543e-01
-4.431486725807189941e-01
-5.336320996284484863e-01
1.573904514312744141e+00
9.139222502708435059e-01
4.852865636348724365e-01
3.535725176334381104e-01
-4.770748615264892578e-01
-1.245451211929321289e+00
-8.136507272720336914e-01
7.907116413116455078e-02
-4.516154527664184570e-01
7.775738090276718140e-02
-8.330283761024475098e-01
1.417561061680316925e-02
2.201866805553436279e-01
7.186883687973022461e-02
3.097560107707977295e-01
-7.202523946762084961e-01
-3.972777128219604492e-01
-4.011560082435607910e-01
-1.086454093456268311e-01
9.288275986909866333e-02
-1.454649567604064941e-01
3.693062961101531982e-01
1.829627007246017456e-01
8.773688077926635742e-01
-9.894288182258605957e-01
-3.645470738410949707e-01
-1.864672899246215820e+00
-2.576150596141815186e-01
8.849828243255615234e-01
-2.521394491195678711e-01
1.984295696020126343e-01
4.800978600978851318e-01
2.087734043598175049e-01
1.586779356002807617e-01
-1.622595071792602539e+00
-5.352506041526794434e-02
-6.694687008857727051e-01
2.453352361917495728e-01
-7.644677758216857910e-01
-4.459425508975982666e-01
-6.946706771850585938e-02
-1.188504919409751892e-01
4.698013663291931152e-01
-1.216725930571556091e-01
2.249892354011535645e-01
-3.383746147155761719e-01
7.651950716972351074e-01
1.029815316200256348e+00
-2.024029254913330078e+00
1.648153305053710938e+00
-1.756935864686965942e-01
-7.955109700560569763e-03
4.001639187335968018e-01
3.250135779380798340e-01
-9.465195536613464355e-01
-4.536657929420471191e-01
1.862850487232208252e-01
-1.041358709335327148e+00
5.901840925216674805e-01
-6.649554967880249023e-01
6.393547654151916504e-01
-1.975889921188354492e+00
6.196832060813903809e-01
-1.815229207277297974e-01
3.769380807876586914e+00
7.601440548896789551e-01
7.547026872634887695e-02
7.339476943016052246e-01
-1.151803135871887207e+00
2.832070589065551758e-01
8.936354517936706543e-02
-2.269887365400791168e-02
-6.182635426521301270e-01
-4.610046744346618652e-01
-1.395747959613800049e-01
-3.600697219371795654e-02
-6.387991905212402344e-01
1.089621067047119141e+00
7.341326475143432617e-01
-5.236008167266845703e-01
1.438811302185058594e+00
-2.645629644393920898e-01
3.072922490537166595e-02
4.991699159145355225e-01
1.300471901893615723e+00
3.459520637989044189e-01
1.566897153854370117e+00
2.845194041728973389e-01
-9.305866956710815430e-01
-3.463593125343322754e-01
4.639865159988403320e-01
8.452723026275634766e-01
2.359996795654296875e+00
4.774597883224487305e-01
3.806454241275787354e-01
-7.880090475082397461e-01
-8.939020037651062012e-01
3.944952189922332764e-01
-1.368253588676452637e+00
6.750011444091796875e-01
-5.045558810234069824e-01
-5.010927319526672363e-01
8.965477943420410156e-01
-1.132636666297912598e+00
2.987331710755825043e-02
-4.404796361923217773e-01
-5.618843436241149902e-01
-9.327782690525054932e-02
3.869615495204925537e-01
-3.857884407043457031e-01
4.826258122920989990e-01
1.899503618478775024e-01
-2.735916972160339355e-01
3.271657600998878479e-02
1.069802045822143555e+00
9.256787598133087158e-02
1.796474307775497437e-01
-5.799636840820312500e-01
5.092480182647705078e-01
-4.778775870800018311e-01
3.833451569080352783e-01
-5.155743956565856934e-01
6.116868257522583008e-01
7.216616868972778320e-01
-1.904138922691345215e-01
2.076961278915405273e+00
-7.538206875324249268e-02
-9.486958980560302734e-01
-7.921070791780948639e-03
7.633811831474304199e-01
-1.252194523811340332e+00
-1.206459522247314453e+00
-8.063806295394897461e-01
-3.555391132831573486e-01
6.998003721237182617e-01
6.610712409019470215e-01
9.292380511760711670e-02
-5.165457129478454590e-01
8.564465045928955078e-01
-1.609521269798278809e+00
-3.240460157394409180e-02
2.482276558876037598e-01
6.058208942413330078e-01
2.629919648170471191e-01
-4.891256093978881836e-01
-1.286477804183959961e+00
-6.591658592224121094e-01
1.084814071655273438e+00
-5.807290673255920410e-01
-3.460068404674530029e-01
-9.249227643013000488e-01
-1.456466466188430786e-01
-5.869888886809349060e-02
5.424993038177490234e-01
5.618674159049987793e-01
-7.888486385345458984e-01
3.017322123050689697e-01
4.960307478904724121e-01
-1.968596279621124268e-01
2.853198647499084473e-01
-1.019451022148132324e+00
3.455044031143188477e-01
1.314137816429138184e+00
2.545238137245178223e-01
-7.807068824768066406e-01
-1.273761093616485596e-01
2.764078080654144287e-01
7.239265441894531250e-01
3.031452298164367676e-01
1.632515072822570801e+00
-3.333005309104919434e-01
-7.929859757423400879e-01
7.247231602668762207e-01
1.611084192991256714e-01
1.003096103668212891e+00
-6.492086052894592285e-01
-2.751228511333465576e-01
-4.315194115042686462e-02
-9.015778452157974243e-02
-1.909201890230178833e-01
5.900511741638183594e-01
-8.552811145782470703e-01
-2.075252979993820190e-01
6.019713282585144043e-01
3.403843641281127930e-01
-1.817726045846939087e-01
5.679179430007934570e-01
