8.589084148406982422e-01
4.445022344589233398e-01
-5.099644660949707031e-01
-1.182396151125431061e-02
8.101719617843627930e-01
2.695088386535644531e-01
6.405530869960784912e-02
8.341487646102905273e-01
-5.626328587532043457e-01
3.609229028224945068e-01
9.753502607345581055e-01
-7.927489280700683594e-01
-5.214891433715820312e-01
4.947260618209838867e-01
3.108112700283527374e-02
-6.442739367485046387e-01
-1.454116582870483398e+00
1.407436132431030273e+00
-3.126149177551269531e-01
-9.742708504199981689e-02
1.447992920875549316e+00
1.048184752464294434e+00
1.577488541603088379e+00
2.544624507427215576e-01
1.723478078842163086e+00
-2.496804594993591309e-01
1.020757555961608887e+00
9.400315880775451660e-01
-4.837187826633453369e-01
-2.087641656398773193e-01
-1.613943099975585938e+00
-3.328746259212493896e-01
-7.547976076602935791e-02
8.600299954414367676e-01
-1.377998828887939453e+00
-7.686872482299804688e-01
-1.658201664686203003e-01
-6.284333467483520508e-01
2.835602732375264168e-03
-1.332269906997680664e-01
-1.745732545852661133e+00
7.414709310978651047e-03
-6.304156184196472168e-01
-3.793846070766448975e-01
-3.076229989528656006e-01
-1.904909312725067139e-01
-2.490459978580474854e-01
-7.630998492240905762e-01
1.086817502975463867e+00
-8.500093817710876465e-01
7.177472859621047974e-02
2.304904460906982422e-01
2.706627845764160156e-01
4.212930798530578613e-01
-1.260409206151962280e-01
-1.209580063819885254e+00
-4.194090068340301514e-01
1.053225874900817871e+00
-1.145078539848327637e+00
-5.973249673843383789e-01
1.472217440605163574e+00
-5.387230515480041504e-01
1.271136045455932617e+00
-6.885619759559631348e-01
-4.055589735507965088e-01
-1.711077690124511719e+00
1.662843674421310425e-01
-6.454742550849914551e-01
6.624396443367004395e-01
3.407973349094390869e-01
-1.034965395927429199e+00
-1.100860595703125000e+00
-1.209749281406402588e-02
2.396331727504730225e-01
-3.229975700378417969e-01
-3.598558306694030762e-01
6.254838109016418457e-01
-6.855437904596328735e-02
9.471696019172668457e-01
5.410987734794616699e-01
-4.568663835525512695e-01
4.912129789590835571e-02
-9.545927643775939941e-01
3.941186964511871338e-01
-1.557682514190673828e+00
7.325737476348876953e-01
1.759180873632431030e-01
-3.007968366146087646e-01
-1.210010647773742676e+00
-3.193332552909851074e-01
9.021298885345458984e-01
4.074681997299194336e-01
-1.174763083457946777e+00
2.790391743183135986e-01
-6.346176862716674805e-01
1.331090331077575684e+00
-1.903270632028579712e-01
-9.103680849075317383e-01
-5.570371747016906738e-01
5.355243682861328125e-01
-5.367197990417480469e-01
-9.028292894363403320e-01
3.065085411071777344e-01
1.166669428348541260e-01
-7.556658387184143066e-01
-1.034868955612182617e+00
-6.858440637588500977e-01
4.640549421310424805e-01
2.817237079143524170e-01
-5.531532764434814453e-01
-2.584269940853118896e-01
-4.932084083557128906e-01
-1.022758364677429199e+00
-1.853909492492675781e-01
9.994244575500488281e-02
-1.988009661436080933e-01
9.440140724182128906e-01
-1.828087449073791504e+00
-1.233132034540176392e-01
-1.225150451064109802e-01
1.789463460445404053e-01
-7.804013490676879883e-01
-1.894543886184692383e+00
-1.710314676165580750e-02
1.186520457267761230e+00
4.832008183002471924e-01
5.401487350463867188e-01
-2.924807965755462646e-01
-2.215348631143569946e-01
7.368297576904296875e-01
2.296338081359863281e-01
-2.003613233566284180e+00
9.282207489013671875e-01
-6.156891584396362305e-02
-1.663129568099975586e+00
4.250451922416687012e-02
7.858071923255920410e-01
7.875499129295349121e-02
-1.600480556488037109e+00
4.929367005825042725e-01
9.716378450393676758e-01
1.319809556007385254e+00
1.153654217720031738e+00
4.492363035678863525e-01
-8.918382227420806885e-02
1.705209761857986450e-01
-3.350452780723571777e-01
-7.859012484550476074e-01
-8.361672759056091309e-01
-5.188479423522949219e-01
2.140305042266845703e-01
-8.407489657402038574e-01
7.708647847175598145e-01
-6.421269774436950684e-01
8.075405955314636230e-01
1.519589275121688843e-01
-1.366862893104553223e+00
1.388345122337341309e+00
-1.306729197502136230e+00
-1.485188603401184082e-01
1.354263067245483398e+00
-4.695305526256561279e-01
4.249295890331268311e-01
-8.449422717094421387e-01
-1.074039578437805176e+00
4.363109543919563293e-02
-7.100937366485595703e-01
-4.644465073943138123e-02
-2.440538555383682251e-01
1.097840070724487305e+00
-1.334960579872131348e+00
-1.657806277275085449e+00
-1.936864733695983887e+00
6.579606533050537109e-01
6.261919736862182617e-01
4.640945196151733398e-01
-4.634823501110076904e-01
-4.995200932025909424e-01
-8.072304725646972656e-01
1.122900366783142090e+00
-7.892838716506958008e-01
-6.295902729034423828e-01
-5.262950062751770020e-01
1.657049357891082764e-01
5.544846653938293457e-01
-8.146389126777648926e-01
-1.361156582832336426e+00
-2.592517137527465820e-01
-3.066921234130859375e-01
7.588449120521545410e-01
1.736704260110855103e-01
-9.590266942977905273e-01
3.983182609081268311e-01
3.652513921260833740e-01
-5.292665362358093262e-01
3.701413273811340332e-01
1.204383492469787598e+00
9.663714766502380371e-01
3.387829959392547607e-01
-2.990637719631195068e-01
-2.006671391427516937e-02
1.411886096000671387e+00
1.349327325820922852e+00
-3.955011069774627686e-01
1.614387750625610352e+00
3.269512206315994263e-02
2.578287422657012939e-01
-1.942366734147071838e-02
8.444382250308990479e-02
-1.419460415840148926e+00
-3.707369565963745117e-01
-3.895472586154937744e-01
1.402901530265808105e+00
-6.736755371093750000e-02
8.708339333534240723e-01
5.933148860931396484e-01
-1.914152264595031738e+00
3.010459244251251221e-02
6.908266544342041016e-01
-1.228850483894348145e+00
-6.585710644721984863e-01
3.571965694427490234e-01
9.354541301727294922e-01
5.399962663650512695e-01
1.529478132724761963e-01
4.651761651039123535e-01
2.860683202743530273e-01
-4.867735803127288818e-01
-4.900922477245330811e-01
-1.371081233024597168e+00
6.167376413941383362e-02
-1.518612265586853027e+00
-8.388948440551757812e-01
8.452072739601135254e-01
4.405813813209533691e-01
1.116249680519104004e+00
-1.014957427978515625e-01
-5.038782358169555664e-01
-2.835867404937744141e-01
5.475929379463195801e-01
-2.923887968063354492e-02
-6.271626353263854980e-01
1.464125514030456543e-01
-5.238069891929626465e-01
-1.015673160552978516e+00
-5.256181359291076660e-01
5.125834941864013672e-01
1.274181365966796875e+00
1.310490608215332031e+00
2.655358016490936279e-01
-1.823513209819793701e-01
-2.647304534912109375e-01
-9.733610749244689941e-01
1.900495409965515137e+00
1.568965673446655273e+00
9.227896332740783691e-01
-4.101992249488830566e-01
-9.420199394226074219e-01
-6.683945655822753906e-01
-6.660536527633666992e-01
-3.889679610729217529e-01
8.342872858047485352e-01
-3.150006532669067383e-01
-2.963751554489135742e-01
-1.866649389266967773e+00
1.060488700866699219e+00
2.385081797838211060e-01
5.108219981193542480e-01
2.062869310379028320e+00
3.491934537887573242e-01
1.216512441635131836e+00
8.029471039772033691e-01
-7.719970345497131348e-01
1.047019287943840027e-01
-1.622849106788635254e+00
3.797916769981384277e-01
5.800627470016479492e-01
6.203430891036987305e-02
1.230426669120788574e+00
-6.143972873687744141e-01
4.433430135250091553e-01
-5.958483815193176270e-01
8.206699490547180176e-01
1.945183634757995605e+00
6.881293058395385742e-01
-3.786295354366302490e-01
2.256951034069061279e-01
-3.251711130142211914e-01
1.108215570449829102e+00
5.204495415091514587e-02
-1.184578537940979004e+00
7.358396798372268677e-02
8.811993524432182312e-03
1.179084539413452148e+00
-5.183429270982742310e-02
-7.293860316276550293e-01
4.688844382762908936e-01
7.798793911933898926e-01
4.131373763084411621e-01
-1.824746251106262207e+00
-7.616068124771118164e-01
-6.700898408889770508e-01
1.078786730766296387e+00
4.772550463676452637e-01
1.565013527870178223e+00
1.956179738044738770e-01
4.865114092826843262e-01
-6.754746437072753906e-01
4.071642458438873291e-01
1.291552782058715820e+00
-1.411215782165527344e+00
2.212533354759216309e-01
-7.297061085700988770e-01
-1.576883316040039062e+00
5.326898097991943359e-01
3.836218714714050293e-01
1.310012459754943848e+00
2.260607928037643433e-01
8.458475470542907715e-01
-1.183364391326904297e-01
-8.202981352806091309e-01
-5.039631128311157227e-01
3.569836914539337158e-01
5.169536471366882324e-01
-9.947107732295989990e-02
1.056349873542785645e+00
-1.303286552429199219e+00
4.477712810039520264e-01
-4.727212786674499512e-01
6.960907578468322754e-01
-8.463428616523742676e-01
-1.423944830894470215e+00
1.814182281494140625e+00
-5.563336014747619629e-01
-3.806702494621276855e-01
-7.358049750328063965e-01
1.512265950441360474e-01
-3.247172832489013672e-01
4.372836649417877197e-01
-8.364205956459045410e-01
-5.726719498634338379e-01
3.272642493247985840e-01
-4.350152611732482910e-01
-1.135486587882041931e-01
-2.747004926204681396e-01
-7.768371105194091797e-01
-1.116415023803710938e+00
-5.674409493803977966e-02
-9.574258327484130859e-01
-2.931646108627319336e-01
-1.518259406089782715e+00
-6.617776155471801758e-01
3.714182674884796143e-01
5.531854033470153809e-01
1.982979625463485718e-01
3.115557134151458740e-01
-4.377869367599487305e-01
-1.691480278968811035e-01
-7.802369445562362671e-02
8.662165999412536621e-01
6.595035195350646973e-01
-4.707957804203033447e-01
5.719559192657470703e-01
4.433653950691223145e-01
1.463102698326110840e+00
3.112754821777343750e-01
7.191764116287231445e-01
4.443839490413665771e-01
4.998020529747009277e-01
-2.695537209510803223e-01
1.077914237976074219e+00
1.002598047256469727e+00
-2.845962345600128174e-01
1.645380020141601562e+00
-4.191949963569641113e-01
-3.273092210292816162e-01
1.274331450462341309e+00
1.605033040046691895e+00
-1.364910006523132324e+00
2.634341418743133545e-01
-6.801426410675048828e-01
-3.194510638713836670e-01
5.506770610809326172e-01
-1.671750903129577637e+00
-3.868029639124870300e-02
-2.903437018394470215e-01
-1.749109625816345215e-01
1.011129543185234070e-01
1.066300749778747559e+00
-1.057715773582458496e+00
1.108439564704895020e+00
6.781598925590515137e-01
2.140798807144165039e+00
-9.428150653839111328e-01
1.004785060882568359e+00
-9.345774650573730469e-01
1.203784123063087463e-01
6.815427541732788086e-01
1.037100479006767273e-01
5.458729863166809082e-01
-1.254769444465637207e+00
-4.067286849021911621e-01
1.302301049232482910e+00
-1.810646653175354004e-01
-9.078729748725891113e-01
1.254898190498352051e+00
7.080044150352478027e-01
-1.086130961775779724e-01
-5.609573721885681152e-01
-2.821595072746276855e-01
-2.384849339723587036e-01
-5.309963822364807129e-01
-5.439354181289672852e-01
3.250557780265808105e-01
2.134196758270263672e-01
1.031423687934875488e+00
4.802159368991851807e-01
-2.589348256587982178e-01
-1.195472955703735352e+00
7.794982194900512695e-01
-1.416512250900268555e+00
-3.907914161682128906e-01
8.118308782577514648e-01
2.674925327301025391e-01
-4.095759689807891846e-01
-1.465558111667633057e-01
4.609799385070800781e-01
-6.853300333023071289e-01
9.940610527992248535e-01
1.630577296018600464e-01
-4.340980350971221924e-01
7.334169745445251465e-01
5.324558615684509277e-01
-1.111628651618957520e+00
-6.317643523216247559e-01
1.109273955225944519e-01
1.731949448585510254e+00
8.704849481582641602e-01
-7.557981610298156738e-01
4.933660328388214111e-01
-1.068744622170925140e-02
2.079307794570922852e+00
-1.106773018836975098e+00
3.936394155025482178e-01
1.394488096237182617e+00
1.687449030578136444e-02
-1.044850468635559082e+00
-1.393543928861618042e-01
-6.130993366241455078e-01
-8.563242554664611816e-01
-4.527936577796936035e-01
-6.039915084838867188e-01
1.072953701019287109e+00
-9.547620415687561035e-01
4.843664169311523438e-01
3.407154679298400879e-01
-1.245387345552444458e-01
9.196195602416992188e-01
5.463118553161621094e-01
1.052249908447265625e+00
4.683252871036529541e-01
1.921281516551971436e-01
3.923763334751129150e-01
3.738695085048675537e-01
-2.015899270772933960e-01
-5.328916311264038086e-01
7.872576117515563965e-01
1.343647599220275879e+00
-1.432388275861740112e-01
1.844227015972137451e-01
7.339455187320709229e-02
-2.035485506057739258e-01
-7.732700109481811523e-01
-7.589962333440780640e-02
1.152379155158996582e+00
4.369630664587020874e-02
-4.831576049327850342e-01
-9.373486638069152832e-01
-1.915502846240997314e-01
1.748699396848678589e-01
3.759812116622924805e-01
7.002541422843933105e-01
-1.052779078483581543e+00
-3.978892043232917786e-02
1.807185560464859009e-01
-1.383437067270278931e-01
8.121474385261535645e-01
-9.323466420173645020e-01
-5.927482843399047852e-01
6.852870583534240723e-01
1.020046174526214600e-01
3.548817336559295654e-02
9.241715669631958008e-01
1.222972154617309570e+00
-4.557704925537109375e-01
2.162603586912155151e-01
-1.718087673187255859e+00
-1.937331795692443848e+00
1.189379334449768066e+00
6.096514463424682617e-01
-6.939567327499389648e-01
8.253429830074310303e-02
-2.318448424339294434e-01
-3.588743209838867188e-01
-4.827979803085327148e-01
-8.315256796777248383e-03
-1.609670519828796387e-01
-6.759250760078430176e-01
-2.166243642568588257e-01
9.982780814170837402e-01
1.405249908566474915e-02
-9.621624350547790527e-01
9.575124382972717285e-01
3.458465635776519775e-01
-2.357698827981948853e-01
1.031943082809448242e+00
-3.986895084381103516e-01
-3.513887524604797363e-01
1.369796246290206909e-01
-1.187828898429870605e+00
-6.595373153686523438e-01
2.856782376766204834e-01
-7.532537579536437988e-01
-4.813072979450225830e-01
6.524957418441772461e-01
3.592104613780975342e-01
-6.012293696403503418e-01
-1.134023517370223999e-01
4.572824239730834961e-01
3.532534539699554443e-01
-1.676947027444839478e-01
1.849057912826538086e+00
-6.487277150154113770e-01
-7.351508140563964844e-01
-2.362345606088638306e-01
-6.961346864700317383e-01
-8.269776701927185059e-01
2.421991378068923950e-01
-1.640980482101440430e+00
1.766303777694702148e-01
-4.835097789764404297e-01
1.198890089988708496e+00
4.556635618209838867e-01
9.652644395828247070e-01
-4.560770094394683838e-02
3.101362660527229309e-02
3.907855749130249023e-01
8.808954358100891113e-01
-8.603771924972534180e-01
-1.274694949388504028e-01
-1.739721000194549561e-01
3.885123729705810547e-01
-3.886309862136840820e-01
-1.423494100570678711e+00
-2.819691896438598633e-01
1.037269473075866699e+00
2.653680145740509033e-01
-3.221809864044189453e-01
-6.353169679641723633e-01
4.519138038158416748e-01
1.368734002113342285e+00
4.573737382888793945e-01
-1.984977841377258301e+00
3.413892388343811035e-01
-2.321774661540985107e-01
4.013834893703460693e-01
-1.027597427368164062e+00
4.129239916801452637e-01
2.444912195205688477e+00
6.854462027549743652e-01
2.075937092304229736e-01
9.079444408416748047e-01
-9.246530532836914062e-01
-1.329293940216302872e-02
-5.784186124801635742e-01
-5.238510370254516602e-01
4.355342388153076172e-01
1.114237189292907715e+00
3.845332264900207520e-01
-1.242410302162170410e+00
-5.342281460762023926e-01
8.815647363662719727e-01
-1.015044152736663818e-01
8.625581115484237671e-02
5.566621422767639160e-01
-8.132871985435485840e-01
-1.752707242965698242e+00
1.580641232430934906e-02
2.485935389995574951e-01
-3.719418644905090332e-01
-2.649688422679901123e-01
4.647874832153320312e-02
-2.493489831686019897e-01
-7.397375255823135376e-02
-3.513637557625770569e-02
8.361902832984924316e-01
-8.434224128723144531e-01
5.866450071334838867e-01
3.310877680778503418e-01
1.214923381805419922e+00
-9.089994430541992188e-01
3.585780560970306396e-01
-1.617696732282638550e-01
7.508141398429870605e-01
7.565740346908569336e-01
-7.626340985298156738e-01
-4.372933208942413330e-01
-8.616392612457275391e-01
4.928345680236816406e-01
8.830965161323547363e-01
-1.085810065269470215e+00
-7.860916852951049805e-01
8.153079748153686523e-01
-2.920139133930206299e-01
-6.200827360153198242e-01
-1.508921623229980469e+00
4.999517202377319336e-01
-7.209059596061706543e-01
-3.955872356891632080e-01
1.113780379295349121e+00
-5.690935254096984863e-01
-5.813835188746452332e-02
-1.279235124588012695e+00
-8.013822138309478760e-02
3.440828323364257812e-01
7.821138501167297363e-01
-1.992294639348983765e-01
-2.546305581927299500e-02
-5.001369714736938477e-01
-1.742435246706008911e-01
-2.601771950721740723e-01
-1.501747250556945801e+00
-8.008829951286315918e-01
-3.942306637763977051e-01
-3.512573242187500000e-02
-1.027974486351013184e+00
-1.801809817552566528e-01
-4.382476508617401123e-01
2.402926087379455566e-01
9.074708819389343262e-01
-6.129564642906188965e-01
-5.723004341125488281e-01
-2.045038789510726929e-01
5.013547539710998535e-01
-1.462515950202941895e+00
-2.892059385776519775e-01
-1.630213260650634766e+00
1.346447825431823730e+00
8.107189536094665527e-01
-3.736806809902191162e-01
8.631846904754638672e-01
4.946332275867462158e-01
-8.773384243249893188e-02
-4.233620762825012207e-01
3.964335620403289795e-01
9.578762650489807129e-01
4.741826355457305908e-01
-3.739533247426152229e-03
8.599155545234680176e-01
-8.215028643608093262e-01
-1.125437378883361816e+00
1.029120206832885742e+00
3.488804399967193604e-01
-7.254564017057418823e-02
-2.600496709346771240e-01
9.276264309883117676e-01
5.486842393875122070e-01
4.274411499500274658e-01
-1.968012303113937378e-01
-1.267830610275268555e+00
-1.235938549041748047e+00
-6.222761273384094238e-01
-4.331241548061370850e-01
1.545990467071533203e+00
2.497256174683570862e-02
-2.019311934709548950e-01
-3.423772454261779785e-01
-6.979390978813171387e-01
-2.628724277019500732e-01
5.320282280445098877e-02
8.208459019660949707e-01
-2.580830097198486328e+00
-5.402950048446655273e-01
4.186718761920928955e-01
-3.078200481832027435e-02
1.326355099678039551e+00
-1.167162507772445679e-01
-1.064947918057441711e-01
-3.062419176101684570e+00
7.172751426696777344e-01
-1.605710744857788086e+00
8.241193294525146484e-01
7.063244935125112534e-03
3.497262895107269287e-01
2.421881444752216339e-02
3.050995469093322754e-01
-3.563497662544250488e-01
1.171135425567626953e+00
-1.799543797969818115e-01
2.452248930931091309e-01
8.291022181510925293e-01
4.525193572044372559e-02
-2.311978340148925781e-01
7.715047001838684082e-01
-2.567000091075897217e-01
1.898490041494369507e-01
1.494407415390014648e+00
-4.118042290210723877e-01
-4.099737644195556641e+00
1.022732019424438477e+00
-1.210366368293762207e+00
-2.249886244535446167e-01
-5.129762291908264160e-01
-4.103923439979553223e-01
-2.337667047977447510e-01
8.802605271339416504e-01
-8.787915110588073730e-02
-5.688740015029907227e-01
4.557642638683319092e-01
-1.996372789144515991e-01
-1.462459415197372437e-01
-2.689891099929809570e+00
-5.122521519660949707e-01
-1.053304523229598999e-01
1.380223393440246582e+00
-1.437621593475341797e+00
-1.207160711288452148e+00
-2.087010294198989868e-01
1.825634837150573730e+00
-9.943990707397460938e-01
8.124770969152450562e-02
-1.381345033645629883e+00
1.185312390327453613e+00
5.727525800466537476e-02
-3.104584664106369019e-02
8.609995841979980469e-01
-4.246530234813690186e-01
-4.768599271774291992e-01
1.486930251121520996e+00
8.602158427238464355e-01
2.774698138236999512e-01
-3.750328719615936279e-01
6.794422864913940430e-01
1.268069148063659668e+00
1.317214965820312500e+00
-5.625252127647399902e-01
1.104590654373168945e+00
4.375844895839691162e-01
-3.346300721168518066e-01
-7.905824780464172363e-01
-1.898508816957473755e-01
-3.953931387513875961e-03
9.980614781379699707e-01
-5.956069827079772949e-01
-1.662882417440414429e-01
6.154243946075439453e-01
-2.242740392684936523e+00
4.871666133403778076e-01
-5.168343782424926758e-01
7.124903798103332520e-02
-6.379685997962951660e-01
-5.675141811370849609e-01
-5.360286235809326172e-01
-4.320593476295471191e-01
9.909546375274658203e-01
-6.197960674762725830e-02
1.482847213745117188e+00
-2.835148014128208160e-02
