-5.445481538772583008e-01
2.623708844184875488e-01
-2.764696478843688965e-01
-7.594373822212219238e-01
-7.516483068466186523e-01
-2.894263565540313721e-01
1.233606338500976562e+00
-4.273172467947006226e-02
-1.185881495475769043e+00
5.992478728294372559e-01
8.169236779212951660e-01
-7.363198399543762207e-01
-2.519285976886749268e-01
-4.540749490261077881e-01
-5.164906382560729980e-01
-1.240483880043029785e+00
-8.428977727890014648e-01
7.723068445920944214e-02
2.121379077434539795e-01
7.045773267745971680e-01
-7.902672141790390015e-02
-4.599204957485198975e-01
6.800226569175720215e-01
-1.391660809516906738e+00
-1.018737554550170898e+00
-1.765624880790710449e-01
9.946895241737365723e-01
-8.680592179298400879e-01
-1.229558706283569336e+00
7.525156736373901367e-01
-9.984173774719238281e-01
1.524739384651184082e+00
-1.677887290716171265e-01
-1.721158027648925781e-01
9.260463714599609375e-01
-5.475115776062011719e-01
-6.640242338180541992e-01
-8.765293955802917480e-01
-7.414356619119644165e-02
1.345014810562133789e+00
-1.673005938529968262e+00
-1.059381484985351562e+00
8.817628026008605957e-02
1.422332674264907837e-01
9.074855446815490723e-01
-1.665083020925521851e-01
4.927583336830139160e-01
-5.667538642883300781e-01
-5.859502404928207397e-02
-6.767189502716064453e-02
-3.390259444713592529e-01
2.166258841753005981e-01
6.760964393615722656e-01
-1.235478878021240234e+00
1.558680087327957153e-02
1.051547408103942871e+00
1.138894557952880859e-01
1.733175814151763916e-01
3.762256205081939697e-01
4.067174196243286133e-01
1.163304328918457031e+00
-1.886093616485595703e-01
1.254277586936950684e+00
-5.682442784309387207e-01
4.533767700195312500e-02
-5.636661052703857422e-01
-8.293443173170089722e-02
4.528261721134185791e-02
-9.191790223121643066e-01
-1.637913227081298828e+00
3.641970157623291016e-01
3.819044232368469238e-01
6.349576711654663086e-01
6.959832906723022461e-01
6.671961545944213867e-01
3.247737288475036621e-01
8.863947540521621704e-02
-2.300356775522232056e-01
2.460977137088775635e-01
1.909653842449188232e-01
-7.073364257812500000e-01
6.692926585674285889e-02
-1.048594832420349121e+00
-3.130978345870971680e-01
-5.905083417892456055e-01
9.463638663291931152e-01
-4.811130762100219727e-01
-7.759822010993957520e-01
-1.023967981338500977e+00
-2.049138993024826050e-01
-4.046498835086822510e-01
-2.402660131454467773e+00
-6.550442576408386230e-01
6.843734383583068848e-01
2.693166136741638184e-01
-3.339199423789978027e-01
6.806597709655761719e-01
3.376666307449340820e-01
1.149682283401489258e+00
6.607923507690429688e-01
-2.842828929424285889e-01
-3.392554521560668945e-01
-3.921455740928649902e-01
-3.372834622859954834e-01
-3.746946752071380615e-01
-4.044019877910614014e-01
2.406741231679916382e-01
3.533372581005096436e-01
6.908097863197326660e-01
-9.899578057229518890e-03
2.775673866271972656e-01
6.650397777557373047e-01
7.419865131378173828e-01
-5.114573836326599121e-01
-5.800833180546760559e-02
1.344872117042541504e-01
-3.085537552833557129e-01
-1.663665294647216797e+00
-1.411573886871337891e-01
1.024694919586181641e+00
-4.848165214061737061e-01
1.402104735374450684e+00
-2.501406431198120117e+00
-4.292134046554565430e-01
-4.424497485160827637e-01
1.174185156822204590e+00
1.110178470611572266e+00
-1.115560531616210938e+00
-3.124073743820190430e-01
-1.290183782577514648e+00
1.084581241011619568e-01
3.127234578132629395e-01
1.028050541877746582e+00
-1.553823351860046387e+00
1.156551957130432129e+00
-7.824732363224029541e-02
7.723495960235595703e-01
-9.989455342292785645e-01
1.105198264122009277e-01
-2.597643621265888214e-02
-1.319940209388732910e+00
9.360562562942504883e-01
4.983316361904144287e-02
-2.139275521039962769e-01
1.347613096237182617e+00
7.329149246215820312e-01
1.601759910583496094e+00
1.334757804870605469e+00
3.848112225532531738e-01
3.602394759654998779e-01
-3.783023655414581299e-01
-1.253762096166610718e-01
2.963684201240539551e-01
-5.629910230636596680e-01
9.976890683174133301e-01
-8.068081140518188477e-01
1.582899242639541626e-01
1.951315253973007202e-01
-4.330914318561553955e-01
5.105577707290649414e-01
-5.150712728500366211e-01
-4.875868558883666992e-02
1.131266713142395020e+00
-1.720188140869140625e+00
3.280379176139831543e-01
-2.616596519947052002e-01
-1.287043213844299316e+00
-4.493873193860054016e-02
7.987886071205139160e-01
-7.706186771392822266e-01
-4.891783595085144043e-01
-1.318962931632995605e+00
-2.156446456909179688e+00
5.909915566444396973e-01
-4.329410940408706665e-02
-1.533473730087280273e-01
-3.435343503952026367e-01
5.122800916433334351e-02
-3.263891935348510742e-01
1.116536855697631836e+00
5.248036980628967285e-01
-5.659791827201843262e-01
-9.614101052284240723e-02
-9.501864910125732422e-01
1.013122200965881348e+00
-1.007643103599548340e+00
-1.527409911155700684e+00
6.117838025093078613e-01
6.825397163629531860e-02
1.477175056934356689e-01
-2.551082968711853027e-01
1.040103673934936523e+00
2.680415809154510498e-01
-2.090006694197654724e-02
-4.203209280967712402e-01
8.185371756553649902e-02
-1.106110215187072754e+00
5.086888670921325684e-01
-9.196441173553466797e-01
-8.772786259651184082e-01
-6.367774307727813721e-02
1.831584721803665161e-01
7.478014826774597168e-01
-3.765758872032165527e-01
-4.090418517589569092e-01
-2.306625396013259888e-01
-4.358314871788024902e-01
3.519905507564544678e-01
1.109012842178344727e+00
7.272965908050537109e-01
-3.174723088741302490e-01
-2.101791948080062866e-01
5.259540677070617676e-01
-1.253908779472112656e-02
-9.198037981986999512e-01
6.404455900192260742e-01
-1.111908793449401855e+00
-3.145692944526672363e-01
-1.384047985076904297e+00
1.497027277946472168e-01
-1.072663366794586182e-01
1.241533875465393066e+00
-1.331767886877059937e-01
-8.823599815368652344e-01
2.394217252731323242e-01
2.044209279119968414e-02
-3.997187018394470215e-01
4.776439666748046875e-01
-6.247065067291259766e-01
-1.058095335960388184e+00
3.031830787658691406e-01
-1.039138078689575195e+00
-1.627072572708129883e+00
4.873666465282440186e-01
1.090475440025329590e+00
1.349201798439025879e-01
1.236440062522888184e+00
-6.177350282669067383e-01
1.119624257087707520e+00
4.438682496547698975e-01
8.202086687088012695e-01
-1.651087403297424316e+00
-8.089193105697631836e-01
6.654384732246398926e-01
-3.946631252765655518e-01
1.881767213344573975e-01
3.076345622539520264e-01
9.483985900878906250e-01
-2.530806660652160645e-01
-7.226844429969787598e-01
-6.140813231468200684e-02
-1.389327526092529297e+00
3.250319659709930420e-01
-1.386817932128906250e+00
-2.316236793994903564e-01
9.649202823638916016e-01
1.542421221733093262e+00
4.909740984439849854e-01
1.254174858331680298e-01
-2.737118005752563477e-01
-6.392260193824768066e-01
7.377468347549438477e-01
-1.100680828094482422e+00
-7.233287394046783447e-02
-5.267706513404846191e-01
6.578710079193115234e-01
4.309545755386352539e-01
2.928070425987243652e-01
2.111667156219482422e+00
-1.724044084548950195e-01
2.403867244720458984e-01
9.254209399223327637e-01
-4.674842655658721924e-01
5.409349799156188965e-01
-5.620168447494506836e-01
1.049082159996032715e+00
-8.614188432693481445e-01
-3.806486129760742188e-01
-6.038811802864074707e-01
-1.031459271907806396e-01
8.329073190689086914e-01
-5.042961239814758301e-01
-3.123857975006103516e-01
-6.332820653915405273e-02
6.139223575592041016e-01
7.421130686998367310e-02
7.091509699821472168e-01
-1.000592470169067383e+00
-4.209853410720825195e-01
-3.607710003852844238e-01
-7.941686511039733887e-01
-7.736249566078186035e-01
8.378256559371948242e-01
2.973106384277343750e+00
-3.357801437377929688e-01
-1.029685020446777344e+00
6.897627115249633789e-01
-4.616523981094360352e-01
-5.733781680464744568e-02
-1.661741733551025391e+00
-1.212619468569755554e-01
-5.269833803176879883e-01
7.841665744781494141e-01
-3.089953958988189697e-01
3.841275572776794434e-01
7.484132051467895508e-01
4.843375682830810547e-01
5.408916249871253967e-02
-7.568371891975402832e-01
-6.956632733345031738e-01
-9.363784193992614746e-01
-2.314265668392181396e-01
-1.879076957702636719e-01
1.106601357460021973e+00
-4.685237407684326172e-01
-1.121577471494674683e-01
8.668836951255798340e-01
-1.091392487287521362e-01
3.715814948081970215e-01
-1.944489330053329468e-01
-1.570161342620849609e+00
-1.619017422199249268e-01
5.161396265029907227e-01
-1.084174275398254395e+00
-5.753507018089294434e-01
-2.440298162400722504e-02
-9.838487207889556885e-02
-1.971525073051452637e+00
-8.348856568336486816e-01
1.349129676818847656e+00
-1.010322809219360352e+00
-2.430626004934310913e-01
2.693115966394543648e-03
-3.057240247726440430e-01
-2.193181961774826050e-01
-9.630405306816101074e-01
3.074073791503906250e-01
-5.589680671691894531e-01
1.019243240356445312e+00
1.237206086516380310e-01
-4.281944036483764648e-01
8.484075665473937988e-01
8.219339251518249512e-01
-8.874948322772979736e-02
4.390874803066253662e-01
1.819751858711242676e-01
3.965921998023986816e-01
7.028871774673461914e-01
-6.425994634628295898e-01
-6.632945537567138672e-01
3.861157894134521484e-01
3.499560654163360596e-01
-1.382874697446823120e-01
1.099079132080078125e+00
-6.458086371421813965e-01
-6.187983751296997070e-01
-5.680363774299621582e-01
-7.086725831031799316e-01
-1.846712827682495117e-01
1.088822245597839355e+00
6.416096538305282593e-02
5.697022676467895508e-01
-1.104032754898071289e+00
3.895929157733917236e-01
3.703540861606597900e-01
-1.026698827743530273e+00
3.705951273441314697e-01
5.950423330068588257e-02
7.472577691078186035e-01
-3.611480593681335449e-01
-1.019125461578369141e+00
1.115493655204772949e+00
1.090151742100715637e-01
1.288238525390625000e+00
-1.350713800638914108e-02
-3.694505393505096436e-01
-1.572997689247131348e+00
-6.913320422172546387e-01
-7.284724712371826172e-01
-1.676043272018432617e-01
1.235192656517028809e+00
7.438505887985229492e-01
1.630846709012985229e-01
-2.904736101627349854e-01
-4.880876839160919189e-01
-9.447827935218811035e-01
-5.124079585075378418e-01
-8.781038522720336914e-01
2.174612283706665039e+00
5.665534734725952148e-01
1.199151396751403809e+00
6.758606433868408203e-01
5.695192813873291016e-01
-1.102192163467407227e+00
-1.187419518828392029e-01
-1.334637701511383057e-01
-9.003871083259582520e-01
-4.859533309936523438e-01
-5.918069481849670410e-01
4.049570262432098389e-01
-7.241861820220947266e-01
-1.093360856175422668e-01
-1.350164413452148438e-01
1.038842892739921808e-04
-7.270038723945617676e-01
-8.115174621343612671e-02
-1.608164072036743164e+00
4.681349098682403564e-01
-6.570502519607543945e-01
-1.395678877830505371e+00
-2.690770924091339111e-01
-4.267873764038085938e-01
-5.758124962449073792e-02
2.759867534041404724e-02
3.940480947494506836e-02
1.614348173141479492e+00
9.322606921195983887e-01
3.023847937583923340e-01
-1.114783167839050293e+00
1.352122664451599121e+00
-1.484155774116516113e+00
-4.564340710639953613e-01
-2.481937110424041748e-01
5.530017614364624023e-02
-1.461109369993209839e-01
1.698643118143081665e-01
-1.050724625587463379e+00
5.148696899414062500e-01
-3.073965609073638916e-01
-5.848448276519775391e-01
8.867684602737426758e-01
2.184515297412872314e-01
7.376397848129272461e-01
-8.977588415145874023e-01
5.049561262130737305e-01
1.862435817718505859e+00
-8.619997501373291016e-01
-1.764879673719406128e-01
4.052836596965789795e-01
7.245018482208251953e-01
-5.191729590296745300e-02
-1.253111064434051514e-01
2.172448672354221344e-02
6.871472597122192383e-01
2.577594816684722900e-01
5.111089944839477539e-01
8.544319272041320801e-01
-2.200916223227977753e-02
-3.549558222293853760e-01
-4.353126883506774902e-01
-3.395000994205474854e-01
4.961284697055816650e-01
-5.036776065826416016e-01
-6.048418879508972168e-01
-6.485034525394439697e-02
-4.082072377204895020e-01
1.592073291540145874e-01
-3.163863345980644226e-02
-1.497248649597167969e+00
9.592360258102416992e-01
-9.016247093677520752e-02
7.069036364555358887e-01
-4.825878515839576721e-02
-5.151694416999816895e-01
3.039054870605468750e-01
-6.030901074409484863e-01
-8.483101129531860352e-01
2.427146434783935547e-01
-8.318275958299636841e-02
6.011298298835754395e-01
5.936767905950546265e-02
5.073017477989196777e-01
3.345837593078613281e-01
1.215948462486267090e+00
-1.808409452438354492e+00
7.711566686630249023e-01
3.023255467414855957e-01
-2.831292152404785156e-02
-3.817079365253448486e-01
6.974733471870422363e-01
6.745995283126831055e-01
6.233644485473632812e-01
-1.134413003921508789e+00
7.445854544639587402e-01
-2.628678977489471436e-01
-7.568238973617553711e-01
-9.867045283317565918e-01
3.811692595481872559e-01
3.725200891494750977e-01
4.847590997815132141e-02
-3.583099544048309326e-01
1.001097321510314941e+00
5.277920365333557129e-01
5.628164410591125488e-01
6.585296988487243652e-01
4.435927271842956543e-01
-3.790711462497711182e-01
-2.971416950225830078e+00
-5.346314311027526855e-01
2.864278852939605713e-01
-1.358783602714538574e+00
2.658908963203430176e-01
5.682630091905593872e-02
3.019181489944458008e-01
-6.915154457092285156e-01
4.894590079784393311e-01
2.510160505771636963e-01
-2.966064512729644775e-01
-4.928791821002960205e-01
9.464032649993896484e-01
5.978209972381591797e-01
-5.288627743721008301e-01
1.080274701118469238e+00
-2.399212680757045746e-02
-1.297005563974380493e-01
1.190707683563232422e+00
-5.948358178138732910e-01
3.680974841117858887e-01
4.067131876945495605e-01
3.169838786125183105e-01
1.406981498003005981e-01
1.133651614189147949e+00
-1.386328220367431641e+00
-9.270862936973571777e-01
2.465072274208068848e-02
3.381107375025749207e-02
-9.103817343711853027e-01
1.073445081710815430e+00
2.988833487033843994e-01
-1.394647598266601562e+00
-5.378083586692810059e-01
-7.123889029026031494e-02
4.056358337402343750e-01
-4.133389294147491455e-01
1.530157178640365601e-01
1.496105492115020752e-01
7.903431653976440430e-01
-2.683733105659484863e-01
1.017400175333023071e-01
-4.022069573402404785e-01
3.204700648784637451e-01
1.388436913490295410e+00
-9.151270389556884766e-01
-4.405367970466613770e-01
-3.819147944450378418e-01
-3.198850750923156738e-01
3.508546054363250732e-01
-5.679790675640106201e-02
2.027645409107208252e-01
4.382821321487426758e-01
5.649955868721008301e-01
4.481486976146697998e-01
-1.296008348464965820e+00
-9.508467316627502441e-01
6.988645195960998535e-01
8.009457588195800781e-01
1.006135225296020508e+00
1.208211183547973633e+00
-5.735642835497856140e-02
-9.268262982368469238e-02
6.059820055961608887e-01
8.569012880325317383e-01
-8.150826096534729004e-01
2.539538741111755371e-01
-3.020831346511840820e-01
1.567095041275024414e+00
2.070462107658386230e-01
-1.457287967205047607e-01
1.428474664688110352e+00
-1.495923399925231934e+00
1.038442179560661316e-01
-9.291386604309082031e-01
6.890484094619750977e-01
8.674345612525939941e-01
-8.365425467491149902e-01
3.438701033592224121e-01
9.502126574516296387e-01
-3.016817271709442139e-01
-1.663473963737487793e+00
2.417004555463790894e-01
-2.043492317199707031e+00
6.042351722717285156e-01
7.933779954910278320e-01
1.236752718687057495e-01
-2.672321498394012451e-01
5.441007614135742188e-01
-2.081771343946456909e-01
-1.357805848121643066e+00
-7.282141447067260742e-01
-1.874434016644954681e-02
-3.771970793604850769e-02
-9.646115452051162720e-02
-3.884090185165405273e-01
1.779353320598602295e-01
2.007055655121803284e-02
-8.710772395133972168e-01
5.622875690460205078e-01
-5.819377899169921875e-01
1.258478641510009766e+00
-1.773281246423721313e-01
6.078325510025024414e-01
-6.337217092514038086e-01
1.386979036033153534e-02
1.271610021591186523e+00
-2.126710116863250732e-01
-4.248944520950317383e-01
2.118367850780487061e-01
-1.207820057868957520e+00
-5.878849029541015625e-01
5.127728581428527832e-01
3.445297777652740479e-01
5.013154745101928711e-01
3.238095641136169434e-01
-4.105938076972961426e-01
-3.341454744338989258e+00
-4.615312814712524414e-02
6.915814876556396484e-01
-3.149141371250152588e-01
1.231218967586755753e-02
5.533903837203979492e-01
3.322033584117889404e-01
5.133482813835144043e-02
-3.949246704578399658e-01
-5.757469534873962402e-01
-1.785356849431991577e-01
9.554762840270996094e-01
8.083301186561584473e-01
-9.552413597702980042e-03
5.946485400199890137e-01
-2.614206671714782715e-01
-2.882931828498840332e-01
-1.865161359310150146e-01
8.947867155075073242e-01
1.765054613351821899e-01
1.315932512283325195e+00
5.906596183776855469e-01
-2.786708772182464600e-01
5.293439030647277832e-01
1.489602029323577881e-01
1.021350383758544922e+00
7.579578757286071777e-01
-4.045658111572265625e-01
3.800487220287322998e-01
1.288407564163208008e+00
9.910293668508529663e-02
7.629434466361999512e-01
-1.642452716827392578e+00
7.864451408386230469e-01
9.943921566009521484e-01
1.720969974994659424e-01
-5.404593348503112793e-01
4.855862855911254883e-01
-7.977808713912963867e-01
-9.138195514678955078e-01
-4.477159306406974792e-02
-4.538768529891967773e-01
-2.011973708868026733e-01
-6.820908933877944946e-02
2.823626995086669922e-01
-1.562942147254943848e+00
-2.243029326200485229e-01
-9.469462037086486816e-01
5.232949256896972656e-01
-2.789219319820404053e-01
-1.909224092960357666e-01
5.343533754348754883e-01
3.843181729316711426e-01
-1.532621383666992188e-01
-6.053959950804710388e-03
2.294190227985382080e-01
-6.844735145568847656e-02
8.728708028793334961e-01
-7.390313744544982910e-01
1.124704122543334961e+00
9.533794969320297241e-02
-1.039511680603027344e+00
-4.886925816535949707e-01
1.916636526584625244e-01
7.682842612266540527e-01
4.351495802402496338e-01
-1.974730193614959717e-02
-9.378052353858947754e-01
2.238508462905883789e-01
2.765346765518188477e-01
3.406932950019836426e-01
-7.241087555885314941e-01
-3.326651453971862793e-01
1.092817664146423340e+00
-7.001744747161865234e+00
-6.800859570503234863e-01
-1.374111771583557129e+00
-3.061655163764953613e-01
1.599197149276733398e+00
-3.538090586662292480e-01
-9.591738581657409668e-01
1.263328909873962402e+00
-1.247569084167480469e+00
-5.839043855667114258e-01
5.829545855522155762e-01
1.917793273925781250e+00
-9.214897453784942627e-02
-8.544490933418273926e-01
-1.723821759223937988e+00
-7.595201730728149414e-01
4.396504461765289307e-01
4.330676496028900146e-01
2.062411308288574219e+00
6.108909845352172852e-01
-2.398807764053344727e+00
1.498915314674377441e+00
8.435423970222473145e-01
1.876095629995688796e-04
-6.586837768554687500e-02
5.827759504318237305e-01
2.909831702709197998e-01
5.468317866325378418e-01
1.051424145698547363e+00
-2.757666707038879395e-01
-3.529078364372253418e-01
-1.183706998825073242e+00
-9.879254102706909180e-01
1.495148658752441406e+00
-4.503128230571746826e-01
8.360906243324279785e-01
6.724123358726501465e-01
-4.585123658180236816e-01
-7.780972719192504883e-01
1.522436589002609253e-01
-7.355681061744689941e-01
-7.647360116243362427e-02
1.084710657596588135e-01
-2.429070949554443359e+00
8.333933353424072266e-01
-1.365913748741149902e-01
9.419354200363159180e-01
-9.088050723075866699e-01
-4.141166508197784424e-01
-4.279221296310424805e-01
1.576550118625164032e-02
8.350757956504821777e-01
-2.185051143169403076e-01
-7.162951231002807617e-01
2.133499860763549805e+00
1.434183239936828613e+00
-5.776270031929016113e-01
-1.191429376602172852e+00
2.042768716812133789e+00
-1.038383603096008301e+00
5.425266176462173462e-02
-3.403754532337188721e-01
8.881618827581405640e-02
1.343819618225097656e+00
6.029582023620605469e-01
1.043423563241958618e-01
-7.795609235763549805e-01
-1.582507342100143433e-01
7.292340993881225586e-01
-9.503987431526184082e-01
-1.911585211753845215e+00
-1.764341592788696289e-01
4.572340548038482666e-01
-2.149347364902496338e-01
8.445543795824050903e-02
9.622797966003417969e-01
-1.015223503112792969e+00
2.170955389738082886e-02
-6.024823188781738281e-01
-1.958883702754974365e-01
