9.087891578674316406e-01
1.352411627769470215e+00
1.161443665623664856e-01
-2.554314732551574707e-01
6.200431585311889648e-01
9.201134741306304932e-02
-7.028253376483917236e-02
-9.897094964981079102e-01
-8.539233803749084473e-01
4.327615797519683838e-01
1.579862117767333984e+00
-2.552889585494995117e-01
2.471267431974411011e-01
1.116508767008781433e-01
1.096752285957336426e+00
-1.884169578552246094e+00
-2.303530871868133545e-01
-1.220474317669868469e-01
2.570568323135375977e-01
-1.004025101661682129e+00
3.404082059860229492e-01
8.289141654968261719e-01
2.507558763027191162e-01
4.052910506725311279e-01
3.372920453548431396e-01
-5.896661281585693359e-01
-1.402599364519119263e-01
1.159575223922729492e+00
-5.035074949264526367e-01
8.461068868637084961e-01
-1.153729677200317383e+00
1.206521034240722656e+00
2.213648557662963867e-01
-8.011774718761444092e-02
3.605295121669769287e-01
-2.677412927150726318e-01
-3.591921627521514893e-01
-2.521445453166961670e-01
-7.038505375385284424e-02
1.316272933036088943e-02
-7.119928002357482910e-01
-3.799399137496948242e-01
4.532692134380340576e-01
6.394151449203491211e-01
1.827029883861541748e-01
-9.123669862747192383e-01
-7.239869832992553711e-01
-1.963056325912475586e-01
2.691985666751861572e-01
8.988169431686401367e-01
-7.810301333665847778e-02
-3.356626629829406738e-01
4.797280579805374146e-02
1.076348423957824707e+00
1.718641638755798340e+00
-8.265926837921142578e-01
6.847621202468872070e-01
7.012531906366348267e-02
2.667018175125122070e-01
-3.079163134098052979e-01
2.237743854522705078e+00
-9.517365694046020508e-02
1.334289193153381348e+00
3.477995991706848145e-01
-1.408907771110534668e-01
-1.107027173042297363e+00
-4.775877594947814941e-01
-4.017888009548187256e-01
8.596903681755065918e-01
2.370226383209228516e-01
-1.615665107965469360e-01
-1.105553563684225082e-02
-7.775539159774780273e-01
-1.107131958007812500e+00
1.092478036880493164e+00
3.307898342609405518e-01
-1.169846951961517334e-02
2.994322180747985840e-01
5.729905962944030762e-01
7.481802105903625488e-01
-2.395534515380859375e-01
-9.746862649917602539e-01
-2.230073511600494385e-01
-1.148916840553283691e+00
-8.739054203033447266e-01
8.087389469146728516e-01
-9.564850926399230957e-01
-2.210843004286289215e-02
-3.606482148170471191e-01
-3.890846073627471924e-01
-1.093046069145202637e+00
8.577762544155120850e-02
-5.327072143554687500e-01
1.509947419166564941e+00
8.323935866355895996e-01
-2.999399974942207336e-02
-4.281351268291473389e-01
1.974412351846694946e-01
-1.088208436965942383e+00
8.327899575233459473e-01
5.226098895072937012e-01
-4.441607296466827393e-01
2.767662107944488525e-01
-7.532866299152374268e-02
-1.103510260581970215e+00
-3.488409146666526794e-02
-8.931688666343688965e-01
1.496404290199279785e+00
-7.623105049133300781e-01
2.282041311264038086e-01
-6.507756710052490234e-01
7.140718400478363037e-02
-9.199507236480712891e-01
-6.819423437118530273e-01
-1.761610060930252075e-01
-1.726634353399276733e-01
-2.307949364185333252e-01
-2.472903966903686523e+00
6.700434088706970215e-01
2.917759418487548828e-01
-9.258854389190673828e-01
1.072151303291320801e+00
-1.988620400428771973e+00
2.429143786430358887e-01
8.666100502014160156e-01
6.088161468505859375e-01
4.994024634361267090e-01
1.338094234466552734e+00
-3.325735032558441162e-01
-4.878508150577545166e-01
1.114286184310913086e+00
-1.103546738624572754e+00
8.502163738012313843e-02
8.811906576156616211e-01
-6.664957106113433838e-02
6.537827253341674805e-01
6.029773950576782227e-01
-8.583568930625915527e-01
-1.485799431800842285e+00
8.935646414756774902e-01
1.567268967628479004e-01
-3.745079934597015381e-01
9.537423849105834961e-01
1.072912454605102539e+00
4.097218215465545654e-01
2.442164272069931030e-01
-4.549706578254699707e-01
-1.115535616874694824e+00
9.190299361944198608e-02
-5.245586037635803223e-01
5.246348977088928223e-01
2.951298058032989502e-01
5.715481042861938477e-01
-1.264714121818542480e+00
6.061362102627754211e-02
-5.638362169265747070e-01
-1.360342383384704590e+00
2.661218643188476562e-01
-9.057521224021911621e-01
2.581792473793029785e-01
-1.475151926279067993e-01
-4.490541517734527588e-01
-3.501347303390502930e-01
-6.346907615661621094e-01
1.133634746074676514e-01
-3.760281205177307129e-01
-2.706297934055328369e-01
1.436547338962554932e-01
-6.035822629928588867e-01
1.180669188499450684e+00
-4.487084448337554932e-01
-4.518768191337585449e-01
-8.441215157508850098e-01
6.924132108688354492e-01
7.009047865867614746e-01
2.159455567598342896e-01
9.116484224796295166e-02
2.309704199433326721e-02
-1.326050877571105957e+00
5.923891663551330566e-01
-1.289686560630798340e+00
4.124150872230529785e-01
-1.561585962772369385e-01
9.513483643531799316e-01
-1.429660320281982422e+00
-3.306617736816406250e-01
-1.313165664672851562e+00
1.627602279186248779e-01
4.244349896907806396e-01
1.287744283676147461e+00
-8.564724773168563843e-02
-4.746572077274322510e-01
-1.031879186630249023e-01
8.710839748382568359e-01
-3.387729823589324951e-01
5.100560188293457031e-01
-4.282139614224433899e-02
1.952154994010925293e+00
-2.450908869504928589e-01
-9.356274008750915527e-01
-5.605331659317016602e-01
8.464227318763732910e-01
2.503228485584259033e-01
-4.166485667228698730e-01
9.800016880035400391e-01
1.025411248207092285e+00
1.201628521084785461e-01
-9.041538834571838379e-01
7.703263163566589355e-01
-6.467885375022888184e-01
8.557109236717224121e-01
-1.963463127613067627e-01
3.735983371734619141e-01
-2.229247689247131348e-01
8.366873264312744141e-01
-6.139978766441345215e-03
2.732958078384399414e+00
2.532103098928928375e-03
-6.328623890876770020e-01
-1.365230679512023926e-01
3.701092004776000977e-01
1.076035022735595703e+00
1.477836221456527710e-01
9.378519058227539062e-01
-7.386260628700256348e-01
-2.417816966772079468e-01
6.437584757804870605e-01
-3.637982010841369629e-01
-1.155734285712242126e-01
-8.099301904439926147e-02
4.495150148868560791e-01
-1.047348618507385254e+00
4.640602320432662964e-02
4.607098102569580078e-01
-1.280373241752386093e-02
6.521806120872497559e-01
1.861456155776977539e+00
-6.391168832778930664e-01
-1.221500515937805176e+00
4.225469231605529785e-01
6.612809300422668457e-01
-3.539516627788543701e-01
-1.115344762802124023e+00
1.724652200937271118e-01
-5.927348136901855469e-01
-4.341327250003814697e-01
4.050882160663604736e-01
1.164795756340026855e+00
4.831374883651733398e-01
3.217334151268005371e-01
-2.983169853687286377e-01
-9.673641920089721680e-01
-6.952603459358215332e-01
8.886148780584335327e-02
6.179134249687194824e-01
-2.049406915903091431e-01
3.078405559062957764e-01
-7.568889856338500977e-01
-1.116569161415100098e+00
-1.522001743316650391e+00
4.490694999694824219e-01
-7.595297694206237793e-01
-5.828068405389785767e-02
-1.199709653854370117e+00
-8.022546172142028809e-01
4.127258658409118652e-01
-2.775621116161346436e-01
4.107045829296112061e-01
5.997413396835327148e-01
2.004937082529067993e-01
9.046510457992553711e-01
7.191091030836105347e-02
-5.023849606513977051e-01
1.192631721496582031e+00
-5.013523101806640625e-01
5.548341572284698486e-02
6.656686067581176758e-01
-8.877428174018859863e-01
-1.601908355951309204e-01
-5.079360008239746094e-01
1.874761283397674561e-01
-1.542943596839904785e+00
9.751922488212585449e-01
1.038145303726196289e+00
8.651199340820312500e-01
-7.346466183662414551e-01
-7.540272474288940430e-01
-5.486446619033813477e-01
3.515577614307403564e-01
-1.805388033390045166e-01
-1.325538754463195801e+00
4.485124349594116211e-01
-1.233662292361259460e-01
1.150551557540893555e+00
2.734097838401794434e-01
-1.013402462005615234e+00
-4.197697937488555908e-01
-2.901365458965301514e-01
3.891915380954742432e-01
-6.522321105003356934e-01
1.795714646577835083e-01
-6.826034188270568848e-01
1.712210774421691895e-01
8.075722455978393555e-01
-6.498838067054748535e-01
1.062056660652160645e+00
-3.098225891590118408e-01
-5.859475731849670410e-01
-2.862858474254608154e-01
7.256395220756530762e-01
-2.355776548385620117e+00
3.358069807291030884e-02
-3.961576819419860840e-01
-5.575909614562988281e-01
6.426697969436645508e-02
1.356192231178283691e-01
3.185885846614837646e-01
1.176806688308715820e+00
4.558427035808563232e-01
-1.236907362937927246e+00
-1.383125066757202148e+00
5.944548547267913818e-02
1.392138957977294922e+00
-4.663863778114318848e-01
-2.820899710059165955e-02
1.261746644973754883e+00
-7.782610058784484863e-01
-7.925603389739990234e-01
-8.548252582550048828e-01
2.778972685337066650e-01
-8.799230456352233887e-01
-2.219486981630325317e-01
4.518609046936035156e-01
5.709620565176010132e-02
-1.249131709337234497e-01
1.023134067654609680e-01
1.389133334159851074e-01
1.715883165597915649e-01
1.680984497070312500e+00
-8.765881657600402832e-01
-1.053883042186498642e-02
1.322042495012283325e-01
-6.210410594940185547e-01
1.410724639892578125e+00
-1.130907833576202393e-01
-3.299780488014221191e-01
-6.138248443603515625e-01
-2.147960066795349121e-01
-1.725709289312362671e-01
-3.425487577915191650e-01
-2.122050046920776367e+00
-8.781657218933105469e-01
1.292531967163085938e+00
-1.817352026700973511e-01
-6.134632229804992676e-01
-3.907302320003509521e-01
-1.012028694152832031e+00
-9.441338777542114258e-01
-3.904065191745758057e-01
8.708451986312866211e-01
2.200426906347274780e-01
-6.357440352439880371e-02
8.328945040702819824e-01
-1.917695760726928711e+00
-2.494881749153137207e-01
2.483904957771301270e-01
1.948575854301452637e+00
6.719968318939208984e-01
-8.582820296287536621e-01
1.328535795211791992e+00
2.046477347612380981e-01
8.111888766288757324e-01
-3.747088611125946045e-01
9.613625407218933105e-01
-2.416083812713623047e-01
-6.513432860374450684e-01
5.628472566604614258e-01
-2.065146863460540771e-01
8.436422348022460938e-01
1.229185387492179871e-01
-6.001927852630615234e-01
5.217034816741943359e-01
1.190246462821960449e+00
2.675696313381195068e-01
-4.917027056217193604e-01
6.704617142677307129e-01
6.644941121339797974e-02
-2.483512461185455322e-01
1.140126436948776245e-01
-1.392308175563812256e-01
2.625532865524291992e+00
3.102253377437591553e-01
7.825052738189697266e-01
-5.957415103912353516e-01
5.814683437347412109e-01
3.169994354248046875e-01
-1.175249934196472168e+00
-5.856199264526367188e-01
7.778066396713256836e-01
7.531340718269348145e-01
-7.735641598701477051e-01
-1.199247017502784729e-01
3.579089939594268799e-01
-8.483477234840393066e-01
1.051343604922294617e-01
-2.375266104936599731e-01
-1.322377324104309082e-01
-1.728579103946685791e-01
-1.204254254698753357e-01
2.456958293914794922e-01
-5.444014668464660645e-01
-6.551737785339355469e-01
-1.285098314285278320e+00
8.065563440322875977e-01
2.635999619960784912e-01
1.214893102645874023e+00
2.834993414580821991e-02
1.744871027767658234e-03
-4.929718375205993652e-01
3.947606384754180908e-01
-8.736966848373413086e-01
-7.937992215156555176e-01
2.519724369049072266e+00
-3.686250448226928711e-01
-1.250137209892272949e+00
-8.825868964195251465e-01
5.513276457786560059e-01
-7.415147423744201660e-01
3.800206780433654785e-01
-1.119496345520019531e+00
-4.918635189533233643e-01
1.104005500674247742e-01
8.473125100135803223e-01
8.359559811651706696e-03
-1.374540328979492188e+00
9.834535717964172363e-01
9.127935171127319336e-01
4.692558348178863525e-01
2.334426790475845337e-01
1.762025207281112671e-01
3.728160858154296875e-01
-7.539700865745544434e-01
-8.650739192962646484e-01
7.953334450721740723e-01
-3.504781126976013184e-01
1.333424597978591919e-01
5.003986358642578125e-01
-2.271848022937774658e-01
-6.718336343765258789e-01
-3.291876018047332764e-01
-7.517591118812561035e-01
-9.984189271926879883e-01
1.192767620086669922e+00
5.476607084274291992e-01
-9.316704422235488892e-02
-4.766471385955810547e-01
9.614083766937255859e-01
-7.475661039352416992e-01
8.446177467703819275e-03
1.644873499870300293e+00
2.450743764638900757e-01
-6.916813254356384277e-01
-1.258514821529388428e-02
-1.551937758922576904e-01
1.449461340904235840e+00
-3.413964509963989258e-01
-1.615636348724365234e-01
-1.881289035081863403e-01
-5.611959099769592285e-02
-7.462266832590103149e-02
8.382827788591384888e-02
-4.426138103008270264e-01
-1.175611615180969238e+00
-1.054883122444152832e+00
-2.284899801015853882e-01
-3.036126792430877686e-01
1.644429117441177368e-01
-1.184797286987304688e+00
-3.173224627971649170e-01
-3.328042328357696533e-01
-5.337506532669067383e-01
7.527563571929931641e-01
-2.103463560342788696e-01
1.127826333045959473e+00
3.618628485128283501e-03
-1.802490204572677612e-01
1.093397498130798340e+00
-1.536942958831787109e+00
-5.659480690956115723e-01
6.561174392700195312e-01
-5.337400436401367188e-01
1.171927601099014282e-01
-5.495886206626892090e-01
1.187949538230895996e+00
-4.700279831886291504e-01
5.012449026107788086e-01
-5.967356562614440918e-01
-2.591570615768432617e+00
1.077154800295829773e-01
1.246307194232940674e-01
3.928382396697998047e-01
3.625113964080810547e-01
1.645513474941253662e-01
1.026211380958557129e+00
-3.426789641380310059e-01
-9.408140182495117188e-01
1.720455884933471680e-01
1.580859571695327759e-01
3.282138407230377197e-01
-1.061823517084121704e-01
3.785358667373657227e-01
-7.562288045883178711e-01
4.006286263465881348e-01
-3.665833175182342529e-01
5.423655509948730469e-01
3.620650172233581543e-01
-2.098650671541690826e-02
-1.429637789726257324e+00
1.094422221183776855e+00
-5.119801163673400879e-01
-5.423246026039123535e-01
-4.211191460490226746e-02
-9.753594398498535156e-01
-3.061539828777313232e-01
-3.656705617904663086e-01
1.638919413089752197e-01
-1.968421697616577148e+00
-2.789106369018554688e-01
-1.076404929161071777e+00
-1.318249702453613281e+00
-1.146850466728210449e+00
8.186616897583007812e-01
9.717707633972167969e-01
6.011332273483276367e-01
-8.220773339271545410e-01
-1.110135316848754883e+00
-2.999267913401126862e-02
2.167538404464721680e-01
1.927989125251770020e-01
-2.258538156747817993e-01
3.801581859588623047e-01
1.272627115249633789e-01
-1.602086782455444336e+00
1.074088886380195618e-01
4.157584309577941895e-01
3.461133837699890137e-01
2.165305465459823608e-01
4.218800067901611328e-01
1.112125292420387268e-01
6.228570938110351562e-01
-6.313648819923400879e-01
-9.022158384323120117e-02
-6.138978004455566406e-01
-2.080656886100769043e-01
3.402145206928253174e-01
1.915227890014648438e+00
1.235126972198486328e+00
1.077697634696960449e+00
-9.556422233581542969e-01
-1.554728031158447266e+00
7.500324249267578125e-01
2.380287647247314453e-02
-1.005343079566955566e+00
5.810214281082153320e-01
1.360197663307189941e-01
-7.393694519996643066e-01
-4.067533314228057861e-01
9.876921176910400391e-01
2.262139320373535156e+00
-2.318359613418579102e-01
5.192143321037292480e-01
7.730511426925659180e-01
-9.473065733909606934e-01
-1.164014697074890137e+00
9.022153913974761963e-02
-1.073608398437500000e+00
-6.040461659431457520e-01
1.528074741363525391e-01
4.824442416429519653e-02
-2.955313920974731445e-01
-2.274874001741409302e-01
1.150471448898315430e+00
1.464792370796203613e+00
-2.276492863893508911e-01
-6.180424094200134277e-01
-6.257573962211608887e-01
-1.852412462234497070e+00
-1.022108674049377441e+00
-6.135145425796508789e-01
4.703117609024047852e-01
7.707126438617706299e-02
6.152499839663505554e-02
5.305698513984680176e-01
2.859632670879364014e-01
-1.153836607933044434e+00
6.130266785621643066e-01
1.526702754199504852e-02
-8.294533193111419678e-02
4.511800408363342285e-01
-3.483720719814300537e-01
2.156327515840530396e-01
-1.347915172576904297e+00
8.288149535655975342e-02
3.025755882263183594e-01
-4.885095730423927307e-02
8.916556835174560547e-02
1.778795197606086731e-02
-1.171106100082397461e+00
-5.616010427474975586e-01
8.395339250564575195e-01
1.326222419738769531e-01
1.014614403247833252e-01
1.406796127557754517e-01
1.082554981112480164e-01
-1.319301605224609375e+00
2.541307806968688965e-01
6.966216117143630981e-02
-1.748168319463729858e-01
1.007326602935791016e+00
8.049447536468505859e-01
-5.438328981399536133e-01
4.915139973163604736e-01
-1.683011651039123535e+00
1.374513745307922363e+00
-7.783262133598327637e-01
2.283653169870376587e-01
-8.131525665521621704e-02
1.022972226142883301e+00
1.027036547660827637e+00
-3.350539505481719971e-01
1.755810678005218506e-01
1.396258473396301270e+00
-1.356272995471954346e-01
1.986784934997558594e-01
6.534526348114013672e-01
-1.370182991027832031e+00
4.254943728446960449e-01
-8.363525867462158203e-01
5.231395959854125977e-01
1.361646533012390137e+00
1.022554755210876465e+00
2.294832095503807068e-02
-1.164565920829772949e+00
2.789364457130432129e-01
-4.014343619346618652e-01
7.808797955513000488e-01
-1.840202569961547852e+00
4.900333583354949951e-01
9.098521471023559570e-01
6.171211600303649902e-01
-3.303853869438171387e-01
2.328127324581146240e-01
-5.178638100624084473e-01
-6.488507986068725586e-01
2.860563397407531738e-01
1.649756729602813721e-01
-2.776295244693756104e-01
-1.151373311877250671e-01
-5.414897799491882324e-01
8.021312355995178223e-01
-1.465570032596588135e-01
4.078165590763092041e-01
-1.569518595933914185e-01
1.504341363906860352e-01
-5.016311407089233398e-01
1.766376197338104248e-01
1.809195429086685181e-01
-1.724216341972351074e-01
1.300981044769287109e-01
-1.139845371246337891e+00
-9.628649950027465820e-01
-2.619130015373229980e-01
-2.387228012084960938e-01
1.305964708328247070e+00
5.260754823684692383e-01
-4.525386393070220947e-01
7.468261718750000000e-01
1.609683632850646973e-01
6.276709437370300293e-01
2.808635234832763672e-01
2.367953658103942871e-01
-1.581993401050567627e-01
-3.066152632236480713e-01
3.282603621482849121e-02
-5.183972120285034180e-01
-7.781825214624404907e-02
-2.738913297653198242e-01
-6.142755150794982910e-01
-4.642448902130126953e+00
1.081003919243812561e-01
-1.009030938148498535e+00
-1.288334280252456665e-01
8.336662054061889648e-01
3.839062452316284180e-01
1.135232597589492798e-01
1.407014489173889160e+00
1.662295460700988770e-01
-7.488620281219482422e-01
-9.624831676483154297e-01
1.150432467460632324e+00
8.670753240585327148e-01
-1.232506155967712402e+00
-5.090884566307067871e-01
1.037066936492919922e+00
5.065459609031677246e-01
5.000557303428649902e-01
4.756554663181304932e-01
4.397027194499969482e-01
-7.983813881874084473e-01
-2.346986234188079834e-01
2.392354607582092285e-01
-1.530854701995849609e-01
1.555137634277343750e-01
-1.181539535522460938e+00
4.816917330026626587e-02
7.883722782135009766e-01
-7.399609088897705078e-01
-9.258394241333007812e-01
-1.164939165115356445e+00
-1.402667611837387085e-01
-7.164498567581176758e-01
-1.185637414455413818e-01
2.866234444081783295e-02
-6.066605448722839355e-01
1.662297010421752930e+00
-9.717375040054321289e-01
-1.010116100311279297e+00
-1.293359637260437012e+00
4.302000999450683594e-01
-1.944749206304550171e-01
-4.423277080059051514e-01
-7.877995967864990234e-01
8.518832176923751831e-02
-6.857010722160339355e-02
-3.763614296913146973e-01
1.030431270599365234e+00
-7.129836678504943848e-01
6.034822463989257812e-01
-5.263169854879379272e-02
-8.752038329839706421e-02
3.554871678352355957e-01
-8.546755909919738770e-01
1.354752898216247559e+00
1.062745928764343262e+00
-7.065417170524597168e-01
3.720563650131225586e-01
-4.436685442924499512e-01
-1.027596473693847656e+00
1.355125546455383301e+00
-8.303726911544799805e-01
3.090095520019531250e-02
3.646147549152374268e-01
1.063198924064636230e+00
-4.362675249576568604e-01
-1.266212910413742065e-01
4.445706903934478760e-01
-5.220664292573928833e-02
2.968830466270446777e-01
-1.001777172088623047e+00
-1.595400720834732056e-01
7.106895446777343750e-01
1.089928746223449707e+00
4.962985813617706299e-01
2.701540291309356689e-01
9.685234427452087402e-01
-1.170996665954589844e+00
-8.053049445152282715e-01
-1.060234427452087402e+00
