1.658835411071777344e+00
-4.637939110398292542e-02
-8.064197301864624023e-01
-8.915305137634277344e-01
-1.338665336370468140e-01
1.794951409101486206e-01
-4.805155694484710693e-01
-1.107169985771179199e+00
-3.591400980949401855e-01
2.371045053005218506e-01
-1.143108531832695007e-01
-8.929766416549682617e-01
-5.217285156250000000e-01
2.255863398313522339e-01
-1.093165278434753418e+00
-1.742115497589111328e+00
-5.479955673217773438e-02
9.451632201671600342e-02
5.943932533264160156e-01
5.172511339187622070e-01
1.904067158699035645e+00
1.283722072839736938e-01
3.798678219318389893e-01
1.268720865249633789e+00
1.937084197998046875e-01
-5.461949110031127930e-01
-2.234814763069152832e-01
1.154044032096862793e+00
-2.468160152435302734e+00
7.373522520065307617e-01
-1.692277550697326660e+00
1.390675753355026245e-01
-1.186887979507446289e+00
4.946449398994445801e-01
-1.171630740165710449e+00
-1.420776724815368652e+00
2.726108133792877197e-01
-9.763982295989990234e-01
4.351207986474037170e-02
2.876095473766326904e-01
-6.785072684288024902e-01
-1.788257360458374023e+00
-3.537653684616088867e-01
5.772497653961181641e-01
4.901092052459716797e-01
8.706414699554443359e-01
-5.427875518798828125e-01
-6.608738899230957031e-01
6.359214782714843750e-01
2.894793152809143066e-01
-6.725805401802062988e-01
-3.731951117515563965e-02
-5.560850501060485840e-01
6.411076188087463379e-01
3.928068280220031738e-01
-6.165001392364501953e-01
-1.168871521949768066e+00
-7.507228758186101913e-03
-4.230916500091552734e-01
-2.463383525609970093e-01
3.197774171829223633e+00
-1.181464791297912598e-01
-1.262242197990417480e-01
1.007164835929870605e+00
-1.634522378444671631e-01
5.735898390412330627e-02
-9.537677168846130371e-01
5.760887265205383301e-01
8.235061764717102051e-01
2.038634866476058960e-01
-7.454804778099060059e-01
9.456363320350646973e-01
-1.013437867164611816e+00
-1.342296004295349121e+00
4.975881278514862061e-01
5.797932147979736328e-01
5.970523953437805176e-01
5.692900419235229492e-01
-4.044185876846313477e-01
1.008384749293327332e-01
-9.273883104324340820e-01
-2.617306113243103027e-01
-1.242496252059936523e+00
8.501067161560058594e-01
-1.042308211326599121e-01
2.208519168198108673e-02
-1.776318073272705078e+00
-3.874339461326599121e-01
4.651812016963958740e-01
3.110626935958862305e-01
-8.002477884292602539e-01
-1.779510498046875000e+00
-1.168947935104370117e+00
6.678948402404785156e-01
-3.497674763202667236e-01
7.354965209960937500e-01
-6.713812947273254395e-01
7.324567437171936035e-01
-2.253961801528930664e+00
8.465728759765625000e-01
-8.993642330169677734e-01
-1.923122107982635498e-01
4.413237869739532471e-01
-1.018871665000915527e+00
-1.610415101051330566e+00
-8.370937108993530273e-01
-1.669675946235656738e+00
8.657659888267517090e-01
-3.662165403366088867e-01
-4.663110971450805664e-01
5.943800508975982666e-02
5.289656519889831543e-01
-4.393024444580078125e-01
-4.299704432487487793e-01
-1.363781541585922241e-01
2.183383405208587646e-01
-3.829992115497589111e-01
-1.890897154808044434e+00
1.293314456939697266e+00
1.263192296028137207e-01
7.909266948699951172e-01
1.023737192153930664e+00
-1.282305359840393066e+00
2.660244107246398926e-01
1.198708772659301758e+00
2.352396771311759949e-02
1.621330499649047852e+00
3.217190206050872803e-01
-6.873853206634521484e-01
-6.962733268737792969e-01
5.014409422874450684e-01
-2.028400182723999023e+00
-7.552377581596374512e-01
-5.918028950691223145e-01
-6.508297324180603027e-01
3.462602794170379639e-01
6.312173604965209961e-01
-3.911981582641601562e-01
-1.359429955482482910e+00
-3.553746044635772705e-01
1.073711991310119629e+00
2.939541637897491455e-01
1.447336912155151367e+00
-4.967252612113952637e-01
-7.959795594215393066e-01
-4.723753333091735840e-01
-7.924579977989196777e-01
-1.368246197700500488e+00
-5.020987391471862793e-01
-1.148053169250488281e+00
2.139335393905639648e+00
2.823814749717712402e-01
-8.204943686723709106e-02
-1.100058197975158691e+00
9.059827923774719238e-01
-8.584149181842803955e-03
-1.470215320587158203e+00
6.196866035461425781e-01
-2.509908974170684814e-01
1.035249471664428711e+00
8.954727649688720703e-01
5.101673007011413574e-01
7.977603375911712646e-02
-8.686110377311706543e-01
-1.375634193420410156e+00
-1.125500679016113281e+00
-4.204640090465545654e-01
-2.138439416885375977e-01
2.620886564254760742e-01
8.242647051811218262e-01
-1.023145467042922974e-01
-7.748619318008422852e-01
-1.520449638366699219e+00
1.055966377258300781e+00
-3.602121770381927490e-01
1.507714390754699707e-01
7.223816514015197754e-01
9.295076727867126465e-01
-1.500926256179809570e+00
4.645144045352935791e-01
-6.973008513450622559e-01
-3.144370615482330322e-01
-6.607031226158142090e-01
5.919979810714721680e-01
2.102146595716476440e-01
-1.133008971810340881e-01
1.952737867832183838e-01
-7.770184278488159180e-01
4.054362773895263672e-01
6.265890598297119141e-01
3.348847031593322754e-01
-4.711573421955108643e-01
4.702197015285491943e-02
-6.215696334838867188e-01
-3.500458300113677979e-01
2.247361093759536743e-01
1.872973591089248657e-01
8.801129460334777832e-01
2.321387231349945068e-01
-7.402494549751281738e-01
5.380568504333496094e-01
1.707384109497070312e+00
-3.366520404815673828e-01
-1.378244996070861816e+00
-3.055189847946166992e-01
-7.634219527244567871e-02
-6.131044030189514160e-01
-2.672330848872661591e-02
8.394734263420104980e-01
-6.457420587539672852e-01
-4.005245566368103027e-01
-1.109987497329711914e+00
1.234442472457885742e+00
-1.238599419593811035e+00
6.673207283020019531e-01
8.781702518463134766e-01
8.990786075592041016e-01
5.482968091964721680e-01
3.764548152685165405e-02
-3.197130560874938965e-01
5.007428526878356934e-01
-4.832542240619659424e-01
-8.771125972270965576e-02
1.113355159759521484e+00
6.233330368995666504e-01
-7.359476089477539062e-01
9.890442341566085815e-02
-3.074637651443481445e-01
1.747407764196395874e-01
-1.428667664527893066e+00
1.047296404838562012e+00
4.432112872600555420e-01
-4.401075243949890137e-01
-9.215066581964492798e-02
1.709359765052795410e+00
1.455557465553283691e+00
2.168717861175537109e+00
-1.194474458694458008e+00
-4.963355958461761475e-01
-5.430310219526290894e-02
1.323841571807861328e+00
-6.558913588523864746e-01
-4.816703498363494873e-01
5.224839448928833008e-01
-1.095761537551879883e+00
-2.032915800809860229e-01
8.741223812103271484e-01
2.175063610076904297e+00
7.425855398178100586e-01
-3.987058401107788086e-01
-6.096962094306945801e-01
-1.093229532241821289e+00
-8.228279352188110352e-01
-1.677513718605041504e+00
1.559166312217712402e+00
1.005468815565109253e-01
-8.557966947555541992e-01
1.701359599828720093e-01
2.271931469440460205e-01
-6.770794391632080078e-01
-1.193688288331031799e-01
1.424206048250198364e-02
5.624130368232727051e-01
-1.403482317924499512e+00
-1.179490566253662109e+00
1.398336142301559448e-01
-7.075545787811279297e-01
1.056950449943542480e+00
2.607695817947387695e+00
3.485916852951049805e-01
1.534800767898559570e+00
3.691229224205017090e-01
-1.471069306135177612e-01
-7.086956501007080078e-02
-1.472178459167480469e+00
1.019923806190490723e+00
-6.588071584701538086e-01
3.057276606559753418e-01
-1.554966270923614502e-01
-9.056628346443176270e-01
-4.826777279376983643e-01
-8.844938874244689941e-01
-4.374191462993621826e-01
2.092951059341430664e+00
7.810612916946411133e-01
-5.433040857315063477e-01
9.320250153541564941e-01
1.153152465820312500e+00
2.167962074279785156e+00
-6.526937484741210938e-01
-1.591731429100036621e+00
-2.791020087897777557e-03
-4.107033014297485352e-01
-1.179100394248962402e+00
1.552615046501159668e+00
-8.573570102453231812e-02
1.914822161197662354e-01
-9.531739354133605957e-01
7.808062434196472168e-01
-2.892450392246246338e-01
5.973513796925544739e-02
1.444834321737289429e-01
1.537165760993957520e+00
8.881282806396484375e-01
-5.197647809982299805e-01
1.904101227410137653e-03
5.663731098175048828e-01
-5.408546924591064453e-01
9.507874846458435059e-01
7.233011126518249512e-01
-9.634591937065124512e-01
-8.475186228752136230e-01
-1.279279589653015137e+00
1.032360121607780457e-01
-4.012341797351837158e-01
-5.258814096450805664e-01
9.956482052803039551e-01
4.533289074897766113e-01
1.282724738121032715e-01
-1.123443841934204102e+00
-1.360530972480773926e+00
-7.268277406692504883e-01
-1.513419300317764282e-01
2.712656557559967041e-01
1.199939131736755371e+00
1.351611018180847168e+00
-7.845796346664428711e-01
5.697758197784423828e-01
-1.421203315258026123e-01
1.665328383445739746e+00
-2.589522004127502441e-01
-9.721553921699523926e-01
1.216640591621398926e+00
-2.309149801731109619e-01
1.686275154352188110e-01
1.478746533393859863e-01
-2.468128949403762817e-01
-8.433584570884704590e-01
1.091175600886344910e-01
-1.218199372291564941e+00
-1.120864450931549072e-01
8.926431834697723389e-02
2.040941417217254639e-01
-1.844875663518905640e-01
-6.973868608474731445e-01
4.470828920602798462e-03
-2.847408652305603027e-01
5.767426490783691406e-01
3.564503192901611328e-01
-1.139064788818359375e+00
-1.335228085517883301e+00
-1.978083699941635132e-01
6.785548925399780273e-01
2.665902078151702881e-01
-9.220089912414550781e-01
-9.558537602424621582e-02
-2.918158769607543945e-01
-1.257700324058532715e-01
-1.455712556838989258e+00
1.210011839866638184e+00
-4.782992899417877197e-01
-8.721956014633178711e-01
8.158472776412963867e-01
-9.567862153053283691e-01
-3.613497689366340637e-02
3.832858800888061523e-01
9.972110390663146973e-01
1.051090002059936523e+00
-4.572968482971191406e-01
5.995231866836547852e-01
3.358009755611419678e-01
-6.683949828147888184e-01
-2.200377173721790314e-02
9.765009284019470215e-01
4.553909599781036377e-01
1.175764203071594238e-01
1.087166786193847656e+00
1.094208836555480957e+00
2.224335819482803345e-01
1.493759751319885254e+00
-2.651835232973098755e-02
8.820571899414062500e-01
-1.311923563480377197e-01
-1.586014509201049805e+00
-8.585397005081176758e-01
1.047102361917495728e-01
6.887637376785278320e-01
3.928808569908142090e-01
1.271754741668701172e+00
1.396833181381225586e+00
5.963457226753234863e-01
-1.357498914003372192e-01
8.849408030509948730e-01
1.556783765554428101e-01
6.883803606033325195e-01
-3.926994800567626953e-01
-1.578548192977905273e+00
1.374192088842391968e-01
1.398417502641677856e-01
-2.467666119337081909e-01
-4.492296278476715088e-01
-2.362705022096633911e-01
-8.330889940261840820e-01
-5.622239112854003906e-01
-2.976692616939544678e-01
2.383062243461608887e-01
-2.208391204476356506e-02
4.684701263904571533e-01
-8.954411149024963379e-01
-6.343062520027160645e-01
-1.074762701988220215e+00
5.028060674667358398e-01
-3.289124369621276855e-01
-9.281999617815017700e-02
3.352629244327545166e-01
1.292265892028808594e+00
3.586982786655426025e-01
7.089074850082397461e-01
-1.076490283012390137e+00
-3.867319598793983459e-02
-1.707339644432067871e+00
-1.750121116638183594e+00
1.845064461231231689e-01
1.150461196899414062e+00
-5.948176980018615723e-01
1.812449991703033447e-01
1.264542341232299805e-02
1.373054146766662598e+00
-2.064644694328308105e-01
-1.540624022483825684e+00
-4.452195167541503906e-01
1.025054454803466797e+00
2.440791279077529907e-01
-6.258280277252197266e-01
-1.037739038467407227e+00
1.023324966430664062e+00
1.118009805679321289e+00
-4.033587276935577393e-01
4.231240451335906982e-01
1.889270544052124023e-01
2.360380649566650391e+00
8.244526982307434082e-01
3.027848601341247559e-01
-5.910086035728454590e-01
-6.286247819662094116e-02
-1.268303990364074707e-01
-5.719482898712158203e-01
-3.421907871961593628e-02
-1.378838658332824707e+00
-2.071101367473602295e-01
-2.968513071537017822e-01
-1.210831403732299805e+00
3.269326388835906982e-01
-1.254559993743896484e+00
1.025997847318649292e-01
1.335013359785079956e-01
4.585423767566680908e-01
2.976662516593933105e-01
-6.620930433273315430e-01
-8.713329434394836426e-01
-8.563630580902099609e-01
2.877993285655975342e-01
-2.690215967595577240e-02
-1.021952927112579346e-01
-1.086539030075073242e-01
4.311729967594146729e-02
-9.569245390594005585e-03
1.239116430282592773e+00
2.067851722240447998e-01
1.278150081634521484e+00
-1.441699415445327759e-01
2.522551417350769043e-01
-1.282760500907897949e+00
2.455354034900665283e-01
2.030302286148071289e-01
-7.613811492919921875e-01
2.569153159856796265e-02
-6.367322206497192383e-01
-1.670701861381530762e+00
1.025173783302307129e+00
1.611473679542541504e+00
1.922606229782104492e-01
1.884512975811958313e-02
1.434496879577636719e+00
2.936788797378540039e-01
4.631609916687011719e-01
-1.112230271100997925e-01
-8.261837959289550781e-01
-1.686425447463989258e+00
1.489601582288742065e-01
-8.433818221092224121e-01
1.624567508697509766e+00
3.986123502254486084e-01
1.882417082786560059e+00
-7.020230889320373535e-01
2.056736648082733154e-01
-1.748008489608764648e+00
-2.568514585494995117e+00
-3.079030215740203857e-01
6.574987173080444336e-01
-2.209649384021759033e-01
-1.877445876598358154e-01
2.478521019220352173e-01
1.113405942916870117e+00
-1.052505493164062500e+00
-1.929591417312622070e+00
-2.780006527900695801e-01
2.362019568681716919e-01
4.278945922851562500e-01
3.872936964035034180e-01
4.136127829551696777e-01
5.020727515220642090e-01
1.358172416687011719e+00
4.786863923072814941e-01
-3.541651666164398193e-01
3.009436726570129395e-01
3.555661737918853760e-01
-3.686028718948364258e-01
3.418546617031097412e-01
-1.552389711141586304e-01
-7.677679657936096191e-01
-5.190241932868957520e-01
1.150524392724037170e-01
-3.063037693500518799e-01
-4.451338052749633789e-01
4.058833792805671692e-02
-1.297081589698791504e+00
7.759338617324829102e-01
3.706815242767333984e-01
-1.231037735939025879e+00
-5.546190142631530762e-01
1.493443131446838379e+00
4.472074806690216064e-01
-5.183649659156799316e-01
-5.234071016311645508e-01
-1.243189930915832520e+00
1.117829918861389160e+00
-3.390122652053833008e-01
1.561034619808197021e-01
-4.789401292800903320e-01
2.098216295242309570e+00
3.254960179328918457e-01
-7.470104098320007324e-01
3.395438492298126221e-01
-1.549419760704040527e+00
1.460175961256027222e-01
1.983072906732559204e-01
5.663528442382812500e-01
2.224774807691574097e-01
3.492718338966369629e-01
1.356559693813323975e-01
-1.140796691179275513e-01
4.732309281826019287e-01
-2.939490377902984619e-01
8.866993188858032227e-01
1.186993837356567383e+00
5.580346584320068359e-01
2.263668179512023926e-02
5.303494632244110107e-02
-1.544062495231628418e+00
-4.970276057720184326e-01
1.263913512229919434e+00
-3.106647431850433350e-01
-2.824417650699615479e-01
4.635006487369537354e-01
-2.872940301895141602e-01
1.208782661706209183e-02
1.231072783470153809e+00
1.203923821449279785e+00
-2.207923233509063721e-01
-1.484767675399780273e+00
1.033015370368957520e+00
-6.619839072227478027e-01
-7.368808984756469727e-01
5.614908337593078613e-01
-1.951002478599548340e-01
-4.873065054416656494e-01
-2.489590048789978027e-01
1.137990593910217285e+00
3.144173622131347656e-01
-2.859839797019958496e-01
1.083878397941589355e+00
-1.180858463048934937e-01
5.039784908294677734e-01
3.954778313636779785e-01
1.679041534662246704e-01
-9.951512217521667480e-01
-1.036552906036376953e+00
-8.991336822509765625e-02
-5.896222591400146484e-01
-8.934696018695831299e-02
9.156498908996582031e-01
2.791214883327484131e-01
5.120479464530944824e-01
4.832712411880493164e-01
3.430526554584503174e-01
7.839719653129577637e-01
7.978665828704833984e-01
-8.269703984260559082e-01
4.433320462703704834e-01
-2.728063464164733887e-01
-5.866093039512634277e-01
5.382475256919860840e-01
2.726362943649291992e-01
7.725996375083923340e-01
-1.632632732391357422e+00
-3.229978978633880615e-01
-1.911975979804992676e+00
-3.266588598489761353e-02
1.610265731811523438e+00
-1.375244408845901489e-01
-3.090821206569671631e-01
1.239280223846435547e+00
-3.484131097793579102e-01
-9.715139269828796387e-01
8.144050091505050659e-02
-1.851441621780395508e+00
-1.033163785934448242e+00
1.596112966537475586e+00
-1.166860759258270264e-01
-4.915231168270111084e-01
2.704512178897857666e-01
-4.292813837528228760e-01
1.425564289093017578e+00
4.695287942886352539e-01
5.065966844558715820e-01
-1.396778821945190430e-01
8.947971463203430176e-01
1.275318861007690430e+00
-1.858585596084594727e+00
-1.376272290945053101e-01
2.353564798831939697e-01
-2.366856485605239868e-01
4.339444041252136230e-01
-3.803770840167999268e-01
-1.404502868652343750e+00
-5.399991869926452637e-01
-2.740859389305114746e-01
-5.602985024452209473e-01
5.440074801445007324e-01
3.964192867279052734e-01
5.089598298072814941e-01
-1.846681475639343262e+00
1.129448056221008301e+00
1.006051376461982727e-01
2.828438043594360352e+00
-1.240979909896850586e+00
5.640001296997070312e-01
9.479751586914062500e-01
-8.937152028083801270e-01
5.904955863952636719e-01
-1.960951834917068481e-01
3.510705232620239258e-01
-3.885454535484313965e-01
2.718743681907653809e-01
-1.522362083196640015e-01
3.952602744102478027e-01
-2.303866744041442871e-01
2.557655870914459229e-01
-3.260336220264434814e-01
-1.214036345481872559e+00
8.159784078598022461e-01
-4.288372397422790527e-01
5.603643059730529785e-01
6.862814426422119141e-01
-1.838154345750808716e-01
-4.542773663997650146e-01
2.454975545406341553e-01
9.643340110778808594e-01
-1.653898656368255615e-01
-8.352769017219543457e-01
-1.282406151294708252e-01
1.474334597587585449e-01
5.607688054442405701e-02
9.326160550117492676e-01
-8.736276626586914062e-01
-5.949124097824096680e-01
-1.596927285194396973e+00
4.153861403465270996e-01
-4.139179587364196777e-01
1.217759028077125549e-01
-8.242536783218383789e-01
-1.780799329280853271e-01
1.618789792060852051e+00
-5.735267400741577148e-01
-4.456931650638580322e-01
-2.039016783237457275e-01
8.057980537414550781e-01
-1.656844854354858398e+00
1.718956977128982544e-01
-8.636900782585144043e-01
-1.003206610679626465e+00
1.666924357414245605e+00
3.944377303123474121e-01
-4.311369061470031738e-01
6.089568138122558594e-02
1.071653723716735840e+00
-5.188586711883544922e-01
-5.333821177482604980e-01
8.737956881523132324e-01
9.237799048423767090e-01
5.489904880523681641e-01
4.518937319517135620e-02
1.227518796920776367e+00
1.600616693496704102e+00
-4.392719641327857971e-02
2.236822605133056641e+00
-5.010911822319030762e-01
-3.133976936340332031e+00
8.893469572067260742e-01
-7.873592525720596313e-02
7.106984853744506836e-01
-4.623400568962097168e-01
-1.389470338821411133e+00
-1.554699391126632690e-01
8.450316786766052246e-01
-2.631802856922149658e-01
-1.605800986289978027e+00
8.665562272071838379e-01
-1.202479004859924316e+00
-4.175781011581420898e-01
-1.842041313648223877e-01
-8.047843724489212036e-02
-2.091997116804122925e-01
-7.394742965698242188e-02
-8.578124046325683594e-01
-7.331631779670715332e-01
-4.427100419998168945e-01
2.577830553054809570e-01
-4.077663645148277283e-03
6.085332036018371582e-01
-7.337680459022521973e-01
2.076924890279769897e-01
1.072430968284606934e+00
2.154037475585937500e+00
5.908314585685729980e-01
-3.616209924221038818e-01
5.274335145950317383e-01
1.667957663536071777e+00
-6.757836937904357910e-01
-1.248760595917701721e-01
-9.190720506012439728e-03
6.127396821975708008e-01
1.814167976379394531e+00
-8.707522153854370117e-01
2.805305123329162598e-01
-1.878651022911071777e+00
1.296699345111846924e-01
1.124602556228637695e+00
1.686289608478546143e-01
1.785119175910949707e-01
-1.489571571350097656e+00
-9.067431092262268066e-01
-1.490907549858093262e+00
5.394881591200828552e-03
1.427065491676330566e+00
-1.734650731086730957e+00
6.878976821899414062e-01
-4.921357035636901855e-01
2.468583285808563232e-01
-4.848559796810150146e-01
5.709937214851379395e-01
2.174666970968246460e-01
1.627245426177978516e+00
1.590788483619689941e+00
-1.568222403526306152e+00
-1.925602853298187256e-01
8.494154214859008789e-01
