5.117850378155708313e-02
-6.971268653869628906e-01
-1.091676592826843262e+00
-1.991109102964401245e-01
-7.226070761680603027e-01
-9.497005939483642578e-01
3.306556940078735352e-01
-3.221887350082397461e-01
-1.828172683715820312e+00
-4.323730617761611938e-02
6.937967538833618164e-01
-1.602325320243835449e+00
3.069140315055847168e-01
-4.438257813453674316e-01
-1.291182160377502441e+00
-2.076007366180419922e+00
-6.145240664482116699e-01
4.768568575382232666e-01
6.372295618057250977e-01
2.992807030677795410e-01
1.379010438919067383e+00
5.407152175903320312e-01
1.297505021095275879e+00
-1.084561944007873535e+00
6.587697267532348633e-01
-8.637457489967346191e-01
-4.297121167182922363e-01
7.940090447664260864e-02
-1.280027985572814941e+00
-6.886364817619323730e-01
-8.711457997560501099e-02
5.605838298797607422e-01
-1.029301404953002930e+00
-5.294451955705881119e-03
-7.327886223793029785e-01
3.824312388896942139e-01
-1.164689138531684875e-01
-8.417732715606689453e-01
3.557141870260238647e-02
4.040492177009582520e-01
-9.277907013893127441e-01
-1.563410878181457520e+00
-4.068637192249298096e-01
-1.137806922197341919e-01
1.244985699653625488e+00
2.823133468627929688e-01
-3.902974426746368408e-01
-1.051832556724548340e+00
-4.432008042931556702e-02
8.548536300659179688e-01
-7.628621459007263184e-01
-6.559748053550720215e-01
-4.783399999141693115e-01
3.822770416736602783e-01
8.188901543617248535e-01
-1.022140622138977051e+00
2.835623025894165039e-01
-7.436255216598510742e-01
3.014528006315231323e-02
5.807674527168273926e-01
1.894268631935119629e+00
-7.397375255823135376e-02
3.955844342708587646e-01
-4.377817511558532715e-01
-8.422094583511352539e-01
-1.353213787078857422e-01
6.913968920707702637e-01
3.850874602794647217e-01
-1.995811425149440765e-02
-6.043907999992370605e-01
2.258070111274719238e-01
3.402993083000183105e-01
-8.658412098884582520e-02
7.537047844380140305e-03
-3.563993275165557861e-01
4.814563989639282227e-01
1.062765643000602722e-01
-4.575102925300598145e-01
5.157437920570373535e-01
9.735642671585083008e-01
3.045963644981384277e-01
8.488605022430419922e-01
-2.716346979141235352e+00
-2.223545908927917480e-01
-9.113924503326416016e-01
-8.772513270378112793e-02
-7.381789088249206543e-01
-2.801951766014099121e-01
-1.850357949733734131e-01
3.298852145671844482e-01
-1.240341305732727051e+00
-1.367533564567565918e+00
1.432835012674331665e-01
1.462432265281677246e+00
-1.421514630317687988e+00
6.056681871414184570e-01
2.256669290363788605e-02
-3.550773262977600098e-01
-5.995926856994628906e-01
1.082493305206298828e+00
9.215656518936157227e-01
2.596580237150192261e-02
1.676542907953262329e-01
-2.526252567768096924e-01
-7.437518835067749023e-01
-1.240023255348205566e+00
-1.489225029945373535e+00
3.066082000732421875e-01
5.063875913619995117e-01
4.025825262069702148e-01
6.014589071273803711e-01
5.965960025787353516e-01
-1.823309302330017090e+00
-2.981168776750564575e-02
-3.547770678997039795e-01
-4.733932614326477051e-01
-2.822492718696594238e-01
3.754804730415344238e-01
2.966309431940317154e-03
7.571790814399719238e-01
5.839484930038452148e-01
4.992571175098419189e-01
-1.723139047622680664e+00
-6.144445389509201050e-03
-2.628622055053710938e-01
-5.719697475433349609e-01
1.051721215248107910e+00
8.484544754028320312e-01
-3.280902504920959473e-01
-6.665807366371154785e-01
6.171891838312149048e-02
-1.234821438789367676e+00
3.278421759605407715e-01
-1.832755208015441895e+00
-4.262707829475402832e-01
1.319881994277238846e-03
1.317508935928344727e+00
-9.725493788719177246e-01
-1.338740468025207520e+00
6.641964316368103027e-01
-1.761037588119506836e+00
9.769222736358642578e-01
1.006077051162719727e+00
-6.733838915824890137e-01
-3.008846640586853027e-01
1.376811504364013672e+00
-5.562242120504379272e-02
-3.975571990013122559e-01
-2.021949440240859985e-01
-1.179369688034057617e-01
6.383169889450073242e-01
7.604867815971374512e-01
1.006856095045804977e-02
3.395141661167144775e-01
1.022763609886169434e+00
7.297329902648925781e-01
-3.972019534558057785e-03
1.401800215244293213e-01
-2.355927824974060059e-01
6.309056878089904785e-01
3.701288625597953796e-02
1.503107417374849319e-02
-4.943768680095672607e-01
-7.751861214637756348e-01
-8.179284334182739258e-01
-8.257259726524353027e-01
-1.320044994354248047e+00
-6.230119466781616211e-01
1.607496589422225952e-01
4.725182056427001953e-01
-4.692130386829376221e-01
-1.162762999534606934e+00
-1.738101243972778320e+00
7.177359461784362793e-01
3.516504168510437012e-01
-8.178105950355529785e-02
-9.550866484642028809e-01
5.249624252319335938e-01
-1.111314669251441956e-01
1.325326681137084961e+00
2.405290864408016205e-02
-2.430398911237716675e-01
-6.845521330833435059e-01
6.990184783935546875e-01
1.241269484162330627e-01
-1.322912812232971191e+00
-7.154026627540588379e-01
-2.728211283683776855e-01
1.088380932807922363e+00
7.791541814804077148e-01
-5.465295910835266113e-02
-7.025800943374633789e-01
4.114322662353515625e-01
1.639955788850784302e-01
-3.132696747779846191e-01
5.520104169845581055e-01
-1.250465512275695801e+00
-3.108498752117156982e-01
5.557584762573242188e-01
-9.912564158439636230e-01
-2.846239805221557617e-01
1.811424255371093750e+00
2.185004949569702148e+00
-1.721913933753967285e+00
2.200717031955718994e-01
-6.006032824516296387e-01
1.215843707323074341e-01
-8.434161543846130371e-01
8.227010369300842285e-01
3.320427238941192627e-01
-1.063125301152467728e-02
-8.844653367996215820e-01
1.112342715263366699e+00
-6.230623126029968262e-01
-2.074699103832244873e-01
1.781747460365295410e+00
-2.128772735595703125e+00
-5.129872560501098633e-01
-6.076967716217041016e-01
2.822743058204650879e-01
9.692977070808410645e-01
1.167814612388610840e+00
-5.107226371765136719e-01
-2.957025468349456787e-01
1.735514163970947266e+00
-2.642341554164886475e-01
7.732732892036437988e-01
6.087651252746582031e-01
-1.168992161750793457e+00
-1.102931857109069824e+00
2.784041166305541992e-01
-9.723531603813171387e-01
-7.424902319908142090e-01
9.161213040351867676e-01
9.626982212066650391e-01
8.825333714485168457e-01
5.859110951423645020e-01
-1.083322048187255859e+00
1.255152076482772827e-01
3.782923519611358643e-01
6.040964722633361816e-01
6.926857233047485352e-01
-9.720267653465270996e-01
1.428001999855041504e+00
1.962089091539382935e-01
-3.638499379158020020e-01
1.664855927228927612e-01
1.621454954147338867e+00
9.315524697303771973e-01
3.132945597171783447e-01
1.120591521263122559e+00
-1.227573037147521973e+00
-2.533904612064361572e-01
-9.753943085670471191e-01
-8.110515475273132324e-01
-1.086532592773437500e+00
9.052422642707824707e-02
1.064156740903854370e-01
1.331845968961715698e-01
7.730877995491027832e-01
1.912237890064716339e-02
7.716929912567138672e-01
1.473434448242187500e+00
-1.129589602351188660e-01
-1.664104461669921875e+00
1.350860595703125000e+00
1.287588357925415039e+00
2.593531310558319092e-01
4.095643043518066406e+00
1.113468766212463379e+00
7.937965989112854004e-01
1.353914856910705566e+00
5.679770708084106445e-01
6.431968808174133301e-01
-5.006380677223205566e-01
1.517778873443603516e+00
-1.669643521308898926e-01
-1.073530793190002441e+00
5.289049148559570312e-01
-1.337187588214874268e-01
6.312860250473022461e-01
4.834768772125244141e-01
3.819324821233749390e-02
4.477173984050750732e-01
1.016405597329139709e-01
5.025120973587036133e-01
3.165033757686614990e-01
5.224535465240478516e-01
-2.051399499177932739e-01
-4.015191793441772461e-01
-1.415633559226989746e+00
-9.777623228728771210e-03
-2.464980632066726685e-02
-4.060850739479064941e-01
2.853590846061706543e-01
-6.955358982086181641e-01
1.366612911224365234e+00
-7.219085004180669785e-03
8.276828527450561523e-01
-8.914508223533630371e-01
-1.473351716995239258e-01
-1.153126120567321777e+00
1.004258155822753906e+00
1.815769821405410767e-01
7.648121714591979980e-01
6.416115164756774902e-01
-1.031994745135307312e-01
-7.256569862365722656e-01
-1.206658408045768738e-01
-2.771458327770233154e-01
-1.284263849258422852e+00
-7.772661000490188599e-02
-7.309131026268005371e-01
3.094149827957153320e-01
6.318753957748413086e-01
-6.209726929664611816e-01
1.517960786819458008e+00
7.842352986335754395e-01
-1.069747805595397949e-01
-5.912852287292480469e-01
-1.404679179191589355e+00
-9.905149042606353760e-02
7.143406867980957031e-01
-1.699661761522293091e-01
-2.990193068981170654e-01
5.639954283833503723e-02
-4.259403049945831299e-01
-1.379519581794738770e+00
-1.093726873397827148e+00
2.034576416015625000e+00
4.135502874851226807e-01
8.999042958021163940e-02
-5.964093208312988281e-01
-3.481602668762207031e-01
-9.024023413658142090e-01
-1.154071927070617676e+00
-4.183761477470397949e-01
-7.692038416862487793e-01
4.928873777389526367e-01
-1.245709180831909180e+00
1.193868368864059448e-01
-2.290113270282745361e-01
5.873422026634216309e-01
-3.981468975543975830e-01
-9.588743001222610474e-02
4.365919232368469238e-01
-2.408784866333007812e+00
-3.853656649589538574e-01
-5.661509037017822266e-01
-4.531848728656768799e-01
-3.736378252506256104e-02
3.940399736166000366e-02
3.213530182838439941e-01
-1.721180796623229980e+00
-6.567602753639221191e-01
-3.357527554035186768e-01
-5.752974748611450195e-01
-7.148039340972900391e-01
6.849009990692138672e-01
6.550853252410888672e-01
5.158539414405822754e-01
-1.778299808502197266e-01
-5.956646800041198730e-01
2.638668715953826904e-01
2.092701494693756104e-01
-8.178661763668060303e-02
4.912258684635162354e-01
-5.620786547660827637e-02
6.554414033889770508e-01
-3.489508628845214844e-01
1.330795764923095703e+00
1.823962688446044922e+00
-1.358576416969299316e-01
1.811066269874572754e+00
2.039731666445732117e-02
3.145809173583984375e-01
-9.877775311470031738e-01
-1.443579941987991333e-01
-3.040723502635955811e-01
6.449691057205200195e-01
6.408433318138122559e-01
6.719085574150085449e-01
5.897327661514282227e-01
-8.153331875801086426e-01
-8.926532268524169922e-01
-3.759149014949798584e-01
3.436894118785858154e-01
-5.478502511978149414e-01
3.752216100692749023e-01
-5.861499309539794922e-01
2.629927158355712891e+00
5.160647630691528320e-02
5.012835860252380371e-01
-7.494781911373138428e-02
9.310738444328308105e-01
-2.636077404022216797e-01
-9.886980056762695312e-01
-4.801760017871856689e-01
-8.407734036445617676e-01
8.240295648574829102e-01
2.377022206783294678e-01
-4.863030910491943359e-01
-3.856370449066162109e-01
-3.420339524745941162e-01
-9.727339744567871094e-01
-3.308757841587066650e-01
-1.989924550056457520e+00
3.852631151676177979e-01
-1.799601763486862183e-01
-3.536568880081176758e-01
4.127094522118568420e-03
2.309411913156509399e-01
-7.108365893363952637e-01
2.346816658973693848e-02
6.910046935081481934e-01
1.242295026779174805e+00
-1.824837207794189453e+00
7.991427183151245117e-01
-1.370595097541809082e+00
1.125347137451171875e+00
-9.566335678100585938e-01
-1.138230681419372559e+00
1.263718843460083008e+00
8.246915936470031738e-01
-9.662747979164123535e-01
1.353445053100585938e-01
-1.067694306373596191e+00
-5.926685929298400879e-01
-9.575368165969848633e-01
3.135472238063812256e-01
-1.722678691148757935e-01
1.294596344232559204e-01
6.840874552726745605e-01
-1.148193836212158203e+00
-1.099945306777954102e-01
6.894130706787109375e-01
-4.224815964698791504e-02
3.164990544319152832e-01
-7.184944581240415573e-03
-1.017231270670890808e-01
-1.662395298480987549e-01
-2.784959673881530762e-01
-1.291779994964599609e+00
-1.098901405930519104e-01
-4.653949439525604248e-01
3.526028096675872803e-01
-1.870282292366027832e-01
1.233604326844215393e-01
-3.780382219702005386e-03
-8.618394732475280762e-01
-9.545002579689025879e-01
3.695042431354522705e-01
8.897200971841812134e-02
-5.921189188957214355e-01
-1.222430586814880371e+00
-2.107046544551849365e-01
7.943785190582275391e-01
1.224502921104431152e+00
-5.976725816726684570e-01
4.156178981065750122e-02
2.822460830211639404e-01
2.824746966361999512e-01
2.847159206867218018e-01
1.067147850990295410e+00
1.814139634370803833e-02
-5.501438975334167480e-01
4.556815922260284424e-01
1.334161639213562012e+00
1.630828529596328735e-01
-3.464143574237823486e-01
5.292303562164306641e-01
1.989299952983856201e-01
-1.313007473945617676e+00
3.657050728797912598e-01
1.846252679824829102e-01
-3.773149847984313965e-01
-3.070462346076965332e-01
-2.700337171554565430e-01
-5.416907072067260742e-01
7.545017004013061523e-01
2.461522221565246582e-01
4.522346556186676025e-01
-1.058704614639282227e+00
1.149627327919006348e+00
2.323633879423141479e-01
6.891211867332458496e-02
-6.028793752193450928e-02
-8.378866314888000488e-01
1.008813381195068359e+00
-1.409230977296829224e-01
-3.902734816074371338e-01
1.572625637054443359e+00
1.522695720195770264e-01
1.299802064895629883e+00
7.288704514503479004e-01
7.591220140457153320e-01
-1.007060334086418152e-01
-2.991132974624633789e+00
-5.654446482658386230e-01
4.197951853275299072e-01
2.886189222335815430e-01
-9.006342291831970215e-01
-1.462280899286270142e-01
1.074844241142272949e+00
-9.872015118598937988e-01
-2.310300320386886597e-01
-2.605611681938171387e-01
1.209372758865356445e+00
-4.412351250648498535e-01
1.001717209815979004e+00
2.475396692752838135e-01
-8.023213744163513184e-01
2.532460093498229980e-01
-2.532043457031250000e-01
2.935663759708404541e-01
1.111760854721069336e+00
-5.531247705221176147e-02
7.521132230758666992e-01
1.867215186357498169e-01
1.135692596435546875e-01
4.083895590156316757e-03
6.611332893371582031e-01
-2.397833347320556641e+00
-3.369476795196533203e-01
-1.089008599519729614e-01
2.927543781697750092e-02
-1.651656985282897949e+00
7.349802255630493164e-01
7.772018313407897949e-01
-1.560499548912048340e+00
-2.229295372962951660e-01
-5.018264651298522949e-01
3.453827202320098877e-01
-7.870883345603942871e-01
-4.094094336032867432e-01
2.455355674028396606e-01
3.397660255432128906e-01
2.826472222805023193e-01
-1.081275582313537598e+00
-6.667211055755615234e-01
1.128993406891822815e-01
1.092186719179153442e-01
-2.963320016860961914e-01
-7.021150086075067520e-03
1.114737391471862793e+00
-1.795868873596191406e-01
-2.312965989112854004e-01
8.017045259475708008e-01
-2.496465891599655151e-01
-1.642227731645107269e-02
7.910133600234985352e-01
5.785087347030639648e-01
-1.511546492576599121e+00
-1.043836832046508789e+00
2.486977428197860718e-01
7.869306206703186035e-01
4.505132138729095459e-01
1.632323622703552246e+00
1.020483598113059998e-01
-4.321160018444061279e-01
3.199220001697540283e-01
2.108910799026489258e+00
-8.999588489532470703e-01
1.930482499301433563e-02
-5.613646507263183594e-01
3.922998905181884766e-01
9.659365415573120117e-01
-4.182589948177337646e-01
1.243222117424011230e+00
-9.549494981765747070e-01
1.057453393936157227e+00
1.075400635600090027e-01
7.950352877378463745e-02
-7.188842296600341797e-01
-4.147461950778961182e-01
8.598159551620483398e-01
-1.888115704059600830e-01
-1.302034735679626465e+00
2.574536502361297607e-01
-6.216971278190612793e-01
-8.766446709632873535e-01
5.586807727813720703e-01
1.035959243774414062e+00
2.061900347471237183e-01
-2.971996068954467773e-01
6.282462477684020996e-01
-1.129906415939331055e+00
-1.643373370170593262e+00
-1.592501550912857056e-01
-5.344799757003784180e-01
-8.509428501129150391e-01
1.566474586725234985e-01
1.423669338226318359e+00
3.263688683509826660e-01
-1.307883262634277344e-01
-1.257725000381469727e+00
9.242067933082580566e-01
-2.140048742294311523e-01
1.250248849391937256e-01
2.123805433511734009e-01
1.105778887867927551e-01
-8.582848906517028809e-01
2.345290407538414001e-02
8.128261566162109375e-01
6.694490909576416016e-01
4.900013208389282227e-01
-1.094399318099021912e-01
-1.111448168754577637e+00
-7.958215475082397461e-02
5.754103064537048340e-01
-2.512985765933990479e-01
2.128797918558120728e-01
-3.731402754783630371e-02
-1.799414306879043579e-01
-1.590837955474853516e+00
-2.241667211055755615e-01
3.579004108905792236e-02
-7.424751520156860352e-01
5.622564554214477539e-01
7.363616824150085449e-01
4.924490451812744141e-01
2.778336107730865479e-01
-5.987280607223510742e-01
8.170650601387023926e-01
-1.150097846984863281e+00
4.473519027233123779e-01
6.789485812187194824e-01
-3.489218652248382568e-01
7.268348336219787598e-01
-8.790799975395202637e-01
1.081627607345581055e+00
2.856397926807403564e-01
7.279351949691772461e-01
5.869910717010498047e-01
1.126567959785461426e+00
4.990375041961669922e-01
-7.728756070137023926e-01
-1.769785135984420776e-01
-2.947730123996734619e-01
7.820394039154052734e-01
-8.623201400041580200e-02
6.298376321792602539e-01
-6.033648848533630371e-01
1.171731352806091309e+00
-4.321269318461418152e-02
1.221539139747619629e+00
-5.171197056770324707e-01
-5.175375938415527344e-01
1.091145634651184082e+00
-8.680469989776611328e-01
-3.271449804306030273e-01
-2.574107944965362549e-01
-6.631550788879394531e-01
-3.957537114620208740e-01
-3.794229328632354736e-01
6.718015074729919434e-01
-3.226868808269500732e-01
-3.680104315280914307e-01
5.704673528671264648e-01
5.597478747367858887e-01
-6.554362177848815918e-01
3.720704615116119385e-01
-3.590886592864990234e-01
-7.528843879699707031e-01
-8.567292094230651855e-01
-5.872213244438171387e-01
3.099129162728786469e-02
1.159599065780639648e+00
-2.391420863568782806e-02
4.888828098773956299e-02
-3.694953918457031250e-01
-8.996597528457641602e-01
-2.639021351933479309e-02
1.442623853683471680e+00
7.108169794082641602e-01
-6.018979474902153015e-02
-2.189032137393951416e-01
-2.922315299510955811e-01
1.008328914642333984e+00
2.632396817207336426e-01
1.046438589692115784e-01
-1.249978303909301758e+00
-3.588407039642333984e-01
-8.003259450197219849e-02
3.686359226703643799e-01
3.425708115100860596e-01
-2.602401748299598694e-02
4.746238589286804199e-01
-1.938041567802429199e+00
7.138810306787490845e-02
-6.849104166030883789e-01
-9.865425527095794678e-02
6.047967672348022461e-01
-1.397031545639038086e-01
8.689998090267181396e-02
7.600221633911132812e-01
-1.124282956123352051e+00
-2.247485816478729248e-01
-8.097937703132629395e-01
6.717612743377685547e-01
9.514901041984558105e-01
4.081874787807464600e-01
-3.411960303783416748e-01
5.048339366912841797e-01
3.172605335712432861e-01
-2.079891115427017212e-01
2.371414661407470703e+00
1.854162812232971191e-01
-1.116234898567199707e+00
5.002764463424682617e-01
5.606128573417663574e-01
-7.140313088893890381e-02
-3.582292199134826660e-01
-2.542434334754943848e-01
-7.189989089965820312e-01
1.104781150817871094e+00
1.260510325431823730e+00
-1.299878478050231934e+00
7.019563913345336914e-01
-1.767160654067993164e+00
-4.749259054660797119e-01
8.173407912254333496e-01
-2.832883596420288086e-01
2.987125217914581299e-01
3.906464576721191406e-01
-7.043488621711730957e-01
-2.635051906108856201e-01
2.746770381927490234e-01
2.774544060230255127e-01
-1.020227670669555664e+00
-1.455898582935333252e-01
-2.475421190261840820e+00
-1.418399512767791748e-01
-2.802855372428894043e-01
7.966958284378051758e-01
1.577275693416595459e-01
5.619053840637207031e-01
1.527609974145889282e-01
2.053193300962448120e-01
3.671362996101379395e-01
3.385452926158905029e-01
-8.974202871322631836e-01
1.665941953659057617e+00
1.957605719566345215e+00
-6.468454599380493164e-01
-1.613918900489807129e+00
7.977417707443237305e-01
-6.360844969749450684e-01
3.718498349189758301e-01
-2.765426039695739746e-01
9.504653811454772949e-01
6.475980877876281738e-01
-3.927929997444152832e-01
3.211531043052673340e-01
-1.001824259757995605e+00
1.234509110450744629e+00
-1.973268270492553711e+00
-3.821910023689270020e-01
9.140291810035705566e-01
2.411759495735168457e-01
3.924664109945297241e-02
-7.396169304847717285e-01
-7.446430325508117676e-01
5.939992070198059082e-01
4.996535480022430420e-01
-3.980515897274017334e-01
-3.570979237556457520e-01
-1.432709991931915283e-01
