4.724321663379669189e-01
1.376791477203369141e+00
-6.379664540290832520e-01
-6.574413776397705078e-01
-5.662479996681213379e-01
8.376669287681579590e-01
-1.079015374183654785e+00
-4.030924141407012939e-01
-1.324491947889328003e-01
-1.569391936063766479e-01
4.056234836578369141e+00
-8.562730550765991211e-01
-1.625167369842529297e+00
-1.451918363571166992e+00
-9.486323595046997070e-01
-1.418502211570739746e+00
-1.008513092994689941e+00
1.655210614204406738e+00
-1.651182651519775391e+00
-9.133099913597106934e-01
-5.097166895866394043e-01
-1.548527836799621582e+00
-9.666970968246459961e-01
1.540588617324829102e+00
9.644694924354553223e-01
-1.967634677886962891e+00
1.705434441566467285e+00
1.498833179473876953e+00
9.169405698776245117e-01
4.925759136676788330e-01
-2.360484361648559570e+00
-9.942971467971801758e-01
2.118703722953796387e-01
2.194944620132446289e+00
-8.565107583999633789e-01
-1.837294548749923706e-01
1.801798045635223389e-01
-2.395392656326293945e+00
-9.553811699151992798e-02
-1.039213299751281738e+00
-1.468079209327697754e+00
-1.431650668382644653e-02
-1.231750011444091797e+00
8.648324608802795410e-01
-1.244528055191040039e+00
1.203122615814208984e+00
-1.076537668704986572e-01
-2.372362464666366577e-01
3.033483922481536865e-01
-9.457505345344543457e-01
1.780261754989624023e+00
8.070226311683654785e-01
-4.829525053501129150e-01
4.319492578506469727e-01
-2.896201610565185547e+00
-1.980416059494018555e+00
8.754578232765197754e-01
2.684956789016723633e-01
2.249338030815124512e-01
-8.944247961044311523e-01
1.386899948120117188e+00
-1.354209899902343750e+00
1.353048801422119141e+00
-7.238304615020751953e-01
-9.076001048088073730e-01
-1.183760404586791992e+00
-8.411298394203186035e-01
9.567036628723144531e-01
1.577592253684997559e+00
-4.535833299160003662e-01
-1.403695464134216309e+00
-2.617222964763641357e-01
7.741802930831909180e-02
2.970279194414615631e-02
2.462883234024047852e+00
-4.620211720466613770e-01
1.830000579357147217e-01
-2.094738632440567017e-01
1.363770961761474609e+00
5.030003190040588379e-01
-1.518533378839492798e-01
1.259507238864898682e-01
-1.917435288429260254e+00
-6.990333795547485352e-01
-1.098280429840087891e+00
7.816257476806640625e-01
1.351107358932495117e+00
-1.481397509574890137e+00
-1.592544674873352051e+00
1.513376925140619278e-02
8.885315656661987305e-01
-1.630420327186584473e+00
-3.040760517120361328e+00
7.742548584938049316e-01
-1.306608796119689941e+00
1.521569728851318359e+00
1.289230823516845703e+00
-1.457915663719177246e+00
-6.238942742347717285e-01
8.081663250923156738e-01
-2.768178939819335938e+00
-1.905660986900329590e+00
-1.697147011756896973e+00
7.133898735046386719e-01
5.576885938644409180e-01
-1.404710650444030762e+00
-7.737929821014404297e-01
2.253575086593627930e+00
5.773440599441528320e-01
1.651028752326965332e+00
-1.995746344327926636e-01
1.394652247428894043e+00
-1.191440343856811523e+00
3.688603043556213379e-01
-1.969628334045410156e-01
-3.849081993103027344e-01
2.696011960506439209e-01
-3.327029228210449219e+00
-2.340066283941268921e-01
2.773213684558868408e-01
4.218094348907470703e-01
-1.197764873504638672e+00
-2.166921377182006836e+00
-2.566082179546356201e-01
3.448952138423919678e-01
-6.489926576614379883e-02
1.025147214531898499e-01
-1.060893177986145020e+00
-9.290002584457397461e-01
-1.202804207801818848e+00
8.244150280952453613e-01
5.058819651603698730e-01
-8.951109647750854492e-01
-9.079605937004089355e-01
9.448778629302978516e-01
-1.855354785919189453e+00
-9.237024784088134766e-01
-3.488995730876922607e-01
-9.716183543205261230e-01
1.130940079689025879e+00
2.234417438507080078e+00
5.756936073303222656e-01
-2.749936282634735107e-01
9.081740379333496094e-01
1.620927453041076660e+00
-1.053145170211791992e+00
-6.597722172737121582e-01
-7.390257120132446289e-01
-7.768310904502868652e-01
2.605581842362880707e-02
3.319034278392791748e-01
-6.684035658836364746e-01
1.270378232002258301e+00
-3.416862487792968750e-01
6.853290796279907227e-01
-3.584760129451751709e-01
-2.287030220031738281e+00
1.410002946853637695e+00
-1.083104133605957031e+00
2.723475694656372070e-01
-2.360018640756607056e-01
-2.758067846298217773e-01
-1.468192577362060547e+00
-9.146410226821899414e-01
-2.310626983642578125e+00
-6.635422706604003906e-01
-4.790696501731872559e-01
-7.700883746147155762e-01
-1.134150147438049316e+00
1.058172106742858887e+00
-1.095862507820129395e+00
-2.580629825592041016e+00
-6.669817566871643066e-01
1.110663890838623047e+00
1.452900320291519165e-01
-5.090799927711486816e-01
8.103578537702560425e-02
5.767704844474792480e-01
-6.218141317367553711e-01
9.227997064590454102e-01
1.481068372726440430e+00
-9.548198580741882324e-01
-4.000184237957000732e-01
-3.877112865447998047e-01
-7.792967557907104492e-02
-6.845827698707580566e-01
4.743465483188629150e-01
4.296350181102752686e-01
-1.018206402659416199e-01
6.413886547088623047e-01
1.445142775774002075e-01
-1.152292966842651367e+00
7.830983996391296387e-01
-3.905402421951293945e-01
-1.059452652931213379e+00
-1.089688897132873535e+00
-3.514525890350341797e-01
2.214454412460327148e-01
-1.025059223175048828e+00
2.422793209552764893e-01
-5.074616074562072754e-01
7.950063347816467285e-01
-1.248392909765243530e-01
3.271664679050445557e-02
-1.194050014019012451e-01
-1.712886840105056763e-01
5.087072253227233887e-01
-1.337601423263549805e+00
-1.749595813453197479e-02
-1.631679415702819824e+00
-9.120472073554992676e-01
-3.440016210079193115e-01
8.565165996551513672e-01
-1.259482026100158691e+00
2.449800968170166016e+00
1.017825454473495483e-01
-4.061646938323974609e+00
-1.336154818534851074e+00
2.506116926670074463e-01
1.679982066154479980e+00
2.977268993854522705e-01
-2.917197905480861664e-02
3.548399507999420166e-01
6.407186985015869141e-01
-6.270653009414672852e-01
8.850840330123901367e-01
-6.597256064414978027e-01
5.456940531730651855e-01
5.895970463752746582e-01
-1.786834955215454102e+00
-4.981658458709716797e-01
-2.256327390670776367e+00
-3.109028577804565430e+00
6.617291569709777832e-01
9.521973133087158203e-01
1.153335571289062500e+00
-6.088843941688537598e-02
2.019994854927062988e-01
1.014720439910888672e+00
-2.683058023452758789e+00
1.429633140563964844e+00
-3.312808275222778320e-01
-5.607801675796508789e-01
2.079333513975143433e-01
-2.589355707168579102e+00
-3.890550136566162109e-01
7.637037038803100586e-01
2.093990802764892578e+00
9.760652184486389160e-01
5.825597047805786133e-01
-1.875999718904495239e-01
-5.637280941009521484e-01
-3.169683218002319336e+00
2.034733057022094727e+00
5.852373838424682617e-01
1.362037897109985352e+00
1.508378505706787109e+00
-2.218160927295684814e-01
-5.586209893226623535e-01
1.383421540260314941e+00
-2.735681533813476562e-01
9.276985190808773041e-03
-2.400815963745117188e+00
8.905903697013854980e-01
-6.687790751457214355e-01
1.630301475524902344e+00
-5.940437316894531250e-01
-5.677135586738586426e-01
3.246223926544189453e+00
-1.575457930564880371e+00
2.152173757553100586e+00
-7.721984982490539551e-01
-2.798323392868041992e+00
8.295385241508483887e-01
-9.259527921676635742e-01
-9.406952261924743652e-01
-3.578496575355529785e-01
-4.348461627960205078e-01
-7.606513500213623047e-01
7.898498177528381348e-01
-5.535463094711303711e-01
-6.496866345405578613e-01
-1.928181573748588562e-02
1.025772213935852051e+00
-1.593711674213409424e-01
-2.335076332092285156e+00
-3.034196197986602783e-01
-3.411293625831604004e-01
-1.248888671398162842e-01
6.455259919166564941e-01
-3.278140425682067871e-01
-8.586458563804626465e-01
1.291163444519042969e+00
3.838762044906616211e+00
1.563596725463867188e-01
-1.130657434463500977e+00
-1.531861722469329834e-01
1.022873997688293457e+00
-2.092045098543167114e-01
-2.638667106628417969e+00
-1.717230081558227539e+00
-2.804519832134246826e-01
7.906947135925292969e-01
1.067572236061096191e+00
1.369946837425231934e+00
6.598114967346191406e-01
-3.169660866260528564e-01
1.047847121953964233e-01
-2.052861452102661133e+00
2.759057044982910156e+00
2.709071040153503418e-01
2.308371663093566895e-01
9.479142427444458008e-01
-1.206618905067443848e+00
2.026416361331939697e-01
3.617675304412841797e-01
1.068897128105163574e+00
-3.205626308917999268e-01
2.000628709793090820e+00
-3.969109058380126953e-01
-7.762715965509414673e-02
-8.115580081939697266e-01
-1.079301118850708008e+00
2.595534920692443848e-01
4.015881940722465515e-02
1.564591765403747559e+00
-1.802407264709472656e+00
5.403406023979187012e-01
-2.007796801626682281e-02
9.133105874061584473e-01
-1.803822755813598633e+00
-1.548792958259582520e+00
1.496578931808471680e+00
-8.015635013580322266e-01
2.230207473039627075e-01
4.224589467048645020e-01
-2.958368062973022461e-01
7.713249325752258301e-01
8.102770894765853882e-02
1.234821416437625885e-02
1.205925703048706055e+00
-9.956197142601013184e-01
-1.744819045066833496e+00
5.493432283401489258e-01
-7.699674963951110840e-01
-1.277945399284362793e+00
-1.128726720809936523e+00
2.607092559337615967e-01
-9.895813465118408203e-02
1.098016202449798584e-01
-3.519143164157867432e-01
-2.967231571674346924e-01
-7.087676525115966797e-01
1.754084110260009766e+00
1.784096099436283112e-02
-9.518145918846130371e-01
9.113240987062454224e-02
-1.801821231842041016e+00
-2.016948536038398743e-02
-1.234111666679382324e+00
-1.285054206848144531e+00
-1.308606266975402832e+00
1.044871568679809570e+00
5.336508750915527344e-01
2.599622011184692383e+00
-1.096322298049926758e+00
8.918808698654174805e-01
6.827560067176818848e-01
-9.635380506515502930e-01
3.952864706516265869e-01
1.224200129508972168e+00
6.923666000366210938e-01
-4.038261771202087402e-01
8.671861886978149414e-01
-1.505280375480651855e+00
-9.967575073242187500e-01
1.777622818946838379e+00
3.116801083087921143e-01
-3.548525571823120117e-01
1.496065497398376465e+00
1.546894669532775879e+00
2.434293985366821289e+00
1.756521821022033691e+00
-1.311980009078979492e+00
5.350424051284790039e-01
1.179523095488548279e-01
1.719746589660644531e+00
1.204051375389099121e+00
3.124875545501708984e+00
9.122262597084045410e-01
1.016715884208679199e+00
3.966458141803741455e-01
1.633041739463806152e+00
4.874747395515441895e-01
-9.758991003036499023e-01
-1.338630467653274536e-01
-6.543785929679870605e-01
1.331989526748657227e+00
-2.641170322895050049e-01
5.293864607810974121e-01
-2.800392508506774902e-01
-1.011883616447448730e-01
2.561269283294677734e+00
1.031693577766418457e+00
-7.083147168159484863e-01
1.604730725288391113e+00
-3.745518028736114502e-01
-8.088307082653045654e-02
-1.567654609680175781e+00
-1.146839022636413574e+00
-2.306493282318115234e+00
9.548531174659729004e-01
-4.201981127262115479e-01
8.800881505012512207e-01
1.119407057762145996e+00
1.052442193031311035e+00
1.072452515363693237e-01
-1.987945556640625000e+00
-9.860610365867614746e-01
3.436723053455352783e-01
-5.635321736335754395e-01
6.206872463226318359e-01
1.279675364494323730e+00
-1.354840159416198730e+00
1.270198225975036621e+00
-2.082473039627075195e-01
2.143548011779785156e+00
5.258482694625854492e-01
1.324214696884155273e+00
-1.131552219390869141e+00
-8.616472482681274414e-01
2.371534824371337891e+00
6.879522204399108887e-01
3.300256133079528809e-01
6.600180864334106445e-01
-1.753056198358535767e-01
-6.947390735149383545e-02
-3.019089996814727783e-01
4.247112572193145752e-01
6.021302938461303711e-01
3.387460112571716309e-01
4.112258434295654297e+00
7.309941202402114868e-02
7.357933521270751953e-01
7.408043742179870605e-01
3.054547011852264404e-01
-2.180200815200805664e+00
1.292035222053527832e+00
-1.165328264236450195e+00
4.459012746810913086e-01
-2.190646976232528687e-01
1.283036589622497559e+00
3.247011303901672363e-01
1.642506241798400879e+00
1.011138334870338440e-01
3.821166753768920898e-01
-1.185291290283203125e+00
6.842299699783325195e-01
-3.133951425552368164e-01
7.094616889953613281e-01
-1.920756220817565918e+00
5.846005678176879883e-01
3.850861489772796631e-01
6.526023149490356445e-01
-1.241543740034103394e-01
-1.885382890701293945e+00
-6.281747221946716309e-01
1.851078629493713379e+00
7.871360182762145996e-01
-1.104285359382629395e+00
-1.620125651359558105e+00
2.085506916046142578e-01
-1.477747112512588501e-01
3.233015537261962891e-02
-1.351698040962219238e+00
-3.273667395114898682e-01
-3.833550810813903809e-01
3.551835715770721436e-01
8.132399916648864746e-01
1.613701283931732178e-01
5.564221143722534180e-01
6.489082425832748413e-02
-1.090659022331237793e+00
3.804671764373779297e-01
-5.819765925407409668e-01
1.463417768478393555e+00
-5.818730592727661133e-01
-5.675995349884033203e-01
-2.429138273000717163e-01
1.083489656448364258e+00
-5.466671586036682129e-01
1.701248168945312500e+00
1.891740918159484863e+00
2.466287612915039062e+00
-1.145119905471801758e+00
-1.990405321121215820e-01
-4.469991028308868408e-01
-2.544663429260253906e+00
8.935279846191406250e-01
1.036280870437622070e+00
-1.335335493087768555e+00
-8.804110288619995117e-01
-5.321629047393798828e-01
1.880520880222320557e-01
8.886327147483825684e-01
-3.446598351001739502e-01
1.672554761171340942e-01
-1.086820006370544434e+00
-5.566594004631042480e-01
3.206731379032135010e-02
-2.511627078056335449e-01
-9.739117026329040527e-01
1.636445641517639160e+00
1.115760326385498047e+00
-9.650038480758666992e-01
-4.106265306472778320e-01
1.042130470275878906e+00
-7.787386775016784668e-01
8.400939702987670898e-01
-5.729832649230957031e-01
8.189673423767089844e-01
-2.708544395864009857e-02
-1.703897118568420410e+00
-3.987038731575012207e-01
-1.153924107551574707e+00
2.349095642566680908e-01
-4.802530407905578613e-01
2.003187656402587891e+00
6.565437912940979004e-01
-7.288300991058349609e-01
-6.428993344306945801e-01
2.362692832946777344e+00
-8.475375920534133911e-02
-9.062379598617553711e-02
3.414928168058395386e-02
-6.531547904014587402e-01
2.715143859386444092e-01
8.184729218482971191e-01
-1.690469533205032349e-01
-1.740311741828918457e+00
1.489984989166259766e+00
8.532477617263793945e-01
-5.357884168624877930e-01
-1.777409017086029053e-01
-1.887902379035949707e+00
9.459167122840881348e-01
2.195738554000854492e+00
-7.632690668106079102e-01
1.406284809112548828e+00
-5.303305983543395996e-01
-1.594607234001159668e+00
3.250756859779357910e-01
-1.877219438552856445e+00
-1.204729318618774414e+00
-1.458607912063598633e+00
1.966348290443420410e-01
9.955115914344787598e-01
2.765301764011383057e-01
6.720051169395446777e-01
7.291571497917175293e-01
3.470830023288726807e-01
-5.765383839607238770e-01
-1.702208995819091797e+00
1.746590435504913330e-01
1.048279285430908203e+00
9.948562085628509521e-02
-2.414276123046875000e+00
9.253507852554321289e-01
8.107550144195556641e-01
-1.489566117525100708e-01
1.092802882194519043e+00
2.536927223205566406e+00
1.660305857658386230e+00
6.304316520690917969e-01
-1.337012529373168945e+00
9.315378069877624512e-01
9.327270090579986572e-02
-3.092793226242065430e-01
1.669382601976394653e-01
-1.496991872787475586e+00
-1.567002892494201660e+00
1.340171337127685547e+00
4.224910736083984375e-01
1.013590574264526367e+00
4.487015902996063232e-01
-9.466365575790405273e-01
-1.558915495872497559e+00
-1.562596678733825684e+00
1.018123269081115723e+00
1.335212886333465576e-01
1.583958417177200317e-01
1.137614011764526367e+00
1.179342269897460938e+00
1.032768368721008301e+00
5.299479961395263672e-01
7.166538238525390625e-01
9.816267490386962891e-01
4.912057816982269287e-01
1.312845468521118164e+00
2.776666641235351562e+00
-1.696544766426086426e+00
-1.569101095199584961e+00
2.497611999511718750e+00
4.583423957228660583e-02
1.179831743240356445e+00
-1.089239954948425293e+00
3.330365568399429321e-02
-1.597669601440429688e+00
-3.405365645885467529e-01
1.753864288330078125e+00
-2.144262075424194336e+00
5.477419868111610413e-02
7.322228550910949707e-01
2.864093780517578125e-01
-7.506793737411499023e-01
1.446296274662017822e-02
-7.254892587661743164e-01
2.697216868400573730e-01
7.319848984479904175e-02
3.956370055675506592e-01
-1.278952956199645996e+00
-1.047569751739501953e+00
-1.134441271424293518e-01
-9.874399304389953613e-01
-9.739407896995544434e-02
1.574614524841308594e+00
4.009930491447448730e-01
1.116898775100708008e+00
1.125578641891479492e+00
-1.656211137771606445e+00
-3.036377727985382080e-01
4.649935066699981689e-01
-9.476369023323059082e-01
-1.001650333404541016e+00
9.716491103172302246e-01
-3.894000649452209473e-01
-1.537828147411346436e-02
1.441287755966186523e+00
5.247396826744079590e-01
1.994382619857788086e+00
6.534701585769653320e-01
1.088964581489562988e+00
7.483555078506469727e-01
1.764556288719177246e+00
-1.178803563117980957e+00
-2.783933281898498535e-01
-2.443709611892700195e+00
1.203142762184143066e+00
-3.643835186958312988e-01
-1.160241588950157166e-01
-1.278162896633148193e-01
1.355062365531921387e+00
-5.338616967201232910e-01
-7.087517380714416504e-01
1.161823645234107971e-01
1.412572026252746582e+00
1.243890762329101562e+00
-7.624791264533996582e-01
3.396670818328857422e-01
-9.504057765007019043e-01
-9.591293334960937500e-01
-5.573402047157287598e-01
-2.985941767692565918e-01
-2.819034755229949951e-01
-6.626620888710021973e-01
4.762715697288513184e-01
9.902598857879638672e-01
-5.668855309486389160e-01
-3.211426315829157829e-03
-1.060907959938049316e+00
-1.477191329002380371e+00
-1.482222557067871094e+00
-1.230347394943237305e+00
2.433982372283935547e+00
2.067929983139038086e+00
-1.439353108406066895e+00
-7.908538579940795898e-01
2.579780817031860352e-01
-6.448585540056228638e-02
-1.468182444572448730e+00
1.239263176918029785e+00
-3.041780471801757812e+00
-9.741919636726379395e-01
-1.658457994461059570e+00
-1.122015833854675293e+00
1.748916745185852051e+00
3.391517400741577148e-01
4.668883085250854492e-01
-5.240923881530761719e+00
-2.398570179939270020e-01
-3.043553531169891357e-01
1.544454932212829590e+00
1.443657755851745605e+00
1.295309782028198242e+00
2.229746133089065552e-01
-3.239680528640747070e-01
-8.038954734802246094e-01
-4.012741446495056152e-01
-3.059909045696258545e-01
6.812890768051147461e-01
4.123188853263854980e-01
-1.666861414909362793e+00
3.764911321923136711e-03
3.899358212947845459e-01
-1.088596343994140625e+00
1.217338681221008301e+00
4.351762294769287109e+00
-1.992722511291503906e+00
-7.049576759338378906e+00
1.386692285537719727e+00
-9.252956509590148926e-01
-8.573091030120849609e-01
6.008541584014892578e-02
8.566576242446899414e-01
2.326989620923995972e-01
1.043137550354003906e+00
4.643138945102691650e-01
2.040830105543136597e-01
1.050217628479003906e+00
-8.471075892448425293e-01
2.394356280565261841e-01
-1.396212577819824219e+00
-4.911055266857147217e-01
-1.845987439155578613e-01
2.448165655136108398e+00
-3.054288864135742188e+00
-1.181546330451965332e+00
-1.140559673309326172e+00
4.228788852691650391e+00
1.001352071762084961e-01
-1.144274592399597168e+00
-1.360565066337585449e+00
2.151708841323852539e+00
8.720806241035461426e-02
7.541509866714477539e-01
1.898765116930007935e-01
-2.064611196517944336e+00
1.607833057641983032e-01
1.994215250015258789e+00
1.451049327850341797e+00
-2.993659973144531250e-01
-5.508730411529541016e-01
-9.978980571031570435e-02
7.685214281082153320e-01
1.227369189262390137e+00
4.084806442260742188e-01
4.407226741313934326e-01
3.987859487533569336e-01
8.708037734031677246e-01
-6.642285585403442383e-01
3.763447999954223633e-01
-1.567815899848937988e+00
2.328269481658935547e+00
-1.659054517745971680e+00
-8.978041410446166992e-01
2.573631703853607178e-01
-6.102230548858642578e-01
4.003835618495941162e-01
-1.927423000335693359e+00
5.280289053916931152e-01
2.548786997795104980e-01
-1.283612012863159180e+00
7.790972590446472168e-01
-3.834430500864982605e-02
9.076778590679168701e-02
-3.821285068988800049e-01
-2.433707565069198608e-02
3.515898287296295166e-01
