-6.782540678977966309e-01
1.092962861061096191e+00
1.354136109352111816e+00
-3.798528611660003662e-01
8.404238820075988770e-01
4.318171143531799316e-01
-3.349828422069549561e-01
-7.201912403106689453e-01
-1.986598849296569824e+00
-3.748319447040557861e-01
9.543774127960205078e-01
-9.562637805938720703e-01
-3.918225169181823730e-01
8.864037394523620605e-01
-9.152237176895141602e-01
-1.015885353088378906e+00
-1.242575608193874359e-02
-1.065096855163574219e+00
-1.128570318222045898e+00
3.978703022003173828e-01
-2.024610936641693115e-01
-9.802085161209106445e-01
3.323939442634582520e-01
-5.280249565839767456e-02
1.175968527793884277e+00
-1.540064692497253418e+00
-1.812960952520370483e-01
1.149065494537353516e+00
-2.381737709045410156e+00
-4.382629990577697754e-01
-1.301237106323242188e+00
1.475228816270828247e-01
5.002371035516262054e-03
2.186506241559982300e-01
-1.570366740226745605e+00
-1.601450204849243164e+00
-3.687372431159019470e-02
-1.750462532043457031e+00
6.463856995105743408e-02
2.106190681457519531e+00
-2.649806998670101166e-02
1.438693702220916748e-01
-4.706881940364837646e-01
1.936669945716857910e+00
6.160698533058166504e-01
8.474290966987609863e-01
-1.196853280067443848e+00
9.796712547540664673e-02
-6.339582204818725586e-01
1.140647649765014648e+00
-1.636495590209960938e+00
9.204736351966857910e-01
-3.982091695070266724e-02
5.515487790107727051e-01
1.378803491592407227e+00
-4.793059229850769043e-01
4.724122583866119385e-01
6.030306220054626465e-01
-4.603213816881179810e-02
1.563229709863662720e-01
2.316243201494216919e-01
8.099437505006790161e-02
1.235148906707763672e-01
5.336498469114303589e-02
5.792012810707092285e-01
-1.893040984869003296e-01
5.429015755653381348e-01
-1.218443870544433594e+00
6.669702529907226562e-01
-3.043325424194335938e+00
-3.855223655700683594e-01
5.645778775215148926e-01
-1.754201054573059082e-01
3.984457254409790039e-01
4.696736633777618408e-01
1.126511096954345703e+00
2.242586612701416016e-01
6.983579397201538086e-01
8.138470649719238281e-01
1.452435135841369629e+00
8.302250504493713379e-01
1.111992835998535156e+00
-2.160203218460083008e+00
-8.497453480958938599e-02
2.260000109672546387e-01
4.615916311740875244e-02
-4.817706942558288574e-01
3.318928480148315430e-01
-5.049717798829078674e-02
-8.103514909744262695e-01
9.617338180541992188e-01
-2.125958919525146484e+00
-1.224724292755126953e+00
7.458705306053161621e-01
2.129441201686859131e-01
-6.214696168899536133e-02
2.417188882827758789e-01
8.506798744201660156e-02
5.952249169349670410e-01
1.201699674129486084e-01
-5.048536062240600586e-01
-1.879177689552307129e-01
-8.668007701635360718e-02
-5.890927910804748535e-01
2.620092928409576416e-01
-9.966781139373779297e-01
3.592559397220611572e-01
1.051689907908439636e-01
-6.274313926696777344e-01
7.847210764884948730e-02
-7.100740671157836914e-01
-4.003914594650268555e-01
-5.276651978492736816e-01
-1.040332674980163574e+00
-1.272147893905639648e-01
-3.039430081844329834e-01
-9.044042229652404785e-01
-6.713559627532958984e-01
1.443099141120910645e+00
9.854849427938461304e-02
-8.393247723579406738e-01
8.835268616676330566e-01
-3.075556039810180664e+00
-3.087980747222900391e-01
8.180781602859497070e-01
-9.837895631790161133e-02
6.952441930770874023e-01
-2.671090699732303619e-02
1.863205134868621826e-01
-1.805986881256103516e+00
2.744771838188171387e-01
-2.494805097579956055e+00
-8.537281751632690430e-01
-5.250021815299987793e-01
1.371095657348632812e+00
1.438081730157136917e-02
4.181337356567382812e-01
-4.567378163337707520e-01
-3.831678032875061035e-01
-2.784377634525299072e-01
-2.985486388206481934e-01
-2.567365467548370361e-01
8.617270588874816895e-01
-9.090568423271179199e-01
8.292226791381835938e-01
2.826986908912658691e-01
-2.197687387466430664e+00
-8.793935179710388184e-01
-2.083208411931991577e-01
1.104382514953613281e+00
7.125778198242187500e-01
9.460279345512390137e-01
2.018960714340209961e-01
-9.233672618865966797e-01
9.707419276237487793e-01
5.822921395301818848e-01
-6.965115666389465332e-01
-1.142855808138847351e-01
-6.843971610069274902e-01
9.579104781150817871e-01
4.813756048679351807e-01
2.786726355552673340e-01
1.481434583663940430e+00
3.102911822497844696e-02
-4.994414746761322021e-01
-1.892397284507751465e+00
-4.698333144187927246e-01
-6.430462002754211426e-01
1.381397843360900879e-01
1.036448478698730469e+00
-1.136291384696960449e+00
-3.805683851242065430e-01
-5.476554036140441895e-01
1.362235307693481445e+00
-1.729187965393066406e-01
-2.413558065891265869e-01
-1.363809585571289062e+00
3.690092861652374268e-01
3.477420508861541748e-01
1.271787524223327637e+00
1.102087855339050293e+00
-9.281286001205444336e-01
-2.760337889194488525e-01
-1.089771747589111328e+00
1.607625961303710938e+00
9.070979356765747070e-01
-2.260093688964843750e+00
-3.900844454765319824e-01
1.070623040199279785e+00
-2.194835692644119263e-01
-1.218743324279785156e+00
-1.409038156270980835e-01
4.616347253322601318e-01
-3.660568296909332275e-01
-7.483584880828857422e-01
3.041336238384246826e-01
-4.283265173435211182e-01
3.311291038990020752e-01
-5.749076604843139648e-02
-9.905710816383361816e-01
3.878884315490722656e-01
8.995890617370605469e-01
2.550988197326660156e+00
-8.668191432952880859e-01
5.565620064735412598e-01
2.283636666834354401e-02
-6.423511505126953125e-01
-7.105495929718017578e-01
1.049000024795532227e+00
-5.963446497917175293e-01
-1.340454459190368652e+00
2.624570369720458984e+00
5.261217802762985229e-02
-1.135845661163330078e+00
4.301292300224304199e-01
6.606710553169250488e-01
5.839828848838806152e-01
-5.618497133255004883e-01
-9.302460551261901855e-01
1.291489124298095703e+00
1.421868205070495605e-01
8.101933002471923828e-01
8.079612851142883301e-01
-2.901395559310913086e-01
7.044014930725097656e-01
3.059774339199066162e-01
7.807477712631225586e-01
-6.629602909088134766e-01
3.129973113536834717e-01
-8.702496290206909180e-01
4.243075251579284668e-01
1.782630085945129395e-01
2.994533777236938477e-01
-6.623811125755310059e-01
3.792462944984436035e-01
-5.447750687599182129e-01
1.929293125867843628e-01
-4.775885343551635742e-01
1.772398591041564941e+00
-2.040482521057128906e+00
2.055620551109313965e-01
-8.662260174751281738e-01
-1.660396695137023926e+00
3.167368769645690918e-01
-1.717303276062011719e+00
1.354403018951416016e+00
-8.675759434700012207e-01
3.366403877735137939e-01
-2.659150660037994385e-01
3.209446668624877930e-01
2.070362567901611328e-01
-4.294228851795196533e-01
-6.609748601913452148e-01
8.031539916992187500e-01
-6.340727210044860840e-03
-2.764332294464111328e-01
7.809025049209594727e-01
-4.951999783515930176e-01
5.213503241539001465e-01
-3.346002697944641113e-01
-4.822292625904083252e-01
1.062558367848396301e-01
3.589757382869720459e-01
-3.356674611568450928e-01
-1.284137248992919922e+00
2.665811590850353241e-02
7.655391097068786621e-01
-6.689306497573852539e-01
5.348016738891601562e+00
-1.006656765937805176e+00
3.164759650826454163e-02
1.270081996917724609e+00
-5.098873376846313477e-01
8.607265949249267578e-01
6.804484724998474121e-01
1.909509420394897461e+00
9.569288492202758789e-01
-8.289464712142944336e-01
-9.478242136538028717e-03
-1.363190054893493652e+00
-3.890215754508972168e-01
-1.199146986007690430e+00
-1.599423587322235107e-01
1.280631963163614273e-02
7.657036185264587402e-01
-1.549893021583557129e+00
3.306076526641845703e-01
8.079022169113159180e-01
-1.195508599281311035e+00
-1.452280521392822266e+00
-1.839092731475830078e+00
-8.146949112415313721e-02
4.519249796867370605e-01
2.033299684524536133e+00
-3.940492272377014160e-01
-8.135877251625061035e-01
-4.561637639999389648e-01
1.093333601951599121e+00
4.536872506141662598e-01
-2.137733459472656250e+00
-1.775444269180297852e+00
-7.370188832283020020e-01
1.927435398101806641e+00
1.390951633453369141e+00
1.298307776451110840e+00
1.115306019783020020e-01
8.822367191314697266e-01
5.107981562614440918e-01
6.330147981643676758e-01
-1.364536136388778687e-01
2.530180215835571289e-01
-3.980520367622375488e-01
1.173009157180786133e+00
4.054962694644927979e-01
-1.260520339012145996e+00
3.395875990390777588e-01
2.840094864368438721e-01
2.307811677455902100e-01
9.314322471618652344e-01
9.293470978736877441e-01
-4.758086502552032471e-01
-5.177490115165710449e-01
-7.588297873735427856e-02
2.139827907085418701e-01
-6.890553832054138184e-01
2.638971209526062012e-01
4.092474281787872314e-02
-1.186370968818664551e+00
7.240692377090454102e-01
8.386194705963134766e-01
3.515751957893371582e-01
1.296297311782836914e+00
1.657135367393493652e+00
1.189164876937866211e+00
3.435305058956146240e-01
-1.638669669628143311e-01
-8.873734474182128906e-01
-8.314471840858459473e-01
3.150353729724884033e-01
-1.768702030181884766e+00
-4.383179843425750732e-01
4.367643594741821289e-02
-3.800151869654655457e-02
-4.063599109649658203e-01
-2.060151100158691406e+00
3.756274282932281494e-01
-1.855971336364746094e+00
7.716931104660034180e-01
-6.457903981208801270e-01
-1.406479239463806152e+00
-3.965512514114379883e-01
-3.245223164558410645e-01
1.438987404108047485e-01
1.445051074028015137e+00
-5.589236021041870117e-01
-8.538839817047119141e-01
-4.454101622104644775e-01
-9.152203202247619629e-01
1.800860166549682617e+00
-3.602708578109741211e-01
-5.722424387931823730e-01
-4.612299501895904541e-01
6.919353008270263672e-01
-1.681154966354370117e+00
-1.160637259483337402e+00
3.178628161549568176e-02
2.493812084197998047e+00
6.470146179199218750e-01
1.414599061012268066e+00
1.353584378957748413e-01
2.726100087165832520e-01
4.416560828685760498e-01
1.680054962635040283e-01
8.139091730117797852e-01
1.022488772869110107e-01
-1.907298713922500610e-01
1.502913329750299454e-02
-3.402422964572906494e-01
-2.410200536251068115e-01
1.502272129058837891e+00
1.893162250518798828e+00
1.415028572082519531e+00
9.208832383155822754e-01
-8.256656676530838013e-02
-8.683187961578369141e-01
4.018284678459167480e-01
4.429473876953125000e-01
-1.442566514015197754e-02
2.418352365493774414e+00
4.345419630408287048e-02
2.793168783187866211e+00
1.118243098258972168e+00
7.978133559226989746e-01
8.471838831901550293e-01
1.056536078453063965e+00
3.684791922569274902e-01
-3.839185833930969238e-01
-2.432869076728820801e-01
-9.768687486648559570e-01
7.987026125192642212e-02
1.064415097236633301e+00
-5.020188689231872559e-01
1.539148092269897461e-01
5.315072536468505859e-01
5.401805043220520020e-02
3.044826388359069824e-01
-3.479694947600364685e-02
-2.267718911170959473e-01
5.088977217674255371e-01
-1.344786643981933594e+00
5.384429171681404114e-02
2.845515608787536621e-01
-2.931713759899139404e-01
5.828873515129089355e-01
-4.532005190849304199e-01
1.127103686332702637e+00
1.558602750301361084e-01
4.413649737834930420e-01
9.262629747390747070e-01
2.454030364751815796e-01
-1.593657612800598145e+00
-9.774690866470336914e-01
-4.339024797081947327e-02
-1.493773341178894043e+00
-4.474706649780273438e-01
1.468271166086196899e-01
-1.329568028450012207e-01
6.740888357162475586e-01
-1.405890345573425293e+00
-1.297591328620910645e+00
-1.179715871810913086e+00
1.055745840072631836e+00
1.561295986175537109e-01
-4.270842075347900391e-01
-2.707329392433166504e-01
8.871725201606750488e-01
-2.354916930198669434e-02
-7.274584472179412842e-02
1.392054796218872070e+00
8.725211024284362793e-02
5.066838264465332031e-01
1.170607805252075195e+00
-5.459623336791992188e-01
5.398185849189758301e-01
9.624683111906051636e-02
-4.639878273010253906e-01
-1.336660742759704590e+00
1.004742741584777832e+00
6.663709282875061035e-01
-2.329959273338317871e-01
-5.847120881080627441e-01
-2.228937111794948578e-02
-4.395563900470733643e-02
-9.462238550186157227e-01
3.006847202777862549e-01
-2.072765111923217773e+00
8.179100155830383301e-01
5.189772844314575195e-01
2.275701463222503662e-01
1.336292624473571777e+00
1.289623260498046875e+00
9.524404406547546387e-01
-7.099195122718811035e-01
-9.738065004348754883e-01
-5.838066935539245605e-01
-7.626387476921081543e-02
3.423938453197479248e-01
1.485352516174316406e-01
-7.286502122879028320e-01
-4.336406588554382324e-01
1.005162358283996582e+00
1.555595099925994873e-01
-9.545032382011413574e-01
-7.762723565101623535e-01
4.511673450469970703e-01
-6.553977131843566895e-01
1.055481195449829102e+00
-5.956375598907470703e-01
3.785239756107330322e-01
1.025220394134521484e+00
-3.309096395969390869e-01
7.740347385406494141e-01
-6.386031508445739746e-01
8.206815719604492188e-01
1.179404258728027344e+00
3.441624939441680908e-01
-5.868760943412780762e-01
7.639788985252380371e-01
1.595680594444274902e+00
-3.947741389274597168e-01
-1.034410834312438965e+00
9.069782495498657227e-01
1.319816261529922485e-01
1.424538642168045044e-01
-6.393787860870361328e-01
-4.758516848087310791e-01
-6.765776127576828003e-02
-1.598567008972167969e+00
4.151027500629425049e-01
-7.402930259704589844e-01
-1.525313407182693481e-01
-2.849547564983367920e-01
-6.920431256294250488e-01
1.121248126029968262e+00
-6.916522383689880371e-01
-1.118357896804809570e+00
-1.297826170921325684e+00
-1.696787476539611816e-01
-4.385173022747039795e-01
6.387674808502197266e-01
-4.586930871009826660e-01
-1.499168667942285538e-02
6.843964457511901855e-01
1.121262926608324051e-02
-8.243798464536666870e-02
9.136152267456054688e-01
-5.669531226158142090e-01
-2.046302706003189087e-01
4.172974228858947754e-01
5.693982243537902832e-01
-3.631184697151184082e-01
8.133701682090759277e-01
-1.368224382400512695e+00
-5.461314320564270020e-01
-1.669398248195648193e-01
3.410644531250000000e-01
-1.484931707382202148e+00
-1.041728258132934570e+00
-1.253474205732345581e-01
-1.191784501075744629e+00
7.369318008422851562e-01
1.455137014389038086e+00
7.487298846244812012e-01
-1.280741810798645020e+00
-6.674200296401977539e-02
-2.494256943464279175e-01
3.906274437904357910e-01
-5.472066998481750488e-02
2.252109795808792114e-01
1.507573723793029785e-01
4.899959564208984375e-01
1.225315093994140625e+00
4.510444402694702148e-02
-6.550861597061157227e-01
1.470525860786437988e+00
-9.215014576911926270e-01
-6.970899105072021484e-01
1.578359305858612061e-01
7.414590716361999512e-01
-3.798012733459472656e-01
7.948001027107238770e-01
3.507250919938087463e-02
-6.600615382194519043e-01
-1.203639388084411621e+00
1.798592805862426758e+00
5.274816751480102539e-01
8.610501885414123535e-01
1.577713370323181152e+00
-3.910742402076721191e-01
-5.764700174331665039e-01
8.042950630187988281e-01
5.054797530174255371e-01
-1.616969704627990723e-01
-4.634026587009429932e-01
-5.250198245048522949e-01
-9.605013728141784668e-01
-6.297714114189147949e-01
8.624475598335266113e-01
1.086770668625831604e-01
1.298146247863769531e-01
7.067276239395141602e-01
-1.447811961174011230e+00
-1.971237361431121826e-01
-7.470566034317016602e-01
8.793154358863830566e-01
5.626339316368103027e-01
1.553651690483093262e-01
1.486654281616210938e-01
-2.660847008228302002e-01
4.200575053691864014e-01
9.966379404067993164e-01
1.665433049201965332e+00
1.181769132614135742e+00
4.328495562076568604e-01
-6.653382182121276855e-01
-6.796255707740783691e-02
-1.651166558265686035e+00
-6.523789763450622559e-01
1.263803988695144653e-01
8.555775284767150879e-01
-1.314252138137817383e+00
-1.274772286415100098e-01
6.416665315628051758e-01
-4.355199635028839111e-01
-2.517220675945281982e-01
-1.207787632942199707e+00
4.981726408004760742e-01
-5.150957703590393066e-01
2.774613201618194580e-01
-5.087111145257949829e-02
1.024004220962524414e+00
-6.573189496994018555e-01
-1.685580730438232422e+00
7.589746117591857910e-01
-1.793420128524303436e-02
-7.649601101875305176e-01
6.374323964118957520e-01
-1.453034520149230957e+00
-3.609142005443572998e-01
1.056803345680236816e+00
2.766136229038238525e-01
-6.287460923194885254e-01
7.288857102394104004e-01
6.286371946334838867e-01
-1.003531455993652344e+00
-2.577179968357086182e-01
3.786126971244812012e-01
-1.128303408622741699e+00
3.318615853786468506e-01
-9.075242280960083008e-02
1.415668427944183350e-01
7.826606743037700653e-03
-8.186461329460144043e-01
1.300974011421203613e+00
-8.019590973854064941e-01
7.919440865516662598e-01
-7.134910225868225098e-01
3.240503668785095215e-01
2.497118234634399414e+00
-1.281730532646179199e+00
1.491008758544921875e+00
2.353558391332626343e-01
-5.329411104321479797e-02
5.011042356491088867e-01
1.222479939460754395e+00
-7.982371449470520020e-01
-4.726131856441497803e-01
1.084755659103393555e-01
6.315130591392517090e-01
1.044476985931396484e+00
5.296717286109924316e-01
1.206335783004760742e+00
-2.611232995986938477e-01
1.371599316596984863e+00
2.051940113306045532e-01
-2.563432693481445312e+00
-8.942129611968994141e-01
1.353467106819152832e+00
9.707145094871520996e-01
-6.569665670394897461e-01
-1.252278089523315430e+00
-7.196681499481201172e-01
-4.794493615627288818e-01
3.399251103401184082e-01
-5.308604836463928223e-01
1.660571575164794922e+00
-5.121463537216186523e-01
5.002328008413314819e-02
6.372305154800415039e-01
-5.152810811996459961e-01
2.449650913476943970e-01
3.099672123789787292e-02
8.424739837646484375e-01
6.056661605834960938e-01
9.286594577133655548e-03
8.017227053642272949e-02
3.991959691047668457e-01
6.299898624420166016e-01
6.587363481521606445e-01
-4.522746503353118896e-01
-2.927221357822418213e-01
-7.995879054069519043e-01
1.763853132724761963e-01
1.023111343383789062e+00
9.978678226470947266e-01
-2.089216113090515137e-01
-1.059385180473327637e+00
-6.223976612091064453e-01
6.916024088859558105e-01
-6.813250780105590820e-01
-2.264310866594314575e-01
-1.107057929039001465e+00
-8.457240462303161621e-01
-5.425158739089965820e-01
-2.415391445159912109e+00
-1.183414578437805176e+00
-1.953959465026855469e-02
-2.826148569583892822e-01
-4.338703155517578125e+00
1.056390330195426941e-01
2.338253259658813477e-01
-6.047728657722473145e-01
1.100834488868713379e+00
3.970113992691040039e-01
-5.163607001304626465e-01
9.319742769002914429e-02
6.818699836730957031e-01
-1.207656860351562500e+00
-1.061839386820793152e-01
2.513308286666870117e+00
2.685901820659637451e-01
-1.221096277236938477e+00
5.672990903258323669e-02
9.596891403198242188e-01
8.852893114089965820e-01
2.431390434503555298e-01
2.410445213317871094e+00
-9.451416730880737305e-01
-1.805916190147399902e+00
9.651220440864562988e-01
-9.125602245330810547e-01
1.020663022994995117e+00
3.025753498077392578e-01
-7.510197162628173828e-01
-3.810909092426300049e-01
2.144297808408737183e-01
5.261290669441223145e-01
-1.393186926841735840e+00
8.682708740234375000e-01
-1.076322674751281738e+00
-2.354125499725341797e+00
3.463633060455322266e-01
-2.313590347766876221e-01
5.576034784317016602e-01
-4.464863836765289307e-01
-1.142484784126281738e+00
4.004500806331634521e-01
-7.068684697151184082e-01
1.275629520416259766e+00
-5.297811627388000488e-01
-1.023627161979675293e+00
-4.384723901748657227e-01
-1.161281943321228027e+00
-5.324239730834960938e-01
3.575125634670257568e-01
-2.466281056404113770e-01
5.732801556587219238e-01
-7.944458127021789551e-01
1.046520829200744629e+00
-1.453254342079162598e+00
-8.126716613769531250e-01
-5.706194043159484863e-01
5.256586074829101562e-01
7.361644506454467773e-01
-8.706460893154144287e-02
-1.123102307319641113e+00
-3.452139496803283691e-01
-1.653936862945556641e+00
1.404041409492492676e+00
-3.678587377071380615e-01
2.346958220005035400e-01
-2.839661836624145508e-01
-9.806722998619079590e-01
2.507622241973876953e-01
-1.355950713157653809e+00
5.472114086151123047e-01
-1.494725346565246582e+00
-3.166857659816741943e-01
-2.325116872787475586e+00
-6.697091460227966309e-01
-1.799856126308441162e-02
-6.926583647727966309e-01
-4.641600847244262695e-01
2.521394252777099609e+00
-6.288352608680725098e-01
-1.144503474235534668e+00
-2.033537864685058594e+00
6.437168270349502563e-02
