1.092025399208068848e+00
1.516626775264739990e-01
-2.225237041711807251e-01
-9.915311932563781738e-01
-2.853457629680633545e-01
-8.082644343376159668e-01
-6.427961587905883789e-01
-8.215811252593994141e-01
-1.619395375251770020e+00
1.082168221473693848e+00
3.354627788066864014e-01
1.535382121801376343e-01
-3.776080608367919922e-01
3.368888795375823975e-01
2.060012817382812500e-01
-4.045737385749816895e-01
-1.345037966966629028e-01
-9.393525123596191406e-01
-8.951048851013183594e-01
2.080086916685104370e-01
3.463058173656463623e-01
1.165099069476127625e-01
-1.162042737007141113e+00
-4.834434688091278076e-01
3.529307246208190918e-02
-1.710330486297607422e+00
3.920145332813262939e-01
1.756077408790588379e-01
-1.168994545936584473e+00
1.698835849761962891e+00
-2.923149988055229187e-02
-7.991356849670410156e-01
-2.636908888816833496e-01
2.114331424236297607e-01
3.380630612373352051e-01
2.170651108026504517e-01
-9.462223201990127563e-02
-2.427764892578125000e+00
-8.787554502487182617e-02
2.957897782325744629e-01
-8.877410888671875000e-01
-4.606652855873107910e-01
-1.696992158889770508e+00
1.277209520339965820e+00
1.548119336366653442e-01
1.224795937538146973e+00
8.333948850631713867e-01
1.217835992574691772e-01
-1.135460853576660156e+00
4.820404946804046631e-01
-2.260716110467910767e-01
-7.650049775838851929e-02
-3.336853682994842529e-01
-1.000915646553039551e+00
8.332122564315795898e-01
-3.210716843605041504e-01
1.497699320316314697e-01
-6.517212986946105957e-01
-5.750482082366943359e-01
7.480544447898864746e-01
7.324800491333007812e-01
9.593214988708496094e-01
2.005346298217773438e+00
-5.718311667442321777e-01
1.045792341232299805e+00
-9.725015163421630859e-01
3.899627029895782471e-01
4.874075949192047119e-01
7.015416026115417480e-01
-6.339230537414550781e-01
4.521016180515289307e-01
-1.527937769889831543e+00
-8.584252595901489258e-01
4.735567569732666016e-01
9.435763359069824219e-01
3.877135813236236572e-01
-4.270918667316436768e-01
1.268416523933410645e+00
1.371922731399536133e+00
5.473402738571166992e-01
4.290222525596618652e-01
6.408895254135131836e-01
-2.183533668518066406e+00
-9.895730018615722656e-01
-2.393111944198608398e+00
1.828721642494201660e+00
2.016419768333435059e-01
3.259234130382537842e-01
-7.266920804977416992e-01
-5.514189600944519043e-02
-1.341478586196899414e+00
-3.621626794338226318e-01
-1.112223744392395020e+00
4.518569707870483398e-01
-7.728519439697265625e-01
7.253381609916687012e-01
8.328801393508911133e-01
-1.230155825614929199e-01
7.278074026107788086e-01
9.439079761505126953e-01
-8.236237168312072754e-01
-1.626671791076660156e+00
7.870312929153442383e-01
-5.980162620544433594e-01
-1.197783574461936951e-01
-1.279946684837341309e+00
-6.476489901542663574e-01
9.286396503448486328e-01
8.243210911750793457e-01
-6.982525587081909180e-01
2.325857281684875488e-01
-1.440721750259399414e-01
-9.846433997154235840e-01
-2.582322061061859131e-01
7.973514199256896973e-01
-5.993623286485671997e-02
9.191023111343383789e-01
-2.780284404754638672e+00
-5.811427831649780273e-01
8.405840396881103516e-01
-2.023599624633789062e+00
3.941000103950500488e-01
-1.886504769325256348e+00
4.568429291248321533e-01
3.246731162071228027e-01
1.295377612113952637e+00
7.158006429672241211e-01
-1.412882953882217407e-01
3.192072808742523193e-01
9.838235974311828613e-01
7.590150833129882812e-01
-3.942141830921173096e-01
7.111039757728576660e-02
-2.148628950119018555e+00
-1.854140877723693848e+00
-1.166193127632141113e+00
9.142701625823974609e-01
-9.119517803192138672e-01
-5.229741930961608887e-01
1.208541020750999451e-01
-9.160475730895996094e-01
5.244906544685363770e-01
3.003096282482147217e-01
-2.472110986709594727e-01
1.683298468589782715e+00
-2.722053825855255127e-01
-1.077895522117614746e+00
3.885766267776489258e-01
-2.048237770795822144e-01
5.071688294410705566e-01
-1.543192565441131592e-01
1.395461149513721466e-02
-7.223132848739624023e-01
3.491799533367156982e-01
1.160241723060607910e+00
3.299135267734527588e-01
-2.030320644378662109e+00
1.447712063789367676e+00
-3.876232206821441650e-01
3.997865915298461914e-01
4.093096256256103516e-01
-4.414125382900238037e-01
-4.487616717815399170e-01
-2.701872587203979492e-01
-1.395439743995666504e+00
-5.718857049942016602e-01
4.535937309265136719e-01
-1.129363775253295898e-01
-6.927504539489746094e-01
-5.516787171363830566e-01
-2.525453567504882812e+00
-1.643131017684936523e+00
-1.741153120994567871e+00
-1.060379818081855774e-01
2.650900781154632568e-01
7.132936716079711914e-01
-4.565358161926269531e-01
-1.827461272478103638e-01
-7.177746295928955078e-01
1.814703941345214844e+00
1.351321339607238770e-01
-6.958339810371398926e-01
-1.969972103834152222e-01
-7.628759145736694336e-01
7.353381514549255371e-01
-1.259459972381591797e+00
-7.876121997833251953e-01
-2.031477391719818115e-01
4.054292738437652588e-01
-6.196060180664062500e-01
-6.255779266357421875e-01
-1.112195134162902832e+00
-1.660060435533523560e-01
-1.689729332923889160e+00
-4.806371927261352539e-01
-1.183908343315124512e+00
3.956916928291320801e-01
3.067054226994514465e-02
1.543549746274948120e-01
5.852146744728088379e-01
6.587716937065124512e-01
1.463859796524047852e+00
-1.569368690252304077e-01
-2.255942076444625854e-01
-3.145969510078430176e-01
-9.721416831016540527e-01
-5.195253491401672363e-01
-2.472012192010879517e-01
7.808693647384643555e-01
-7.622073888778686523e-01
-3.085753023624420166e-01
-3.097559809684753418e-01
2.149630784988403320e+00
-1.036050796508789062e+00
8.784080743789672852e-01
-5.093221068382263184e-01
-5.189373016357421875e+00
-1.474891901016235352e+00
-9.110009670257568359e-01
1.297130942344665527e+00
1.425340175628662109e+00
5.886423960328102112e-02
7.517457604408264160e-01
-6.353782415390014648e-01
-6.316318642348051071e-03
5.517405271530151367e-01
3.563608527183532715e-01
-2.569825351238250732e-01
-4.176795184612274170e-01
-1.286231160163879395e+00
-3.327139616012573242e-01
1.292718350887298584e-01
-7.865924239158630371e-01
7.093644738197326660e-01
1.609218955039978027e+00
1.850128650665283203e+00
3.814374506473541260e-01
1.227290987968444824e+00
3.766772523522377014e-02
6.689774990081787109e-02
-8.779571205377578735e-02
1.570001602172851562e+00
-6.632193922996520996e-01
5.672699809074401855e-01
-1.347444653511047363e+00
9.722973108291625977e-01
6.837963461875915527e-01
1.262731432914733887e+00
2.285786122083663940e-01
8.146169036626815796e-02
6.831074953079223633e-01
-1.360931396484375000e+00
-1.099448680877685547e+00
-1.279662102460861206e-01
1.193426847457885742e+00
1.936858534812927246e+00
3.074050545692443848e-01
6.504534184932708740e-02
3.228943645954132080e-01
1.695603579282760620e-01
-1.568600684404373169e-01
5.914843082427978516e-01
-1.815447092056274414e+00
-1.471384614706039429e-01
-1.667693495750427246e+00
1.669988036155700684e+00
1.336149692535400391e+00
1.160818457603454590e+00
5.684702396392822266e+00
-6.703502535820007324e-01
5.806753039360046387e-01
-6.741192191839218140e-02
1.374032795429229736e-01
1.424915552139282227e+00
-1.661626398563385010e-01
-6.854918599128723145e-01
1.085617184638977051e+00
6.809340119361877441e-01
-1.450773835182189941e+00
-1.004375457763671875e+00
1.383619308471679688e+00
6.156673431396484375e-01
-8.836185932159423828e-02
1.690534234046936035e+00
1.542300343513488770e+00
-4.604009091854095459e-01
-7.729963064193725586e-01
-5.904597640037536621e-01
-1.585410535335540771e-01
-4.688888788223266602e-01
-1.036854386329650879e+00
-8.413935899734497070e-01
1.587573528289794922e+00
2.730712890625000000e+00
1.071433901786804199e+00
-4.109891355037689209e-01
1.347905278205871582e+00
1.399794697761535645e+00
-1.444404602050781250e+00
-3.361880481243133545e-01
-6.215638518333435059e-01
-1.625625252723693848e+00
1.838489770889282227e-01
4.858531057834625244e-03
2.224401235580444336e-01
-1.978517472743988037e-01
4.752991795539855957e-01
-1.196589469909667969e+00
1.945259213447570801e+00
8.672873489558696747e-03
3.700573146343231201e-01
1.403167009353637695e+00
5.385931730270385742e-01
8.733140230178833008e-01
-9.646265208721160889e-02
1.293392300605773926e+00
5.620050430297851562e-01
-1.538991332054138184e-01
1.296456217765808105e+00
-1.128454446792602539e+00
-8.178746700286865234e-01
-4.448373615741729736e-01
-1.250646114349365234e-01
1.756800860166549683e-01
6.529406309127807617e-01
1.083327889442443848e+00
-8.412251472473144531e-01
3.637074679136276245e-02
-6.941960453987121582e-01
6.990540027618408203e-01
-1.423745393753051758e+00
-1.060087084770202637e-01
3.728235960006713867e-01
1.287378311157226562e+00
4.461618959903717041e-01
-1.891696751117706299e-01
-3.955537080764770508e-01
-4.227287173271179199e-01
-7.651903033256530762e-01
-5.728523731231689453e-01
8.832328766584396362e-02
-4.288080632686614990e-01
-8.219850063323974609e-01
-1.118168950080871582e+00
-9.826616048812866211e-01
-8.226387202739715576e-02
-1.570809721946716309e+00
1.865952134132385254e+00
3.451900323852896690e-03
-7.013999223709106445e-01
-1.201774239540100098e+00
-1.019170999526977539e+00
1.639313846826553345e-01
1.575212121009826660e+00
1.141616463661193848e+00
-2.078710079193115234e+00
-9.798043966293334961e-01
-2.066571235656738281e+00
6.190695166587829590e-01
-1.704493165016174316e+00
-2.155815949663519859e-03
2.096429318189620972e-01
-1.167089045047760010e-01
6.735293865203857422e-01
6.499119997024536133e-01
-1.116036295890808105e+00
6.916144490242004395e-01
7.141306400299072266e-01
-6.143410801887512207e-01
-2.901437580585479736e-01
2.697594165802001953e+00
9.969557076692581177e-02
-1.288199680857360363e-03
5.306972265243530273e-01
-1.121817588806152344e+00
5.296239256858825684e-01
1.619055032730102539e+00
3.333134055137634277e-01
-1.822614856064319611e-02
1.348960280418395996e+00
1.449945092201232910e+00
1.554376482963562012e+00
-6.295070052146911621e-01
-1.289333224296569824e+00
-1.242390632629394531e+00
-3.138113021850585938e-01
-1.577205061912536621e-01
-2.393362373113632202e-01
2.161998510360717773e+00
2.180128544569015503e-01
1.920933127403259277e+00
8.931199312210083008e-01
2.713336229324340820e+00
2.230128943920135498e-01
8.265331983566284180e-01
-6.752465963363647461e-01
-1.843496561050415039e+00
-1.233335062861442566e-01
-3.077507913112640381e-01
-9.163442850112915039e-01
1.624190360307693481e-01
-1.561079502105712891e+00
9.133580923080444336e-01
-3.113483786582946777e-01
2.240633070468902588e-01
1.018257617950439453e+00
-8.406544923782348633e-01
-4.191422462463378906e-01
4.279385805130004883e-01
-8.435749411582946777e-01
1.106540784239768982e-01
6.748897433280944824e-01
-2.507166564464569092e-01
-4.070024788379669189e-01
1.603688716888427734e+00
2.340070962905883789e+00
5.904870629310607910e-01
6.141983270645141602e-01
2.171319425106048584e-01
2.310932278633117676e-01
-3.956481516361236572e-01
-2.650329351425170898e+00
-1.854442618787288666e-02
-6.187211871147155762e-01
-5.663069486618041992e-01
1.481800079345703125e-01
1.548015713691711426e+00
4.796359837055206299e-01
-1.542631387710571289e-01
-5.230088233947753906e-01
9.261344671249389648e-01
1.460683107376098633e+00
4.991078674793243408e-01
-7.819766998291015625e-01
-5.210962891578674316e-01
8.447426557540893555e-01
-3.037741184234619141e-01
8.265514969825744629e-01
-5.742666721343994141e-01
2.440287470817565918e-01
5.772532820701599121e-01
1.472501277923583984e+00
-7.017872929573059082e-01
1.489919781684875488e+00
1.187990903854370117e+00
-9.086589217185974121e-01
-2.335690706968307495e-01
9.624518156051635742e-01
6.640759855508804321e-02
-1.039726018905639648e+00
-1.184547901153564453e+00
4.718425869941711426e-01
5.126875638961791992e-01
3.527794778347015381e-01
1.141050577163696289e+00
-2.465825676918029785e-01
-1.101560235023498535e+00
1.757120609283447266e+00
3.964866977185010910e-03
-4.182527959346771240e-01
9.186788201332092285e-01
1.360674738883972168e+00
1.849763691425323486e-01
-4.900339543819427490e-01
7.551635056734085083e-02
-1.879396438598632812e+00
4.427132904529571533e-01
6.339907050132751465e-01
-1.429502725601196289e+00
8.549500703811645508e-01
3.131184279918670654e-01
-2.503141760826110840e-01
8.455485701560974121e-01
6.805108785629272461e-01
-4.990972280502319336e-01
1.572140902280807495e-01
1.009156346321105957e+00
-9.650550484657287598e-01
-1.517230510711669922e+00
1.694811701774597168e+00
-4.915831685066223145e-01
4.049894511699676514e-01
-3.252431750297546387e-01
-6.577515006065368652e-01
4.210558235645294189e-01
5.599410533905029297e-01
-3.284837901592254639e-01
-3.096616566181182861e-01
5.794710665941238403e-02
1.586854308843612671e-01
-1.739679217338562012e+00
1.366555213928222656e+00
4.119880795478820801e-01
1.724896788597106934e+00
-1.831036686897277832e+00
-3.219381868839263916e-01
-1.341579437255859375e+00
-2.379681110382080078e+00
1.583785653114318848e+00
2.726902663707733154e-01
-5.346142053604125977e-01
-4.959062635898590088e-01
9.886962175369262695e-02
-1.202638745307922363e+00
-9.313702583312988281e-01
1.177294015884399414e+00
-1.254673302173614502e-01
9.002525210380554199e-01
-2.355548888444900513e-01
1.657910346984863281e-01
3.200905025005340576e-01
-2.171394109725952148e+00
8.812183141708374023e-01
6.169633865356445312e-01
9.530668258666992188e-01
-6.564627289772033691e-01
-1.349799275398254395e+00
-3.756937980651855469e-01
1.180834412574768066e+00
-1.092551231384277344e+00
1.257903218269348145e+00
-1.100807905197143555e+00
-1.898774623870849609e+00
-1.142451524734497070e+00
4.222493171691894531e-01
-6.547203063964843750e-01
-4.055456519126892090e-01
4.200218617916107178e-01
1.997503280639648438e+00
-1.774397969245910645e+00
4.775950610637664795e-01
1.385377407073974609e+00
2.762687504291534424e-01
-6.500430107116699219e-01
-2.117029130458831787e-01
1.056166440248489380e-01
-4.342399239540100098e-01
-6.787316203117370605e-01
-3.373652398586273193e-01
-2.319504499435424805e+00
2.272972583770751953e+00
2.676696300506591797e+00
-2.505048215389251709e-01
-2.218747437000274658e-01
1.453503847122192383e+00
-8.377140760421752930e-01
1.981906533241271973e+00
3.052288852632045746e-02
4.713589698076248169e-02
1.086801886558532715e+00
4.736558794975280762e-01
-4.889505803585052490e-01
-1.378815531730651855e+00
-2.581491231918334961e+00
6.277596354484558105e-01
6.052343845367431641e-01
-1.026478767395019531e+00
7.407649159431457520e-01
-4.522167146205902100e-01
6.188194751739501953e-01
6.125416159629821777e-01
9.786396026611328125e-01
-9.194116294384002686e-02
-1.789630502462387085e-01
-2.163052372634410858e-02
-4.527704119682312012e-01
-8.577453494071960449e-01
1.065112948417663574e+00
1.528703570365905762e+00
-1.700769513845443726e-01
9.015934467315673828e-01
1.504846334457397461e+00
1.147618889808654785e+00
-1.179820299148559570e+00
-5.496250838041305542e-02
-3.701091706752777100e-01
-7.531584501266479492e-01
3.303255438804626465e-01
-3.697938919067382812e-01
-5.405426025390625000e-01
-3.862537741661071777e-01
1.238026976585388184e+00
6.221769377589225769e-02
5.062516331672668457e-01
-1.630307078361511230e+00
-5.250793099403381348e-01
-2.261088609695434570e+00
-3.858604431152343750e-01
-1.434247374534606934e+00
7.383877038955688477e-01
3.369522094726562500e-01
1.145432949066162109e+00
-1.149284482002258301e+00
1.630183219909667969e+00
7.764575481414794922e-01
3.888123929500579834e-01
1.172488212585449219e+00
-1.404014110565185547e+00
1.806718230247497559e+00
9.675009250640869141e-01
1.435516178607940674e-01
1.308792382478713989e-01
-8.485659360885620117e-01
1.236294507980346680e-01
8.084708452224731445e-01
-7.973492145538330078e-01
-6.346774101257324219e-01
-8.466253876686096191e-01
9.002476930618286133e-01
6.801120638847351074e-01
5.525064468383789062e-01
-1.370859622955322266e+00
1.310035288333892822e-01
-2.125805467367172241e-01
-2.138978004455566406e+00
-1.847850203514099121e+00
5.017652362585067749e-02
1.336969584226608276e-01
1.667954921722412109e-01
4.229964613914489746e-01
7.945461273193359375e-01
-1.037777662277221680e+00
-1.407342433929443359e+00
-6.026950478553771973e-01
-4.849450886249542236e-01
9.835633635520935059e-01
1.193236351013183594e+00
2.039420127868652344e+00
-6.930171698331832886e-02
-1.356298685073852539e+00
8.445270061492919922e-01
-1.203751206398010254e+00
-2.492216825485229492e-01
-1.329060912132263184e+00
3.358488157391548157e-02
1.098761320114135742e+00
1.420065993443131447e-03
4.237206280231475830e-01
-4.802880883216857910e-01
1.338730454444885254e+00
1.674118161201477051e+00
4.671812057495117188e-02
-4.927746485918760300e-03
1.480310320854187012e+00
1.618019342422485352e-01
1.953142404556274414e+00
-1.080245137214660645e+00
2.899641916155815125e-02
-2.997048795223236084e-01
-5.835413932800292969e-01
-3.781982958316802979e-01
6.139910221099853516e-01
-2.272407054901123047e+00
1.123264908790588379e+00
2.132971584796905518e-01
-5.036121010780334473e-01
-5.381615757942199707e-01
2.177577018737792969e-01
4.591031670570373535e-01
-7.921141982078552246e-01
-1.912693381309509277e+00
-4.942379295825958252e-01
2.767733633518218994e-01
1.336325407028198242e+00
-8.629508018493652344e-01
1.744684696197509766e+00
-1.369348466396331787e-01
-1.028462409973144531e+00
-7.587544620037078857e-02
-3.542215228080749512e-01
-1.196688294410705566e+00
-6.705431342124938965e-01
1.675458431243896484e+00
1.262231230735778809e+00
7.894756197929382324e-01
-4.256543517112731934e-01
-1.241130471229553223e+00
-7.399059534072875977e-01
7.407717108726501465e-01
-7.725878357887268066e-01
-1.324429035186767578e+00
-1.535116553306579590e+00
-6.276795268058776855e-01
1.101929783821105957e+00
-1.899748682975769043e+00
-1.981058120727539062e-01
-1.980937719345092773e-01
-1.411222517490386963e-01
-4.963110923767089844e+00
1.859938949346542358e-01
-7.961130887269973755e-02
-1.402330547571182251e-01
-2.465497106313705444e-01
3.451103568077087402e-01
-3.274984359741210938e-01
-4.593414366245269775e-01
-2.286406159400939941e-01
-4.931708574295043945e-01
3.482647836208343506e-01
1.059688568115234375e+00
-3.493285477161407471e-01
-6.117761135101318359e-01
-5.901457667350769043e-01
4.044408202171325684e-01
1.209284543991088867e+00
5.916095972061157227e-01
3.195722818374633789e+00
-1.104219913482666016e+00
-5.831820964813232422e+00
8.482756018638610840e-01
-1.409795761108398438e+00
-3.102574944496154785e-01
1.100029721856117249e-01
7.919066548347473145e-01
-2.759136855602264404e-01
1.002896189689636230e+00
1.085361361503601074e+00
-1.348162174224853516e+00
1.439155220985412598e+00
-1.049220800399780273e+00
-1.065958380699157715e+00
-9.880400896072387695e-01
-1.079217530786991119e-02
1.228588104248046875e+00
1.348424315452575684e+00
-1.238793849945068359e+00
-9.608318209648132324e-01
7.076750695705413818e-02
9.630901217460632324e-01
-9.379376769065856934e-01
-6.363838911056518555e-01
-1.323657035827636719e+00
-1.372107565402984619e-01
-1.845877885818481445e+00
7.477599382400512695e-01
1.364044696092605591e-01
5.217549949884414673e-02
3.391526639461517334e-01
1.276773929595947266e+00
7.868294119834899902e-01
-7.285609245300292969e-01
-9.551464319229125977e-01
6.352844089269638062e-02
9.855510592460632324e-01
5.111994743347167969e-01
-8.171135783195495605e-01
1.910911053419113159e-01
6.297545433044433594e-01
-6.373745203018188477e-01
-9.183786064386367798e-02
4.241811111569404602e-02
-1.970784425735473633e+00
-5.576261281967163086e-01
5.262658596038818359e-01
-2.018380165100097656e+00
8.379020690917968750e-01
-2.584739923477172852e+00
-4.568496719002723694e-02
-1.602997660636901855e+00
8.275019526481628418e-01
-1.186900734901428223e+00
-8.376336097717285156e-02
1.118811845779418945e+00
1.188659191131591797e+00
-4.836524724960327148e-01
6.647220253944396973e-02
-1.123876571655273438e+00
6.996731162071228027e-01
