-3.494975268840789795e-01
1.146433591842651367e+00
-1.033265143632888794e-01
-8.609970808029174805e-01
-4.455397129058837891e-01
-5.977833867073059082e-01
-3.442011475563049316e-01
4.744960665702819824e-01
-1.255219697952270508e+00
2.347690761089324951e-01
2.860886752605438232e-01
-1.411554336547851562e+00
8.580159544944763184e-01
1.016319394111633301e-01
1.909464001655578613e-01
-6.103680133819580078e-01
-1.076212823390960693e-01
1.123548865318298340e+00
1.005698814988136292e-01
8.343059420585632324e-01
1.430909276008605957e+00
-3.672109842300415039e-01
1.280034303665161133e+00
-1.460252881050109863e+00
3.301365375518798828e-01
-4.716145992279052734e-01
5.275444388389587402e-01
8.466504812240600586e-01
-2.051669359207153320e+00
-2.183841308578848839e-03
-4.096510410308837891e-01
7.033067345619201660e-01
-1.358632564544677734e+00
-8.761392831802368164e-01
2.061119489371776581e-02
3.106885552406311035e-01
-5.748094916343688965e-01
-2.515135049819946289e+00
-4.936897009611129761e-02
9.827543497085571289e-01
-6.248015165328979492e-01
-6.738474369049072266e-01
-1.271336436271667480e+00
1.630455702543258667e-01
3.522530496120452881e-01
9.825867414474487305e-01
4.192141890525817871e-01
3.143222928047180176e-01
6.411003470420837402e-01
1.563367247581481934e+00
-7.140433192253112793e-01
1.028254851698875427e-01
8.164501190185546875e-01
2.965840101242065430e-01
4.447577297687530518e-01
-4.869501590728759766e-01
3.627859950065612793e-01
-1.068776369094848633e+00
-3.671335279941558838e-01
2.562717795372009277e-01
6.870710849761962891e-01
-8.250229358673095703e-01
1.929111480712890625e+00
-2.272661328315734863e-01
2.933417856693267822e-01
1.005368977785110474e-01
5.666044950485229492e-01
-3.869039118289947510e-01
7.213649153709411621e-01
-6.135591268539428711e-01
-1.916704028844833374e-01
-2.258864939212799072e-01
-5.375357866287231445e-01
-3.753221128135919571e-03
2.563383281230926514e-01
1.213672876358032227e+00
1.202597469091415405e-01
2.697949707508087158e-01
6.824434399604797363e-01
9.745021462440490723e-01
2.920276522636413574e-01
1.018273591995239258e+00
-1.971656680107116699e+00
-5.870697498321533203e-01
-1.778245717287063599e-01
3.575494587421417236e-01
-7.420231103897094727e-01
-2.759154140949249268e-01
-1.133537590503692627e-01
-4.268439114093780518e-01
-1.952674835920333862e-01
-3.233757019042968750e-01
-7.644892334938049316e-01
2.403229027986526489e-01
-4.299306869506835938e-02
2.386721670627593994e-01
-1.410319954156875610e-01
6.741278767585754395e-01
7.161974906921386719e-01
1.577701807022094727e+00
6.321788765490055084e-03
-1.721152961254119873e-01
1.843217462301254272e-01
-4.626087546348571777e-01
-1.497933864593505859e+00
-1.205899953842163086e+00
-1.669762492179870605e+00
6.128178238868713379e-01
1.898734271526336670e-01
-4.270958900451660156e-01
2.878608107566833496e-01
8.188173770904541016e-01
-1.499130249023437500e+00
-7.607036232948303223e-01
-4.922571182250976562e-01
-2.199437916278839111e-01
-1.375755220651626587e-01
4.330733120441436768e-01
-1.376855820417404175e-01
3.010438680648803711e-01
5.974717736244201660e-01
4.565723240375518799e-01
-1.432022452354431152e+00
2.811323404312133789e-01
4.109544754028320312e-01
-8.873192965984344482e-02
1.167632341384887695e+00
-6.369854807853698730e-01
-1.804510235786437988e+00
-4.270653128623962402e-01
1.976059973239898682e-01
-1.223918437957763672e+00
2.145037055015563965e-01
-4.086405932903289795e-01
-1.549880027770996094e+00
-3.315726220607757568e-01
1.018411040306091309e+00
-1.866840124130249023e-01
-7.518383264541625977e-01
-4.376854896545410156e-01
-2.550227940082550049e-01
1.985628008842468262e+00
4.866529405117034912e-01
-1.023685216903686523e+00
-1.017117977142333984e+00
1.439992427825927734e+00
6.089236736297607422e-01
-5.752254128456115723e-01
-8.309777975082397461e-01
-1.201804757118225098e+00
1.261913776397705078e-01
1.609704643487930298e-01
6.583604812622070312e-01
-2.678997814655303955e-01
1.790887832641601562e+00
1.927045136690139771e-01
-1.453257083892822266e+00
2.087001204490661621e-01
-3.597301542758941650e-01
4.117825031280517578e-01
3.857815861701965332e-01
-3.236464858055114746e-01
1.354621291160583496e+00
-4.967085719108581543e-01
2.592004835605621338e-01
-7.301473617553710938e-01
-6.298678517341613770e-01
1.544480025768280029e-01
-8.213608860969543457e-01
5.027559399604797363e-02
-9.677963852882385254e-01
-1.815346240997314453e+00
-1.287718772888183594e+00
1.353914976119995117e+00
2.824165821075439453e-01
2.015782445669174194e-01
4.930413067340850830e-01
-6.044586300849914551e-01
-2.190205603837966919e-01
1.029889583587646484e+00
-1.414590001106262207e+00
-1.264225840568542480e-01
-8.559350669384002686e-02
7.826046347618103027e-01
1.532783031463623047e+00
-1.435087203979492188e+00
-1.201617717742919922e+00
-1.205874308943748474e-01
1.084408402442932129e+00
-1.006815209984779358e-01
-2.991648316383361816e-01
2.158109843730926514e-01
2.207387238740921021e-01
5.484492778778076172e-01
-7.640265822410583496e-01
6.379740238189697266e-01
-1.565476804971694946e-01
-4.467928409576416016e-02
-1.525067538022994995e-01
-4.370464682579040527e-01
9.238709509372711182e-02
5.875810980796813965e-01
1.473466157913208008e+00
-8.224983811378479004e-01
1.552396118640899658e-01
-1.198264241218566895e+00
3.326623439788818359e-01
-7.817084193229675293e-01
1.097145438194274902e+00
-1.008820772171020508e+00
8.567544072866439819e-02
-5.301314592361450195e-01
9.662102460861206055e-01
-9.105197191238403320e-01
-1.329215615987777710e-01
1.478927135467529297e+00
-2.800772666931152344e+00
-8.107578754425048828e-01
-6.423836350440979004e-01
3.920451104640960693e-01
-5.085425972938537598e-01
6.652430891990661621e-01
4.981903135776519775e-01
-4.229516386985778809e-01
3.930017650127410889e-01
4.209662079811096191e-01
8.013381958007812500e-01
-2.215718179941177368e-01
-1.533043622970581055e+00
-1.287806630134582520e+00
1.204021126031875610e-01
-2.581391632556915283e-01
-1.003268122673034668e+00
1.626997470855712891e+00
1.066171288490295410e+00
5.788911581039428711e-01
4.989407360553741455e-01
-1.296632885932922363e-01
-7.893978357315063477e-01
5.647984892129898071e-02
2.680396735668182373e-01
6.629747748374938965e-01
-1.928013086318969727e+00
3.761657476425170898e-01
-9.908165335655212402e-01
-4.536213278770446777e-01
-2.153669446706771851e-01
5.186065435409545898e-01
5.855680704116821289e-01
1.007542908191680908e-01
-3.992777168750762939e-01
-9.454034566879272461e-01
-1.444054484367370605e+00
-9.500314593315124512e-01
-3.561065495014190674e-01
-1.239943146705627441e+00
-7.099877595901489258e-01
-3.660922944545745850e-01
7.177239656448364258e-01
6.871747374534606934e-01
7.237428426742553711e-01
1.335542678833007812e+00
4.896639287471771240e-01
3.106681704521179199e-01
-1.299735069274902344e+00
4.129685163497924805e-01
1.319913744926452637e+00
-3.873325288295745850e-01
3.525272130966186523e+00
1.102682113647460938e+00
-3.572094738483428955e-01
1.035529613494873047e+00
3.797372579574584961e-01
1.343131899833679199e+00
-9.704522490501403809e-01
8.826217055320739746e-01
-2.042636722326278687e-01
-9.109539985656738281e-01
7.666679620742797852e-01
-2.574525177478790283e-01
2.148520499467849731e-01
-1.201837509870529175e-01
8.773909807205200195e-01
3.678060173988342285e-01
3.381188213825225830e-01
2.297035902738571167e-01
-1.601456850767135620e-01
3.349018096923828125e-01
6.583138108253479004e-01
-4.577215611934661865e-01
-1.136542320251464844e+00
5.773676633834838867e-01
2.331873774528503418e-01
-1.552762866020202637e+00
3.047774434089660645e-01
-8.867176175117492676e-01
1.433948278427124023e-01
-8.343797922134399414e-01
9.209658205509185791e-02
-7.408030331134796143e-02
4.368242919445037842e-01
-5.013191699981689453e-01
6.377535462379455566e-01
5.837084054946899414e-01
1.114132642745971680e+00
6.854970753192901611e-02
3.947906196117401123e-01
-5.593283772468566895e-01
7.791218161582946777e-01
-2.815942466259002686e-01
-7.713044285774230957e-01
-1.517237424850463867e+00
-1.446084976196289062e+00
6.875489354133605957e-01
6.102882623672485352e-01
8.574345111846923828e-01
1.714864611625671387e+00
5.133999586105346680e-01
1.108794569969177246e+00
-1.452088635414838791e-02
-1.379947781562805176e+00
2.367566823959350586e-01
6.714824438095092773e-01
1.933202147483825684e-02
3.005146980285644531e-01
-1.805869698524475098e+00
-6.379975080490112305e-01
-5.193982720375061035e-01
-1.297466516494750977e+00
9.031996726989746094e-01
-2.421718388795852661e-01
-3.746411204338073730e-01
-1.759740412235260010e-01
2.194039076566696167e-01
3.747601211071014404e-01
2.934629917144775391e-01
-1.175803840160369873e-01
-9.448501467704772949e-01
4.132263064384460449e-01
-1.641821980476379395e+00
-2.797675728797912598e-01
4.446568340063095093e-02
9.941794872283935547e-01
2.172255143523216248e-02
8.931359052658081055e-01
3.564015328884124756e-01
-1.794547319412231445e+00
6.848061084747314453e-01
-1.449686288833618164e-01
-2.404841184616088867e-01
-7.665918469429016113e-01
-7.262179851531982422e-01
9.409448504447937012e-02
-1.217630028724670410e+00
-3.578463494777679443e-01
8.738600462675094604e-02
-2.696132063865661621e-01
-1.325264215469360352e+00
1.150987625122070312e+00
1.023948192596435547e+00
7.466095685958862305e-01
1.044259741902351379e-01
-1.051650047302246094e+00
-9.116643071174621582e-01
-1.036774158477783203e+00
7.575021386146545410e-01
1.838923931121826172e+00
4.728055596351623535e-01
8.689339756965637207e-01
4.276792705059051514e-01
1.035348773002624512e+00
2.577588856220245361e-01
-7.589670419692993164e-01
1.455863714218139648e+00
6.792195439338684082e-01
-3.835317790508270264e-01
-2.366090714931488037e-01
-1.282552242279052734e+00
-6.459476351737976074e-01
5.742077231407165527e-01
4.798725545406341553e-01
7.312039732933044434e-01
-6.440100818872451782e-02
-7.974405884742736816e-01
-6.895523071289062500e-01
1.039602458477020264e-01
1.516038924455642700e-01
-6.388801336288452148e-01
1.076629519462585449e+00
-4.026702344417572021e-01
2.439066171646118164e+00
2.405741065740585327e-01
8.603787422180175781e-01
-9.518519639968872070e-01
1.333452224731445312e+00
1.176242157816886902e-01
-8.479327559471130371e-01
-1.502505242824554443e-01
-1.135648846626281738e+00
4.259956181049346924e-01
-2.414002269506454468e-01
-1.003409147262573242e+00
6.462383866310119629e-01
-1.053590178489685059e+00
-8.369138240814208984e-01
7.435718923807144165e-02
-1.385653316974639893e-01
9.476608037948608398e-01
4.501486718654632568e-01
-9.513385295867919922e-01
-1.870813667774200439e-01
2.144459784030914307e-01
-8.493142724037170410e-01
6.580475568771362305e-01
7.051911950111389160e-01
1.341871142387390137e+00
2.891520559787750244e-01
5.845738053321838379e-01
-1.287216186523437500e+00
1.404800891876220703e+00
-1.305251240730285645e+00
-6.519257426261901855e-01
1.972673237323760986e-01
8.773022890090942383e-01
-9.880277514457702637e-01
-1.646278649568557739e-01
-1.288768410682678223e+00
-6.028594374656677246e-01
-1.264139413833618164e+00
-8.527536988258361816e-01
-4.340933859348297119e-01
9.675268530845642090e-01
1.281149029731750488e+00
-1.390876889228820801e+00
-5.149576663970947266e-01
3.380525484681129456e-02
1.727701127529144287e-01
1.281432747840881348e+00
2.664344906806945801e-01
1.006036758422851562e+00
8.458331823348999023e-01
1.002221465110778809e+00
-1.152130365371704102e+00
-2.161944843828678131e-02
7.780783176422119141e-01
-7.384048402309417725e-02
-9.111483693122863770e-01
2.104871571063995361e-01
-5.368505716323852539e-01
-1.108164429664611816e+00
-1.111469745635986328e+00
-7.367569804191589355e-01
3.178749680519104004e-01
-3.766787052154541016e-01
-4.297612905502319336e-01
-5.098627209663391113e-01
7.736777067184448242e-01
7.174843549728393555e-01
-4.964896440505981445e-01
-5.633653327822685242e-02
3.214612901210784912e-01
5.969687700271606445e-01
5.619714260101318359e-01
5.567181706428527832e-01
-2.809158265590667725e-01
-5.555474758148193359e-01
3.512943089008331299e-01
2.648832201957702637e-01
-2.375904619693756104e-01
2.087313979864120483e-01
3.331263065338134766e-01
4.814013540744781494e-01
-3.520275056362152100e-01
-3.138208985328674316e-01
-5.268054455518722534e-02
-2.989236712455749512e-01
-5.261792987585067749e-02
-4.513544738292694092e-01
-5.542973279953002930e-01
1.047393083572387695e+00
1.436796784400939941e+00
1.041647315025329590e+00
-1.347581148147583008e+00
-4.227195680141448975e-01
-3.399264439940452576e-02
-2.669410109519958496e-01
-1.093149930238723755e-01
-3.446493446826934814e-01
-1.264253258705139160e-02
-4.700580537319183350e-01
6.474868059158325195e-01
1.101268649101257324e+00
-2.594954967498779297e-01
1.565914392471313477e+00
-7.394354343414306641e-01
1.187237143516540527e+00
-4.523010253906250000e-01
-3.472614049911499023e+00
6.869760155677795410e-01
-3.699083924293518066e-01
5.635578632354736328e-01
7.390547543764114380e-02
-7.378191351890563965e-01
4.867755770683288574e-01
-1.243152976036071777e+00
8.032129406929016113e-01
-7.032420039176940918e-01
1.904631555080413818e-01
5.545706152915954590e-01
7.087304592132568359e-01
3.640859723091125488e-01
6.468074768781661987e-02
2.431887090206146240e-01
-9.026219695806503296e-02
4.937902987003326416e-01
4.881545007228851318e-01
-6.821159124374389648e-01
-3.406342864036560059e-01
1.106179237365722656e+00
-1.322286128997802734e-01
-1.955768615007400513e-01
2.993390858173370361e-01
-2.030338764190673828e+00
-1.039911270141601562e+00
2.388700693845748901e-01
3.578293621540069580e-01
-2.521588802337646484e-01
6.047744750976562500e-01
9.002089500427246094e-01
-1.696087121963500977e-01
8.804054558277130127e-02
-4.047078192234039307e-01
2.411891072988510132e-01
-5.727209895849227905e-02
-4.957976341247558594e-01
-4.493750035762786865e-01
-4.228181242942810059e-01
2.019156217575073242e-01
-3.730768263339996338e-01
-5.734090805053710938e-01
-7.840887308120727539e-01
4.056722819805145264e-01
1.911271512508392334e-01
-7.974482178688049316e-01
2.095904588699340820e+00
-6.097741127014160156e-01
3.390713036060333252e-01
2.069594860076904297e-01
-8.345649242401123047e-01
6.316753029823303223e-01
-8.781168460845947266e-01
-6.273799538612365723e-01
-8.433693051338195801e-01
-8.921052813529968262e-01
3.271693289279937744e-01
1.092737078666687012e+00
-5.461325049400329590e-01
6.683652997016906738e-01
-7.864681482315063477e-01
-1.247615814208984375e+00
7.708355784416198730e-01
9.722263813018798828e-01
-7.660001516342163086e-01
-4.066272377967834473e-01
-6.754922270774841309e-01
-3.603470921516418457e-01
8.916816711425781250e-01
3.910696506500244141e-02
2.292484045028686523e+00
-9.956303238868713379e-01
5.375640392303466797e-01
-3.609408438205718994e-02
-4.936782717704772949e-01
-9.661648869514465332e-01
-8.115125298500061035e-01
-1.376179933547973633e+00
-5.459330677986145020e-01
2.179037928581237793e-01
7.143087983131408691e-01
-9.327809810638427734e-01
-6.928718090057373047e-01
-4.152419045567512512e-02
3.218869864940643311e-01
1.042223498225212097e-01
6.546078920364379883e-01
-4.342455863952636719e-01
-9.137309789657592773e-01
-3.927999138832092285e-01
-4.124990999698638916e-01
1.864704638719558716e-01
-3.676047027111053467e-01
-9.303652048110961914e-01
-8.199347257614135742e-01
3.812133669853210449e-01
2.852763533592224121e-01
-1.187757253646850586e+00
7.236385345458984375e-01
4.361868202686309814e-01
1.156201064586639404e-01
1.273094058036804199e+00
-8.042430281639099121e-01
-2.116354942321777344e+00
1.153209209442138672e+00
4.625608325004577637e-01
1.405545949935913086e+00
2.711876034736633301e-01
-5.468520522117614746e-01
-1.445034027099609375e+00
4.991204440593719482e-01
5.879720449447631836e-01
-8.856917023658752441e-01
-4.555771350860595703e-01
1.210894942283630371e+00
6.789003610610961914e-01
-1.685725569725036621e+00
-8.751891255378723145e-01
5.190488696098327637e-01
-1.018140554428100586e+00
1.838797181844711304e-01
2.928613126277923584e-01
-5.357015132904052734e-01
-6.043428182601928711e-02
-1.440192818641662598e+00
-5.285707712173461914e-01
-1.393078327178955078e+00
8.335515260696411133e-01
6.719941496849060059e-01
2.404050678014755249e-01
-2.629720270633697510e-01
-9.979244470596313477e-01
1.660719960927963257e-01
1.327317208051681519e-01
5.862819552421569824e-01
1.364994883537292480e+00
7.079766392707824707e-01
2.554426789283752441e-01
-2.010148167610168457e-01
6.093505620956420898e-01
2.349779605865478516e-01
1.436073422431945801e+00
-1.198171004652976990e-01
-1.367782503366470337e-01
-1.395062804222106934e+00
1.231281459331512451e-01
-4.516288042068481445e-01
3.334360837936401367e+00
1.491801142692565918e-01
-2.802619338035583496e-01
1.065738558769226074e+00
-8.856181502342224121e-01
1.991606652736663818e-01
-2.963146269321441650e-01
-1.071045637130737305e+00
7.378714680671691895e-01
1.016687035560607910e+00
-1.141525283455848694e-01
-3.396043181419372559e-01
2.684155404567718506e-01
1.462962031364440918e-01
1.491920948028564453e+00
-6.847410202026367188e-01
6.800505518913269043e-01
3.526373803615570068e-01
2.021188139915466309e-01
5.757690966129302979e-02
1.656402349472045898e+00
-6.197843551635742188e-01
1.530380010604858398e+00
-3.623966276645660400e-01
-1.537657141685485840e+00
-9.358313679695129395e-01
-1.024191305041313171e-01
4.599692523479461670e-01
1.893671989440917969e+00
2.749414443969726562e-01
-4.373822361230850220e-02
-4.116089940071105957e-01
-7.871090173721313477e-01
1.172149538993835449e+00
3.086500465869903564e-01
-1.943378001451492310e-01
8.486338704824447632e-02
-3.477039933204650879e-01
9.819947481155395508e-01
-4.846833646297454834e-01
-4.551766812801361084e-01
-4.137584269046783447e-01
-7.857386469841003418e-01
-1.485441565513610840e+00
-4.780978262424468994e-01
-2.169806361198425293e-01
2.067835927009582520e-01
-2.259991765022277832e-01
-1.426757127046585083e-01
7.994572520256042480e-01
5.306518077850341797e-01
-1.348523497581481934e+00
-1.086938455700874329e-01
-1.679558008909225464e-01
4.342247545719146729e-01
-3.493273556232452393e-01
-5.345727801322937012e-01
-3.980024158954620361e-01
2.290409654378890991e-01
7.585334181785583496e-01
-4.544345140457153320e-01
8.772061467170715332e-01
8.361589312553405762e-01
1.027877777814865112e-01
3.411194980144500732e-01
8.065120875835418701e-02
-3.396846354007720947e-02
-5.491402745246887207e-01
-2.876379489898681641e-01
-3.414876759052276611e-01
2.166601270437240601e-01
9.663073420524597168e-01
-6.653271317481994629e-01
4.071525037288665771e-01
3.336840569972991943e-01
-8.188563585281372070e-01
1.361188054084777832e+00
-6.898501515388488770e-01
3.618026971817016602e-01
6.629575788974761963e-02
-6.730830669403076172e-01
-5.897189974784851074e-01
-6.938472986221313477e-01
3.255467116832733154e-01
-1.380032777786254883e+00
9.750366806983947754e-01
-1.199887514114379883e+00
-9.993321895599365234e-01
3.470039963722229004e-01
1.392657160758972168e-01
-2.279922366142272949e-01
7.873677015304565430e-01
2.343116998672485352e-01
8.620955944061279297e-01
-5.643368959426879883e-01
5.060599446296691895e-01
-1.628598093986511230e+00
1.081699609756469727e+00
1.231735944747924805e+00
-4.442241489887237549e-01
-1.219952106475830078e+00
-2.727333903312683105e-01
-2.363981604576110840e-01
1.191901445388793945e+00
-3.475394099950790405e-02
6.052144169807434082e-01
3.044250011444091797e-01
-8.432133197784423828e-01
5.482901930809020996e-01
-8.632486462593078613e-01
1.583704501390457153e-01
-9.262801408767700195e-01
-1.155350327491760254e+00
-1.824402660131454468e-01
-3.896135836839675903e-02
4.771554097533226013e-02
-2.770532667636871338e-01
-1.316023707389831543e+00
1.447912901639938354e-01
-1.787453740835189819e-01
-4.958880841732025146e-01
6.884507536888122559e-01
2.806498110294342041e-01
