1.265176415443420410e+00
1.507049500942230225e-01
2.547721266746520996e-01
-1.819829344749450684e-01
1.823976784944534302e-01
-7.918865680694580078e-01
2.351425141096115112e-01
1.391119956970214844e+00
-1.093304395675659180e+00
-1.023574948310852051e+00
6.822179555892944336e-01
2.461268603801727295e-01
-3.909483551979064941e-02
-6.209176182746887207e-01
-6.373512744903564453e-01
-1.680599093437194824e+00
1.650992631912231445e-01
-3.505230545997619629e-01
2.714603543281555176e-01
5.710958838462829590e-01
2.970069050788879395e-01
-1.646399736404418945e+00
6.051446199417114258e-01
-4.575361311435699463e-01
-3.147875964641571045e-01
-3.544307351112365723e-01
-6.935279369354248047e-01
1.079486459493637085e-01
-2.695798277854919434e-01
-1.853687763214111328e-01
-1.014784693717956543e+00
-6.961362361907958984e-01
7.370111346244812012e-01
-2.212844341993331909e-01
-8.223880529403686523e-01
-2.230983257293701172e+00
-1.286194771528244019e-01
-2.122457504272460938e+00
4.363244399428367615e-02
4.553872346878051758e-01
-3.459525704383850098e-01
-1.801116466522216797e-01
-3.999888598918914795e-01
-9.577017277479171753e-02
2.424369305372238159e-01
7.021880745887756348e-01
-2.121245265007019043e-01
-3.570053279399871826e-01
-3.758182227611541748e-01
-6.220774725079536438e-02
-2.959687113761901855e-01
-7.427692413330078125e-01
4.132961928844451904e-01
-1.410836696624755859e+00
-6.209559738636016846e-02
1.226347163319587708e-01
-3.272272646427154541e-01
-1.994374036788940430e+00
-5.286173224449157715e-01
8.111276477575302124e-02
5.875949859619140625e-01
-9.197010397911071777e-01
1.505895972251892090e+00
-8.187514729797840118e-03
-4.522674977779388428e-01
-4.379789233207702637e-01
-2.295432537794113159e-01
-4.328432679176330566e-01
1.717698097229003906e+00
-9.706561565399169922e-01
1.476640105247497559e+00
-5.449482202529907227e-01
5.639827847480773926e-01
-1.108733415603637695e-01
-2.631719708442687988e-01
3.918146491050720215e-01
-5.079155564308166504e-01
-8.155857324600219727e-01
6.960354000329971313e-02
1.348226070404052734e+00
-1.539039611816406250e-01
1.941134929656982422e-01
-1.220940589904785156e+00
-1.821713894605636597e-01
-1.254799246788024902e+00
1.516058802604675293e+00
-1.931835532188415527e+00
4.204092919826507568e-01
-9.412389993667602539e-01
-8.908728957176208496e-01
2.302232384681701660e-01
-1.072557806968688965e+00
-9.807235598564147949e-01
1.125808835029602051e+00
-2.573659718036651611e-01
1.257229566574096680e+00
3.012821078300476074e-01
5.869582891464233398e-01
1.588754296302795410e+00
4.315082728862762451e-02
-1.377499341964721680e+00
-7.268394231796264648e-01
1.075074195861816406e+00
5.722463130950927734e-01
-1.359337091445922852e+00
-1.216986328363418579e-01
-1.262907981872558594e+00
7.912033796310424805e-01
1.277613043785095215e+00
-1.282615661621093750e+00
6.172357201576232910e-01
1.645649433135986328e+00
-6.154061555862426758e-01
5.056511163711547852e-01
1.443077623844146729e-01
2.336024522781372070e+00
-5.408160090446472168e-01
-1.487210273742675781e+00
-2.911509871482849121e-01
1.132170200347900391e+00
1.102489456534385681e-01
1.572105407714843750e+00
-1.095091462135314941e+00
-3.268556296825408936e-01
-1.723320037126541138e-01
6.531575322151184082e-01
1.178300738334655762e+00
-6.424005627632141113e-01
2.685296833515167236e-01
-8.528569936752319336e-01
4.350350499153137207e-01
-5.505041480064392090e-01
1.961972266435623169e-01
4.116842150688171387e-02
-7.896299958229064941e-01
-5.241404175758361816e-01
-5.654114484786987305e-02
-2.265100717544555664e+00
-1.569108009338378906e+00
-5.658389925956726074e-01
7.914944291114807129e-01
9.755736589431762695e-01
1.369973540306091309e+00
5.120168328285217285e-01
1.583178490400314331e-01
9.203684926033020020e-01
3.096183836460113525e-01
5.322269201278686523e-01
-2.716072499752044678e-01
3.217855095863342285e-01
1.860423684120178223e-01
8.902925848960876465e-01
4.365207254886627197e-01
1.476936697959899902e+00
6.889225840568542480e-01
1.344877481460571289e-01
-4.691323637962341309e-01
-1.781447529792785645e+00
-1.336579680442810059e+00
3.553320467472076416e-01
9.426367878913879395e-01
-1.506434194743633270e-02
5.065858364105224609e-01
3.782683908939361572e-01
-1.555669188499450684e+00
2.159117460250854492e+00
-1.212595939636230469e+00
6.638912558555603027e-01
2.821055054664611816e-01
-1.385277152061462402e+00
3.556734919548034668e-01
-3.486829400062561035e-01
-1.609202861785888672e+00
1.152062773704528809e+00
-1.868500471115112305e+00
6.963056921958923340e-01
8.065763115882873535e-02
-4.818120300769805908e-01
-3.823601827025413513e-02
1.738015264272689819e-01
-1.333951950073242188e-01
-1.489131450653076172e+00
-1.074417121708393097e-02
-8.210965991020202637e-01
6.934238076210021973e-01
-3.306112885475158691e-01
1.210469827055931091e-01
9.324682950973510742e-01
1.217228546738624573e-02
9.501638412475585938e-01
-3.797718584537506104e-01
-1.536290287971496582e+00
2.514338195323944092e-01
7.924507856369018555e-01
-2.269025892019271851e-01
-4.201450943946838379e-01
-1.658212661743164062e+00
5.632361769676208496e-01
-7.591525316238403320e-01
-4.421848952770233154e-01
1.854262501001358032e-01
-8.319062590599060059e-01
1.979453444480895996e+00
-9.977615475654602051e-01
6.643345355987548828e-01
-7.264637947082519531e-01
3.154885768890380859e-01
8.590067923069000244e-02
6.272717714309692383e-01
-1.130666732788085938e-01
-4.789874255657196045e-01
1.213666081428527832e+00
1.449293732643127441e+00
1.355643630027770996e+00
2.795519232749938965e-01
1.167207717895507812e+00
4.360431671142578125e+00
1.854150444269180298e-01
-8.437526822090148926e-01
-1.447499275207519531e+00
-6.197858452796936035e-01
7.386245727539062500e-01
-4.536599218845367432e-01
9.602221250534057617e-01
-6.910447478294372559e-01
3.326548635959625244e-01
1.452989876270294189e-01
-5.841193795204162598e-01
-1.077166676521301270e+00
-8.856326937675476074e-01
1.211084574460983276e-01
-1.408246874809265137e+00
-1.001024246215820312e+00
3.920255005359649658e-01
-2.892140150070190430e-01
1.043546438217163086e+00
7.136602997779846191e-01
1.224540352821350098e+00
-6.454619765281677246e-01
4.638480842113494873e-01
-4.804957211017608643e-01
-8.071117997169494629e-01
1.017293453216552734e+00
7.376493811607360840e-01
-2.925449749454855919e-03
-3.911948502063751221e-01
6.583258509635925293e-01
9.452853798866271973e-01
2.827561199665069580e-01
-1.000435203313827515e-01
4.443936049938201904e-01
1.990564316511154175e-01
-6.457768082618713379e-01
7.635795474052429199e-01
-4.162332625128328800e-04
2.905567586421966553e-01
2.690048888325691223e-02
-8.843890428543090820e-01
5.514420866966247559e-01
-5.828523039817810059e-01
-1.131473660469055176e+00
1.245557904243469238e+00
-5.900272130966186523e-01
-1.225311994552612305e+00
-8.549911379814147949e-01
2.754290699958801270e-01
1.871216654777526855e+00
-4.495346918702125549e-02
1.561030864715576172e+00
1.499825835227966309e+00
-1.454976797103881836e-01
2.292675733566284180e+00
-2.856522202491760254e-01
-1.217739507555961609e-01
-2.690015435218811035e-01
6.898331642150878906e-01
-8.778741955757141113e-01
-1.165890097618103027e+00
-2.786494195461273193e-01
-1.388096511363983154e-01
-9.446151256561279297e-01
-9.573400616645812988e-01
-3.028655052185058594e-01
1.104876995086669922e+00
7.723611593246459961e-01
6.384375691413879395e-01
2.846686244010925293e-01
4.648081064224243164e-01
-2.115519344806671143e-01
-8.554554581642150879e-01
-1.230725526809692383e+00
2.799855172634124756e-01
1.398897051811218262e+00
2.730806112289428711e+00
7.219873666763305664e-01
-7.171156406402587891e-01
2.584289014339447021e-01
1.908403635025024414e-01
-1.029823184013366699e+00
-3.663361370563507080e-01
-7.840913534164428711e-01
-7.557812333106994629e-01
4.774131178855895996e-01
1.173317432403564453e+00
-1.805843859910964966e-01
-4.410528242588043213e-01
2.323577851057052612e-01
3.060287237167358398e-01
9.776486754417419434e-01
4.573120772838592529e-01
-1.473548412322998047e+00
-2.180315017700195312e+00
-2.156723499298095703e+00
5.818771719932556152e-01
6.917560100555419922e-02
9.022032469511032104e-02
-2.129477560520172119e-01
-4.621405601501464844e-01
7.246384024620056152e-01
1.407733187079429626e-02
5.126571282744407654e-02
4.581387639045715332e-01
1.868023633956909180e+00
-7.103283405303955078e-01
-1.627607464790344238e+00
-1.161550521850585938e+00
-1.855991840362548828e+00
3.642389774322509766e-01
1.080201268196105957e-01
4.484885931015014648e-02
4.885213971138000488e-01
-1.172387823462486267e-01
5.694580078125000000e-01
5.166593194007873535e-01
-1.371228933334350586e+00
-7.110264897346496582e-02
-2.847626507282257080e-01
1.934280395507812500e-01
1.120567202568054199e+00
-2.301397621631622314e-01
-3.416446447372436523e-01
-7.213296890258789062e-01
5.749202966690063477e-01
-1.836685836315155029e-01
-5.767717361450195312e-01
4.750933349132537842e-01
7.515236139297485352e-01
4.586564898490905762e-01
-1.468891382217407227e+00
3.095451593399047852e-01
3.722400963306427002e-02
8.865484595298767090e-01
-5.166311860084533691e-01
-8.558554053306579590e-01
2.067979276180267334e-01
-3.990114927291870117e-01
-8.088997602462768555e-01
-1.523471832275390625e+00
-8.881909847259521484e-01
9.093575477600097656e-01
-2.142490446567535400e-01
1.246168017387390137e+00
-4.596147835254669189e-01
6.900747418403625488e-01
-9.631570577621459961e-01
6.755670309066772461e-01
1.400322198867797852e+00
8.885853290557861328e-01
5.316532254219055176e-01
-4.316388443112373352e-02
-2.553199529647827148e-01
4.324803352355957031e-01
-8.566976189613342285e-01
-6.120334863662719727e-01
-1.094250798225402832e+00
-1.763524711132049561e-01
3.457352286204695702e-03
-6.696075201034545898e-02
6.454121470451354980e-01
2.486149668693542480e-01
1.230960011482238770e+00
5.516688823699951172e-01
-3.598869442939758301e-01
2.726914286613464355e-01
-6.676856279373168945e-01
-3.184323757886886597e-02
3.875297605991363525e-01
-1.005884885787963867e+00
5.229304432868957520e-01
1.134660482406616211e+00
5.197091028094291687e-02
-5.522338673472404480e-03
-1.440301686525344849e-01
-2.889777123928070068e-01
1.197471141815185547e+00
-1.225736737251281738e+00
-9.283322095870971680e-01
1.153820514678955078e+00
-6.606628745794296265e-02
-5.330779030919075012e-02
-8.383490443229675293e-01
-1.346138834953308105e+00
1.378799796104431152e+00
-1.220288157463073730e+00
1.294727206230163574e+00
1.052599430084228516e+00
-9.514579772949218750e-01
1.567301392555236816e+00
-3.927439749240875244e-01
-1.138142228126525879e+00
-6.251043677330017090e-01
-3.760048449039459229e-01
-7.173846960067749023e-01
4.827592968940734863e-01
-1.263677716255187988e+00
9.348788857460021973e-01
-6.002808809280395508e-01
1.303066968917846680e+00
3.134325742721557617e-01
1.620969772338867188e+00
-1.353641152381896973e+00
7.285381108522415161e-02
4.623791873455047607e-01
-5.452963113784790039e-01
-8.289728164672851562e-01
-2.599949836730957031e-01
-1.897157430648803711e+00
-1.900495737791061401e-01
-1.316957354545593262e+00
-1.043837428092956543e+00
-1.666629552841186523e+00
1.389783024787902832e-01
8.858085870742797852e-01
-1.177737236022949219e+00
2.983128726482391357e-01
-3.635755181312561035e-01
-4.999588429927825928e-01
2.534883916378021240e-01
-9.163168072700500488e-01
2.646082639694213867e-01
3.544198870658874512e-01
1.239324688911437988e+00
-1.198147058486938477e+00
-5.075123310089111328e-01
-5.225522518157958984e-01
-1.327658653259277344e+00
3.935533165931701660e-01
1.161878347396850586e+00
2.670619785785675049e-01
2.510731816291809082e-01
-3.905214667320251465e-01
-7.817899584770202637e-01
2.868928313255310059e-01
-1.140245079994201660e+00
-7.497013807296752930e-01
1.976062417030334473e+00
2.032229900360107422e+00
1.161086201667785645e+00
-1.248639822006225586e+00
-2.446575909852981567e-01
-6.388400197029113770e-01
-1.190789103507995605e+00
-6.545935273170471191e-01
1.318418145179748535e+00
-2.819585800170898438e-01
5.194088220596313477e-01
-1.903233885765075684e+00
6.746200323104858398e-01
-9.787490963935852051e-01
-1.011225223541259766e+00
-3.922396004199981689e-01
1.355450510978698730e+00
6.051073074340820312e-01
1.168534755706787109e+00
-6.379752159118652344e-01
1.082867264747619629e+00
8.941459655761718750e-01
-7.254017144441604614e-02
-6.330575346946716309e-01
1.255095362663269043e+00
-1.079057753086090088e-01
1.042372509837150574e-01
8.957580924034118652e-01
-1.722137331962585449e-01
-1.071871638298034668e+00
-1.995729357004165649e-01
-3.125724196434020996e-01
-2.195705026388168335e-01
1.087492227554321289e+00
2.877575457096099854e-01
1.276466488838195801e+00
9.688074588775634766e-01
7.239938378334045410e-01
1.183275818824768066e+00
-1.982870817184448242e+00
-1.790490448474884033e-01
-9.922139048576354980e-01
-2.291918754577636719e+00
1.385677814483642578e+00
7.304505109786987305e-01
4.630825519561767578e-01
4.231912270188331604e-02
-5.276498198509216309e-01
1.588875055313110352e-02
-9.921234250068664551e-01
4.485163986682891846e-01
1.301630258560180664e+00
-1.088899254798889160e+00
-1.895911097526550293e+00
2.767298817634582520e-01
-4.356367886066436768e-01
3.801872134208679199e-01
-1.861781954765319824e+00
-2.251173496246337891e+00
8.068069815635681152e-02
6.557174921035766602e-01
-5.571222901344299316e-01
8.620936274528503418e-01
4.647780954837799072e-02
-6.631748080253601074e-01
-3.852088749408721924e-02
-4.289975166320800781e-01
3.289899230003356934e-01
6.079310774803161621e-01
1.076814770698547363e+00
3.448314666748046875e-01
-1.552071571350097656e+00
2.226759433746337891e+00
9.252278804779052734e-01
-5.623160600662231445e-01
-4.293206334114074707e-01
6.921864151954650879e-01
2.277629852294921875e+00
-1.155437111854553223e+00
1.054480910301208496e+00
-1.308801651000976562e+00
-6.242987513542175293e-02
6.043898463249206543e-01
1.834143102169036865e-01
1.173200160264968872e-01
4.622116982936859131e-01
-1.186442375183105469e+00
8.844332396984100342e-02
-1.808160394430160522e-01
2.931828200817108154e-01
-4.638988673686981201e-01
1.537195324897766113e+00
1.411779165267944336e+00
-1.422064423561096191e+00
-4.655199944972991943e-01
-2.918030321598052979e-01
1.835050433874130249e-02
-3.718111813068389893e-01
7.415605187416076660e-01
-1.277153611183166504e+00
1.667626142501831055e+00
-1.617237210273742676e+00
3.619065582752227783e-01
2.778431475162506104e-01
2.807736098766326904e-01
2.165411949157714844e+00
2.935359001159667969e+00
1.600219309329986572e-01
9.113318473100662231e-02
-1.073740363121032715e+00
1.022724747657775879e+00
3.521935939788818359e-01
8.382533192634582520e-01
1.146713018417358398e+00
1.265495777130126953e+00
6.622156500816345215e-01
-1.126829087734222412e-01
4.563958644866943359e-01
-4.494606852531433105e-01
-1.848406642675399780e-01
-2.416947484016418457e-01
-4.149175584316253662e-01
1.176233887672424316e+00
9.561550617218017578e-01
-1.237969398498535156e+00
-2.170121192932128906e+00
8.826242685317993164e-01
2.697670161724090576e-01
-9.431229904294013977e-03
3.756538629531860352e-01
-2.430805861949920654e-01
-1.272704005241394043e+00
-1.303499937057495117e+00
8.276945948600769043e-01
-1.470249705016613007e-02
-1.894552260637283325e-01
1.956911802291870117e+00
-1.070171117782592773e+00
-5.603509545326232910e-01
-5.922819375991821289e-01
2.802287936210632324e-01
-4.484736323356628418e-01
-2.330425977706909180e+00
-1.620615839958190918e+00
-1.322995305061340332e+00
-1.261995077133178711e+00
-8.984071612358093262e-01
-5.221952795982360840e-01
-9.852664545178413391e-03
7.375375628471374512e-01
-7.925202250480651855e-01
-1.064054846763610840e+00
-9.831366539001464844e-01
1.590590924024581909e-01
-6.216225028038024902e-01
7.094629853963851929e-02
-2.045809507369995117e+00
1.930906772613525391e+00
-5.197002887725830078e-01
-2.968952655792236328e-01
-1.102766633033752441e+00
9.614394307136535645e-01
-6.586923599243164062e-01
-5.064775943756103516e-01
-8.143150210380554199e-01
1.730151623487472534e-01
-6.251007914543151855e-01
-1.710180938243865967e-01
3.725668787956237793e-01
-1.597522735595703125e+00
5.309705734252929688e-01
5.217909812927246094e-01
-4.313384890556335449e-01
1.470228880643844604e-01
-1.198142409324645996e+00
-1.907327651977539062e+00
-3.189392685890197754e-01
1.449093937873840332e+00
4.755869507789611816e-01
1.294440507888793945e+00
-3.670589998364448547e-02
8.982854485511779785e-01
-3.400037884712219238e-01
-1.418977230787277222e-01
1.072094678878784180e+00
1.196758508682250977e+00
-4.879080653190612793e-01
1.612083166837692261e-01
4.326731860637664795e-01
1.091180801391601562e+00
2.955920219421386719e+00
-6.423840522766113281e-01
-1.145437359809875488e+00
1.498879790306091309e+00
4.699861258268356323e-02
-2.212259471416473389e-01
-1.911155506968498230e-02
-1.471433639526367188e+00
1.137267351150512695e+00
8.368952870368957520e-01
-2.150718681514263153e-02
-1.210755705833435059e+00
-1.128764867782592773e+00
-1.893655419349670410e+00
-6.367409825325012207e-01
1.197174191474914551e+00
3.201697468757629395e-01
3.803803920745849609e-01
-9.727519154548645020e-01
-4.087028205394744873e-01
2.360192298889160156e+00
-1.359240058809518814e-02
1.960385322570800781e+00
5.225934982299804688e-01
3.450660705566406250e-01
-5.921843647956848145e-01
1.698494791984558105e+00
-2.223867028951644897e-01
-8.861863613128662109e-01
8.168218135833740234e-01
-1.485439658164978027e+00
-1.045688912272453308e-01
2.965094745159149170e-01
1.135311603546142578e+00
5.191810727119445801e-01
-2.786749899387359619e-01
-5.194993615150451660e-01
2.131062597036361694e-01
-8.836864233016967773e-01
-9.199962019920349121e-01
-4.682366251945495605e-01
1.456549167633056641e+00
-1.568787693977355957e+00
-3.753453254699707031e+00
7.437887191772460938e-01
-1.548649549484252930e+00
4.422285556793212891e-01
1.519987434148788452e-01
1.453020870685577393e-01
-1.388221740722656250e+00
1.044896841049194336e+00
3.840006291866302490e-01
2.412004470825195312e-01
1.047344803810119629e+00
1.077354669570922852e+00
-5.688140988349914551e-01
-1.423854589462280273e+00
-1.274497032165527344e+00
-5.798580646514892578e-01
6.047158837318420410e-01
1.113915815949440002e-01
1.382074713706970215e+00
-7.862077355384826660e-01
-1.246493577957153320e+00
8.756006360054016113e-01
-5.685004591941833496e-01
-6.772195696830749512e-01
5.954692363739013672e-01
5.281600356101989746e-01
-7.072235345840454102e-01
-2.703340947628021240e-01
1.001745700836181641e+00
-9.860199093818664551e-01
-5.211948752403259277e-01
9.526529908180236816e-02
-8.431838750839233398e-01
-1.139998435974121094e-01
-2.098996877670288086e+00
1.616509914398193359e+00
1.180111289024353027e+00
-2.059736967086791992e+00
-1.067904591560363770e+00
3.171194717288017273e-02
8.707526922225952148e-01
-1.523222088813781738e+00
-3.909523189067840576e-01
-2.605603635311126709e-01
2.986000776290893555e-01
-1.686803549528121948e-01
1.528554677963256836e+00
7.879317402839660645e-01
-4.368056952953338623e-01
-5.154890418052673340e-01
-8.213964104652404785e-02
5.561251193284988403e-02
-6.976628303527832031e-02
-8.195993900299072266e-01
1.931009888648986816e+00
1.839023947715759277e+00
-5.833776593208312988e-01
-1.036065220832824707e-01
1.051703095436096191e+00
-8.793965727090835571e-02
1.202101707458496094e+00
-8.387954831123352051e-01
-8.533238172531127930e-01
6.373680233955383301e-01
1.220576316118240356e-01
3.381534814834594727e-01
-9.262292878702282906e-04
9.052854776382446289e-01
1.140989303588867188e+00
4.768048226833343506e-01
1.046473383903503418e+00
1.417436480522155762e+00
-7.657478451728820801e-01
6.910893321037292480e-02
-6.461855173110961914e-01
4.917088150978088379e-01
-5.289435982704162598e-01
1.185556054115295410e+00
2.344247102737426758e-01
-9.053289145231246948e-02
