1.657699346542358398e+00
9.146758913993835449e-01
8.978805541992187500e-01
-1.277992844581604004e+00
-1.856893062591552734e+00
8.196567296981811523e-01
-6.833342313766479492e-01
-2.869992852210998535e-01
5.597826838493347168e-01
-1.341628551483154297e+00
3.398075103759765625e-01
-2.030663043260574341e-01
-4.366404935717582703e-02
-2.329009532928466797e+00
-6.659786105155944824e-01
-1.339796543121337891e+00
-1.635206460952758789e+00
8.212314248085021973e-01
-1.258415102958679199e+00
-1.456457823514938354e-01
2.264633178710937500e+00
9.783970117568969727e-01
9.569863080978393555e-01
-2.718015946447849274e-02
1.702789217233657837e-01
-1.946859240531921387e+00
2.950375080108642578e-01
2.975546121597290039e-01
-2.812252283096313477e+00
-4.712846279144287109e-01
-7.720996141433715820e-01
9.730809926986694336e-02
4.846518039703369141e-01
9.862503409385681152e-01
3.009329140186309814e-01
-5.984296202659606934e-01
-2.103628367185592651e-01
-1.740078449249267578e+00
-3.833568468689918518e-02
-5.519162416458129883e-01
-8.134475350379943848e-01
4.743120968341827393e-01
-4.322994127869606018e-02
-3.133621215820312500e-01
-1.503376007080078125e+00
1.413446962833404541e-01
1.918320804834365845e-01
9.759483933448791504e-01
-8.050720095634460449e-01
8.067171573638916016e-01
-5.638130307197570801e-01
3.724461197853088379e-01
-6.598780304193496704e-02
1.523475348949432373e-01
-1.152832150459289551e+00
-1.779412627220153809e+00
-6.458923220634460449e-01
1.074598550796508789e+00
3.112278282642364502e-01
-1.297218799591064453e+00
7.287362217903137207e-01
4.980218783020973206e-02
1.132128000259399414e+00
2.357742562890052795e-02
5.976988673210144043e-01
-5.367383956909179688e-01
-4.256575703620910645e-01
1.375123143196105957e+00
1.689894795417785645e-01
2.363250970840454102e+00
-6.969658732414245605e-01
1.944042325019836426e+00
-8.766282200813293457e-01
2.916967868804931641e-02
1.190599203109741211e+00
7.902728915214538574e-01
9.697205424308776855e-01
-8.848527669906616211e-01
1.083769321441650391e+00
-4.651901423931121826e-01
-7.762777209281921387e-01
-1.015711903572082520e+00
3.202465772628784180e-01
-1.625390887260437012e+00
-1.353206515312194824e+00
6.222144961357116699e-01
-1.474543571472167969e+00
-1.284485220909118652e+00
-3.916439414024353027e-01
2.246388792991638184e-01
-1.076608538627624512e+00
-1.549562335014343262e+00
-8.476616740226745605e-01
1.353763103485107422e+00
9.945707321166992188e-01
9.895630478858947754e-01
9.365462660789489746e-01
6.370370984077453613e-01
-5.862179398536682129e-01
2.546082735061645508e+00
-1.672824740409851074e+00
-2.464045286178588867e+00
-1.339247465133666992e+00
-9.598521590232849121e-01
1.431873798370361328e+00
-8.080648183822631836e-01
-4.550585150718688965e-01
1.249019384384155273e+00
-6.260952949523925781e-01
2.120264023542404175e-01
-1.750473380088806152e+00
3.001690609380602837e-03
-2.292918682098388672e+00
-5.887470841407775879e-01
-8.341162204742431641e-01
2.202226221561431885e-01
-6.316290050745010376e-02
-8.579852581024169922e-01
2.737061381340026855e-01
3.940728604793548584e-01
-5.796405076980590820e-01
-7.609346508979797363e-01
-2.272289276123046875e+00
-2.099090367555618286e-01
1.673503518104553223e+00
3.080658316612243652e-01
2.011405944824218750e+00
-4.266861379146575928e-01
-1.523547291755676270e+00
-5.768042206764221191e-01
-2.408130019903182983e-01
-1.574530005455017090e+00
-8.959946632385253906e-01
-3.607137799263000488e-01
-1.658206105232238770e+00
-5.272132754325866699e-01
5.256061255931854248e-02
3.433680236339569092e-01
-2.347033739089965820e+00
1.454474449157714844e+00
-1.500230282545089722e-01
-3.454152941703796387e-01
6.511076688766479492e-01
-4.260736405849456787e-01
1.057008504867553711e+00
-3.881266415119171143e-01
-8.113506436347961426e-01
-4.696270525455474854e-01
-1.553287982940673828e+00
-1.043384552001953125e+00
2.342309504747390747e-01
4.956732690334320068e-02
-1.002893328666687012e+00
-8.677318096160888672e-01
1.318312287330627441e+00
3.187427818775177002e-01
-1.246240496635437012e+00
4.269265830516815186e-01
1.330253332853317261e-01
1.391137242317199707e+00
2.266205698251724243e-01
-6.794070005416870117e-01
1.192325115203857422e+00
1.243668794631958008e-01
-7.040370106697082520e-01
-5.758397579193115234e-01
9.444549679756164551e-01
4.295032322406768799e-01
-1.225187852978706360e-01
1.042501688003540039e+00
-1.086193084716796875e+00
-2.199087858200073242e+00
-8.309734463691711426e-01
2.084197044372558594e+00
-5.924181342124938965e-01
1.087180852890014648e+00
5.065914988517761230e-01
2.441205531358718872e-01
-1.013587474822998047e+00
2.624312162399291992e+00
-8.056766390800476074e-01
-1.389864683151245117e-01
-5.139168500900268555e-01
1.287417560815811157e-01
-1.453561782836914062e-01
-9.140721559524536133e-01
1.913313120603561401e-01
1.627844423055648804e-01
-1.089491844177246094e+00
3.971076905727386475e-01
-1.139364480972290039e+00
-9.015490412712097168e-01
-1.215728402137756348e+00
-1.052402138710021973e+00
-1.346182942390441895e+00
9.321820139884948730e-01
1.690480470657348633e+00
-1.723312735557556152e-01
1.237706661224365234e+00
3.644622266292572021e-01
7.535440474748611450e-02
1.350125074386596680e+00
8.252267837524414062e-01
4.664105176925659180e-02
-5.709905028343200684e-01
-6.740424633026123047e-01
5.964012742042541504e-01
8.694960474967956543e-01
6.727677583694458008e-01
-1.538486957550048828e+00
1.620319187641143799e-01
9.082104265689849854e-02
6.502707004547119141e-01
-1.605299353599548340e+00
-8.936849832534790039e-01
2.587109088897705078e+00
-6.964961528778076172e+00
-2.536472082138061523e-01
-5.743513703346252441e-01
1.035858616232872009e-01
8.984995484352111816e-01
-1.983574271202087402e+00
-7.589843869209289551e-01
1.923016667366027832e+00
1.624384284019470215e+00
-9.086869657039642334e-02
-1.875340044498443604e-01
-3.647770881652832031e-01
-3.110629320144653320e-01
-1.379367113113403320e+00
1.308941602706909180e+00
3.307291492819786072e-02
-4.234050214290618896e-01
-3.791750967502593994e-01
1.633968353271484375e+00
7.801809906959533691e-01
6.715652346611022949e-01
7.801810652017593384e-02
-1.072476983070373535e+00
-1.066573739051818848e+00
1.876299262046813965e+00
-1.117860198020935059e+00
-1.674455642700195312e+00
-1.651775687932968140e-01
-1.460410833358764648e+00
6.172202900052070618e-02
1.926824569702148438e+00
2.118532419204711914e+00
1.527632594108581543e+00
-8.957479000091552734e-01
4.012042582035064697e-01
3.037057816982269287e-01
-5.230745077133178711e-01
-5.829844474792480469e-01
7.038929462432861328e-01
5.446658134460449219e-01
-1.577370285987854004e+00
-9.579546451568603516e-01
1.046689867973327637e+00
9.330887794494628906e-01
-5.730305910110473633e-01
-5.427086353302001953e-01
-2.592543065547943115e-01
-1.306040734052658081e-01
4.378422796726226807e-01
7.539637088775634766e-01
3.161399662494659424e-01
9.618720412254333496e-01
4.002262592315673828e+00
7.500505447387695312e-01
1.098069548606872559e+00
-1.398355841636657715e+00
-2.464492321014404297e-01
-1.867196708917617798e-01
6.528131961822509766e-01
-1.325687646865844727e+00
7.917224764823913574e-01
1.813851296901702881e-01
-3.078028857707977295e-01
-1.113114595413208008e+00
-8.166029453277587891e-01
6.469130516052246094e-01
1.304782629013061523e-01
1.157022491097450256e-01
1.091603517532348633e+00
-9.595410823822021484e-01
-1.251530051231384277e-01
-1.450846076011657715e+00
7.294813990592956543e-01
-7.000873684883117676e-01
-1.043870925903320312e+00
-4.495557248592376709e-01
-7.920234203338623047e-01
5.434956550598144531e-01
4.349516332149505615e-01
-7.547874003648757935e-02
1.230711340904235840e+00
7.662639617919921875e-01
1.276074051856994629e+00
-6.830803751945495605e-01
-1.311511844396591187e-01
-6.835913658142089844e-02
6.784613728523254395e-01
2.640367031097412109e+00
-1.253447651863098145e+00
4.608078598976135254e-01
-2.300336658954620361e-01
-1.063856959342956543e+00
9.917439222335815430e-01
-7.028076648712158203e-01
8.513508439064025879e-01
3.746747374534606934e-01
-2.268301486968994141e+00
8.267721533775329590e-02
-8.311663866043090820e-01
5.787204578518867493e-02
-2.415399439632892609e-02
1.011824488639831543e+00
1.591815590858459473e+00
-1.499826908111572266e-01
3.720654845237731934e-01
-9.256484508514404297e-01
-8.251039385795593262e-01
1.470252752304077148e+00
1.006729722023010254e+00
-1.062458515167236328e+00
-6.040397882461547852e-01
-5.923206731677055359e-02
1.043040230870246887e-01
-7.491030544042587280e-02
-2.172191381454467773e+00
1.141353398561477661e-01
1.515688300132751465e+00
-1.337282061576843262e+00
-8.501245975494384766e-01
1.241708695888519287e-01
1.980974823236465454e-01
2.249421179294586182e-02
-7.735412567853927612e-02
-1.664594292640686035e+00
-4.684645235538482666e-01
-1.788902282714843750e+00
2.157318890094757080e-01
-1.285321354866027832e+00
-1.046490907669067383e+00
-9.600561112165451050e-03
-2.635145783424377441e-01
-4.877812564373016357e-01
-1.044174805283546448e-01
-1.433126395568251610e-03
-1.323365688323974609e+00
-8.185848593711853027e-01
-8.282753229141235352e-01
2.964948713779449463e-01
-8.019943237304687500e-01
-3.629748523235321045e-01
7.975744009017944336e-01
-6.916247606277465820e-01
-1.157993674278259277e+00
3.817704319953918457e-01
-2.392949461936950684e-01
-1.250194072723388672e+00
9.810612201690673828e-01
-1.239286214113235474e-01
1.500341176986694336e+00
5.991218090057373047e-01
1.141106963157653809e+00
1.581096410751342773e+00
-2.247420400381088257e-01
9.646330475807189941e-01
9.509289264678955078e-01
7.636948227882385254e-01
-1.123112201690673828e+00
1.713486909866333008e+00
-1.233114361763000488e+00
-1.501495987176895142e-01
3.310863971710205078e+00
1.226801276206970215e+00
-1.449900567531585693e-01
1.543131232261657715e+00
-5.859347581863403320e-01
2.854566574096679688e-01
3.253326117992401123e-01
-3.943411111831665039e-01
-1.019426107406616211e+00
1.044249534606933594e+00
-4.003301262855529785e-01
-6.346369385719299316e-01
2.397243738174438477e+00
1.780369758605957031e+00
4.179194867610931396e-01
1.758316516876220703e+00
1.539049267768859863e+00
-4.913663566112518311e-01
1.012546658515930176e+00
-4.161824937909841537e-03
-2.947449386119842529e-01
9.618939161300659180e-01
-1.377018451690673828e+00
8.391357660293579102e-01
4.604704678058624268e-01
-2.827088534832000732e-01
-1.114109396934509277e+00
-1.161874771118164062e+00
-4.410838484764099121e-01
1.667782902717590332e+00
1.366596460342407227e+00
5.558902621269226074e-01
-6.142568588256835938e-02
-1.333258390426635742e+00
-1.567251801490783691e+00
1.997623920440673828e+00
-7.836844325065612793e-01
-3.611471056938171387e-01
1.122207522392272949e+00
4.616482257843017578e-01
5.902975201606750488e-01
2.281326614320278168e-02
-4.686066508293151855e-01
1.617678284645080566e+00
-2.548984527587890625e+00
1.064456462860107422e+00
1.309175729751586914e+00
-3.566077053546905518e-01
9.987688660621643066e-01
7.979428768157958984e-01
2.611696481704711914e+00
2.862376272678375244e-01
-2.735883295536041260e-01
-4.247581362724304199e-01
-1.174757361412048340e+00
-6.382733583450317383e-01
-2.779783010482788086e-01
2.370374649763107300e-01
-1.506564378738403320e+00
1.431878805160522461e+00
2.560918629169464111e-01
5.167359709739685059e-01
-8.572937250137329102e-01
3.089818656444549561e-01
-4.282871782779693604e-01
2.259275674819946289e+00
8.947984874248504639e-02
6.632089614868164062e-01
7.065427899360656738e-01
-1.470461249351501465e+00
6.339502986520528793e-03
-7.253830134868621826e-02
1.645645946264266968e-01
7.733375430107116699e-01
-3.028047084808349609e-01
-1.514175415039062500e+00
1.161747813224792480e+00
6.302637606859207153e-02
7.565687894821166992e-01
-1.160002827644348145e+00
2.610432863235473633e+00
1.317419052124023438e+00
-8.945509195327758789e-01
-6.262579560279846191e-01
-8.878315687179565430e-01
1.085812211036682129e+00
7.187154889106750488e-01
8.483306765556335449e-01
-1.764621376991271973e+00
-6.509220004081726074e-01
-1.242566466331481934e+00
2.143341779708862305e+00
-1.730708241462707520e+00
6.274875253438949585e-02
1.115701317787170410e+00
8.538874983787536621e-01
-8.467662930488586426e-01
1.421031355857849121e+00
-1.072602510452270508e+00
3.325963318347930908e-01
6.008308529853820801e-01
6.741830110549926758e-01
-1.080572009086608887e+00
1.235804796218872070e+00
-3.904413580894470215e-01
-1.433085054159164429e-01
1.396757006645202637e+00
-1.174779415130615234e+00
7.335472106933593750e-02
-8.054178953170776367e-01
-1.562342166900634766e+00
-3.535536229610443115e-01
-4.125935435295104980e-01
4.530379176139831543e-01
-1.102573037147521973e+00
1.371964454650878906e+00
-2.440176308155059814e-01
7.381247282028198242e-01
-1.232109785079956055e+00
-1.910293936729431152e+00
-1.879490137100219727e+00
-1.370415091514587402e+00
-2.649804949760437012e-02
2.816513776779174805e-01
-2.081077575683593750e+00
1.243487119674682617e+00
1.481369286775588989e-01
8.621643781661987305e-01
2.139012068510055542e-01
-4.661002159118652344e-01
6.822309494018554688e-01
2.265805006027221680e-01
-8.680418133735656738e-01
2.126836329698562622e-01
1.388482451438903809e+00
6.544291228055953979e-02
8.121917396783828735e-02
4.914618134498596191e-01
-4.027006775140762329e-02
2.620382308959960938e-01
2.647466361522674561e-01
7.521851062774658203e-01
1.557393670082092285e+00
-7.977144420146942139e-02
3.354037404060363770e-01
-1.030882239341735840e+00
-2.057190656661987305e+00
-1.547406435012817383e+00
-6.626539826393127441e-01
2.870555818080902100e-01
5.148339867591857910e-01
8.729047775268554688e-01
-1.002794384956359863e+00
-1.093402385711669922e+00
1.552495837211608887e+00
3.151570558547973633e+00
6.404653191566467285e-02
-9.879735112190246582e-01
9.858260154724121094e-01
-2.435102939605712891e+00
7.584065794944763184e-01
-1.457260847091674805e-01
5.822463035583496094e-01
1.527418345212936401e-01
6.112546324729919434e-01
3.049305081367492676e-01
7.330561876296997070e-01
-6.749707460403442383e-01
-4.262368381023406982e-01
-2.880190685391426086e-02
-3.772850707173347473e-02
1.209344506263732910e+00
-3.809997439384460449e-01
2.391390874981880188e-02
8.019302040338516235e-02
5.763227939605712891e-01
-9.465985894203186035e-01
6.054513454437255859e-01
8.637925386428833008e-01
-8.231444358825683594e-01
1.655391097068786621e+00
-1.441657096147537231e-01
2.505006790161132812e-01
1.226650714874267578e+00
1.679858863353729248e-01
-6.659874916076660156e-01
-1.754332900047302246e+00
-1.751160621643066406e+00
-1.485990881919860840e-01
2.920999750494956970e-02
-1.343804240226745605e+00
-1.071665138006210327e-01
3.555229604244232178e-01
-2.005873024463653564e-01
-1.554370760917663574e+00
1.212760806083679199e+00
9.235136508941650391e-01
-1.621637821197509766e+00
1.763117015361785889e-01
-5.945956110954284668e-01
-9.137250185012817383e-01
1.258783042430877686e-01
1.010469317436218262e+00
1.128454923629760742e+00
-1.092225551605224609e+00
1.495446920394897461e+00
-1.004596114158630371e+00
3.893868625164031982e-02
-5.380606651306152344e-01
-1.063645601272583008e+00
-5.995885729789733887e-01
-1.709690541028976440e-01
-2.707466185092926025e-01
-7.314144074916839600e-02
-9.877121448516845703e-02
9.843478798866271973e-01
1.382932543754577637e+00
2.851113975048065186e-01
-3.801038861274719238e-01
1.253659367561340332e+00
1.555533409118652344e+00
1.447534203529357910e+00
-1.841361820697784424e-01
9.139448404312133789e-01
7.429273128509521484e-01
1.231781765818595886e-01
-1.557563304901123047e+00
1.550350151956081390e-02
1.027130559086799622e-01
-1.550113677978515625e+00
-1.642794251441955566e+00
-1.772260069847106934e+00
-1.342753887176513672e+00
4.309311211109161377e-01
-1.205971240997314453e+00
9.719515442848205566e-01
8.926768302917480469e-01
4.203859269618988037e-01
-1.426387310028076172e+00
-1.358169198036193848e+00
-4.397189915180206299e-01
-4.950456023216247559e-01
-5.064628273248672485e-02
-6.244324445724487305e-01
-1.230824112892150879e+00
-2.614835500717163086e+00
1.795351058244705200e-01
-1.563502073287963867e+00
-3.018890023231506348e-01
1.594059765338897705e-01
-1.328864216804504395e+00
9.550198316574096680e-01
1.589988470077514648e-01
-6.201467514038085938e-01
-2.010733038187026978e-01
-2.702426537871360779e-02
-9.224424958229064941e-01
1.415665745735168457e+00
-1.646806240081787109e+00
-8.248840570449829102e-01
1.017469644546508789e+00
-2.454870492219924927e-01
-8.512137830257415771e-02
1.076428055763244629e+00
1.265080451965332031e+00
-7.747518420219421387e-01
-2.273230552673339844e+00
1.897783279418945312e+00
-4.082548916339874268e-01
2.259637117385864258e+00
-1.450501203536987305e+00
-1.285447180271148682e-01
4.677311778068542480e-01
-1.778361082077026367e+00
1.075163960456848145e+00
9.661532044410705566e-01
2.334312915802001953e+00
1.637805998325347900e-01
9.315782785415649414e-02
-3.286249637603759766e-01
-1.347865462303161621e-01
-1.201769486069679260e-01
1.338817834854125977e+00
-3.418319225311279297e-01
-1.556485414505004883e+00
1.046757221221923828e+00
9.757104516029357910e-01
8.924452066421508789e-01
-4.853173494338989258e-01
1.047221899032592773e+00
-7.095371931791305542e-02
-1.118121743202209473e+00
6.445464491844177246e-01
-7.169805765151977539e-01
-8.062581419944763184e-01
-6.384206414222717285e-01
-9.417866915464401245e-02
1.956363439559936523e+00
4.224136769771575928e-01
1.459975600242614746e+00
-4.782003536820411682e-02
-1.107711553573608398e+00
-3.555873781442642212e-02
5.199966430664062500e-01
-2.832748889923095703e-01
-1.082925081253051758e+00
2.197653800249099731e-01
1.783847957849502563e-01
8.465361595153808594e-01
1.922827005386352539e+00
5.074970722198486328e-01
5.114448070526123047e-01
-4.957532882690429688e+00
4.838687181472778320e-01
-7.576524019241333008e-01
-9.525766372680664062e-01
1.371768712997436523e+00
8.514821529388427734e-01
-1.380000591278076172e+00
4.318765103816986084e-01
1.206619024276733398e+00
3.293200433254241943e-01
-5.010127425193786621e-01
2.195212393999099731e-01
1.636076718568801880e-02
-1.133137941360473633e+00
1.131533384323120117e+00
2.416668415069580078e+00
-8.624113351106643677e-02
-2.537944316864013672e-01
3.889662027359008789e+00
-1.982796788215637207e+00
-5.981132030487060547e+00
1.374662041664123535e+00
4.996043443679809570e-01
-9.012132883071899414e-01
1.202556252479553223e+00
-2.289125025272369385e-01
-1.071575164794921875e+00
5.125609636306762695e-01
-3.700227439403533936e-01
-1.664856672286987305e+00
1.089186906814575195e+00
2.931983768939971924e-01
1.330531954765319824e+00
-1.438151597976684570e+00
7.454480528831481934e-01
5.683200433850288391e-02
-5.445392131805419922e-01
-1.639481544494628906e+00
-1.478229314088821411e-01
-1.155881643295288086e+00
1.027343750000000000e+00
-3.650601804256439209e-01
-1.016259908676147461e+00
4.010780751705169678e-01
7.615112662315368652e-01
6.735549569129943848e-01
2.811272621154785156e+00
1.174439072608947754e+00
-9.620236754417419434e-01
-2.230649888515472412e-01
-5.236082673072814941e-01
-8.296046853065490723e-01
8.616464138031005859e-01
-1.831718534231185913e-01
4.389018416404724121e-01
9.231053590774536133e-01
7.826783694326877594e-03
-4.168070852756500244e-01
-7.023899555206298828e-01
1.097578704357147217e-01
1.201910853385925293e+00
2.449779033660888672e+00
9.404063224792480469e-01
-2.240830659866333008e-02
9.310982823371887207e-01
-1.076537132263183594e+00
7.155107259750366211e-01
2.148467779159545898e+00
1.532620936632156372e-01
-1.748393476009368896e-01
-1.332120299339294434e+00
1.234130501747131348e+00
-2.967542111873626709e-01
2.223626971244812012e-01
3.251467645168304443e-01
-1.356137514114379883e+00
1.113359093666076660e+00
8.605952858924865723e-01
-1.516401208937168121e-02
6.375893354415893555e-01
