-2.963623702526092529e-01
2.091058254241943359e+00
-3.546330928802490234e-01
-1.002014242112636566e-02
2.128525525331497192e-01
-3.496562242507934570e-01
1.349705606698989868e-01
-1.125180959701538086e+00
-1.329123139381408691e+00
-4.704737663269042969e-01
4.928066581487655640e-02
-7.508039474487304688e-01
1.127969861030578613e+00
3.055790252983570099e-02
8.506017327308654785e-01
-9.475211501121520996e-01
-5.574466586112976074e-01
-5.891535878181457520e-01
-8.600621819496154785e-01
-1.602368354797363281e+00
1.413126111030578613e+00
-2.453180253505706787e-01
-1.282209753990173340e-01
-1.303046941757202148e-01
4.364773631095886230e-01
-4.345489442348480225e-01
9.581449627876281738e-02
4.590793550014495850e-01
-2.061842203140258789e+00
3.683928847312927246e-01
-1.799607038497924805e+00
-8.458185791969299316e-01
-7.165924906730651855e-01
-7.133349776268005371e-01
-1.367116253823041916e-02
-1.479765534400939941e+00
4.063712656497955322e-01
-1.285224914550781250e+00
-6.518530845642089844e-02
7.468858361244201660e-01
-3.607516586780548096e-01
2.632742375135421753e-02
-2.270521521568298340e-01
1.395580768585205078e+00
6.622789502143859863e-01
-7.011509537696838379e-01
-1.310850739479064941e+00
1.910804063081741333e-01
-2.810564279556274414e+00
3.218440711498260498e-01
1.290807276964187622e-01
-3.765590786933898926e-01
5.660894885659217834e-02
6.524379849433898926e-01
-2.783879339694976807e-01
-4.225188791751861572e-01
-1.232069134712219238e-01
-2.633168995380401611e-01
2.384650409221649170e-01
-1.037278056144714355e+00
1.400708317756652832e+00
2.730488963425159454e-02
4.724447727203369141e-01
3.497228622436523438e-01
-7.173529863357543945e-01
-1.959791421890258789e+00
-7.316961884498596191e-01
-9.782288689166307449e-04
-2.663152217864990234e-01
-6.033928394317626953e-01
-3.963957130908966064e-01
-3.616724535822868347e-02
1.029960751533508301e+00
-7.306773066520690918e-01
6.662547588348388672e-01
1.533434867858886719e+00
-2.126582413911819458e-01
3.015395440161228180e-02
2.403682321310043335e-01
9.413126707077026367e-01
-7.458270192146301270e-01
-4.628000557422637939e-01
-1.256324887275695801e+00
-3.365346193313598633e-01
-7.874015569686889648e-01
8.280594348907470703e-01
-3.941195309162139893e-01
6.570438295602798462e-02
-1.791045814752578735e-01
-4.133203923702239990e-01
-1.453723460435867310e-01
-1.738825440406799316e+00
-1.523674249649047852e+00
1.096325874328613281e+00
3.295872211456298828e-01
7.284902334213256836e-01
-5.849769338965415955e-02
-4.404737949371337891e-01
-7.876363992691040039e-01
-9.615793824195861816e-02
-1.485508978366851807e-01
-8.347937464714050293e-01
-3.984901309013366699e-02
5.434907674789428711e-01
1.481758058071136475e-01
-8.761851191520690918e-01
-6.954868435859680176e-01
1.358532667160034180e+00
1.847847253084182739e-01
-5.353458523750305176e-01
4.830139577388763428e-01
9.108719825744628906e-01
-1.875189840793609619e-01
-1.204356193542480469e+00
9.721795320510864258e-01
4.230450689792633057e-01
-2.930192351341247559e-01
-3.497231006622314453e+00
5.346103310585021973e-01
2.259245961904525757e-01
-2.413098216056823730e-01
5.583208203315734863e-01
-1.762325316667556763e-01
-2.983694970607757568e-01
-1.292551755905151367e-01
1.045496344566345215e+00
1.610117077827453613e+00
2.943058609962463379e-01
-6.273235082626342773e-01
-2.382820397615432739e-01
6.029144525527954102e-01
-8.613098263740539551e-01
2.289630323648452759e-01
-7.093939185142517090e-01
-3.311271965503692627e-01
7.699467986822128296e-02
1.079877734184265137e+00
-1.749681949615478516e+00
-6.422463059425354004e-01
-8.097928166389465332e-01
-1.942659616470336914e+00
-1.096184730529785156e+00
1.237401008605957031e+00
7.333987951278686523e-01
1.107792481780052185e-01
5.043153762817382812e-01
5.343446135520935059e-01
-5.613320469856262207e-01
-1.271923035383224487e-01
3.941992223262786865e-01
-5.547289922833442688e-02
2.795162796974182129e-01
-8.442837744951248169e-03
-1.284557461738586426e+00
-6.973551958799362183e-02
4.559681117534637451e-01
-6.252453923225402832e-01
-7.248131632804870605e-01
-9.488459825515747070e-01
4.892173111438751221e-01
-2.625471949577331543e-01
-7.376409769058227539e-01
2.956587374210357666e-01
-4.616678655147552490e-01
-5.047785639762878418e-01
1.207099482417106628e-01
-3.886012136936187744e-01
7.959488034248352051e-01
9.544975757598876953e-01
4.857000410556793213e-01
-6.171119809150695801e-01
-2.095263957977294922e+00
-3.837256133556365967e-02
3.018773198127746582e-01
4.673266708850860596e-01
1.005645632743835449e+00
4.859715402126312256e-01
-1.759409070014953613e+00
-5.113578438758850098e-01
3.839806616306304932e-01
7.632404565811157227e-01
-7.520924806594848633e-01
1.222224533557891846e-01
2.662736475467681885e-01
4.086168408393859863e-01
-6.286339834332466125e-03
-5.411126017570495605e-01
8.661965280771255493e-02
2.245328664779663086e+00
8.803071975708007812e-01
1.643250286579132080e-01
-6.424605250358581543e-01
-6.267604231834411621e-01
-6.980461478233337402e-01
-1.601810812950134277e+00
-1.847431296482682228e-03
-1.478100180625915527e+00
6.638988107442855835e-02
-1.555135697126388550e-01
-1.234668850898742676e+00
1.452535688877105713e-01
-1.883913390338420868e-02
3.355902433395385742e-01
5.442191958427429199e-01
2.099413573741912842e-01
4.584347456693649292e-02
7.281110882759094238e-01
6.933627724647521973e-01
1.216420888900756836e+00
1.159095168113708496e-01
-5.193414688110351562e-01
-4.766857624053955078e-01
8.027593493461608887e-01
3.181263804435729980e-01
1.904757022857666016e-01
4.123364388942718506e-01
4.535524845123291016e+00
-1.092144489288330078e+00
4.548411369323730469e-01
5.918479561805725098e-01
-2.762022614479064941e-01
8.079273700714111328e-01
-3.789057210087776184e-02
5.611838698387145996e-01
4.628675580024719238e-01
-8.140437006950378418e-01
-3.018978536128997803e-01
-7.419475167989730835e-02
-5.846738815307617188e-01
4.849367141723632812e-01
-3.437024950981140137e-01
5.343385934829711914e-01
-7.760910391807556152e-01
4.816480875015258789e-01
1.426836013793945312e+00
-4.683484137058258057e-02
1.476611256599426270e+00
4.180463552474975586e-01
2.244973480701446533e-01
-1.449844241142272949e-02
-1.033934652805328369e-01
-1.659462451934814453e+00
-1.163861632347106934e+00
1.114032790064811707e-01
9.960717707872390747e-02
8.837701082229614258e-01
-1.283376291394233704e-02
-1.368731707334518433e-01
1.033631086349487305e+00
1.596857786178588867e+00
1.244112610816955566e+00
-1.054560184478759766e+00
-5.875583887100219727e-01
-1.516524553298950195e+00
-2.165078073740005493e-01
-3.242714703083038330e-01
2.351271510124206543e-01
-1.142440795898437500e+00
-8.698854446411132812e-01
-5.166805982589721680e-01
4.337640851736068726e-02
9.395744800567626953e-01
-4.748070538043975830e-01
-2.676449157297611237e-02
-3.476684689521789551e-01
4.056343138217926025e-01
-1.666534096002578735e-01
9.653456211090087891e-01
5.560330152511596680e-01
-1.727263033390045166e-01
3.108188807964324951e-01
-9.678757786750793457e-01
6.139138340950012207e-02
1.852963268756866455e-01
-4.685375392436981201e-01
-2.164899706840515137e-01
5.286394432187080383e-02
-2.117508947849273682e-01
-1.785195022821426392e-01
-1.164408326148986816e+00
6.707519888877868652e-01
-3.076519370079040527e-01
-6.068667769432067871e-01
1.476830601692199707e+00
2.111685276031494141e+00
-3.948901891708374023e-01
-9.915546178817749023e-01
6.902294605970382690e-02
1.018806815147399902e+00
4.748973250389099121e-01
-6.344946622848510742e-01
1.095021843910217285e+00
-6.359098106622695923e-02
6.873555183410644531e-01
9.639604091644287109e-01
-1.154803037643432617e+00
7.807600498199462891e-01
-4.394380375742912292e-02
4.859600365161895752e-01
-7.434859871864318848e-02
-2.564365565776824951e-01
-7.121832370758056641e-01
6.430297493934631348e-01
8.998296856880187988e-01
2.408707588911056519e-01
1.188973426818847656e+00
-1.321294754743576050e-01
-1.095034718513488770e+00
1.485153675079345703e+00
-3.721582293510437012e-01
-2.727352678775787354e-01
1.202903628349304199e+00
3.988162577152252197e-01
7.817271947860717773e-01
-2.375406324863433838e-01
5.896889567375183105e-01
-1.991991400718688965e-01
-3.769223093986511230e-01
2.676787972450256348e-01
-1.530492544174194336e+00
-4.206954836845397949e-01
-3.646034300327301025e-01
5.988065600395202637e-01
6.883221678435802460e-03
-1.749852113425731659e-02
-2.690047919750213623e-01
-5.716937780380249023e-02
5.311247706413269043e-02
9.477499127388000488e-01
1.466820120811462402e+00
-1.513828754425048828e+00
-6.509770750999450684e-01
3.294567465782165527e-01
-7.489060759544372559e-01
-7.023573517799377441e-01
1.084255695343017578e+00
4.585041403770446777e-01
2.771766781806945801e-01
4.154248535633087158e-01
-1.311840772628784180e+00
6.081919670104980469e-01
-4.212090075016021729e-01
5.511333346366882324e-01
4.189209043979644775e-01
-4.830176830291748047e-01
4.371686577796936035e-01
-1.416845798492431641e+00
-1.194115519523620605e+00
-1.808481693267822266e+00
-3.469169735908508301e-01
-1.291452407836914062e+00
2.085965424776077271e-01
-3.953191936016082764e-01
2.943434715270996094e-01
-2.536549866199493408e-01
-1.055514097213745117e+00
-8.796656727790832520e-01
-8.334110379219055176e-01
-4.128257930278778076e-01
3.217979371547698975e-01
-3.561038374900817871e-01
-1.621430814266204834e-01
4.231198504567146301e-02
-6.401345133781433105e-01
6.964675188064575195e-01
-1.433040380477905273e+00
2.525884628295898438e+00
4.145134985446929932e-01
-5.492864847183227539e-01
1.610891938209533691e+00
1.167194724082946777e+00
4.658948779106140137e-01
-6.617510914802551270e-01
9.960388541221618652e-01
-5.686223506927490234e-01
-1.045764565467834473e+00
1.791219413280487061e-01
-1.408205747604370117e+00
-7.252603769302368164e-01
2.881633639335632324e-01
2.427392899990081787e-01
8.512943387031555176e-01
2.044554948806762695e+00
-2.439242899417877197e-01
-8.294693231582641602e-01
-3.677591383457183838e-01
7.539942860603332520e-01
-1.179290533065795898e+00
1.580555886030197144e-01
1.640365600585937500e+00
1.046951532363891602e+00
2.015872448682785034e-01
7.352114319801330566e-01
1.177869200706481934e+00
5.420637726783752441e-01
-3.919258117675781250e-01
-2.156791388988494873e-01
-7.484791278839111328e-01
-7.815146446228027344e-01
1.485270977020263672e+00
-3.596542775630950928e-01
-7.437983751296997070e-01
-9.502781927585601807e-02
-7.877454161643981934e-01
1.243828415870666504e+00
5.337907671928405762e-01
-5.700783804059028625e-02
-3.889017701148986816e-01
9.543184638023376465e-01
4.788614809513092041e-01
-4.533658176660537720e-02
-8.087239265441894531e-01
-7.821835279464721680e-01
-2.205358743667602539e-01
9.226349592208862305e-01
1.170081615447998047e+00
4.765517637133598328e-02
-2.504283785820007324e-01
-7.225776314735412598e-01
9.839266538619995117e-01
-1.478613138198852539e+00
-8.333047628402709961e-01
1.406850218772888184e+00
4.673973619937896729e-01
-1.307773590087890625e+00
1.270670741796493530e-01
1.038924217224121094e+00
-6.494175642728805542e-02
1.652217209339141846e-01
-1.155874133110046387e+00
3.470272421836853027e-01
8.491521477699279785e-01
6.408032774925231934e-02
-1.761634111404418945e+00
-6.061589121818542480e-01
7.957934141159057617e-01
-6.797712445259094238e-01
2.268941849470138550e-01
6.233982443809509277e-01
6.084734201431274414e-01
1.134018898010253906e+00
3.128880858421325684e-01
-1.164749622344970703e+00
3.938190639019012451e-01
-3.235028088092803955e-01
-1.235136866569519043e+00
2.004659920930862427e-01
-7.231818437576293945e-01
2.639248371124267578e-01
-1.473819494247436523e+00
-3.857809901237487793e-01
-5.826869010925292969e-01
4.353163540363311768e-01
-2.059163898229598999e-01
-8.173604011535644531e-01
2.219595611095428467e-01
-1.434050351381301880e-01
1.224084794521331787e-01
8.825349062681198120e-02
-1.425903886556625366e-01
5.002305507659912109e-01
2.817367911338806152e-01
-1.202652677893638611e-01
-2.515116930007934570e-01
-8.172441124916076660e-01
-5.659455657005310059e-01
2.926672101020812988e-01
-1.792694777250289917e-01
-4.532608389854431152e-01
2.151399254798889160e-01
4.877384305000305176e-01
-5.914392471313476562e-01
-1.192805409431457520e+00
-1.049067854881286621e+00
3.673309981822967529e-01
1.983859390020370483e-01
1.184346675872802734e+00
3.332137763500213623e-01
-5.442515015602111816e-01
1.141178727149963379e+00
-9.409946203231811523e-01
6.060246825218200684e-01
-9.059736728668212891e-01
1.113956570625305176e+00
-9.235320985317230225e-02
-1.448345035314559937e-01
2.845971882343292236e-01
-8.587329387664794922e-01
6.064605712890625000e-01
4.512926340103149414e-01
1.984989047050476074e+00
8.153003454208374023e-01
-5.045349001884460449e-01
1.275565505027770996e+00
-7.390571832656860352e-01
8.496821522712707520e-01
-1.818888664245605469e+00
-2.733785629272460938e+00
-5.545924901962280273e-01
-6.150845885276794434e-01
9.737290740013122559e-01
-5.193895697593688965e-01
-1.881812885403633118e-02
1.386380076408386230e+00
-9.406585693359375000e-01
-4.517485499382019043e-01
-3.175121545791625977e-01
-5.966363102197647095e-02
2.147860825061798096e-02
7.544623017311096191e-01
1.181527614593505859e+00
-4.099946096539497375e-02
9.943500161170959473e-01
3.555722534656524658e-01
-3.279794752597808838e-02
2.782403230667114258e-01
-3.340637087821960449e-01
-4.979557096958160400e-01
4.868444502353668213e-01
8.147973418235778809e-01
8.093930035829544067e-02
3.622194230556488037e-01
-1.038972020149230957e+00
-1.335412025451660156e+00
6.552864611148834229e-02
8.614512085914611816e-01
-9.125640988349914551e-01
6.384635567665100098e-01
-7.044240236282348633e-01
-1.871291041374206543e+00
-1.815916448831558228e-01
-6.542453169822692871e-02
1.722370028495788574e+00
-1.129857182502746582e+00
-2.839588187634944916e-02
-3.923383653163909912e-01
1.860002428293228149e-01
-3.916431069374084473e-01
6.420539021492004395e-01
-3.678255081176757812e-01
-7.004221081733703613e-01
3.491960167884826660e-01
-1.756373345851898193e-01
3.155031800270080566e-01
8.925850391387939453e-01
5.700333714485168457e-01
7.713342308998107910e-01
2.702883183956146240e-01
-2.326271682977676392e-01
5.238823294639587402e-01
-7.320569157600402832e-01
1.675730943679809570e-01
-3.059711158275604248e-01
3.870318410918116570e-03
1.537235856056213379e+00
1.549927353858947754e+00
1.683457612991333008e+00
4.869244396686553955e-01
-6.392658948898315430e-01
-5.061511993408203125e-01
-8.971138298511505127e-02
6.061725616455078125e-01
-1.972018837928771973e+00
-1.547523885965347290e-01
-4.836339354515075684e-01
7.342397570610046387e-01
-4.237268567085266113e-01
-7.024278491735458374e-02
9.909314513206481934e-01
-4.481699168682098389e-01
-1.984939165413379669e-02
1.492292135953903198e-01
-6.832904815673828125e-01
1.516044884920120239e-01
-3.864918351173400879e-01
-7.786687612533569336e-01
-4.925573766231536865e-01
7.181324958801269531e-01
-1.454105734825134277e+00
-7.817900180816650391e-01
-3.621382415294647217e-01
4.853008389472961426e-01
1.745164580643177032e-02
-3.814124763011932373e-01
-7.678398489952087402e-01
-4.063670039176940918e-01
-1.198364615440368652e+00
-1.906415820121765137e+00
-3.519218862056732178e-01
-5.531148612499237061e-02
8.086907863616943359e-02
-3.654855787754058838e-01
-5.507307052612304688e-01
4.592993855476379395e-01
-7.088168710470199585e-02
1.121677085757255554e-01
4.399558901786804199e-01
2.524388730525970459e-01
1.257281541824340820e+00
9.288268089294433594e-01
5.341905951499938965e-01
-3.103090524673461914e-01
-8.734112381935119629e-01
1.417572796344757080e-01
9.445889592170715332e-01
5.939345955848693848e-01
-5.132659077644348145e-01
-6.421513557434082031e-01
-4.667436778545379639e-01
9.542995095252990723e-01
5.392540097236633301e-01
4.013157188892364502e-01
1.816312074661254883e-01
4.355406463146209717e-01
-6.270523667335510254e-01
-1.138985872268676758e+00
6.917476654052734375e-01
-1.413815379142761230e+00
-1.475785374641418457e-01
5.126351118087768555e-01
-1.323961019515991211e-01
-2.913760244846343994e-01
-6.257587075233459473e-01
-4.087733849883079529e-02
-1.275979280471801758e-01
-1.685346215963363647e-01
-1.563040018081665039e-01
1.157754302024841309e+00
9.913121461868286133e-01
-7.797514796257019043e-01
1.161481618881225586e+00
1.119241833686828613e+00
3.835048377513885498e-01
-5.234472751617431641e-01
6.284103393554687500e-01
-2.299080848693847656e+00
8.234021663665771484e-01
-2.384165376424789429e-01
-3.361641466617584229e-01
5.245524644851684570e-01
1.994200229644775391e+00
-5.627761408686637878e-02
-1.045794606208801270e+00
-2.784077823162078857e-01
1.439218640327453613e+00
2.116844415664672852e+00
-1.888648271560668945e+00
-3.027140200138092041e-01
1.026934385299682617e-01
-7.145670652389526367e-01
6.137870252132415771e-02
3.734290599822998047e-01
-5.470741391181945801e-01
3.268142342567443848e-01
-4.590564370155334473e-01
-5.451463460922241211e-01
-4.459913372993469238e-01
-8.013820052146911621e-01
1.365499198436737061e-01
8.184334635734558105e-01
-1.446673423051834106e-01
1.862032338976860046e-02
-3.445728123188018799e-01
-5.366125106811523438e-01
-1.122365474700927734e+00
3.921501934528350830e-01
8.097505569458007812e-01
2.917066812515258789e-01
1.753478795289993286e-01
-6.181529760360717773e-01
-1.096482396125793457e+00
3.102292716503143311e-01
-5.763104557991027832e-01
1.226054355502128601e-01
5.471778512001037598e-01
-1.446514204144477844e-02
7.293168902397155762e-01
6.031840667128562927e-02
-2.059141695499420166e-01
-1.750063598155975342e-01
5.842483639717102051e-01
-1.620910912752151489e-01
-2.199013531208038330e-01
4.120199680328369141e-01
-1.758542537689208984e+00
-5.087260007858276367e-01
-5.441576242446899414e-01
-9.731593728065490723e-01
-6.558784008026123047e+00
2.162407711148262024e-02
2.624244689941406250e-01
-1.343590497970581055e+00
6.994729638099670410e-01
1.630916476249694824e+00
-2.488617599010467529e-01
1.144097566604614258e+00
8.004120588302612305e-01
-9.710768461227416992e-01
-5.194393917918205261e-02
1.523916363716125488e+00
1.440202444791793823e-01
7.866693735122680664e-01
-9.547755122184753418e-01
-6.187886595726013184e-01
5.529723763465881348e-01
5.516180396080017090e-01
1.122430205345153809e+00
-6.684575676918029785e-01
-3.238916158676147461e+00
3.286307156085968018e-01
-9.374128580093383789e-01
1.529967188835144043e-01
1.740880310535430908e-01
1.674202680587768555e-01
-4.866400957107543945e-01
-6.043354868888854980e-01
-5.501104593276977539e-01
-7.470929622650146484e-01
-7.917883992195129395e-01
2.677063643932342529e-01
-3.047163188457489014e-01
2.531324386596679688e+00
-8.262446522712707520e-01
7.063866257667541504e-01
6.413900256156921387e-01
-1.165623784065246582e+00
1.803399026393890381e-01
-8.327279686927795410e-01
5.606790781021118164e-01
3.206475079059600830e-01
-7.455022335052490234e-01
-2.166132926940917969e-01
4.633055627346038818e-01
1.292135864496231079e-01
1.277223587036132812e+00
5.795740485191345215e-01
2.335358560085296631e-01
1.669171452522277832e-01
-1.455035954713821411e-01
-3.753622174263000488e-01
6.648631691932678223e-01
-4.304977059364318848e-01
5.596144795417785645e-01
1.261034727096557617e+00
3.288536369800567627e-01
-3.641948401927947998e-01
-3.715214086696505547e-03
-4.656618237495422363e-01
-6.868239641189575195e-01
8.252204060554504395e-01
2.341925799846649170e-01
3.216142952442169189e-01
9.061099290847778320e-01
-7.934014201164245605e-01
-4.936180114746093750e-01
1.651673197746276855e+00
1.781647324562072754e+00
1.487192034721374512e+00
-7.253459095954895020e-01
5.260671973228454590e-01
9.375981092453002930e-01
-2.995992302894592285e-01
1.719419471919536591e-02
9.871821403503417969e-01
1.955456733703613281e-01
-6.225207448005676270e-01
-8.305523991584777832e-01
7.230991125106811523e-01
