1.542677283287048340e-01
1.311728477478027344e+00
-1.239098191261291504e+00
-6.537991166114807129e-01
-1.134863719344139099e-01
-3.915299475193023682e-01
2.710599601268768311e-01
-8.749175667762756348e-01
-2.381532430648803711e+00
1.122518420219421387e+00
2.116861104965209961e+00
-9.085390567779541016e-01
2.971032261848449707e-01
-5.355300903320312500e-01
6.955007314682006836e-01
-1.937688469886779785e+00
2.542627751827239990e-01
-6.622282415628433228e-02
-7.672942280769348145e-01
4.264076054096221924e-01
1.597490310668945312e+00
6.137247011065483093e-02
-6.372480839490890503e-02
3.453190624713897705e-01
-1.551028132438659668e+00
-6.711617112159729004e-01
5.991488099098205566e-01
-5.605967044830322266e-01
-2.177570819854736328e+00
-1.958975195884704590e-01
-1.005703091621398926e+00
8.433738350868225098e-01
-5.674825608730316162e-02
-6.278067231178283691e-01
1.026559710502624512e+00
6.979690790176391602e-01
-8.269186131656169891e-03
1.785516738891601562e-02
-1.421497296541929245e-02
2.046751976013183594e+00
1.250884979963302612e-01
-5.693578124046325684e-01
-1.719497144222259521e-01
1.356686830520629883e+00
1.045508742332458496e+00
1.563635617494583130e-01
5.077327787876129150e-02
-1.880321502685546875e+00
-7.692928910255432129e-01
1.320227026939392090e+00
-5.923074483871459961e-01
-4.416614174842834473e-01
4.200250282883644104e-02
-1.502207398414611816e+00
-2.865114510059356689e-01
1.752147078514099121e-01
2.237180918455123901e-01
7.463706135749816895e-01
1.456587553024291992e+00
6.203185319900512695e-01
-7.105080485343933105e-01
-5.350409746170043945e-01
6.368280053138732910e-01
-5.656880736351013184e-01
8.962491750717163086e-01
-8.075649142265319824e-01
3.196550905704498291e-01
8.489288687705993652e-01
-2.662208080291748047e-01
-1.889998555183410645e+00
-2.956778705120086670e-01
-4.871606230735778809e-01
-1.629615724086761475e-01
-3.561377823352813721e-01
4.760539233684539795e-01
-1.151434630155563354e-01
-2.200940847396850586e-01
-4.088421911001205444e-02
1.107370495796203613e+00
9.697118401527404785e-01
-1.712224036455154419e-01
1.516515851020812988e+00
-1.321698784828186035e+00
6.237292885780334473e-01
-3.894237577915191650e-01
-2.449184888973832130e-03
-6.608176827430725098e-01
-9.947395920753479004e-01
-8.834108114242553711e-01
-5.356293916702270508e-01
-9.047566056251525879e-01
-1.007295250892639160e+00
-1.223046064376831055e+00
-2.754850983619689941e-01
-7.922566533088684082e-01
5.901949405670166016e-01
1.786740422248840332e+00
-2.702734172344207764e-01
8.735167384147644043e-01
1.611041069030761719e+00
-1.014134213328361511e-01
-6.124876067042350769e-02
-1.020505189895629883e+00
9.400601685047149658e-02
-8.836240768432617188e-01
-4.445418119430541992e-01
-5.047307610511779785e-01
7.829415798187255859e-01
1.219589188694953918e-01
5.333949923515319824e-01
7.439274787902832031e-01
8.220112919807434082e-01
-2.622429430484771729e-01
-1.673928946256637573e-01
3.495479524135589600e-01
6.121110916137695312e-02
-9.653749465942382812e-01
-1.069203495979309082e+00
-8.670120835304260254e-01
1.330415248870849609e+00
-1.023227691650390625e+00
1.245988845825195312e+00
-1.642242312431335449e+00
3.078056573867797852e-01
1.333541870117187500e+00
2.304043024778366089e-01
1.389589667320251465e+00
-9.124175906181335449e-01
-5.052207112312316895e-01
-8.029388785362243652e-01
5.572542548179626465e-01
-5.212795138359069824e-01
-2.879036962985992432e-01
-1.889536142349243164e+00
3.449425995349884033e-01
7.474293708801269531e-01
1.104990124702453613e+00
-2.458876073360443115e-01
6.969410181045532227e-01
3.846647441387176514e-01
-6.257182359695434570e-01
5.133005976676940918e-01
-6.156986355781555176e-01
-1.606382369995117188e+00
1.524700403213500977e+00
8.475583195686340332e-01
1.523878574371337891e+00
5.091391205787658691e-01
2.325587123632431030e-01
1.911793798208236694e-01
-1.742740750312805176e+00
1.279652476310729980e+00
3.095393180847167969e-01
-5.017459392547607422e-01
1.202250003814697266e+00
-9.097111821174621582e-01
-4.623416066169738770e-01
1.348789222538471222e-02
-1.337938189506530762e+00
3.320484757423400879e-01
8.261227011680603027e-01
-2.210682779550552368e-01
6.234106793999671936e-02
-9.813054203987121582e-01
4.323195666074752808e-03
-9.973025918006896973e-01
-6.505128741264343262e-01
2.322551757097244263e-01
6.035804748535156250e-01
7.576355338096618652e-01
-5.898356437683105469e-01
-1.301468372344970703e+00
-1.684430956840515137e+00
1.463502794504165649e-01
-2.423872500658035278e-01
2.181124538183212280e-01
3.060806989669799805e-01
-7.373690009117126465e-01
-1.857744306325912476e-01
1.182949662208557129e+00
2.419517487287521362e-01
-6.914685368537902832e-01
1.867662370204925537e-01
-4.890729486942291260e-01
1.481016993522644043e+00
-1.023921608924865723e+00
-1.766354918479919434e+00
-6.136862635612487793e-01
2.932707071304321289e-01
-5.926958918571472168e-01
3.497534245252609253e-02
1.190426468849182129e+00
1.003999352455139160e+00
2.485964447259902954e-01
-6.409687399864196777e-01
-2.297126799821853638e-01
-2.649933695793151855e-01
9.556356668472290039e-01
6.947176903486251831e-02
-1.138454914093017578e+00
6.225043535232543945e-01
-8.688923120498657227e-01
7.822568416595458984e-01
-3.939262330532073975e-01
4.503984451293945312e-01
-1.997262984514236450e-01
7.317069172859191895e-01
3.246264457702636719e-01
2.142419666051864624e-01
4.236120879650115967e-01
-1.206468224525451660e+00
-6.431697607040405273e-01
1.318267822265625000e+00
-4.105260074138641357e-01
-3.391192555427551270e-01
1.234088778495788574e+00
-8.808435201644897461e-01
-1.645842194557189941e+00
-1.400704026222229004e+00
2.427957653999328613e-01
5.549735426902770996e-01
4.982324242591857910e-01
-3.093324601650238037e-01
-1.246492862701416016e+00
2.175558090209960938e+00
-7.642899155616760254e-01
-6.298587918281555176e-01
1.192151233553886414e-01
2.831973731517791748e-01
-5.804241895675659180e-01
2.733606696128845215e-01
4.783706963062286377e-01
-2.187065362930297852e+00
-2.493943125009536743e-01
1.256497502326965332e+00
3.550488352775573730e-01
9.136735200881958008e-01
-4.631600379943847656e-01
7.615507245063781738e-01
8.279464840888977051e-01
4.140821397304534912e-01
-1.026865124702453613e+00
-1.307658910751342773e+00
2.930879592895507812e-01
-1.581958889961242676e+00
-5.037170052528381348e-01
7.081558108329772949e-01
-5.748641118407249451e-02
1.071446299552917480e+00
3.457265198230743408e-01
1.822853982448577881e-01
-1.460874557495117188e+00
5.534293130040168762e-02
-9.601444005966186523e-01
-1.036188006401062012e+00
-1.148130223155021667e-01
8.132605552673339844e-01
2.054854854941368103e-02
2.575514316558837891e-01
-6.385163664817810059e-01
-3.033815324306488037e-01
7.186557650566101074e-01
-1.564503550529479980e+00
1.650082945823669434e+00
-3.258206844329833984e-01
9.260664582252502441e-01
2.361505270004272461e+00
9.742949008941650391e-01
3.053345441818237305e+00
-7.144452929496765137e-01
9.519108384847640991e-02
5.574511289596557617e-01
3.556924760341644287e-01
1.185522079467773438e+00
-2.607959210872650146e-01
6.625596284866333008e-01
1.398407369852066040e-01
-1.449630379676818848e+00
-1.338745594024658203e+00
-4.648485779762268066e-01
-4.904281198978424072e-01
5.001596212387084961e-01
5.128942728042602539e-01
7.712724804878234863e-01
4.146151542663574219e-01
-5.169064402580261230e-01
2.206610888242721558e-01
-8.288965225219726562e-01
-1.199156194925308228e-01
-7.146170139312744141e-01
-9.368488192558288574e-01
-3.166453167796134949e-02
-4.785269796848297119e-01
1.856943011283874512e+00
3.552626371383666992e-01
2.280064625665545464e-03
-6.035531759262084961e-01
-8.265127539634704590e-01
-3.201473057270050049e-01
-1.917893648147583008e+00
4.226490557193756104e-01
-3.088355064392089844e-01
9.751046895980834961e-01
1.157945871353149414e+00
5.330907106399536133e-01
-1.203721165657043457e-01
1.436137706041336060e-01
-5.941271185874938965e-01
8.274858593940734863e-01
-1.285144090652465820e-01
7.317574322223663330e-02
5.602230429649353027e-01
1.151422262191772461e+00
-3.956520855426788330e-01
-6.795934438705444336e-01
-3.255479410290718079e-02
1.075860500335693359e+00
-5.196697115898132324e-01
1.018611907958984375e+00
6.041967868804931641e-01
-7.330070734024047852e-01
-5.132822394371032715e-01
-8.367135524749755859e-01
-7.599161863327026367e-01
-4.593844991177320480e-03
-1.194265723228454590e+00
-3.226568996906280518e-01
-1.400802016258239746e+00
-9.093809127807617188e-01
1.719964742660522461e+00
1.515562981367111206e-01
2.230343818664550781e-01
6.757318973541259766e-02
3.509816825389862061e-01
-5.381162762641906738e-01
1.782137751579284668e-01
1.147514939308166504e+00
-7.801829576492309570e-01
1.164005041122436523e+00
-1.318707942962646484e+00
1.438686370849609375e+00
3.451405838131904602e-02
6.672651320695877075e-02
-5.942121148109436035e-01
-9.131712317466735840e-01
1.069052100181579590e+00
-1.412693262100219727e-01
-1.106897830963134766e+00
-8.136700391769409180e-01
-3.553992509841918945e-01
4.710021317005157471e-01
-5.917993783950805664e-01
-9.333735108375549316e-01
1.048584461212158203e+00
-2.695643305778503418e-01
-9.205598235130310059e-01
-2.418539300560951233e-02
-8.991869091987609863e-01
-8.353290706872940063e-02
2.059389650821685791e-01
-1.173260360956192017e-01
4.029950499534606934e-01
-1.042978882789611816e+00
-2.401308119297027588e-01
5.250768065452575684e-01
-1.933538317680358887e+00
1.577384471893310547e-01
1.374429821968078613e+00
9.590459465980529785e-01
1.370889663696289062e+00
3.370814025402069092e-02
1.834019780158996582e+00
9.976907819509506226e-02
3.382784724235534668e-01
5.844392180442810059e-01
-1.100112915039062500e+00
4.496125876903533936e-01
-6.703675389289855957e-01
-2.165057212114334106e-01
8.043740391731262207e-01
1.601045966148376465e+00
1.286462664604187012e+00
1.085285544395446777e+00
2.002561092376708984e-01
-8.665975332260131836e-01
-4.622989892959594727e-01
1.249014616012573242e+00
-1.317747473716735840e+00
2.457814931869506836e+00
2.244894802570343018e-01
1.576781988143920898e+00
-9.242246747016906738e-01
1.505392670631408691e+00
-1.031248331069946289e+00
5.307404994964599609e-01
-6.924532353878021240e-03
-8.125129342079162598e-01
-2.688400149345397949e-01
-5.252430438995361328e-01
1.209103912115097046e-01
2.399949580430984497e-01
-4.198682904243469238e-01
5.556303262710571289e-01
-1.897581666707992554e-01
-4.562017321586608887e-01
3.553855419158935547e-01
-2.053651332855224609e+00
-8.027768135070800781e-01
-4.856759309768676758e-01
3.382993936538696289e-01
6.595915555953979492e-01
1.407864391803741455e-01
-4.638956785202026367e-01
4.508491754531860352e-01
-1.991088241338729858e-01
1.108256220817565918e+00
3.340322077274322510e-01
-2.096781581640243530e-01
-9.483148455619812012e-01
1.749031782150268555e+00
-1.282944798469543457e+00
-1.687295138835906982e-01
2.977603673934936523e-01
-8.788575530052185059e-01
-9.545429944992065430e-01
2.057653218507766724e-01
-9.164710044860839844e-01
-1.050544738769531250e+00
-4.520727992057800293e-01
-1.221314072608947754e+00
1.172972768545150757e-01
4.883150458335876465e-01
-2.487424910068511963e-01
-1.741149306297302246e+00
-3.156439065933227539e-01
1.281689047813415527e+00
-3.501801788806915283e-01
-6.220503449440002441e-01
1.237966895103454590e+00
-1.707185246050357819e-02
2.842473685741424561e-01
2.400034219026565552e-01
-3.698810040950775146e-01
6.308728456497192383e-01
8.589283227920532227e-01
6.246592849493026733e-02
6.750741600990295410e-01
-4.406198859214782715e-01
3.308062553405761719e-01
-1.155289173126220703e+00
-1.039927363395690918e+00
-3.591538667678833008e-01
-1.290120601654052734e+00
-5.447667837142944336e-01
6.236382722854614258e-01
-5.990594029426574707e-01
7.246571779251098633e-01
-4.600199759006500244e-01
-1.407661795616149902e+00
-9.657413512468338013e-02
2.657565772533416748e-01
8.526300191879272461e-01
4.010699689388275146e-01
-1.707450449466705322e-01
-9.106311202049255371e-01
-7.983587980270385742e-01
5.333588719367980957e-01
5.485391020774841309e-01
-1.282435804605484009e-01
1.402404457330703735e-01
-1.224416196346282959e-01
-2.982119023799896240e-01
-5.336163640022277832e-01
2.174018472433090210e-01
-9.064693450927734375e-01
4.553338289260864258e-01
5.310512781143188477e-01
-6.242512464523315430e-01
-1.083731770515441895e+00
1.226662397384643555e+00
1.791588366031646729e-01
3.900412321090698242e-01
-6.351261138916015625e-01
9.937925636768341064e-02
4.572421908378601074e-01
3.463203907012939453e-01
-7.495158314704895020e-01
2.199207060039043427e-02
1.555437564849853516e+00
1.339849550276994705e-02
-4.911664426326751709e-01
8.346562981605529785e-01
-5.219717621803283691e-01
1.195873916149139404e-01
-4.914420843124389648e-01
1.760920584201812744e-01
-5.074225664138793945e-01
-7.930994033813476562e-01
-8.312340080738067627e-02
-1.060502529144287109e+00
3.099002838134765625e-01
-3.970063626766204834e-01
-9.492007493972778320e-01
1.147581934928894043e+00
7.836680412292480469e-01
-8.439859151840209961e-01
-5.425169467926025391e-01
-2.566984295845031738e-01
-6.400943398475646973e-01
8.038949966430664062e-01
9.425156712532043457e-01
-6.860043406486511230e-01
1.721867561340332031e+00
-1.036017388105392456e-01
3.352615833282470703e-01
3.630340397357940674e-01
-1.646472334861755371e+00
1.604866683483123779e-01
3.041933476924896240e-02
2.137999981641769409e-01
2.530897557735443115e-01
-8.961074054241180420e-02
-1.532480835914611816e+00
-1.010148286819458008e+00
-8.843066692352294922e-01
-1.467456668615341187e-01
-5.967196822166442871e-01
-5.970571041107177734e-01
-4.540756642818450928e-01
-1.794772148132324219e+00
7.094570994377136230e-02
-8.940249681472778320e-01
3.046145737171173096e-01
-1.427080273628234863e+00
-1.066528797149658203e+00
-1.462496966123580933e-01
1.001143336296081543e+00
-6.000064611434936523e-01
-1.665140241384506226e-01
2.618479728698730469e-02
8.988621234893798828e-01
1.507780790328979492e+00
4.127639234066009521e-01
6.802009344100952148e-01
1.390868902206420898e+00
5.130158662796020508e-01
1.231856822967529297e+00
9.276511520147323608e-02
3.902969062328338623e-01
-5.523054599761962891e-01
2.302929311990737915e-01
1.412922859191894531e+00
-1.051151871681213379e+00
-6.752062439918518066e-01
1.363999009132385254e+00
1.249017119407653809e+00
2.640766799449920654e-01
8.045314550399780273e-01
-2.621912062168121338e-01
-2.978465557098388672e-01
-5.828494429588317871e-01
7.224290370941162109e-01
-6.310981512069702148e-01
7.262817621231079102e-01
-7.931174337863922119e-02
1.071118354797363281e+00
1.639256924390792847e-01
-9.035592675209045410e-01
1.650894433259963989e-01
-2.619187533855438232e-01
1.431024074554443359e+00
-2.054306566715240479e-01
2.989111542701721191e-01
6.463307738304138184e-01
-4.471100270748138428e-01
8.980929106473922729e-02
4.587937295436859131e-01
-6.178501248359680176e-01
-1.385759949684143066e+00
-1.370083093643188477e+00
-1.182851314544677734e+00
1.359456777572631836e+00
-2.407783269882202148e-01
-1.814541369676589966e-01
-2.011953890323638916e-01
9.602532535791397095e-02
-1.190843820571899414e+00
3.195196688175201416e-01
4.814439415931701660e-01
-1.971459239721298218e-01
-8.068832755088806152e-01
4.490107893943786621e-01
1.018594622611999512e+00
2.760459482669830322e-02
1.459977746009826660e+00
-2.704758080653846264e-04
1.520814299583435059e+00
1.191663090139627457e-02
1.084158062934875488e+00
9.607886672019958496e-01
6.590912938117980957e-01
-1.114005565643310547e+00
-1.071189165115356445e+00
6.589778065681457520e-01
2.673185467720031738e-01
-7.651328444480895996e-01
5.266155004501342773e-01
-1.496477484703063965e+00
-2.951470315456390381e-01
5.104665756225585938e-01
2.229191809892654419e-01
-4.211523532867431641e-01
1.747862994670867920e-01
9.672521352767944336e-01
-2.212343692779541016e+00
-3.661887049674987793e-01
6.452339291572570801e-01
-1.128371357917785645e+00
-4.350434839725494385e-01
-2.380353398621082306e-02
8.092218637466430664e-01
2.277393192052841187e-01
-9.146611094474792480e-01
-1.368967175483703613e+00
-5.913551449775695801e-01
9.405778050422668457e-01
1.596987962722778320e+00
1.174381971359252930e+00
7.281517982482910156e-01
2.712292373180389404e-01
6.627960205078125000e-01
-5.997626185417175293e-01
2.188856840133666992e+00
8.224548697471618652e-01
1.255683422088623047e+00
2.236671373248100281e-02
3.999496810138225555e-03
1.821529418230056763e-01
3.040863573551177979e-01
1.399936228990554810e-01
5.273026227951049805e-01
9.237419366836547852e-01
-8.558692783117294312e-02
6.273820996284484863e-01
6.418994069099426270e-01
8.207477331161499023e-01
5.656225681304931641e-01
2.961467504501342773e-01
4.484624266624450684e-01
-1.128506779670715332e+00
-9.901099205017089844e-01
-3.387679532170295715e-02
-1.850700020790100098e+00
1.272591650485992432e-01
2.642852663993835449e-01
-1.064792037010192871e+00
-8.027125597000122070e-01
1.713523827493190765e-02
1.219558194279670715e-01
-1.123302221298217773e+00
-5.310899615287780762e-01
-4.457218050956726074e-01
4.562913179397583008e-01
1.271462917327880859e+00
-1.251502394676208496e+00
9.607513546943664551e-01
1.257612705230712891e+00
1.300817251205444336e+00
-1.264076471328735352e+00
-2.292096614837646484e-03
-3.599596917629241943e-01
7.189052700996398926e-01
-1.017598867416381836e+00
1.189203381538391113e+00
7.176536321640014648e-01
2.464276552200317383e-01
-1.171130537986755371e+00
2.147733271121978760e-01
-7.700309157371520996e-01
-9.739140421152114868e-02
-1.404819041490554810e-01
-1.207414627075195312e+00
3.997340500354766846e-01
6.549742221832275391e-01
-1.156037092208862305e+00
-7.724981904029846191e-01
-2.105884552001953125e-01
1.115607097744941711e-01
-6.965939998626708984e+00
5.825060978531837463e-02
-1.021725654602050781e+00
-3.328777253627777100e-01
1.200647711753845215e+00
-1.237181663513183594e+00
-9.191753864288330078e-01
1.085806965827941895e+00
-5.632334351539611816e-01
-5.216157436370849609e-01
2.674611210823059082e-01
2.313301324844360352e+00
6.063622832298278809e-01
-2.566944062709808350e-01
-2.791414856910705566e-01
8.123623728752136230e-01
6.545085310935974121e-01
4.238887727260589600e-01
2.022093772888183594e+00
1.710781157016754150e-01
-2.515783786773681641e+00
1.009079933166503906e+00
-2.989798486232757568e-01
4.805760383605957031e-01
-6.798668503761291504e-01
3.487368226051330566e-01
-3.555399477481842041e-01
-2.116840332746505737e-01
1.313442230224609375e+00
1.475024521350860596e-01
-3.766209185123443604e-01
-1.433525562286376953e+00
-1.406098842620849609e+00
3.685803174972534180e+00
-6.753569003194570541e-03
2.296640396118164062e+00
-5.081578493118286133e-01
5.758213996887207031e-01
1.468093246221542358e-01
-5.866048932075500488e-01
2.997971177101135254e-01
-1.165011763572692871e+00
-8.555023074150085449e-01
-2.836071491241455078e+00
5.272909402847290039e-01
-1.159646391868591309e+00
-3.198682069778442383e-01
1.519010663032531738e-01
-2.548429369926452637e-01
-2.313317507505416870e-01
8.880699053406715393e-03
-6.299235224723815918e-01
-6.757609248161315918e-01
-1.570647597312927246e+00
5.142881870269775391e-01
1.761592864990234375e+00
3.091947436332702637e-01
-1.029084682464599609e+00
4.404503107070922852e-02
-1.707953810691833496e+00
6.743825078010559082e-01
9.136906266212463379e-01
2.833909392356872559e-01
-1.231160834431648254e-01
4.905562996864318848e-01
9.188042283058166504e-01
-5.300155878067016602e-01
6.530746221542358398e-01
-5.996102467179298401e-02
-1.123134732246398926e+00
-2.114211320877075195e+00
1.081494808197021484e+00
1.223966836929321289e+00
-3.174020051956176758e-01
-5.769022703170776367e-01
1.000962615013122559e+00
-1.092731237411499023e+00
8.961267471313476562e-01
-8.676602840423583984e-01
-2.368523180484771729e-01
