6.473573446273803711e-01
1.159408569335937500e+00
8.568099141120910645e-01
1.837584376335144043e-01
2.316715419292449951e-01
-5.574008226394653320e-01
-4.848222136497497559e-01
5.230009555816650391e-01
-8.578373789787292480e-01
-6.013493537902832031e-01
-1.153636693954467773e+00
-7.758976221084594727e-01
5.921456813812255859e-01
6.668639183044433594e-02
-3.959033191204071045e-01
-9.463886022567749023e-01
-4.849499166011810303e-01
-5.787376761436462402e-01
-3.521984517574310303e-01
-8.467170596122741699e-01
5.632326006889343262e-01
-3.153401911258697510e-01
6.670754402875900269e-02
9.825692325830459595e-02
6.358202099800109863e-01
2.578027546405792236e-01
-1.368794739246368408e-01
2.081558555364608765e-01
-1.568866848945617676e+00
5.240747928619384766e-01
-2.052375078201293945e+00
-1.293569058179855347e-01
-3.258539438247680664e-01
-9.208393283188343048e-03
-1.189022183418273926e+00
-3.972220122814178467e-01
-8.019204139709472656e-01
-2.483577489852905273e+00
-5.117341876029968262e-02
1.119129538536071777e+00
-9.490730762481689453e-01
6.940429657697677612e-02
5.139724016189575195e-01
-4.947657883167266846e-01
-2.588425762951374054e-02
1.610373728908598423e-03
-3.788320422172546387e-01
-7.327791452407836914e-01
-3.636350631713867188e-01
5.041814446449279785e-01
-3.750295639038085938e-01
-4.763965010643005371e-01
5.930552482604980469e-01
7.626211047172546387e-01
5.316237807273864746e-01
-1.469844460487365723e+00
2.700519561767578125e-01
-1.345926880836486816e+00
9.743630886077880859e-02
-2.773891687393188477e-01
1.407762050628662109e+00
2.082064747810363770e-01
1.348528742790222168e+00
-3.702126741409301758e-01
-1.866664886474609375e-01
-5.074186325073242188e-01
-5.603511929512023926e-01
2.614976838231086731e-03
6.664713621139526367e-01
-6.958401799201965332e-01
4.001118987798690796e-02
3.392637073993682861e-01
2.624092102050781250e-01
-1.457390189170837402e+00
-1.079562976956367493e-01
1.028715252876281738e+00
-6.013565063476562500e-01
-1.860239207744598389e-01
-1.307963132858276367e-01
1.489364624023437500e+00
7.774264812469482422e-01
-5.869216322898864746e-01
-1.503974676132202148e+00
-6.229535341262817383e-01
-1.379050165414810181e-01
1.188143372535705566e+00
1.241688281297683716e-01
-3.985648974776268005e-02
-1.131932377815246582e+00
-2.915469522122293711e-04
-6.451003551483154297e-01
-1.158969879150390625e+00
-9.918588399887084961e-01
1.223780035972595215e+00
-8.450051546096801758e-01
-5.197296664118766785e-02
1.185644268989562988e-01
-7.068392038345336914e-01
-1.620268106460571289e+00
4.826399683952331543e-01
6.258901953697204590e-01
9.108976274728775024e-02
8.857797980308532715e-01
-2.066323161125183105e-01
-7.641791552305221558e-02
-3.133417069911956787e-01
-1.595477342605590820e+00
1.328877687454223633e+00
6.405525803565979004e-01
3.681848943233489990e-02
-2.097167521715164185e-01
-2.419342100620269775e-01
-1.619662642478942871e+00
-1.027977347373962402e+00
-1.819522231817245483e-01
-7.260881662368774414e-01
-5.663844347000122070e-01
-1.846898674964904785e+00
-2.833425998687744141e-01
6.616569161415100098e-01
-4.672459661960601807e-01
1.389092087745666504e+00
-8.532906770706176758e-01
1.288137733936309814e-01
-5.103744864463806152e-01
4.317256212234497070e-01
1.621993541717529297e+00
5.370940566062927246e-01
-6.199104711413383484e-02
-7.339329719543457031e-01
5.911541581153869629e-01
6.460471451282501221e-02
1.090781450271606445e+00
-3.580438792705535889e-01
-1.056562185287475586e+00
-5.348297953605651855e-01
1.309055089950561523e+00
-1.736814081668853760e-01
-6.172400712966918945e-01
2.825584411621093750e-01
-9.189875125885009766e-01
-4.639444351196289062e-01
1.486040949821472168e-01
7.377994246780872345e-03
-6.048294305801391602e-01
1.117578506469726562e+00
1.301520586013793945e+00
-3.306484520435333252e-01
-1.557912677526473999e-01
9.107200056314468384e-02
6.483344435691833496e-01
1.597606576979160309e-02
1.020730137825012207e-01
5.675575137138366699e-01
4.175308644771575928e-01
-2.658382058143615723e-01
-1.611076712608337402e+00
-1.129249453544616699e+00
-8.133051395416259766e-01
-2.220918387174606323e-01
-2.428401410579681396e-01
-9.943825006484985352e-01
6.385897397994995117e-01
-5.293484330177307129e-01
1.140186071395874023e+00
-9.754784703254699707e-01
-6.034712791442871094e-01
2.081307321786880493e-01
3.353228271007537842e-01
2.507983520627021790e-02
-1.345347642898559570e+00
-3.991284370422363281e-01
-1.551585674285888672e+00
-8.280386775732040405e-02
9.861041903495788574e-01
7.139245867729187012e-01
3.343302905559539795e-01
-6.051686406135559082e-01
-5.672066807746887207e-01
2.179959565401077271e-01
-5.221931934356689453e-01
-9.308101534843444824e-01
-3.833184838294982910e-01
-9.777134060859680176e-01
5.425387620925903320e-01
-1.359166860580444336e+00
-2.379347831010818481e-01
-9.604476690292358398e-01
8.215377926826477051e-01
1.140922307968139648e-01
2.343035191297531128e-01
1.194586753845214844e+00
-4.823017716407775879e-01
5.652334094047546387e-01
-1.118803143501281738e+00
1.768085807561874390e-01
-1.109575390815734863e+00
1.827073812484741211e+00
-4.613673388957977295e-01
-1.121784806251525879e+00
7.026335597038269043e-01
-1.442018151283264160e-01
4.351762533187866211e-01
2.978254258632659912e-01
2.904161214828491211e-01
-2.323767989873886108e-01
4.689530730247497559e-01
-5.243009328842163086e-01
1.462971806526184082e+00
-1.817569017410278320e+00
8.631730675697326660e-01
-2.625498920679092407e-02
5.892800688743591309e-01
-3.121850267052650452e-02
-2.397574633359909058e-01
4.336733222007751465e-01
7.860085368156433105e-01
6.284943968057632446e-02
-3.136028051376342773e-01
8.487420529127120972e-02
5.021191239356994629e-01
1.072143077850341797e+00
-5.369394421577453613e-01
-1.948626786470413208e-01
1.392727613449096680e+00
2.881463468074798584e-01
1.101585626602172852e+00
-2.268194593489170074e-02
-1.213191032409667969e+00
-5.317206978797912598e-01
7.889916896820068359e-01
6.313464045524597168e-01
9.844960272312164307e-02
5.186813697218894958e-02
-3.574473857879638672e-01
3.621326982975006104e-01
1.419162631034851074e+00
-5.354931950569152832e-01
-5.776559114456176758e-01
-1.740676999092102051e+00
2.110997885465621948e-01
-4.678436815738677979e-01
-1.427073836326599121e+00
2.175351083278656006e-01
2.084448374807834625e-02
2.614216506481170654e-01
1.711602956056594849e-01
1.558541417121887207e+00
1.325637459754943848e+00
4.839628338813781738e-01
-6.373176574707031250e-01
-1.739538788795471191e+00
-5.342029929161071777e-01
-1.355912566184997559e+00
4.959295094013214111e-01
-8.729742765426635742e-01
8.755257725715637207e-01
-7.420015335083007812e-01
-1.398228287696838379e+00
-4.615308940410614014e-01
9.822775125503540039e-01
5.510340929031372070e-01
1.094160079956054688e+00
-1.403655052185058594e+00
-7.522956728935241699e-01
4.426599144935607910e-01
-4.366080462932586670e-01
1.963996887207031250e-01
1.429855585098266602e+00
-2.680936753749847412e-01
-3.224834501743316650e-01
6.785781979560852051e-01
-2.554273903369903564e-01
8.564759492874145508e-01
1.539291441440582275e-01
2.719882428646087646e-01
-4.750678241252899170e-01
-1.098688960075378418e+00
1.052956819534301758e+00
-4.917980432510375977e-01
-4.463396668434143066e-01
-7.196585536003112793e-01
8.684095144271850586e-01
1.112976431846618652e+00
6.447778344154357910e-01
-8.506683707237243652e-01
1.598170697689056396e-01
-6.314827203750610352e-01
-1.463260203599929810e-01
-1.151454567909240723e+00
-9.552036523818969727e-01
-1.803811192512512207e-01
9.939996153116226196e-02
-1.305844783782958984e-01
-1.377038061618804932e-01
-3.938399851322174072e-01
-5.096653010696172714e-03
-4.913062974810600281e-02
1.009266853332519531e+00
5.305699110031127930e-01
5.038816928863525391e-01
-1.969528317451477051e+00
3.701460063457489014e-01
6.910753846168518066e-01
3.300398290157318115e-01
4.072634577751159668e-01
-4.676652699708938599e-02
-3.654564917087554932e-02
7.779451012611389160e-01
5.816175937652587891e-01
-1.288762211799621582e+00
-5.080124139785766602e-01
-6.621878743171691895e-01
1.268516659736633301e+00
-3.992723822593688965e-01
-1.083863824605941772e-01
1.609880328178405762e-01
9.184003621339797974e-02
3.378061354160308838e-01
4.300595447421073914e-02
-1.453307867050170898e+00
7.623847573995590210e-02
4.326113760471343994e-01
-3.828832507133483887e-01
-1.651605665683746338e-01
1.467031121253967285e+00
-4.623438417911529541e-01
-7.238973975181579590e-01
-1.728003978729248047e+00
6.517316102981567383e-01
-7.684592008590698242e-01
8.833053112030029297e-01
3.527191877365112305e-01
-4.248008131980895996e-01
-7.436636090278625488e-01
8.848800510168075562e-02
1.580862700939178467e-01
-7.657120823860168457e-01
1.106908679008483887e+00
-3.058366775512695312e-01
4.287161231040954590e-01
4.858026206493377686e-01
-6.114423871040344238e-01
1.675110012292861938e-01
4.039354324340820312e-01
3.072221279144287109e-01
-2.235768586397171021e-01
8.266324996948242188e-01
-5.784385800361633301e-01
7.173940539360046387e-01
-1.174756288528442383e+00
-4.280905425548553467e-01
-3.543027341365814209e-01
1.684820652008056641e+00
-8.183528184890747070e-01
-8.727821707725524902e-01
-1.848845243453979492e+00
-4.800209105014801025e-01
-5.570027232170104980e-01
5.952599048614501953e-01
2.250568270683288574e-01
-1.055111646652221680e+00
7.279644608497619629e-01
-1.155005693435668945e+00
-8.622962832450866699e-01
3.232837021350860596e-01
1.456544399261474609e+00
-1.988146305084228516e-01
-5.347902774810791016e-01
8.861011266708374023e-02
-3.002955205738544464e-02
1.184478998184204102e+00
-1.036110877990722656e+00
1.594470858573913574e+00
4.093198850750923157e-02
-9.223791770637035370e-03
-5.339683294296264648e-01
-1.440155625343322754e+00
2.517603337764739990e-01
-5.247823894023895264e-02
1.655283570289611816e-01
3.642226159572601318e-01
7.986118197441101074e-01
1.208264470100402832e+00
-7.702684998512268066e-01
4.278174340724945068e-01
-1.482950001955032349e-01
4.064184725284576416e-01
4.413287639617919922e-01
-4.203424155712127686e-01
3.328530311584472656e+00
-4.860739707946777344e-01
2.882240116596221924e-01
-2.003379911184310913e-01
1.401213288307189941e+00
-3.412468135356903076e-01
-4.372385740280151367e-01
-2.796565592288970947e-01
9.410741329193115234e-01
1.050222277641296387e+00
-7.985332608222961426e-01
-1.060509920120239258e+00
1.047736406326293945e+00
-8.626232743263244629e-01
-4.606314003467559814e-01
-9.358692765235900879e-01
-2.393116056919097900e-01
-3.506559729576110840e-01
4.448624327778816223e-02
-5.547611415386199951e-02
7.122461795806884766e-01
7.284820824861526489e-02
-5.884126424789428711e-01
1.562683433294296265e-01
2.328562885522842407e-01
1.148674368858337402e+00
2.727276980876922607e-01
1.237275749444961548e-01
-2.640771269798278809e-01
1.458887696266174316e+00
-6.437444686889648438e-01
-1.039020344614982605e-01
9.695898294448852539e-01
1.583842873573303223e+00
-1.351851224899291992e+00
-4.032555222511291504e-02
-2.076780050992965698e-01
-1.918701529502868652e-01
-2.499699592590332031e-01
-4.714699089527130127e-02
-5.585106611251831055e-01
-1.237510085105895996e+00
6.370809078216552734e-01
3.367533087730407715e-01
-1.854416728019714355e+00
4.941913485527038574e-02
2.478224784135818481e-01
5.179037451744079590e-01
6.807110309600830078e-01
6.916313767433166504e-01
3.119082748889923096e-01
-1.676349163055419922e+00
-4.677028357982635498e-01
-6.958431601524353027e-01
-5.846204161643981934e-01
-1.483734995126724243e-01
-3.873295783996582031e-01
6.779416203498840332e-01
-9.798507690429687500e-01
-5.921235084533691406e-01
-5.392649173736572266e-01
5.375453829765319824e-02
8.179017305374145508e-01
8.424777537584304810e-02
-9.096388220787048340e-01
4.817038774490356445e-02
1.696783542633056641e+00
-3.563906550407409668e-01
-3.011701703071594238e-01
1.484869599342346191e+00
1.543146491050720215e+00
4.171777516603469849e-02
6.002998948097229004e-01
9.698242545127868652e-01
3.452960550785064697e-01
-2.360825892537832260e-03
-2.634486742317676544e-02
7.337199449539184570e-01
-3.670177757740020752e-01
-5.057572722434997559e-01
-3.827912807464599609e-01
8.125463128089904785e-02
-1.004475951194763184e+00
-6.485572457313537598e-01
-1.186521649360656738e+00
-2.888018488883972168e-01
7.441030144691467285e-01
-5.609368681907653809e-01
-3.558233678340911865e-01
2.096722841262817383e+00
4.127747379243373871e-03
5.763481259346008301e-01
-7.250598073005676270e-02
2.112048149108886719e+00
-1.288167387247085571e-01
2.128942757844924927e-01
1.567746162414550781e+00
-8.445705771446228027e-01
1.049340963363647461e-01
9.999679327011108398e-01
1.262964457273483276e-01
5.365866795182228088e-02
-8.168795108795166016e-01
1.152244359254837036e-01
-1.871554732322692871e+00
1.086888834834098816e-02
-1.121261239051818848e+00
-4.133977890014648438e+00
1.082311272621154785e+00
3.430772125720977783e-01
-1.575012356042861938e-01
-1.166869923472404480e-01
-2.053695172071456909e-01
1.643544912338256836e+00
-1.651633977890014648e+00
-1.076449513435363770e+00
-7.516878843307495117e-01
-4.401273727416992188e-01
-5.245943665504455566e-01
2.113131880760192871e-01
1.752490103244781494e-01
-5.163770914077758789e-01
-2.897586822509765625e-01
2.187120616436004639e-01
3.221635222434997559e-01
5.525099039077758789e-01
-7.743092775344848633e-01
-7.232882976531982422e-01
1.565939337015151978e-01
-2.250414043664932251e-01
-5.207921862602233887e-01
-5.432111024856567383e-01
-8.277176022529602051e-01
-1.118381693959236145e-01
-2.136807739734649658e-01
6.474290490150451660e-01
-1.768232703208923340e+00
7.859160006046295166e-02
-6.669696569442749023e-01
-1.268243789672851562e+00
4.965416193008422852e-01
5.252498984336853027e-01
6.828796118497848511e-02
-1.517161875963211060e-01
-3.484046161174774170e-01
-6.677782535552978516e-01
-7.446178793907165527e-01
8.448273688554763794e-02
-2.351146638393402100e-01
-8.174508810043334961e-02
-9.754288792610168457e-01
-5.158334374427795410e-01
-9.625750780105590820e-01
-6.984390020370483398e-01
1.027286767959594727e+00
-5.756966471672058105e-01
-3.772338628768920898e-01
4.064301550388336182e-01
-6.209990382194519043e-01
1.961538791656494141e-01
-1.041925400495529175e-01
7.027096152305603027e-01
-7.158346772193908691e-01
9.400515258312225342e-02
2.233307212591171265e-01
8.135753870010375977e-01
1.211212992668151855e+00
5.578569769859313965e-01
-4.184890091419219971e-01
-7.131927013397216797e-01
9.558610916137695312e-01
1.090043544769287109e+00
-1.384445905685424805e+00
6.888853907585144043e-01
-2.178669422864913940e-01
-5.974525213241577148e-01
1.082423254847526550e-01
6.518209576606750488e-01
2.082991600036621094e+00
-4.564141333103179932e-01
-9.897351861000061035e-01
1.135753870010375977e+00
-9.678699374198913574e-01
-1.179501652717590332e+00
-1.439554691314697266e+00
-1.210515260696411133e+00
-4.465017616748809814e-01
1.154644012451171875e+00
-4.359360337257385254e-01
-2.711972296237945557e-01
-1.159820675849914551e+00
5.895249247550964355e-01
9.167615175247192383e-01
-8.207604885101318359e-01
-6.793604791164398193e-02
8.101718425750732422e-01
-4.855378866195678711e-01
-8.199316859245300293e-01
-8.512256741523742676e-01
-7.240699976682662964e-02
7.050835490226745605e-01
-8.620945811271667480e-01
-6.884037256240844727e-01
2.372973039746284485e-02
-3.824928402900695801e-01
-6.891350746154785156e-01
-6.655565812252461910e-04
6.003269553184509277e-01
5.749977827072143555e-01
3.320202529430389404e-01
6.310880780220031738e-01
-1.677283644676208496e+00
6.224810481071472168e-01
4.875581860542297363e-01
1.278663635253906250e+00
-6.635867953300476074e-01
-7.564844489097595215e-01
-9.275588989257812500e-01
-9.156647324562072754e-01
7.047589421272277832e-01
5.579577684402465820e-01
2.659414112567901611e-01
9.933556318283081055e-01
4.743149280548095703e-01
-2.662037014961242676e-01
5.972393751144409180e-01
8.945300579071044922e-01
1.878781318664550781e-01
6.324972510337829590e-01
-3.825533390045166016e-01
6.333902478218078613e-01
8.683598786592483521e-02
-1.336397647857666016e+00
6.721059083938598633e-01
-8.086323142051696777e-01
5.252446532249450684e-01
5.948355197906494141e-01
5.930622220039367676e-01
6.364484429359436035e-01
-1.883933097124099731e-01
9.268558621406555176e-01
2.471460819244384766e+00
4.074632823467254639e-01
8.708229660987854004e-01
5.060349106788635254e-01
-4.201054573059082031e-01
1.256192564964294434e+00
-7.838772535324096680e-01
-1.072042062878608704e-01
-2.045881450176239014e-01
1.339488387107849121e+00
-3.114821314811706543e-01
-1.555479168891906738e+00
1.279796659946441650e-01
6.199224591255187988e-01
3.122994899749755859e+00
-2.306379318237304688e+00
3.612330257892608643e-01
1.382441401481628418e+00
9.472529292106628418e-01
-3.499948978424072266e-01
-2.664091885089874268e-01
-5.936300754547119141e-01
-1.079443454742431641e+00
5.500907897949218750e-01
5.198192596435546875e-01
1.327457576990127563e-01
-2.648453712463378906e-01
2.937814965844154358e-02
1.748025774955749512e+00
1.037618279457092285e+00
2.981137335300445557e-01
5.513283014297485352e-01
-7.748228907585144043e-01
-4.972337484359741211e-01
-3.913305401802062988e-01
1.084874272346496582e+00
1.017152786254882812e+00
-5.596830248832702637e-01
-5.838465094566345215e-01
-1.052527874708175659e-01
6.331032514572143555e-02
8.315623551607131958e-02
2.241983652114868164e+00
5.910890698432922363e-01
-3.254288733005523682e-01
-3.937103152275085449e-01
-3.828599676489830017e-02
1.032926440238952637e+00
-1.149520993232727051e+00
1.452236771583557129e-01
7.606039643287658691e-01
-3.587263524532318115e-01
3.099132478237152100e-01
-6.379906535148620605e-01
8.777297735214233398e-01
-2.218499779701232910e-01
-8.642883896827697754e-01
-2.165205001831054688e+00
2.411781847476959229e-01
-8.888881802558898926e-01
3.904810845851898193e-01
8.200942277908325195e-01
8.822202682495117188e-01
5.418245196342468262e-01
1.245572686195373535e+00
-7.493844032287597656e-01
-2.733896672725677490e-01
-1.687530875205993652e+00
1.385833501815795898e+00
5.456296801567077637e-01
-4.810949862003326416e-01
-8.564768433570861816e-01
3.563593626022338867e-01
1.433367013931274414e+00
8.945818990468978882e-02
2.046230733394622803e-01
-1.954177618026733398e-01
-1.571805357933044434e+00
-3.062807917594909668e-01
-3.438586890697479248e-01
-8.553230762481689453e-01
5.314457416534423828e-01
-2.372101694345474243e-01
-1.939278244972229004e+00
-1.016702130436897278e-01
4.274713099002838135e-01
-1.097273468971252441e+00
-2.787081599235534668e-01
-3.751683235168457031e-01
-1.192930579185485840e+00
1.061752557754516602e+00
4.815804958343505859e-02
6.403959393501281738e-01
-1.288938969373703003e-01
-3.938993811607360840e-01
-4.141455888748168945e-01
1.006144762039184570e+00
6.788682937622070312e-01
-1.669552326202392578e+00
2.925679981708526611e-01
-1.079103469848632812e+00
7.299905270338058472e-02
9.984220862388610840e-01
-1.910373866558074951e-01
-4.656171798706054688e-01
-5.068606138229370117e-01
9.675269126892089844e-01
6.185472607612609863e-01
6.897325515747070312e-01
3.114809691905975342e-01
-1.324322700500488281e+00
1.966325879096984863e+00
1.962538599967956543e+00
-6.502765417098999023e-01
-3.546743690967559814e-01
-4.581597447395324707e-01
-1.815141201019287109e+00
1.137407898902893066e+00
-9.516010992228984833e-03
5.287314653396606445e-01
3.257775306701660156e-01
5.218083262443542480e-01
-3.721070289611816406e-01
-1.562577933073043823e-01
2.527525186538696289e+00
2.717360496520996094e+00
6.453837752342224121e-01
-9.101983308792114258e-01
-7.232742309570312500e-01
2.210550308227539062e-01
5.989482998847961426e-01
1.032436609268188477e+00
6.326572895050048828e-01
1.023171544075012207e+00
7.186480164527893066e-01
-4.938428103923797607e-01
-2.000823244452476501e-02
