2.789661645889282227e+00
2.225648403167724609e+00
5.236769318580627441e-01
-4.532197713851928711e-01
-5.877919960767030716e-03
4.950622096657752991e-02
-9.846962094306945801e-01
4.733887612819671631e-01
-1.651932001113891602e+00
4.470635950565338135e-01
1.858466267585754395e+00
-1.349404692649841309e+00
6.151199936866760254e-01
4.651059210300445557e-01
8.102508783340454102e-01
-1.204963207244873047e+00
-3.239381909370422363e-01
-4.600896239280700684e-01
-4.055566787719726562e-01
4.785780981183052063e-02
1.947603821754455566e+00
4.835461974143981934e-01
-9.864090681076049805e-01
2.121876627206802368e-01
-1.029944717884063721e-01
-1.210578203201293945e+00
7.585738897323608398e-01
7.744529843330383301e-01
-4.675259292125701904e-01
3.387870192527770996e-01
-1.139751553535461426e+00
-1.040708303451538086e+00
1.641701906919479370e-01
5.729290843009948730e-01
-4.615770578384399414e-01
1.019483059644699097e-01
-9.522119760513305664e-01
-1.623436450958251953e+00
-4.064854606986045837e-02
-1.085667014122009277e+00
-8.905071616172790527e-01
-9.851800203323364258e-01
6.520824432373046875e-01
6.214001178741455078e-01
5.257968902587890625e-01
-1.683520436286926270e+00
-8.939521312713623047e-01
-9.169160127639770508e-01
-5.083513259887695312e-01
1.212738156318664551e+00
-3.858816325664520264e-01
1.644724160432815552e-01
-8.828885853290557861e-02
1.470219612121582031e+00
1.975051283836364746e+00
-3.139445781707763672e-01
-5.712044611573219299e-02
1.369713572785258293e-03
3.213459849357604980e-01
6.029550433158874512e-01
1.323101878166198730e+00
4.316736459732055664e-01
2.443494796752929688e+00
-7.053800821304321289e-01
-2.110248208045959473e-01
-4.761616289615631104e-01
-2.041083127260208130e-01
9.029540419578552246e-01
1.858367800712585449e+00
-8.820109367370605469e-01
2.163887470960617065e-01
-4.575667679309844971e-01
-6.713263392448425293e-01
-7.200692892074584961e-01
3.911177814006805420e-01
4.317765831947326660e-01
-7.722284197807312012e-01
4.015093743801116943e-01
4.754166305065155029e-01
2.711895108222961426e-01
-3.705457746982574463e-01
2.542086318135261536e-02
-1.103936791419982910e+00
-4.068046212196350098e-01
-1.091618537902832031e+00
5.213827490806579590e-01
2.270488142967224121e-01
-3.085795342922210693e-01
-1.286400258541107178e-01
-1.075206875801086426e+00
-2.052288532257080078e+00
-2.834292501211166382e-02
1.562888175249099731e-01
7.837615013122558594e-01
5.481667071580886841e-02
-6.021221876144409180e-01
-7.438845038414001465e-01
4.614137411117553711e-01
-1.827823162078857422e+00
1.552125334739685059e+00
-9.667277336120605469e-01
-3.514715731143951416e-01
9.348653554916381836e-01
1.924010139191523194e-04
-5.083420276641845703e-01
-7.880930304527282715e-01
-1.336256027221679688e+00
1.680691361427307129e+00
-6.401035785675048828e-01
-7.950849533081054688e-01
-7.506380081176757812e-01
-2.383346408605575562e-01
-1.989869594573974609e+00
-6.287088990211486816e-01
-1.801165044307708740e-01
-1.334768772125244141e+00
-1.575524359941482544e-01
-3.096051216125488281e+00
1.848655194044113159e-01
1.116432428359985352e+00
-6.651840806007385254e-01
1.349488854408264160e+00
-3.359652519226074219e+00
1.411535859107971191e+00
7.183490693569183350e-02
-5.937889218330383301e-01
1.770631790161132812e+00
-2.004691958427429199e-02
-6.195148229598999023e-01
2.171938270330429077e-01
5.251521468162536621e-01
-1.044489502906799316e+00
8.238873481750488281e-01
-3.175278604030609131e-01
-1.998687148094177246e+00
-2.721463441848754883e-01
7.833696007728576660e-01
-5.902014374732971191e-01
-8.608394861221313477e-01
5.809528827667236328e-01
-1.000883579254150391e-01
-1.705195009708404541e-01
1.075303792953491211e+00
5.435547828674316406e-01
-8.452210426330566406e-01
-4.226079881191253662e-01
2.123497277498245239e-01
-5.913547277450561523e-01
7.906597256660461426e-01
-1.134490370750427246e+00
3.870932459831237793e-01
1.121922016143798828e+00
4.875668883323669434e-01
-3.703124821186065674e-01
2.226538181304931641e+00
-5.764737352728843689e-02
-2.558278083801269531e+00
-7.030564546585083008e-01
-6.976254582405090332e-01
9.321734309196472168e-01
3.164501190185546875e-01
-8.704279661178588867e-01
1.124915480613708496e+00
-1.269208073616027832e+00
-9.262917935848236084e-02
-1.461644768714904785e-01
5.132914185523986816e-01
4.410387277603149414e-01
-2.101924121379852295e-01
2.900432050228118896e-01
-1.089863181114196777e+00
-4.546245038509368896e-01
-1.213756918907165527e+00
7.786579728126525879e-01
1.167995452880859375e+00
1.020259335637092590e-01
9.170805215835571289e-01
-7.620386481285095215e-01
-4.805704355239868164e-01
6.521393656730651855e-01
-6.600623726844787598e-01
4.345778524875640869e-01
-9.154394268989562988e-01
-9.023607969284057617e-01
-1.443555355072021484e-01
-5.124576091766357422e-01
-1.517865061759948730e+00
-8.845508098602294922e-01
6.164823174476623535e-01
2.154610902070999146e-01
-3.528962135314941406e-01
3.228791803121566772e-02
-5.635371804237365723e-01
4.603003561496734619e-01
-1.345238685607910156e+00
6.060725450515747070e-01
-1.750490963459014893e-01
1.712491750717163086e+00
-3.496890366077423096e-01
-1.452491164207458496e+00
4.965156316757202148e-02
1.203860759735107422e+00
1.980620503425598145e+00
-3.858880996704101562e-01
1.875285267829895020e+00
-8.677331805229187012e-01
6.133431196212768555e-01
-1.173275947570800781e+00
3.492626845836639404e-01
-2.019706249237060547e+00
-3.127192854881286621e-01
5.123887062072753906e-01
7.299486547708511353e-02
-3.028586208820343018e-01
2.268967032432556152e-01
4.680912941694259644e-02
-8.456385135650634766e-01
-5.205218791961669922e-01
-8.744259476661682129e-01
-9.969084858894348145e-01
8.227254748344421387e-01
1.155520319938659668e+00
2.246580272912979126e-01
7.373098731040954590e-01
1.495412230491638184e+00
7.568393945693969727e-01
1.014566421508789062e+00
3.149892985820770264e-01
-3.583636581897735596e-01
1.546753346920013428e-01
7.233908772468566895e-01
-4.166601225733757019e-02
3.527225553989410400e-02
1.372714042663574219e+00
4.250013530254364014e-01
6.916700005531311035e-01
2.338989257812500000e+00
-9.479102492332458496e-01
-2.020475119352340698e-01
3.276147842407226562e-01
-4.526728689670562744e-01
3.604053258895874023e-01
-1.473388433456420898e+00
-2.240611910820007324e-01
-6.592400670051574707e-01
6.826493740081787109e-01
8.551359176635742188e-03
1.002610802650451660e+00
1.364075422286987305e+00
1.399876594543457031e+00
-1.158862590789794922e+00
-9.236807227134704590e-01
-2.093476057052612305e+00
3.684183359146118164e-01
6.628793478012084961e-01
-9.421432018280029297e-01
6.962840557098388672e-01
-1.450176358222961426e+00
-1.317216753959655762e+00
-1.218529418110847473e-01
-1.505317836999893188e-01
-5.990708991885185242e-02
2.262315452098846436e-01
-1.231855511665344238e+00
-9.125359654426574707e-01
8.149418830871582031e-01
1.797486096620559692e-01
-6.273008584976196289e-01
2.322389602661132812e+00
3.301088884472846985e-02
5.746760368347167969e-01
8.179462552070617676e-01
-6.106301546096801758e-01
1.141685128211975098e+00
1.010501608252525330e-01
6.346117854118347168e-01
2.316219545900821686e-02
-1.516588807106018066e+00
-6.303334236145019531e-01
-4.909280538558959961e-01
-8.110762387514114380e-02
-1.311044216156005859e+00
1.536525011062622070e+00
1.417518854141235352e+00
5.246234536170959473e-01
-1.493669033050537109e+00
-7.532184720039367676e-01
-9.748868942260742188e-01
2.950065135955810547e-01
-6.337715387344360352e-01
-1.341463923454284668e+00
7.661400735378265381e-02
-3.200743496417999268e-01
-5.860323309898376465e-01
-4.781742990016937256e-01
-1.982512027025222778e-01
9.968358874320983887e-01
1.059176400303840637e-01
3.729561269283294678e-01
4.191305041313171387e-01
9.665832668542861938e-02
-1.550497531890869141e+00
6.132950186729431152e-01
-4.697173237800598145e-01
5.620811581611633301e-01
7.798982262611389160e-01
5.540488660335540771e-02
-5.724595189094543457e-01
7.592483758926391602e-01
1.922057628631591797e+00
-1.349989295005798340e+00
-5.153753757476806641e-01
-1.154372930526733398e+00
2.176550589501857758e-02
8.302216529846191406e-01
-1.521191596984863281e-01
-5.025350674986839294e-02
1.199744343757629395e+00
2.889419794082641602e-01
-1.381956934928894043e-01
-1.347673654556274414e+00
-1.111360117793083191e-01
1.295137405395507812e+00
-5.357766151428222656e-01
-4.123775064945220947e-01
1.762226223945617676e+00
-7.799829542636871338e-02
-1.323867201805114746e+00
-2.120413780212402344e-01
5.527253746986389160e-01
1.754040569067001343e-01
-5.661884546279907227e-01
8.552198112010955811e-02
2.901852428913116455e-01
9.534476697444915771e-02
-2.302947044372558594e-01
-5.675399675965309143e-02
-4.969024658203125000e-01
3.193607628345489502e-01
-1.068600416183471680e+00
7.509405612945556641e-01
-6.061752438545227051e-01
-1.058547347784042358e-01
9.833623170852661133e-01
-5.239796638488769531e-01
-7.111267447471618652e-01
-1.153356313705444336e+00
4.197483956813812256e-01
-1.225172162055969238e+00
-1.968102604150772095e-01
-1.736098170280456543e+00
-6.736153960227966309e-01
-2.315468937158584595e-01
-2.663138806819915771e-01
-3.756769299507141113e-01
-1.116699457168579102e+00
-6.787450909614562988e-01
-1.141774535179138184e+00
-4.055597782135009766e-01
5.081501603126525879e-01
7.427835464477539062e-02
-5.797242522239685059e-01
8.810998201370239258e-01
-3.126971423625946045e-01
-1.377882838249206543e+00
1.168988123536109924e-01
1.212602138519287109e+00
-1.868469715118408203e-01
4.525563120841979980e-01
5.883422493934631348e-01
1.791386723518371582e+00
-3.103606104850769043e-01
-6.445544213056564331e-02
9.224318861961364746e-01
7.420836389064788818e-02
6.658008098602294922e-01
9.687740355730056763e-02
-4.861103892326354980e-01
1.076677203178405762e+00
3.751216828823089600e-02
1.609132289886474609e-01
-7.884678989648818970e-02
1.068670988082885742e+00
5.759588479995727539e-01
-3.936323523521423340e-01
1.289732217788696289e+00
8.321854472160339355e-02
-9.109333902597427368e-02
3.022260665893554688e-01
-8.101459741592407227e-01
4.816986083984375000e+00
-2.264476269483566284e-01
4.896270632743835449e-01
-7.835036516189575195e-02
1.225724101066589355e+00
-4.078539013862609863e-01
-1.433654308319091797e+00
8.536081910133361816e-01
1.227110251784324646e-02
5.389816761016845703e-01
-1.021694064140319824e+00
-2.335496693849563599e-01
3.365985751152038574e-01
-1.202547311782836914e+00
4.950822293758392334e-01
-1.032455444335937500e+00
2.015877217054367065e-01
2.079665362834930420e-01
1.129261136054992676e+00
-1.024136900901794434e+00
-2.408924400806427002e-01
8.642114996910095215e-01
-5.238271355628967285e-01
1.163774490356445312e+00
9.749266505241394043e-02
1.368473052978515625e+00
6.299998760223388672e-01
-4.593655765056610107e-01
-1.209382638335227966e-01
1.236494183540344238e+00
-7.139973640441894531e-01
-4.157688021659851074e-01
7.968699932098388672e-01
-5.690994262695312500e-01
-1.545711159706115723e+00
3.751076459884643555e-01
3.914935290813446045e-01
-8.772242069244384766e-01
-1.876832395792007446e-01
-1.992440819740295410e-01
-9.803727269172668457e-01
7.511699795722961426e-01
3.037284314632415771e-01
-3.908446133136749268e-01
-1.356937170028686523e+00
1.032393813133239746e+00
6.558619439601898193e-02
1.182259082794189453e+00
3.992851078510284424e-01
-2.094340771436691284e-01
1.785102784633636475e-01
-1.032414436340332031e+00
-7.216818332672119141e-01
-6.624716520309448242e-01
1.110073328018188477e+00
-4.310033321380615234e-01
2.354882843792438507e-02
-1.988607943058013916e-01
-1.304334282875061035e+00
-9.068244695663452148e-01
-1.310494542121887207e+00
-6.002091169357299805e-01
8.845120668411254883e-01
-3.276300728321075439e-01
1.963750459253787994e-02
-2.354707568883895874e-01
-4.813607633113861084e-01
4.388576447963714600e-01
7.756275534629821777e-01
9.616018533706665039e-01
3.018934726715087891e-01
-6.027460098266601562e-02
3.836717009544372559e-01
1.804360002279281616e-01
-4.192484915256500244e-02
-8.056370019912719727e-01
9.201323390007019043e-01
1.439215660095214844e+00
-2.204363346099853516e-01
2.896526157855987549e-01
4.194590151309967041e-01
4.604140222072601318e-01
-3.863271176815032959e-01
5.194843187928199768e-02
-4.766010046005249023e-01
-1.090110301971435547e+00
1.056640505790710449e+00
-1.050864100456237793e+00
3.365221023559570312e-01
8.730061054229736328e-01
3.944735825061798096e-01
8.162145018577575684e-01
-4.867458343505859375e-01
-4.324238002300262451e-02
-7.326608151197433472e-02
4.276299104094505310e-02
3.478594720363616943e-01
-1.553764462471008301e+00
-5.855342000722885132e-02
9.253743886947631836e-01
-5.311215519905090332e-01
7.121691852807998657e-02
-1.827972829341888428e-01
1.606755852699279785e+00
-9.695667624473571777e-01
2.684430778026580811e-01
-5.634624958038330078e-01
-2.719837188720703125e+00
1.609324455261230469e+00
-9.597966074943542480e-01
8.804897069931030273e-01
-4.259476065635681152e-01
4.730111360549926758e-02
-4.787311255931854248e-01
-1.695674777030944824e+00
-1.320105195045471191e-01
-2.663153111934661865e-01
-2.304266393184661865e-01
6.397632956504821777e-01
3.248279094696044922e-01
4.941879510879516602e-01
-5.645453929901123047e-01
4.665123522281646729e-01
-8.895899355411529541e-02
6.616595983505249023e-01
-3.355550393462181091e-02
-1.266806602478027344e+00
-9.062027335166931152e-01
1.306734561920166016e+00
-1.065864324569702148e+00
5.734470859169960022e-02
-2.297041416168212891e-01
-2.686984539031982422e+00
-7.025604248046875000e-01
-2.383546531200408936e-01
6.814404129981994629e-01
-7.222368121147155762e-01
-4.763548970222473145e-01
-3.826660215854644775e-01
-6.481257677078247070e-01
2.151083946228027344e-01
1.903228521347045898e+00
5.528065562248229980e-01
2.102120816707611084e-01
-1.028317928314208984e+00
-5.380015373229980469e-01
-6.550172716379165649e-02
6.854736208915710449e-01
-6.327485442161560059e-01
-1.084552645683288574e+00
1.039997458457946777e+00
5.993925929069519043e-01
-1.132326841354370117e+00
-5.191799402236938477e-01
6.549447774887084961e-01
5.518297553062438965e-01
-2.597604095935821533e-01
2.963164448738098145e-01
-1.434060096740722656e+00
-2.287672758102416992e-01
1.107978373765945435e-01
-5.264620184898376465e-01
-1.208972334861755371e+00
4.414708018302917480e-01
-1.347313523292541504e+00
5.489260554313659668e-01
7.942350208759307861e-02
2.708530128002166748e-01
-1.131513237953186035e+00
-2.445655822753906250e+00
-1.487136334180831909e-01
5.870734453201293945e-01
-9.291710257530212402e-01
-1.395347476005554199e+00
-6.338503956794738770e-02
-1.990116536617279053e-01
8.215648531913757324e-01
1.329948544502258301e+00
2.533056497573852539e+00
-4.328734874725341797e-01
-5.486683249473571777e-01
1.234037995338439941e+00
-5.681955814361572266e-01
-8.449892997741699219e-01
-1.570722341537475586e+00
-2.013714551925659180e+00
-1.531315803527832031e+00
5.246948450803756714e-03
4.536902010440826416e-01
-3.581110015511512756e-02
-3.051984310150146484e-01
9.646916985511779785e-01
1.182067155838012695e+00
-1.230457425117492676e-01
-1.122776325792074203e-02
2.734133303165435791e-01
-5.510959625244140625e-01
-9.052319526672363281e-01
-5.196246504783630371e-01
1.662927716970443726e-01
-2.337060496211051941e-02
-1.360720992088317871e+00
-8.705881237983703613e-01
2.332279086112976074e-01
-1.889411330223083496e+00
1.320545822381973267e-01
-9.905448555946350098e-01
-9.936981201171875000e-01
3.585608005523681641e-01
8.463027477264404297e-01
1.028246045112609863e+00
-1.491274356842041016e+00
8.663164973258972168e-01
3.232937306165695190e-02
9.934597611427307129e-01
-1.228202462196350098e+00
-5.363376736640930176e-01
-6.836240887641906738e-01
-5.794764161109924316e-01
1.097689032554626465e+00
2.941861152648925781e-01
-4.535950422286987305e-01
1.218481659889221191e+00
7.719016075134277344e-01
3.460616990923881531e-02
1.032618507742881775e-01
3.079849779605865479e-01
-4.234118759632110596e-01
6.215387582778930664e-01
1.546604037284851074e-01
3.861829042434692383e-01
-5.384398251771926880e-02
-1.600697636604309082e-01
3.086892664432525635e-01
-1.368120312690734863e+00
7.501965761184692383e-01
9.239566922187805176e-01
1.434940338134765625e+00
9.248333573341369629e-01
-2.087072610855102539e+00
5.312581062316894531e-01
1.278131484985351562e+00
-1.345509588718414307e-01
1.296952247619628906e+00
4.958737790584564209e-01
-8.825343102216720581e-02
4.979272186756134033e-01
-2.372947931289672852e-01
-6.881586313247680664e-01
3.940731287002563477e-01
1.758705735206604004e+00
4.486488997936248779e-01
-1.428166151046752930e+00
5.658558011054992676e-01
-1.377848982810974121e+00
9.353821873664855957e-01
-1.313712120056152344e+00
-1.465089470148086548e-01
9.950798749923706055e-01
8.637358546257019043e-01
-2.620088160037994385e-01
-5.886448025703430176e-01
-4.347096085548400879e-01
-2.758599519729614258e-01
9.538069963455200195e-01
1.453644871711730957e+00
6.393823623657226562e-01
7.910991907119750977e-01
1.018439978361129761e-01
1.275685071945190430e+00
7.727985978126525879e-01
7.923270463943481445e-01
8.634749054908752441e-01
7.915965318679809570e-01
-9.030754566192626953e-01
1.141222357749938965e+00
3.868176639080047607e-01
9.864563941955566406e-01
-8.943854570388793945e-01
-4.127944111824035645e-01
-7.637035846710205078e-01
-5.936102867126464844e-01
1.421925067901611328e+00
2.439113616943359375e+00
2.673214972019195557e-01
-1.444975882768630981e-01
-2.879042625427246094e-01
-2.326568067073822021e-01
3.122187554836273193e-01
-1.377509593963623047e+00
5.305879116058349609e-01
3.882976770401000977e-01
-5.759087204933166504e-01
4.523587226867675781e-01
-4.375064074993133545e-01
1.723988912999629974e-02
-3.595957458019256592e-01
-7.610489130020141602e-01
-1.602782487869262695e+00
-1.288497895002365112e-01
4.006303548812866211e-01
1.099659323692321777e+00
-3.855743110179901123e-01
-4.428013861179351807e-01
1.383772611618041992e+00
1.892632693052291870e-01
-2.396111004054546356e-02
1.098222970962524414e+00
-1.568923354148864746e+00
7.853996157646179199e-01
2.641579806804656982e-01
-9.103372693061828613e-02
-6.024401783943176270e-01
-1.007263734936714172e-01
7.204018235206604004e-01
4.136865958571434021e-02
-5.180775523185729980e-01
-1.610073596239089966e-01
-4.140855967998504639e-01
-3.082430362701416016e-01
2.181930541992187500e-01
1.633991748094558716e-01
9.775800704956054688e-01
-5.726053118705749512e-01
1.829014420509338379e-01
7.274392843246459961e-01
-1.661972105503082275e-01
-1.535751223564147949e+00
-2.378390133380889893e-01
-2.092276960611343384e-01
-1.153177499771118164e+00
-6.227146387100219727e-01
-1.142351984977722168e+00
-4.749612212181091309e-01
2.318640947341918945e+00
-1.226381897926330566e+00
-1.099487662315368652e+00
-1.279418915510177612e-02
1.422765612602233887e+00
-1.631039857864379883e+00
-2.008668631315231323e-01
-3.173938989639282227e-01
-2.283672571182250977e+00
8.420381695032119751e-02
7.494755089282989502e-02
5.846549868583679199e-01
-1.174551844596862793e+00
5.560196042060852051e-01
4.924640655517578125e-01
-1.317097544670104980e-01
-3.297765552997589111e-01
-5.888037085533142090e-01
1.601957917213439941e+00
1.472353339195251465e+00
-5.462931394577026367e-01
-8.078618049621582031e-01
5.640356540679931641e-01
5.701453685760498047e-01
2.889135122299194336e+00
-6.854252815246582031e-01
5.339731574058532715e-01
-2.045124471187591553e-01
1.148312091827392578e+00
-2.352722436189651489e-01
-2.623655796051025391e-01
1.564199090003967285e+00
1.510123252868652344e+00
-1.253926306962966919e-01
-1.875179886817932129e+00
4.739111959934234619e-01
6.445379853248596191e-01
5.565510988235473633e-01
-3.073150813579559326e-01
-5.971741676330566406e-01
6.696199178695678711e-01
7.727982401847839355e-01
-3.422237336635589600e-01
-9.052266478538513184e-01
