-1.260213971138000488e+00
-1.583086103200912476e-01
7.405212521553039551e-01
-1.290936231613159180e+00
2.127461880445480347e-01
-8.913799524307250977e-01
2.172861397266387939e-01
-4.056384265422821045e-01
-6.686108708381652832e-01
1.925845146179199219e-01
-7.318822741508483887e-01
-3.856578841805458069e-02
8.796694874763488770e-01
-5.776780471205711365e-02
4.549823701381683350e-01
-1.066372513771057129e+00
1.600624024868011475e-01
1.516458630561828613e+00
1.488582372665405273e+00
-4.186939820647239685e-02
3.321076333522796631e-01
-1.670337617397308350e-01
-1.563665986061096191e+00
8.875829577445983887e-01
1.383284330368041992e-01
2.031827867031097412e-01
-8.160266280174255371e-01
-2.449840068817138672e+00
-2.641741037368774414e+00
1.021615147590637207e+00
-6.979563832283020020e-01
6.199765205383300781e-01
-5.471453070640563965e-01
8.355498909950256348e-01
-1.527965188026428223e+00
5.323261618614196777e-01
4.041070640087127686e-01
-3.703033447265625000e+00
-9.524051100015640259e-02
1.070709675550460815e-01
5.480565428733825684e-01
-1.297871828079223633e+00
-4.889990985393524170e-01
1.180663585662841797e+00
-1.769526004791259766e+00
-1.041401252150535583e-01
-3.591818213462829590e-01
1.483095049858093262e+00
-8.240817785263061523e-01
-4.789998531341552734e-01
-4.263477325439453125e-01
-3.832784667611122131e-02
8.176313638687133789e-01
-1.060596108436584473e+00
7.073048949241638184e-01
-1.451969295740127563e-01
-1.094859480857849121e+00
1.037505626678466797e+00
-9.587535858154296875e-01
-3.779697120189666748e-01
-2.082097291946411133e+00
-1.093996167182922363e+00
9.354220628738403320e-01
-1.655762195587158203e-01
3.844043016433715820e-01
-1.343394637107849121e+00
-1.408665478229522705e-01
-4.469131529331207275e-01
-5.683501362800598145e-01
-1.703944921493530273e+00
-3.079249262809753418e-01
1.294290304183959961e+00
-1.127184510231018066e+00
-1.796597123146057129e+00
1.393237829208374023e+00
5.470222830772399902e-01
3.887522518634796143e-01
4.654029905796051025e-01
7.985977530479431152e-01
1.202660202980041504e+00
4.961365461349487305e-01
-6.220949888229370117e-01
2.059739381074905396e-01
1.404127359390258789e+00
-6.432102918624877930e-01
7.040724754333496094e-01
-6.910693049430847168e-01
-2.838581323623657227e+00
-1.808260232210159302e-01
7.277500033378601074e-01
6.311494112014770508e-01
2.099749743938446045e-01
-1.872696280479431152e+00
2.201498150825500488e-01
8.942509293556213379e-01
-1.894150525331497192e-01
1.536630630493164062e+00
-3.721626400947570801e-01
9.937971234321594238e-01
1.169890046119689941e+00
-2.242495298385620117e+00
-7.767190337181091309e-01
-8.020108342170715332e-01
-1.196167916059494019e-01
-4.631936550140380859e-01
-8.168972283601760864e-02
-5.961772799491882324e-01
6.585926413536071777e-01
6.016559004783630371e-01
-2.427686937153339386e-02
-7.571741342544555664e-01
1.062038183212280273e+00
1.485593676567077637e+00
-3.518927991390228271e-01
3.301014900207519531e-01
8.983657956123352051e-01
1.352866053581237793e+00
-1.591062426567077637e+00
-6.192568540573120117e-01
3.279185891151428223e-01
-1.021271944046020508e+00
3.416962325572967529e-01
-3.578344285488128662e-01
7.320026159286499023e-01
-5.172291398048400879e-01
4.602992832660675049e-01
2.005262374877929688e+00
1.565613150596618652e+00
-7.449416071176528931e-02
5.214856863021850586e-01
2.406733036041259766e-01
5.027636289596557617e-01
7.575234025716781616e-02
-8.519779443740844727e-01
-9.325010776519775391e-01
-2.916770577430725098e-01
-3.770067170262336731e-02
-2.574703454971313477e+00
-8.386198282241821289e-01
-1.266798377037048340e-01
9.698416106402873993e-03
5.617417693138122559e-01
2.075559943914413452e-01
3.281326293945312500e-01
1.180000066757202148e+00
1.849533796310424805e+00
4.042821824550628662e-01
5.054591894149780273e-01
1.203010439872741699e+00
-1.181316137313842773e+00
-1.171479344367980957e+00
7.228947877883911133e-01
1.202775955200195312e+00
-1.383831381797790527e+00
1.226472854614257812e+00
-6.361998319625854492e-01
-2.071619272232055664e+00
-3.364986777305603027e-01
-2.842564284801483154e-01
6.378664374351501465e-01
-7.472571730613708496e-01
-7.209731936454772949e-01
8.067395687103271484e-01
-9.123451709747314453e-01
-4.383044540882110596e-01
-1.863043785095214844e+00
-3.399671018123626709e-01
-6.897810101509094238e-02
5.341229438781738281e-01
-3.139061331748962402e-01
-8.923451304435729980e-01
1.914311200380325317e-01
-2.866497278213500977e+00
9.603736400604248047e-01
-8.907400965690612793e-01
9.634309411048889160e-01
8.253240585327148438e-01
-1.484882354736328125e+00
-1.454185694456100464e-01
4.572466611862182617e-01
-1.196168184280395508e+00
-1.958826184272766113e+00
2.051668614149093628e-01
-1.698148369789123535e+00
3.941906094551086426e-01
1.240611553192138672e+00
2.302646189928054810e-01
-1.077559068799018860e-01
-2.176404893398284912e-01
2.129653841257095337e-02
-2.312733829021453857e-01
9.915856122970581055e-01
-1.676659941673278809e+00
-4.508259296417236328e-01
6.756889224052429199e-01
-1.348836541175842285e+00
-3.939286991953849792e-02
1.333554148674011230e+00
-1.414275169372558594e+00
-2.311358898878097534e-01
6.677199602127075195e-01
-9.719046354293823242e-01
-1.516991138458251953e+00
-3.935672938823699951e-01
-1.532113909721374512e+00
3.796284198760986328e-01
1.032317951321601868e-01
1.348161697387695312e+00
9.390522241592407227e-01
-4.040979444980621338e-01
1.484513431787490845e-01
-6.160562038421630859e-01
1.735584497451782227e+00
8.384564518928527832e-01
3.055403232574462891e-01
8.074759840965270996e-01
-1.778226375579833984e+00
-1.150794863700866699e+00
-8.057897090911865234e-01
-7.015266418457031250e-01
6.446288824081420898e-01
-2.855782210826873779e-01
-1.535621285438537598e-01
3.373221755027770996e-01
7.792237401008605957e-01
2.490973323583602905e-01
-8.496713638305664062e-01
-1.007499322295188904e-01
9.083680510520935059e-01
-6.805243492126464844e-01
-9.988809227943420410e-01
-2.773846983909606934e-01
-1.713590383529663086e+00
-4.916695952415466309e-01
1.350625276565551758e+00
1.839173674583435059e+00
6.217485666275024414e-01
-8.288952708244323730e-01
4.557960033416748047e-01
1.708897352218627930e+00
-2.530515491962432861e-01
-1.265051484107971191e+00
1.038389801979064941e+00
2.458350658416748047e-01
-1.353981494903564453e+00
9.126865863800048828e-01
-7.675887942314147949e-01
5.825802683830261230e-02
9.133344888687133789e-01
-1.146733164787292480e-01
-1.084823966026306152e+00
-2.673421621322631836e+00
5.681658983230590820e-01
-1.412436246871948242e+00
-9.799239039421081543e-01
-4.845273792743682861e-01
6.969217658042907715e-01
-9.167211055755615234e-01
1.164774894714355469e+00
-7.149301767349243164e-01
4.420337080955505371e-01
8.684270381927490234e-01
-1.016546249389648438e+00
-4.419963359832763672e-01
-1.201691150665283203e+00
6.047599315643310547e-01
5.817291140556335449e-01
7.784529924392700195e-01
1.550187110900878906e+00
-2.366983890533447266e-01
4.830355346202850342e-01
-3.164335191249847412e-01
-1.799920499324798584e-01
1.110436201095581055e+00
-1.273355960845947266e+00
-1.557164549827575684e+00
1.982511758804321289e+00
-1.451560974121093750e+00
1.000454574823379517e-01
-1.136681795120239258e+00
-1.527637839317321777e+00
7.372597455978393555e-01
1.449172735214233398e+00
-5.925297737121582031e-02
3.338986337184906006e-01
-4.753681644797325134e-02
3.022062480449676514e-01
9.905175119638442993e-02
4.540365934371948242e-01
-4.711123406887054443e-01
-2.257515192031860352e+00
-1.138184189796447754e+00
-9.022046923637390137e-01
3.911407709121704102e+00
2.246632128953933716e-01
-1.236636400222778320e+00
-8.384566009044647217e-02
-1.508556008338928223e-01
-3.051028847694396973e-01
1.907868683338165283e-01
-1.105087161064147949e+00
-1.433192729949951172e+00
1.226466774940490723e+00
-9.255708456039428711e-01
-2.197131514549255371e-01
3.225853741168975830e-01
-5.027019977569580078e-01
-8.851301074028015137e-01
9.385983347892761230e-01
1.213309094309806824e-01
-8.884078860282897949e-01
1.095193624496459961e-02
-6.370682716369628906e-01
1.320782542228698730e+00
-9.677444100379943848e-01
5.876387357711791992e-01
3.617932796478271484e-01
-3.405376672744750977e-01
3.320174813270568848e-01
-2.112311601638793945e+00
-4.091066122055053711e-01
-3.973029255867004395e-01
2.423904180526733398e+00
-1.344835519790649414e+00
-2.232409238815307617e+00
-7.569143176078796387e-02
1.320846527814865112e-01
1.724739670753479004e-01
-1.769838333129882812e+00
-2.959455549716949463e-01
-1.747964262962341309e+00
5.469054356217384338e-02
2.366269379854202271e-01
1.034404039382934570e+00
2.731073498725891113e-01
9.622182697057723999e-02
5.023417249321937561e-02
-1.941704750061035156e-01
-9.015161991119384766e-01
-1.806222796440124512e-01
-1.378059238195419312e-01
1.344243645668029785e+00
-2.616731636226177216e-02
-1.221220288425683975e-02
-1.051097273826599121e+00
-9.645138978958129883e-01
2.475115358829498291e-01
1.423627376556396484e+00
-1.031692743301391602e+00
-3.348838388919830322e-01
-8.371360898017883301e-01
-8.557040095329284668e-01
-9.826354682445526123e-02
-1.548112630844116211e+00
-8.012701869010925293e-01
-1.163190841674804688e+00
1.472135782241821289e+00
-9.660483598709106445e-01
4.261565506458282471e-01
-9.059711098670959473e-01
-6.463661789894104004e-01
6.822793930768966675e-02
-1.272288799285888672e+00
2.620745182037353516e+00
7.527547478675842285e-01
-2.467633336782455444e-01
1.021733522415161133e+00
1.042504429817199707e+00
-2.115521878004074097e-01
4.924286901950836182e-01
-1.471580624580383301e+00
6.628270745277404785e-01
-1.687897562980651855e+00
7.631054520606994629e-01
-1.294508725404739380e-01
2.808827161788940430e-01
5.294842123985290527e-01
8.362161517143249512e-01
-1.780727028846740723e+00
5.052707195281982422e-01
9.991343617439270020e-01
6.761651039123535156e-01
8.034391403198242188e-01
-9.639024734497070312e-01
-5.499281883239746094e-01
-3.276107311248779297e-01
1.127130016684532166e-01
-6.165803074836730957e-01
5.940475314855575562e-02
1.205842614173889160e+00
1.932386159896850586e-01
5.463641881942749023e-01
1.722717761993408203e+00
4.286864101886749268e-01
4.993922710418701172e-01
-9.033672809600830078e-01
-1.206335663795471191e+00
-2.035117000341415405e-01
-1.293798536062240601e-01
7.302995920181274414e-01
-2.430613756179809570e+00
1.318034291267395020e+00
1.328122854232788086e+00
-8.118407130241394043e-01
9.843916296958923340e-01
4.606126248836517334e-02
-1.160046815872192383e+00
6.573379784822463989e-02
9.866006970405578613e-01
-1.471376299858093262e+00
-1.633510947227478027e+00
-3.829593360424041748e-01
-7.259333729743957520e-01
-7.864279150962829590e-01
-9.513642787933349609e-01
1.237548947334289551e+00
8.467036485671997070e-01
3.251189589500427246e-01
-1.767219662666320801e+00
3.143411874771118164e-01
-1.129280686378479004e+00
-6.703344583511352539e-01
-2.458422660827636719e+00
-2.511003017425537109e-01
2.201989740133285522e-01
3.436040580272674561e-01
2.044302225112915039e-01
1.950914859771728516e+00
-7.810825705528259277e-01
-4.857086241245269775e-01
-1.112123489379882812e+00
-2.325321882963180542e-01
2.187072038650512695e-01
-1.257511854171752930e+00
1.198007822036743164e+00
1.214773416519165039e+00
9.299745559692382812e-01
6.183891892433166504e-01
-5.167573690414428711e-02
1.065989851951599121e+00
4.517316222190856934e-01
6.808947324752807617e-01
-4.136371985077857971e-02
3.547936975955963135e-01
3.374489843845367432e-01
-8.841640949249267578e-01
7.355487346649169922e-01
-3.025994300842285156e-01
1.940810233354568481e-01
-2.157265692949295044e-01
-6.435195803642272949e-01
-1.531962037086486816e+00
4.783197045326232910e-01
6.511338949203491211e-01
1.232305884361267090e+00
-1.103485524654388428e-01
1.179481506347656250e+00
1.554314885288476944e-02
-8.395540118217468262e-01
2.124984264373779297e-01
1.566228985786437988e+00
5.221959352493286133e-01
-1.059265136718750000e+00
3.721750080585479736e-01
9.041111469268798828e-01
-3.875193595886230469e-01
-9.230756014585494995e-02
1.017404437065124512e+00
-6.242849230766296387e-01
1.710490226745605469e+00
-8.063635230064392090e-01
1.003381848335266113e+00
5.526429414749145508e-01
9.600309729576110840e-01
-2.027135133743286133e+00
3.211607635021209717e-01
1.624972671270370483e-01
5.466663837432861328e-01
-5.230219364166259766e-01
8.560746312141418457e-01
-4.036957621574401855e-01
3.327050507068634033e-01
2.546690404415130615e-01
5.436623692512512207e-01
-4.227063059806823730e-01
8.349850177764892578e-01
3.297868967056274414e-01
-1.343557119369506836e+00
-6.989873051643371582e-01
6.100789904594421387e-01
8.538339734077453613e-01
-5.467086657881736755e-02
1.211185574531555176e+00
-3.914406597614288330e-01
-5.108905434608459473e-01
9.977049380540847778e-02
-6.108738183975219727e-01
-3.375363111495971680e+00
2.101808786392211914e+00
3.744856119155883789e-01
-1.249152302742004395e+00
2.000209689140319824e-01
-7.813736796379089355e-01
-3.220900893211364746e-01
6.144382357597351074e-01
1.175609469413757324e+00
1.273401379585266113e-01
5.670566484332084656e-02
-8.963768482208251953e-01
-8.540681004524230957e-01
1.051799535751342773e+00
-1.380002617835998535e+00
2.794927835464477539e+00
1.875970721244812012e+00
7.723484039306640625e-01
2.569531917572021484e+00
5.035204887390136719e-01
8.961078524589538574e-01
1.108747363090515137e+00
-4.424229860305786133e-01
-1.667466998100280762e+00
5.523691177368164062e-01
2.443946301937103271e-01
8.695741742849349976e-02
-7.687934041023254395e-01
7.820981144905090332e-01
-6.035220623016357422e-01
-5.670046210289001465e-01
4.400404691696166992e-01
-1.706810116767883301e+00
6.354882717132568359e-01
3.733640611171722412e-01
1.392383456230163574e+00
-4.447106122970581055e-01
3.227203786373138428e-01
-1.452075690031051636e-01
-3.644501268863677979e-01
-7.952349185943603516e-01
1.799908161163330078e+00
-5.842840671539306641e-01
1.544522881507873535e+00
-1.475708484649658203e-01
-1.895127773284912109e+00
1.416190527379512787e-02
4.657571017742156982e-01
-5.180186033248901367e-01
6.308240294456481934e-01
-8.615150302648544312e-02
5.691796541213989258e-01
2.959668934345245361e-01
1.150071978569030762e+00
-2.791239023208618164e-01
1.915693432092666626e-01
-1.368669152259826660e+00
2.046605110168457031e+00
-3.186261355876922607e-01
4.991306066513061523e-01
1.406501412391662598e+00
-3.657666221261024475e-02
1.190574765205383301e+00
6.029774546623229980e-01
2.243365526199340820e+00
-1.614390254020690918e+00
1.251876592636108398e+00
-1.824994206428527832e+00
2.788271903991699219e-01
-2.966956496238708496e-01
5.423113703727722168e-01
1.187670454382896423e-01
5.996678471565246582e-01
1.506966054439544678e-01
1.245727181434631348e+00
3.702101707458496094e-01
3.567229509353637695e-01
-5.430977940559387207e-01
-1.740270256996154785e+00
2.864717245101928711e-01
3.319595754146575928e-01
-1.250024557113647461e+00
-1.616451263427734375e+00
-9.612179398536682129e-01
5.137413144111633301e-01
8.567544817924499512e-01
-1.024244427680969238e+00
-5.111154913902282715e-01
-6.328257918357849121e-01
5.569602251052856445e-01
-1.119516134262084961e+00
-1.209861755371093750e+00
1.794787794351577759e-01
2.924030423164367676e-01
-6.701928377151489258e-01
8.878024220466613770e-01
7.278916835784912109e-01
-2.380567044019699097e-01
7.527682185173034668e-02
-9.361571073532104492e-01
-2.692083828151226044e-02
-1.752801090478897095e-01
1.291039943695068359e+00
1.091072678565979004e+00
5.711838603019714355e-02
1.954496465623378754e-02
7.656287550926208496e-01
1.314188241958618164e+00
9.180251955986022949e-01
9.759339094161987305e-01
-1.420239925384521484e+00
-8.798531293869018555e-01
2.763969898223876953e-01
4.055007100105285645e-01
-3.920233249664306641e-01
-3.061176240444183350e-01
1.539951801300048828e+00
-1.180903553962707520e+00
1.961874514818191528e-01
1.254565954208374023e+00
-9.272814989089965820e-01
5.687309503555297852e-01
-4.072717428207397461e-01
3.603263497352600098e-01
-1.411498069763183594e+00
-9.034379124641418457e-01
-1.133813381195068359e+00
-1.503026366233825684e+00
-6.422436833381652832e-01
-1.259618252515792847e-01
-3.128035366535186768e-01
-4.493899941444396973e-01
-5.574535951018333435e-02
1.005751967430114746e+00
1.465574502944946289e+00
1.571791768074035645e+00
7.381430864334106445e-01
9.866616129875183105e-01
-1.252610921859741211e+00
-1.287072896957397461e-01
3.313434123992919922e-02
-2.608844339847564697e-01
-7.763359546661376953e-01
7.399446368217468262e-01
7.662067413330078125e-01
-1.620761394500732422e+00
1.079544544219970703e+00
4.093407988548278809e-01
4.140375137329101562e+00
-1.444872379302978516e+00
1.261268496513366699e+00
-3.099786043167114258e-01
-7.481285333633422852e-01
1.432547718286514282e-01
2.892624437808990479e-01
-7.152519822120666504e-01
-8.871108889579772949e-01
1.313128322362899780e-01
-1.288212388753890991e-01
-4.218707680702209473e-01
1.121947541832923889e-01
1.048431754112243652e+00
-5.830035805702209473e-01
1.868961155414581299e-01
1.042916178703308105e+00
-1.932088434696197510e-01
1.486611604690551758e+00
-1.332260817289352417e-01
4.752616584300994873e-01
5.310676619410514832e-02
1.157915685325860977e-02
1.161608248949050903e-01
-1.509424567222595215e+00
-1.951570212841033936e-01
-2.095415145158767700e-01
-1.772102415561676025e-01
1.554806590080261230e+00
2.395880222320556641e+00
-1.133527159690856934e+00
-1.070138096809387207e+00
5.280165076255798340e-01
-1.847948789596557617e+00
-1.225240588188171387e+00
-6.170848011970520020e-01
-2.281620979309082031e+00
1.795057207345962524e-02
3.682435676455497742e-02
-2.105259150266647339e-02
-1.408734679222106934e+00
-3.092349767684936523e-01
1.520422548055648804e-01
-7.737869739532470703e+00
6.730642914772033691e-01
3.896781504154205322e-01
-6.941363811492919922e-01
1.280562639236450195e+00
-9.758504033088684082e-01
-1.052887201309204102e+00
2.831102609634399414e-01
9.115022420883178711e-01
-7.462991774082183838e-02
1.090368747711181641e+00
4.225987195968627930e-01
-1.285595178604125977e+00
-3.122026324272155762e-01
-2.110771417617797852e+00
4.217804968357086182e-01
-1.261350363492965698e-01
7.675698995590209961e-01
3.340957403182983398e+00
-1.430903673171997070e+00
-2.760111093521118164e+00
1.775111317634582520e+00
2.741673469543457031e+00
-1.592285871505737305e+00
-4.343417286872863770e-01
1.752214670181274414e+00
4.891236722469329834e-01
5.264446884393692017e-02
1.158167004585266113e+00
-2.137379050254821777e-01
-1.523958325386047363e+00
1.821178913116455078e+00
1.094570279121398926e+00
1.820054054260253906e+00
8.168505877256393433e-02
5.344539284706115723e-01
1.231390714645385742e+00
2.913820929825305939e-02
7.991275191307067871e-02
1.151247620582580566e+00
1.178879618644714355e+00
4.174807965755462646e-01
-5.553631186485290527e-01
-2.667306423187255859e+00
-2.438044309616088867e+00
-4.831486567854881287e-02
8.514751791954040527e-01
1.871852129697799683e-01
-9.441722035408020020e-01
9.412341713905334473e-01
3.225056529045104980e-01
7.191457152366638184e-01
-8.391274213790893555e-01
-6.874458193778991699e-01
2.262807846069335938e+00
2.090037584304809570e+00
1.268309950828552246e-01
-4.789536893367767334e-01
-5.261278897523880005e-02
-1.452642083168029785e-01
-1.304002642631530762e+00
-4.027360081672668457e-01
6.143080592155456543e-01
2.029757201671600342e-01
6.881261467933654785e-01
-1.017777442932128906e+00
-1.513993740081787109e+00
-4.072263538837432861e-01
2.716752767562866211e+00
-5.648444890975952148e-01
-8.871024847030639648e-01
-2.887658774852752686e-01
-3.791279196739196777e-01
-2.150338292121887207e-01
2.323671102523803711e+00
-2.729492783546447754e-01
5.160449072718620300e-02
-2.704081535339355469e-01
-6.774349808692932129e-01
4.949585497379302979e-01
