8.688623905181884766e-01
3.044712729752063751e-02
-2.195852547883987427e-01
-8.043385148048400879e-01
-1.144693732261657715e+00
5.462403893470764160e-01
-1.638413667678833008e-01
-7.924047112464904785e-01
3.609823584556579590e-01
7.733301818370819092e-02
2.379868626594543457e-01
-4.845674037933349609e-01
5.909434556961059570e-01
-4.033714234828948975e-01
7.726280391216278076e-02
-4.268905222415924072e-01
-1.909491717815399170e-01
-9.674244523048400879e-01
3.797686100006103516e-01
-6.027964353561401367e-01
-5.153494477272033691e-01
-1.648135662078857422e+00
-1.007963061332702637e+00
8.163613080978393555e-01
6.490748524665832520e-01
-4.106262326240539551e-01
-6.795237958431243896e-02
-1.135151535272598267e-01
-2.274993896484375000e+00
2.948973178863525391e-01
-6.683799028396606445e-01
-5.585728883743286133e-01
-1.274316787719726562e+00
-1.168019413948059082e+00
-8.921493887901306152e-01
-1.836889386177062988e-01
-6.003773212432861328e-01
-9.122110009193420410e-01
8.220428228378295898e-02
3.003143966197967529e-01
1.972088813781738281e-01
-2.123959809541702271e-01
3.255071640014648438e-01
-1.527158737182617188e+00
-1.230392932891845703e+00
6.686455607414245605e-01
-7.455376982688903809e-01
-5.634143948554992676e-01
-1.472395181655883789e+00
5.113157629966735840e-01
-1.307088136672973633e-01
1.024527195841073990e-02
1.134176731109619141e+00
2.035225868225097656e+00
-1.150691583752632141e-01
-8.482441902160644531e-01
5.308382585644721985e-02
-3.890687823295593262e-01
-4.988701939582824707e-01
-1.234051823616027832e+00
-4.864393770694732666e-01
-1.437929719686508179e-01
1.045989036560058594e+00
5.461756512522697449e-02
1.956595331430435181e-01
-1.021842956542968750e+00
1.337457418441772461e+00
1.140042066574096680e+00
1.148679494857788086e+00
-1.859461665153503418e-01
-4.247339069843292236e-01
5.126275420188903809e-01
-1.097285985946655273e+00
-6.252367794513702393e-02
-1.504735589027404785e+00
1.383136868476867676e+00
6.064725518226623535e-01
7.867389917373657227e-01
1.209001183509826660e+00
8.447496294975280762e-01
-2.046855986118316650e-01
-2.687042653560638428e-01
-1.656753182411193848e+00
7.298646569252014160e-01
-2.412042915821075439e-01
1.397208809852600098e+00
-1.363133907318115234e+00
-7.040182948112487793e-01
2.932263314723968506e-01
1.731486558914184570e+00
-1.061737895011901855e+00
-5.389575362205505371e-01
-1.659434795379638672e+00
3.942800164222717285e-01
-4.888482019305229187e-02
2.343882322311401367e-01
4.905667901039123535e-01
1.544430404901504517e-01
1.452223807573318481e-01
-6.445167064666748047e-01
1.650161296129226685e-01
-2.463426291942596436e-01
-1.249564513564109802e-01
-6.424327492713928223e-01
-4.571332037448883057e-01
-5.043076723814010620e-02
-8.563958406448364258e-01
8.596034049987792969e-01
4.019336104393005371e-01
-2.152277827262878418e-01
-1.753556579351425171e-01
1.088539600372314453e+00
-1.648498773574829102e+00
-1.499202847480773926e+00
2.849833369255065918e-01
-3.680600821971893311e-01
-1.303617119789123535e+00
-8.302091956138610840e-01
9.183773994445800781e-01
7.446305751800537109e-01
7.802256941795349121e-01
1.679069548845291138e-01
-5.720078349113464355e-01
-9.101130813360214233e-02
1.046332955360412598e+00
-5.287607386708259583e-02
1.150869369506835938e+00
7.018278837203979492e-01
-1.205222725868225098e+00
-1.205805420875549316e+00
7.055338621139526367e-01
1.899640560150146484e-01
5.228372216224670410e-01
-1.208685755729675293e+00
-2.566697359085083008e+00
9.622936137020587921e-03
-3.337715864181518555e-01
-1.256119012832641602e-01
-4.963072836399078369e-01
-8.536733984947204590e-01
1.383802760392427444e-02
1.441455006599426270e+00
4.626688063144683838e-01
1.663767844438552856e-01
-7.126890420913696289e-01
-6.977682709693908691e-01
-6.582683324813842773e-01
-2.366625070571899414e+00
-4.160664975643157959e-01
4.964891448616981506e-02
-5.154111385345458984e-01
4.932824373245239258e-01
8.348726034164428711e-01
-2.159110642969608307e-02
1.118007302284240723e+00
-5.276764631271362305e-01
-9.853996634483337402e-01
1.141128242015838623e-01
-3.365804851055145264e-01
8.671554923057556152e-01
1.657141298055648804e-01
-7.930890321731567383e-01
-1.083667203783988953e-01
-1.747594214975833893e-03
8.922379016876220703e-01
-1.481792449951171875e+00
-1.611580848693847656e-01
-1.427063494920730591e-01
1.729783266782760620e-01
1.971202343702316284e-01
-1.344664692878723145e+00
-1.670565843582153320e+00
-1.178009867668151855e+00
5.036420226097106934e-01
-7.647810578346252441e-01
-1.019725389778614044e-02
1.102482318878173828e+00
-2.600862085819244385e-01
8.578786849975585938e-01
1.004955410957336426e+00
-7.719649076461791992e-01
7.001045346260070801e-02
-8.962588757276535034e-02
4.997127056121826172e-01
1.185799002647399902e+00
-7.713836431503295898e-01
-5.233389735221862793e-01
-9.804286062717437744e-02
8.718513250350952148e-01
-1.333403140306472778e-01
-3.865922391414642334e-01
2.366399317979812622e-01
-3.901740610599517822e-01
6.980986595153808594e-01
-1.175714135169982910e+00
3.244635760784149170e-01
-1.054058596491813660e-01
7.158885598182678223e-01
9.800664782524108887e-01
3.528394550085067749e-02
-1.293272137641906738e+00
9.348578453063964844e-01
1.459094524383544922e+00
5.196989178657531738e-01
4.568035900592803955e-01
1.102844625711441040e-02
-2.635398209095001221e-01
-8.568392395973205566e-01
9.641689248383045197e-04
-1.246794700622558594e+00
-3.909098803997039795e-01
3.885250538587570190e-02
4.310976564884185791e-01
-1.896237134933471680e+00
2.028528749942779541e-01
-6.661422848701477051e-01
-2.345447063446044922e+00
7.944291085004806519e-02
3.334100842475891113e-01
7.632448673248291016e-01
-4.837032258510589600e-01
-1.042429089546203613e+00
-2.148048728704452515e-01
7.524323463439941406e-01
7.739253044128417969e-01
-3.285893797874450684e-01
7.092736363410949707e-01
9.990125298500061035e-01
1.223904490470886230e-01
-8.950585722923278809e-01
1.209143757820129395e+00
-4.155709967017173767e-02
4.372035562992095947e-01
4.816948473453521729e-01
-2.255082726478576660e-01
-2.667788565158843994e-01
6.531756520271301270e-01
-1.020351171493530273e+00
-1.040769934654235840e+00
-1.055695652961730957e+00
3.247194290161132812e-01
-3.005597591400146484e-01
-2.210436820983886719e+00
2.744470238685607910e-01
-1.399229049682617188e+00
-6.139245033264160156e-01
-1.750901818275451660e+00
6.534591913223266602e-01
1.543681740760803223e+00
-2.117032259702682495e-01
-5.716046690940856934e-01
1.491619050502777100e-01
-3.016980886459350586e-01
-1.627931952476501465e+00
1.547266244888305664e-01
7.650654911994934082e-01
6.203862428665161133e-01
9.345854073762893677e-02
3.640744388103485107e-01
7.149301767349243164e-01
2.930901944637298584e-01
-5.352693200111389160e-01
1.579205632209777832e+00
-9.610465764999389648e-01
-2.730233073234558105e-01
6.458775997161865234e-01
3.458534553647041321e-02
-5.497764945030212402e-01
2.871402978897094727e+00
2.919426858425140381e-01
1.349210888147354126e-01
-9.383747577667236328e-01
1.894726037979125977e+00
2.260743230581283569e-01
-1.242298722267150879e+00
5.327433347702026367e-01
-7.015549540519714355e-01
-8.067407011985778809e-01
8.453708291053771973e-01
-1.285579085350036621e+00
2.630908191204071045e-01
2.266220897436141968e-01
1.114552974700927734e+00
-2.821059525012969971e-01
1.861885547637939453e+00
1.537623554468154907e-01
1.181763529777526855e+00
6.483396887779235840e-01
1.678308099508285522e-01
-1.726542711257934570e-01
-9.433752298355102539e-01
8.591082692146301270e-02
-1.595954298973083496e-01
-2.870637893676757812e+00
-1.151638403534889221e-01
1.329836249351501465e-01
1.161267042160034180e+00
-5.061956644058227539e-01
6.497228145599365234e-01
-7.290070652961730957e-01
4.500584900379180908e-01
-1.029510378837585449e+00
1.482454657554626465e+00
1.458119750022888184e+00
9.692121148109436035e-01
-5.857129096984863281e-01
-1.018844097852706909e-01
-3.050986826419830322e-01
9.249638915061950684e-01
1.469163060188293457e+00
-4.690567851066589355e-01
-1.401979923248291016e+00
-8.421059846878051758e-01
1.410439848899841309e+00
-6.136666536331176758e-01
2.494885027408599854e-01
1.196486115455627441e+00
5.376757979393005371e-01
1.218872815370559692e-01
3.842777013778686523e-02
-7.869092822074890137e-01
-2.333270609378814697e-01
7.219191789627075195e-01
1.068476796150207520e+00
-8.125988841056823730e-01
-6.934570670127868652e-01
-7.995606958866119385e-02
-7.670202255249023438e-01
-3.071777224540710449e-01
2.467066645622253418e-01
-2.639902830123901367e-01
7.731125950813293457e-01
1.226841092109680176e+00
1.674249172210693359e-01
1.296629905700683594e+00
-5.939639806747436523e-01
3.977385759353637695e-01
-1.070434212684631348e+00
1.207366466522216797e+00
-4.486145377159118652e-01
2.116951704025268555e+00
2.932234704494476318e-01
7.189434170722961426e-01
-2.287640422582626343e-01
-5.972623825073242188e-01
-6.210203170776367188e-01
-3.265367448329925537e-01
1.883732527494430542e-01
-4.909717440605163574e-01
2.123714052140712738e-02
-3.753924369812011719e-01
-2.066435366868972778e-01
-3.313261568546295166e-01
-4.719035923480987549e-01
-1.602355360984802246e+00
-1.559060961008071899e-01
-1.360506415367126465e+00
2.176408171653747559e-01
7.278574630618095398e-03
9.920856356620788574e-01
-4.679746925830841064e-01
-5.565091967582702637e-01
2.009213447570800781e+00
-6.598055362701416016e-01
-1.063742637634277344e+00
7.714335918426513672e-01
1.379082918167114258e+00
5.306279659271240234e-01
2.914164960384368896e-01
3.787382543087005615e-01
6.681951880455017090e-01
-1.139843314886093140e-01
-1.776700735092163086e+00
1.110589027404785156e+00
1.405331492424011230e-01
6.924195289611816406e-01
8.062572479248046875e-01
-2.993187606334686279e-01
-7.595008611679077148e-01
1.576822876930236816e+00
1.694820642471313477e+00
-5.889934897422790527e-01
1.331806659698486328e+00
-2.609760761260986328e-01
-7.086291909217834473e-01
-3.186095878481864929e-02
-5.732795000076293945e-01
-5.110714435577392578e-01
8.002491593360900879e-01
1.600701093673706055e+00
1.321169018745422363e+00
9.675836563110351562e-01
4.979274868965148926e-01
-4.649257063865661621e-01
2.205044984817504883e+00
-4.547288417816162109e-01
-3.320448994636535645e-01
-4.837096035480499268e-01
-6.393879055976867676e-01
9.424426555633544922e-01
9.013988822698593140e-02
-7.735623121261596680e-01
2.181797623634338379e-01
-6.770460605621337891e-01
-1.244862973690032959e-01
-1.584398187696933746e-02
-2.151548117399215698e-01
4.275120794773101807e-01
3.952258080244064331e-02
-3.691296279430389404e-01
-6.690315008163452148e-01
-1.764408807503059506e-04
-1.302755475044250488e+00
4.881758987903594971e-01
-2.501581311225891113e-01
9.480606317520141602e-01
-1.823848113417625427e-02
6.670528054237365723e-01
-1.596763730049133301e+00
9.197684526443481445e-01
-3.200515806674957275e-01
-5.528230667114257812e-01
-1.683631688356399536e-01
2.848490774631500244e-01
1.143756806850433350e-01
4.426389336585998535e-01
1.164438605308532715e+00
-1.023763298988342285e+00
-1.657724022865295410e+00
-1.150552749633789062e+00
-2.211345918476581573e-02
-7.897836714982986450e-02
5.617691278457641602e-01
-1.187941789627075195e+00
-1.501972377300262451e-01
7.695937994867563248e-03
6.445909738540649414e-01
4.925002455711364746e-01
9.978247433900833130e-02
-8.108681440353393555e-01
-5.430603027343750000e-02
1.093472614884376526e-01
7.066437005996704102e-01
-6.129233241081237793e-01
4.131520390510559082e-01
-1.007611274719238281e+00
-7.985842227935791016e-01
9.639844298362731934e-01
-8.379988074302673340e-01
-9.569599628448486328e-01
-7.986158132553100586e-01
-3.398294448852539062e-01
8.972381800413131714e-02
-4.575124979019165039e-01
-1.230159163475036621e+00
-9.992926120758056641e-01
8.698523044586181641e-01
-2.138057053089141846e-01
6.349226832389831543e-01
-4.102009162306785583e-02
1.287975311279296875e+00
1.200700849294662476e-01
1.563569158315658569e-02
3.482038080692291260e-01
-1.241557717323303223e+00
4.899711161851882935e-02
5.868062973022460938e-01
3.807979524135589600e-01
-4.377764761447906494e-01
1.555083274841308594e+00
7.545679211616516113e-01
1.783049851655960083e-02
-1.716699719429016113e+00
-4.694648385047912598e-01
-1.337036728858947754e+00
2.005707919597625732e-01
1.229185104370117188e+00
-6.743034124374389648e-01
-8.211832046508789062e-01
6.643565893173217773e-01
2.253486156463623047e+00
6.279861330986022949e-01
1.848783046007156372e-01
8.184830844402313232e-02
5.210365653038024902e-01
-4.225501716136932373e-01
8.340167254209518433e-02
4.894314408302307129e-01
2.959035038948059082e-01
-4.751359224319458008e-01
-3.023161590099334717e-01
2.745511829853057861e-01
-1.320952177047729492e-01
3.592853546142578125e-01
-3.640921413898468018e-01
-4.886837005615234375e-01
-1.250276863574981689e-01
-2.034334421157836914e+00
3.157253861427307129e-01
-7.045185565948486328e-01
-5.719232559204101562e-01
1.089165449142456055e+00
-4.035192728042602539e-01
-1.542819943279027939e-02
-8.431982398033142090e-01
-6.025822162628173828e-01
-1.836431585252285004e-02
-3.370525538921356201e-01
6.775517463684082031e-01
-5.891095846891403198e-02
1.686257719993591309e-01
-4.810941815376281738e-01
5.392418503761291504e-01
4.023294150829315186e-01
5.954935550689697266e-01
1.077120065689086914e+00
-1.560098230838775635e-01
-6.853039860725402832e-01
-3.414628207683563232e-01
-3.819476664066314697e-01
-1.105535030364990234e+00
-7.333080470561981201e-02
-8.159766197204589844e-01
-5.695901513099670410e-01
5.001835227012634277e-01
6.425846815109252930e-01
-2.512930333614349365e-01
-1.557776629924774170e-01
-2.897527217864990234e-01
-1.539486765861511230e+00
3.325688540935516357e-01
2.604745626449584961e+00
4.319648742675781250e-01
-2.372972816228866577e-01
1.602933526039123535e+00
-1.146450400352478027e+00
-5.491923093795776367e-01
3.896668553352355957e-01
8.796466141939163208e-02
7.701501995325088501e-02
5.004449486732482910e-01
7.187399864196777344e-01
-1.427437305450439453e+00
-3.695392310619354248e-01
2.261969804763793945e+00
5.797515511512756348e-01
1.416080951690673828e+00
4.621978700160980225e-01
8.670067191123962402e-01
3.331662714481353760e-01
-7.324306368827819824e-01
1.341073393821716309e+00
7.026312947273254395e-01
5.757232904434204102e-01
-9.322139024734497070e-01
5.842299461364746094e-01
-9.035171866416931152e-01
-1.586595028638839722e-01
-1.805812716484069824e-01
-2.879870831966400146e-01
4.656027555465698242e-01
5.447549223899841309e-01
-1.238082647323608398e+00
-1.640005558729171753e-01
6.274673342704772949e-01
8.341068029403686523e-01
5.215703248977661133e-01
1.663283705711364746e+00
5.731789469718933105e-01
-1.103545904159545898e+00
6.248326897621154785e-01
2.988176643848419189e-01
-3.316617012023925781e-01
-1.118917316198348999e-01
4.332963824272155762e-01
-5.884574651718139648e-01
4.018047079443931580e-02
3.097225166857242584e-02
9.003673195838928223e-01
-1.760064065456390381e-01
8.751884102821350098e-01
8.405699133872985840e-01
2.077175229787826538e-01
8.144944310188293457e-01
2.392213493585586548e-01
1.992401182651519775e-01
-1.077135920524597168e+00
-8.985087871551513672e-01
-4.360339045524597168e-01
9.916325211524963379e-01
-4.600505828857421875e-01
2.094652801752090454e-01
4.225993752479553223e-01
6.954395771026611328e-01
8.024677038192749023e-01
7.430364936590194702e-02
-5.299646854400634766e-01
9.477770328521728516e-01
4.470306634902954102e-01
2.487109303474426270e-01
7.497001886367797852e-01
-2.107733249664306641e+00
-2.008918523788452148e+00
-6.286100745201110840e-01
4.222161471843719482e-01
-6.102676391601562500e-01
-2.731786370277404785e-01
-1.381513476371765137e+00
-1.454001307487487793e+00
-1.184189394116401672e-01
8.510915637016296387e-01
-2.450025267899036407e-02
8.316203355789184570e-01
8.101140856742858887e-01
-9.792857766151428223e-01
-4.198819100856781006e-01
-1.278150826692581177e-01
9.646479785442352295e-02
7.424806803464889526e-02
-9.835932850837707520e-01
-4.167338311672210693e-01
6.242325305938720703e-01
-7.502932101488113403e-02
1.683050952851772308e-02
-6.008776426315307617e-01
1.063387513160705566e+00
-2.058377116918563843e-02
-1.367884874343872070e-01
1.494971871376037598e+00
-1.321815609931945801e+00
1.700542092323303223e+00
3.739258944988250732e-01
-1.251112818717956543e-01
2.101856619119644165e-01
-7.849383354187011719e-01
-7.333239316940307617e-01
-1.757147431373596191e+00
1.803539991378784180e-01
-4.785099625587463379e-01
5.280210971832275391e-01
1.214572563767433167e-01
7.962478995323181152e-01
-2.288330554962158203e+00
-3.367104232311248779e-01
-3.768524825572967529e-01
5.594296932220458984e+00
-1.444537758827209473e+00
1.307674169540405273e+00
8.604457974433898926e-01
-1.700927734375000000e+00
4.055788516998291016e-01
3.932090997695922852e-01
4.630579352378845215e-01
-1.011766076087951660e+00
-3.119968175888061523e-01
-5.763229131698608398e-01
3.901539146900177002e-01
-1.758083105087280273e+00
1.142931103706359863e+00
1.142093166708946228e-01
-1.624194264411926270e+00
7.327256798744201660e-01
4.812953248620033264e-02
-5.296663045883178711e-01
-6.526862382888793945e-01
1.197065353393554688e+00
-3.385100280866026878e-03
1.510307192802429199e-01
5.169451832771301270e-01
-2.267135530710220337e-01
-1.790418863296508789e+00
-4.968443810939788818e-01
3.369676172733306885e-01
3.308466076850891113e-01
5.573140382766723633e-01
7.308156490325927734e-01
-3.797132670879364014e-01
-1.094551920890808105e+00
5.631170272827148438e-01
-6.709628105163574219e-01
4.275428056716918945e-01
-5.682046413421630859e-01
-1.638531386852264404e-01
3.155242502689361572e-01
-6.503851413726806641e-01
-5.752015709877014160e-01
-9.394718408584594727e-01
-1.234449028968811035e+00
-2.173810482025146484e+00
5.732143521308898926e-01
6.456034779548645020e-01
-1.297767996788024902e+00
-4.136529564857482910e-01
-6.119884252548217773e-01
-4.311814606189727783e-01
3.393494784832000732e-01
1.749126315116882324e+00
1.211830139160156250e+00
-1.289855837821960449e+00
7.642730474472045898e-01
-6.291726231575012207e-01
-1.719797253608703613e+00
1.172725856304168701e-01
1.567535161972045898e+00
3.543577492237091064e-01
-6.222922801971435547e-01
2.798383474349975586e+00
-1.120799064636230469e+00
-2.165801763534545898e+00
1.823318153619766235e-01
-6.956288814544677734e-01
-1.336305022239685059e+00
2.485600560903549194e-01
-9.947091937065124512e-01
-1.639962077140808105e+00
8.185045719146728516e-01
-2.877399027347564697e-01
6.619132757186889648e-01
1.059118628501892090e+00
2.702064812183380127e-01
-5.620727688074111938e-02
1.257097125053405762e+00
1.141768336296081543e+00
1.695600599050521851e-01
-5.179313421249389648e-01
-6.240636110305786133e-01
-3.227295577526092529e-01
3.094538450241088867e-01
8.144073486328125000e-01
4.545119032263755798e-02
1.788931936025619507e-01
-4.268019199371337891e-01
3.725726604461669922e-01
2.017794609069824219e+00
8.329163491725921631e-02
3.590238392353057861e-01
1.475491821765899658e-01
2.729807198047637939e-01
1.903832912445068359e+00
4.070238471031188965e-01
3.218960464000701904e-01
-1.822687387466430664e-01
-2.833324968814849854e-01
1.675250887870788574e+00
8.764857053756713867e-01
-3.097927868366241455e-01
-1.098270535469055176e+00
-2.769389450550079346e-01
1.965644001960754395e+00
2.317855358123779297e-01
1.258203029632568359e+00
-1.707602500915527344e+00
-3.383786082267761230e-01
-2.077208459377288818e-01
2.113013714551925659e-01
9.748618602752685547e-01
-1.688580274581909180e+00
2.250581681728363037e-01
-1.033822774887084961e+00
4.825777411460876465e-01
9.671455025672912598e-01
6.756955981254577637e-01
9.704253822565078735e-02
9.216384291648864746e-01
5.725355148315429688e-01
5.959599018096923828e-01
-4.018310606479644775e-01
-1.562951058149337769e-01
