-2.590845823287963867e-01
-9.516772031784057617e-01
-6.463270187377929688e-01
8.434475064277648926e-01
-3.244068240746855736e-03
-6.470214724540710449e-01
-3.431212007999420166e-01
-1.018817663192749023e+00
-6.394751667976379395e-01
-5.644257068634033203e-01
7.293038368225097656e-01
-4.220999181270599365e-01
3.488122299313545227e-02
3.755835592746734619e-01
2.977180480957031250e-01
-1.310952425003051758e+00
-1.674058079719543457e+00
5.071309208869934082e-01
-9.530463069677352905e-02
4.771955609321594238e-01
3.098962903022766113e-01
1.364506125450134277e+00
6.806848645210266113e-01
4.420066773891448975e-01
2.015865445137023926e-01
-8.111912757158279419e-03
-5.886421203613281250e-01
1.800002157688140869e-01
-3.999721109867095947e-01
-5.257265567779541016e-01
-7.602505683898925781e-01
-3.232981264591217041e-02
-2.522849798202514648e+00
7.824066877365112305e-01
-1.645472288131713867e+00
1.328760832548141479e-01
4.911711812019348145e-01
3.066233396530151367e-01
-3.532860055565834045e-02
-8.752743601799011230e-01
-1.278293371200561523e+00
2.629341743886470795e-02
6.154224872589111328e-01
9.798009395599365234e-01
1.347048282623291016e+00
3.619092404842376709e-01
-2.037518501281738281e+00
-3.485010862350463867e-01
-2.473621517419815063e-01
1.002406358718872070e+00
2.311700284481048584e-01
-7.847228050231933594e-01
-1.637322902679443359e+00
4.795093834400177002e-01
3.680596947669982910e-01
-2.851362824440002441e-01
-2.496123686432838440e-02
-1.751951694488525391e+00
-1.764306128025054932e-01
9.104794263839721680e-01
2.048702955245971680e+00
7.160453498363494873e-02
2.394312173128128052e-01
7.633164525032043457e-02
5.901735424995422363e-01
-7.313111424446105957e-01
-8.229919075965881348e-01
-1.205443739891052246e+00
5.944467186927795410e-01
1.647598624229431152e+00
-1.138703450560569763e-01
-1.650268584489822388e-01
-5.867026448249816895e-01
-1.743157744407653809e+00
-3.145893812179565430e-01
5.342109203338623047e-01
-4.144073128700256348e-01
1.230951309204101562e+00
-4.417090713977813721e-01
2.874257862567901611e-01
-6.784692406654357910e-01
-9.519776105880737305e-01
-3.852495551109313965e-01
-8.193124532699584961e-01
-1.810641646385192871e+00
-6.660568714141845703e-01
4.803262352943420410e-01
-5.367017388343811035e-01
-1.092847347259521484e+00
-2.935335338115692139e-01
1.517604440450668335e-01
-1.005602255463600159e-01
-3.577863872051239014e-01
1.193192601203918457e+00
-1.293793201446533203e+00
5.725326538085937500e-01
-4.338905513286590576e-01
1.116469979286193848e+00
-9.031710028648376465e-02
3.263393342494964600e-01
-1.021773934364318848e+00
-7.656847834587097168e-01
3.395284414291381836e-01
-2.560711503028869629e-01
-1.827506422996520996e+00
-5.126742124557495117e-01
2.713147997856140137e-01
7.150939702987670898e-01
-1.262571662664413452e-01
3.246749341487884521e-01
-4.702261686325073242e-01
7.529112696647644043e-01
-1.535001873970031738e+00
-1.493198573589324951e-01
-4.782547056674957275e-02
4.884943962097167969e-01
1.216633439064025879e+00
-1.877276778221130371e+00
2.607067823410034180e-01
8.774753212928771973e-01
-5.590327829122543335e-02
-2.981659770011901855e-01
8.346735499799251556e-03
-2.214423656463623047e+00
-3.665245175361633301e-01
6.215121150016784668e-01
7.279249429702758789e-01
8.097795248031616211e-01
-2.630949914455413818e-01
9.822347164154052734e-01
-8.051864057779312134e-02
-7.792249321937561035e-01
-6.630460619926452637e-01
7.310868501663208008e-01
4.072724878787994385e-01
-2.106147259473800659e-01
1.284334421157836914e+00
-2.039257049560546875e+00
-2.110924482345581055e+00
4.526067078113555908e-01
4.160022437572479248e-01
1.814080357551574707e+00
1.493456959724426270e+00
8.221731185913085938e-01
1.481563091278076172e+00
-3.915810286998748779e-01
-1.316085457801818848e+00
-2.784087359905242920e-01
-2.582454383373260498e-01
6.585240364074707031e-01
1.793788671493530273e+00
6.069807410240173340e-01
7.156740427017211914e-01
-1.004698723554611206e-01
5.639494657516479492e-01
-1.121235370635986328e+00
-1.268547534942626953e+00
1.302418470382690430e+00
-1.245308279991149902e+00
1.030903697013854980e+00
2.165006846189498901e-01
2.236913442611694336e-01
6.559757590293884277e-01
-2.199617773294448853e-01
4.609456285834312439e-02
-4.860384389758110046e-02
-7.394251823425292969e-01
7.277438789606094360e-02
8.068580627441406250e-01
7.585358023643493652e-01
-1.162349462509155273e+00
-9.881767034530639648e-01
1.166573613882064819e-01
1.124762773513793945e+00
-1.210264325141906738e+00
2.244797050952911377e-01
-1.337604522705078125e+00
1.110834121704101562e+00
-1.025344491004943848e+00
1.253396749496459961e+00
-1.548365056514739990e-01
-4.404003173112869263e-02
1.969885230064392090e-01
1.441638708114624023e+00
-3.716367959976196289e+00
1.266621470451354980e+00
-8.423835635185241699e-01
1.314310431480407715e+00
7.453874945640563965e-01
9.165862202644348145e-01
-2.834670245647430420e-01
-1.481708288192749023e+00
-3.912107944488525391e-01
-1.833392381668090820e-01
9.654583334922790527e-01
-3.538716435432434082e-01
-1.405171871185302734e+00
1.974221229553222656e+00
6.384728550910949707e-01
-1.532446861267089844e+00
-9.509439766407012939e-02
3.641408681869506836e-01
-3.524056375026702881e-01
3.582206070423126221e-01
-8.365797400474548340e-01
-4.320454895496368408e-01
-1.468188613653182983e-01
1.822821944952011108e-01
1.046731352806091309e+00
-5.499103665351867676e-01
-2.881303727626800537e-01
3.984169065952301025e-01
8.325507640838623047e-01
9.441232085227966309e-01
-7.057363986968994141e-01
7.502875328063964844e-01
4.523431301116943359e+00
-1.823164969682693481e-01
1.561953067779541016e+00
-1.172754287719726562e+00
-1.608138978481292725e-01
-1.304069757461547852e-01
1.781009912490844727e+00
1.312874913215637207e+00
-4.212301969528198242e-01
1.675347685813903809e-01
-3.722057044506072998e-01
1.021530628204345703e+00
-4.184047281742095947e-01
-3.125918507575988770e-01
-1.718067169189453125e+00
-2.817449569702148438e-01
-6.319701671600341797e-01
1.514633595943450928e-01
-7.541292905807495117e-01
6.918774247169494629e-01
-8.065827190876007080e-02
-1.006382942199707031e+00
3.739418089389801025e-02
4.684213995933532715e-01
7.999995350837707520e-02
-3.523825705051422119e-01
2.542649768292903900e-02
7.411256432533264160e-01
3.786216378211975098e-01
1.502426028251647949e+00
-6.940605044364929199e-01
2.996921241283416748e-01
1.645692110061645508e+00
8.583279848098754883e-01
-1.207933500409126282e-01
-1.669996738433837891e+00
-4.885559678077697754e-01
-1.047844171524047852e+00
-1.886435896158218384e-01
-6.610278487205505371e-01
1.871308386325836182e-01
7.702026963233947754e-01
-6.888240575790405273e-01
-3.937375843524932861e-01
-8.781703114509582520e-01
-8.094451576471328735e-02
-8.025071620941162109e-01
-1.916587948799133301e+00
-2.182535648345947266e+00
3.791799843311309814e-01
7.307831943035125732e-02
4.653217494487762451e-01
2.625901460647583008e+00
-1.096230670809745789e-01
-3.691683709621429443e-01
8.672995567321777344e-01
-4.898558855056762695e-01
6.894603371620178223e-01
-5.901542901992797852e-01
-1.115764379501342773e+00
3.472365438938140869e-01
-2.036940902471542358e-01
-2.581566274166107178e-01
4.614673256874084473e-01
1.187043070793151855e+00
3.249540030956268311e-01
5.211908817291259766e-01
2.310384273529052734e+00
1.267090320587158203e+00
-5.763656497001647949e-01
-5.866061449050903320e-01
-5.124008655548095703e-01
9.525209069252014160e-01
-2.569903433322906494e-01
-7.371963262557983398e-01
2.453096866607666016e+00
-5.789090991020202637e-01
9.668820500373840332e-01
6.645835041999816895e-01
-4.786401093006134033e-01
-1.033243298530578613e+00
1.098107576370239258e+00
1.392206907272338867e+00
-8.468248248100280762e-01
7.900478243827819824e-01
-1.112826585769653320e+00
7.362143397331237793e-01
2.526126205921173096e-01
-1.043793782591819763e-01
1.219771146774291992e+00
5.500063300132751465e-01
-3.137624263763427734e-02
9.533956050872802734e-01
7.716232538223266602e-01
-1.444871306419372559e+00
7.119249105453491211e-01
6.661895662546157837e-02
8.188072443008422852e-01
-1.124563887715339661e-01
1.020731106400489807e-01
-8.329079747200012207e-01
9.212806820869445801e-01
9.927852749824523926e-01
-9.017741084098815918e-01
-1.630119442939758301e+00
-4.222450405359268188e-02
8.134873509407043457e-01
7.286823987960815430e-01
4.794398248195648193e-01
-3.978245258331298828e-01
-6.526373624801635742e-01
-9.311375617980957031e-01
-1.256528854370117188e+00
4.661395251750946045e-01
-4.088428914546966553e-01
1.058197259902954102e+00
4.682453572750091553e-01
1.173451468348503113e-01
-1.031417846679687500e+00
-9.041080474853515625e-01
-2.230625748634338379e-01
-2.152473032474517822e-01
1.183861255645751953e+00
-6.003630161285400391e-01
5.605737566947937012e-01
-5.855771712958812714e-03
3.716152012348175049e-01
7.703529000282287598e-01
2.655006647109985352e-01
-1.148103177547454834e-01
-2.430483818054199219e+00
-2.377809286117553711e-01
-1.221427917480468750e+00
-6.099082827568054199e-01
-6.451101303100585938e-01
-5.011577606201171875e-01
2.150322124361991882e-02
6.785500645637512207e-01
2.953392565250396729e-01
-4.054051637649536133e-01
-6.757428050041198730e-01
3.824472427368164062e-01
-2.751660346984863281e-01
1.424271762371063232e-01
5.508878231048583984e-01
-3.845527470111846924e-01
-5.265491604804992676e-01
5.513582229614257812e-01
2.123743593692779541e-01
-1.030221462249755859e+00
1.429358720779418945e+00
-7.384481281042098999e-02
-3.858339488506317139e-01
1.843070030212402344e+00
2.708644568920135498e-01
7.867330908775329590e-01
6.413606554269790649e-02
1.371493935585021973e+00
-2.345107197761535645e-01
-4.062173366546630859e-01
1.099766850471496582e+00
-3.936904668807983398e-01
-1.885314136743545532e-01
7.247851490974426270e-01
-6.221282109618186951e-02
6.364664435386657715e-01
1.239384531974792480e+00
9.775665998458862305e-01
-6.288674473762512207e-01
-2.497251927852630615e-01
6.238522529602050781e-01
1.333284854888916016e+00
5.027238130569458008e-01
5.819910764694213867e-01
-4.404185116291046143e-01
8.292466402053833008e-01
7.459083199501037598e-01
-2.051340639591217041e-01
1.050876140594482422e+00
-1.029056608676910400e-01
-1.060613870620727539e+00
1.531519144773483276e-01
-1.721016168594360352e-01
1.309042453765869141e+00
-5.078158900141716003e-02
-1.017553687095642090e+00
-1.605294495820999146e-01
-3.972710967063903809e-01
-7.029840350151062012e-01
3.772730827331542969e-01
-6.903212666511535645e-01
5.630468726158142090e-01
3.575383126735687256e-01
2.758875787258148193e-01
9.689725041389465332e-01
-1.648816913366317749e-01
-1.500361204147338867e+00
-4.954192042350769043e-01
-2.581138312816619873e-01
9.365432262420654297e-01
1.046908497810363770e+00
4.102354645729064941e-01
4.778167605400085449e-01
-1.778567135334014893e-01
-2.451270818710327148e+00
-1.447022914886474609e+00
1.421751618385314941e+00
-7.337812334299087524e-02
-8.557065725326538086e-01
-2.075448036193847656e-01
9.506647288799285889e-02
-1.100510805845260620e-01
-2.106113731861114502e-01
-3.447916209697723389e-01
-9.652614593505859375e-01
1.447193622589111328e+00
3.289359211921691895e-01
-6.401221156120300293e-01
-1.660410165786743164e+00
1.107262849807739258e+00
4.063641428947448730e-01
5.488770008087158203e-01
8.551234602928161621e-01
9.491111040115356445e-01
-3.002423048019409180e-01
-7.029272317886352539e-01
-6.423118114471435547e-01
-5.193606615066528320e-01
-9.159552454948425293e-01
3.299450874328613281e-01
1.040224581956863403e-01
-4.517307579517364502e-01
-1.118849754333496094e+00
4.432217031717300415e-02
-1.115139842033386230e+00
-9.688779711723327637e-01
1.017691135406494141e+00
7.693759202957153320e-01
-4.042888060212135315e-02
-1.110031366348266602e+00
-1.264822930097579956e-01
3.491139411926269531e-01
-2.363613843917846680e-01
6.186530590057373047e-01
1.016455650329589844e+00
-2.450666949152946472e-02
-1.060834228992462158e-01
-7.475149631500244141e-02
-4.749987721443176270e-01
-4.833549857139587402e-01
1.572808504104614258e+00
3.779367506504058838e-01
-4.575403034687042236e-01
-9.592015743255615234e-01
-2.570147812366485596e-01
-1.384704262018203735e-01
-7.920047044754028320e-01
1.270120292901992798e-01
1.349946498870849609e+00
-8.145474791526794434e-01
9.635896682739257812e-01
-9.134384989738464355e-01
-1.128567934036254883e+00
-1.230541914701461792e-01
2.202536612749099731e-01
4.758420288562774658e-01
4.429724216461181641e-01
1.010371088981628418e+00
1.161868572235107422e+00
5.007827877998352051e-01
-2.750194445252418518e-02
-9.904626011848449707e-01
9.640448093414306641e-01
-5.447421073913574219e-01
1.524739503860473633e+00
7.000945806503295898e-01
-7.076118588447570801e-01
2.317134141921997070e-01
-1.002294301986694336e+00
1.431484222412109375e-01
-5.857175588607788086e-01
-1.692505955696105957e+00
1.450570523738861084e-01
5.979136750102043152e-02
6.511226296424865723e-01
-1.873890310525894165e-01
-8.301625251770019531e-01
3.760606050491333008e-01
-5.813506245613098145e-01
7.319743633270263672e-01
6.027768850326538086e-01
1.335088253021240234e+00
-9.216661751270294189e-02
7.582750320434570312e-01
-1.360892415046691895e+00
-5.923221707344055176e-01
-9.883201718330383301e-01
-8.025105595588684082e-01
8.673009276390075684e-01
3.522629737854003906e-01
-4.596858918666839600e-01
9.858655929565429688e-01
1.394389629364013672e+00
-3.712755441665649414e-01
-1.657792180776596069e-01
9.505152702331542969e-01
-8.000757098197937012e-01
-7.987312674522399902e-01
-6.630934476852416992e-01
5.453733801841735840e-01
-1.862358570098876953e+00
-1.121720671653747559e-02
-2.455768585205078125e-01
-3.212310373783111572e-01
1.750454157590866089e-01
-1.161429047584533691e+00
-3.032194077968597412e-01
9.004116058349609375e-01
-1.344524741172790527e+00
-8.696128726005554199e-01
9.416032433509826660e-01
-3.970572352409362793e-02
-8.849651813507080078e-01
1.783398389816284180e-01
-5.367450118064880371e-01
7.810963392257690430e-01
1.371721029281616211e-01
8.031584620475769043e-01
-6.500889658927917480e-01
7.075253129005432129e-01
1.704403609037399292e-01
2.101110696792602539e+00
-9.523990750312805176e-01
1.852644234895706177e-01
9.577234387397766113e-01
8.882040530443191528e-02
-6.269294619560241699e-01
-6.953109800815582275e-02
3.668074905872344971e-01
1.048313140869140625e+00
-2.221959680318832397e-01
9.643367528915405273e-01
-3.290130794048309326e-01
-8.609017729759216309e-01
1.415553569793701172e+00
1.692439079284667969e+00
-1.301898717880249023e+00
5.272596701979637146e-02
-1.254943132400512695e+00
7.223618030548095703e-01
-2.691043019294738770e-01
1.255940198898315430e+00
9.024382829666137695e-01
-8.242092728614807129e-01
-6.727283000946044922e-01
-7.815651893615722656e-01
-1.040195226669311523e+00
-1.208076238632202148e+00
4.535047411918640137e-01
2.636281251907348633e-01
4.025655388832092285e-01
1.269657611846923828e+00
-7.655210793018341064e-02
-3.708890080451965332e-01
-1.957428306341171265e-01
8.557026386260986328e-01
8.514785170555114746e-01
7.738922238349914551e-01
-1.743547022342681885e-01
-2.622656524181365967e-01
-1.061585068702697754e+00
-6.361410617828369141e-01
-1.677741646766662598e+00
-5.178340673446655273e-01
-7.106618881225585938e-01
7.097530364990234375e-01
8.739652037620544434e-01
1.638415008783340454e-01
1.006637960672378540e-01
6.686168909072875977e-01
2.784523069858551025e-01
-9.068799018859863281e-01
1.315245151519775391e+00
-1.833368897438049316e+00
8.110886216163635254e-01
5.120692253112792969e-01
1.308403611183166504e+00
-2.747534513473510742e-01
5.101242661476135254e-01
-3.659951984882354736e-01
-1.315654516220092773e-01
-1.167567610740661621e+00
-2.188638597726821899e-01
4.037928879261016846e-01
-6.393150687217712402e-01
1.250352859497070312e-01
5.180374979972839355e-01
7.468825578689575195e-01
-3.313960731029510498e-01
-1.757344722747802734e+00
-7.587825059890747070e-01
-1.924261093139648438e+00
8.923749923706054688e-01
6.920583546161651611e-02
-9.756781905889511108e-02
-7.938278466463088989e-02
-2.024586677551269531e+00
6.061120033264160156e-01
6.397812962532043457e-01
-2.952340841293334961e-01
9.056588262319564819e-02
2.443339973688125610e-01
-4.302278757095336914e-01
-1.100989460945129395e+00
-3.058644533157348633e-01
8.525759577751159668e-01
1.582574993371963501e-01
9.076907634735107422e-01
4.342543184757232666e-01
-9.892977476119995117e-01
4.768983721733093262e-01
-7.608648538589477539e-01
6.251717209815979004e-01
1.182369947433471680e+00
1.137015819549560547e+00
2.951822876930236816e-01
-4.941053390502929688e-01
-2.583547532558441162e-01
-5.074619054794311523e-01
-2.633140981197357178e-01
-1.350481986999511719e+00
-9.211951494216918945e-02
-6.213934421539306641e-01
9.982962906360626221e-02
1.277385950088500977e+00
4.937757253646850586e-01
-3.936077654361724854e-01
1.848627626895904541e-01
3.012539744377136230e-01
-5.005452632904052734e-01
-4.043987095355987549e-01
7.110473513603210449e-01
1.768233478069305420e-01
2.444097995758056641e-01
-9.950499534606933594e-01
3.999796807765960693e-01
-6.695098876953125000e-01
-9.663158059120178223e-01
-2.568817734718322754e-01
-4.787611961364746094e-02
1.074824333190917969e+00
-3.297908306121826172e-01
2.818920910358428955e-01
-3.159071803092956543e-01
-9.148952364921569824e-01
-9.078294038772583008e-01
-6.092844605445861816e-01
4.244245588779449463e-01
1.183070421218872070e+00
3.802754282951354980e-01
5.490451306104660034e-02
9.313006699085235596e-02
-9.692261926829814911e-03
4.739813804626464844e-01
-2.773542106151580811e-01
-9.303415566682815552e-02
-1.351866841316223145e+00
1.323989152908325195e+00
6.025872230529785156e-01
8.006656765937805176e-01
1.112444400787353516e+00
7.883191108703613281e-03
-4.504740238189697266e+00
-5.333401560783386230e-01
-8.944368958473205566e-01
-2.149115055799484253e-01
3.972318023443222046e-02
1.387837290763854980e+00
4.573709070682525635e-01
-1.032194852828979492e+00
-1.120218515396118164e+00
-1.080088973045349121e+00
1.816397458314895630e-01
2.709677219390869141e+00
3.645837008953094482e-01
1.886632889509201050e-01
3.126523792743682861e-01
-8.205608278512954712e-02
3.906030952930450439e-01
2.698127925395965576e-01
1.964366436004638672e+00
-8.117914944887161255e-02
-2.208838701248168945e+00
4.798526465892791748e-01
-2.162239313125610352e+00
-7.836939096450805664e-01
7.015076875686645508e-01
-5.605895519256591797e-01
-8.009263873100280762e-01
4.531746506690979004e-01
-1.272990107536315918e-01
-7.977626919746398926e-01
-6.884379386901855469e-01
-6.203964352607727051e-01
-2.258639782667160034e-01
3.281216025352478027e-01
-6.948362588882446289e-01
-1.688047498464584351e-01
5.278875827789306641e-01
-5.023862421512603760e-02
-1.233043313026428223e+00
-1.508683562278747559e+00
-3.550927937030792236e-01
-5.191146731376647949e-01
3.345274329185485840e-01
-5.079538822174072266e-01
3.030273914337158203e-01
9.491479396820068359e-01
1.819351553916931152e+00
1.528203248977661133e+00
-4.016155302524566650e-01
-1.141806483268737793e+00
8.515801429748535156e-01
-1.479135453701019287e-01
6.437883973121643066e-01
9.611772373318672180e-03
-8.485356569290161133e-01
1.107837438583374023e+00
-8.513265848159790039e-01
-1.464329123497009277e+00
8.197202086448669434e-01
-4.519402980804443359e-01
-5.191211700439453125e-01
4.474821090698242188e-01
1.888930797576904297e+00
-1.637150794267654419e-01
-1.998490214347839355e+00
-5.375164747238159180e-01
-1.059274315834045410e+00
-2.132738530635833740e-01
-2.189617395401000977e+00
1.267535090446472168e+00
7.781774997711181641e-01
-3.175997734069824219e-01
-8.706098198890686035e-01
5.438441038131713867e-01
5.958144068717956543e-01
1.453009724617004395e+00
1.266159534454345703e+00
-9.621467590332031250e-01
4.199083447456359863e-01
-1.304398894309997559e+00
