3.643619418144226074e-01
1.285805702209472656e+00
-1.926556229591369629e-01
-2.255769968032836914e+00
3.846497535705566406e-01
-1.323890328407287598e+00
5.564912557601928711e-01
-1.975382119417190552e-01
-6.358108520507812500e-01
-1.407079458236694336e+00
-8.584582209587097168e-01
-4.259346723556518555e-01
8.906139135360717773e-01
-1.690420389175415039e+00
6.059107780456542969e-01
-2.304695606231689453e+00
4.279805719852447510e-02
2.389052212238311768e-01
-1.927589327096939087e-01
2.756529450416564941e-01
-9.624101221561431885e-02
7.265979051589965820e-01
-5.599020123481750488e-01
-1.344690084457397461e+00
-7.615164518356323242e-01
-4.384778439998626709e-01
-1.182004094123840332e+00
2.307268977165222168e-01
-1.793159604072570801e+00
1.872105360031127930e+00
-2.693460464477539062e+00
-1.860893517732620239e-01
8.543451428413391113e-01
2.251686714589595795e-02
-1.517536938190460205e-01
-8.528364300727844238e-01
-8.585737943649291992e-01
-5.063093304634094238e-01
1.433272846043109894e-02
-2.671055495738983154e-01
-8.824967592954635620e-02
-1.103186607360839844e+00
-2.434126734733581543e-01
2.119104266166687012e-01
5.544611811637878418e-01
-4.548038840293884277e-01
3.948443755507469177e-02
-7.845327258110046387e-01
2.008889615535736084e-02
-2.230834960937500000e-01
-8.710119724273681641e-01
1.100343614816665649e-01
-1.218394786119461060e-01
8.669000267982482910e-01
-7.763540744781494141e-01
-5.588140487670898438e-01
-7.765300869941711426e-01
-1.459675312042236328e+00
-4.161378443241119385e-01
2.665235698223114014e-01
-7.875248193740844727e-01
-1.070342585444450378e-01
8.154336810111999512e-01
-8.931468129158020020e-01
-9.264075160026550293e-01
-1.078413486480712891e+00
1.552648395299911499e-01
-1.007029891014099121e+00
-5.119646191596984863e-01
-4.525099322199821472e-02
2.091687768697738647e-01
-8.748386800289154053e-02
-8.562332987785339355e-01
-1.575868964195251465e+00
7.925498485565185547e-01
-1.371578216552734375e+00
-7.493907809257507324e-01
-1.542151331901550293e+00
1.478219628334045410e-01
1.522790044546127319e-01
1.045722961425781250e+00
-1.161559343338012695e+00
-1.056695938110351562e+00
-1.510486751794815063e-02
-1.051442861557006836e+00
2.913820147514343262e-01
-9.587040543556213379e-01
-1.633100152015686035e+00
-2.009635418653488159e-01
1.258937835693359375e+00
-1.076778531074523926e+00
-1.353369474411010742e+00
-5.683438181877136230e-01
8.331828713417053223e-01
-8.141577839851379395e-01
4.583307504653930664e-01
-3.863992691040039062e-01
3.230457603931427002e-01
-1.292747259140014648e+00
3.142928779125213623e-01
-1.810823559761047363e+00
4.672158956527709961e-01
3.629495799541473389e-01
-2.336697429418563843e-01
1.150772094726562500e+00
-5.216678380966186523e-01
-1.169625282287597656e+00
4.696086347103118896e-01
-1.929607689380645752e-01
9.251740574836730957e-01
-9.222763180732727051e-01
1.385634243488311768e-01
-3.901375830173492432e-01
-3.235536813735961914e-01
-1.672507077455520630e-01
6.747397780418395996e-01
-5.886424779891967773e-01
-8.851590752601623535e-01
-1.597905278205871582e+00
8.047843575477600098e-01
4.703481867909431458e-02
-8.153173327445983887e-01
-7.882333993911743164e-01
9.979232549667358398e-01
7.684172987937927246e-01
-1.090517759323120117e+00
2.523193120956420898e+00
4.602987170219421387e-01
3.575132489204406738e-01
-6.221287846565246582e-01
1.150281578302383423e-01
6.509767472743988037e-02
-1.603419631719589233e-01
-7.893861532211303711e-01
3.293091803789138794e-02
-4.112809002399444580e-01
1.398977756500244141e+00
-1.497406840324401855e+00
-5.415526032447814941e-01
1.312853693962097168e+00
-1.038544178009033203e+00
1.184939503669738770e+00
-5.942412614822387695e-01
-6.560860276222229004e-01
1.370045900344848633e+00
-1.206209540367126465e+00
9.180366992950439453e-01
-8.944945335388183594e-01
-4.923681020736694336e-01
-7.351929545402526855e-01
-4.371430575847625732e-01
-6.167541742324829102e-01
1.575584113597869873e-01
-9.979680180549621582e-01
-2.689260542392730713e-01
-3.591617941856384277e-01
-3.040017783641815186e-01
1.723522245883941650e-01
4.915853440761566162e-01
-3.664255142211914062e-01
2.375828623771667480e-01
-1.841573715209960938e-01
-4.555799439549446106e-02
-8.049250394105911255e-02
3.300332129001617432e-01
-6.125720143318176270e-01
-6.800018548965454102e-01
1.738601624965667725e-01
6.345813274383544922e-01
8.553068637847900391e-01
-1.475028038024902344e+00
-1.103545546531677246e+00
-1.536117553710937500e+00
8.092449903488159180e-01
6.883609890937805176e-01
-2.450924515724182129e-01
1.092274338006973267e-01
-4.797790646553039551e-01
-7.101963162422180176e-01
7.179241776466369629e-01
1.402704268693923950e-01
-1.851732373237609863e+00
-2.760723531246185303e-01
-1.580794930458068848e+00
-7.561271786689758301e-01
2.247416824102401733e-01
5.314299464225769043e-01
1.625322699546813965e+00
1.224725320935249329e-01
-3.552666008472442627e-01
-5.135170221328735352e-01
5.164070054888725281e-02
-5.094847083091735840e-01
-8.441678881645202637e-01
-8.718199729919433594e-01
7.957584857940673828e-01
-3.663019835948944092e-01
6.638911962509155273e-01
-1.771319270133972168e+00
-9.453680515289306641e-01
-1.268883585929870605e+00
1.000822901725769043e+00
1.500766724348068237e-01
-5.546335577964782715e-01
7.080538868904113770e-01
-9.057170748710632324e-01
-3.366212546825408936e-01
7.115235179662704468e-02
8.286553025245666504e-01
-1.540503621101379395e+00
-1.065265946090221405e-02
-3.286262154579162598e-01
1.377655506134033203e+00
2.703615427017211914e-01
4.223873019218444824e-01
1.383874058723449707e+00
-1.641254305839538574e+00
-1.163498401641845703e+00
2.670614421367645264e-01
-3.855015337467193604e-01
7.838073968887329102e-01
1.263057351112365723e+00
1.427749544382095337e-01
-3.795599341392517090e-01
3.155843496322631836e+00
-3.736366629600524902e-01
-5.489070415496826172e-01
1.187861442565917969e+00
-1.539946794509887695e-01
-1.699717760086059570e+00
-1.003601551055908203e+00
9.020364880561828613e-01
-1.114009499549865723e+00
4.137938097119331360e-02
1.968200206756591797e+00
1.040104269981384277e+00
1.193464517593383789e+00
1.482652425765991211e+00
1.548101752996444702e-01
-8.877246826887130737e-02
1.759796977043151855e+00
-1.867351174354553223e+00
-1.886393547058105469e+00
1.948491811752319336e+00
-1.045232057571411133e+00
-4.736232161521911621e-01
3.252938687801361084e-01
2.864582240581512451e-01
2.016513109207153320e+00
2.214576750993728638e-01
6.463709473609924316e-01
-2.014322042465209961e+00
3.942990601062774658e-01
-7.407302856445312500e-01
4.200042784214019775e-01
9.157234430313110352e-02
1.652679324150085449e+00
-1.205177679657936096e-01
7.764257192611694336e-01
1.253973990678787231e-01
6.196415424346923828e-01
1.159675717353820801e+00
-6.961925625801086426e-01
-4.454361498355865479e-01
-6.265210360288619995e-02
8.410363197326660156e-01
2.204616367816925049e-01
3.047070801258087158e-01
1.796304345130920410e+00
-1.081011056900024414e+00
7.220696806907653809e-01
-7.385458350181579590e-01
-4.796946048736572266e-01
4.818416535854339600e-01
4.311022460460662842e-01
-2.602884918451309204e-02
-9.414760470390319824e-01
-6.823624484241008759e-03
-2.847306132316589355e-01
-1.596407413482666016e+00
9.191212058067321777e-01
-7.759130001068115234e-01
9.348379075527191162e-02
2.145382642745971680e+00
-1.246012330055236816e+00
8.610296845436096191e-01
-4.194337502121925354e-02
1.522669047117233276e-01
3.548423200845718384e-02
-4.721196293830871582e-01
-5.142206549644470215e-01
6.764425635337829590e-01
3.212368488311767578e-01
3.335094690322875977e+00
4.032491743564605713e-01
8.848248720169067383e-01
-4.595694243907928467e-01
-1.241610288619995117e+00
1.616627812385559082e+00
-2.569968938827514648e+00
1.074069738388061523e+00
1.142999604344367981e-01
7.566689848899841309e-01
1.197454452514648438e+00
3.973251283168792725e-01
3.873908519744873047e-02
-1.514067798852920532e-01
3.225146234035491943e-01
1.042466998100280762e+00
-3.912674188613891602e-01
2.213047742843627930e-01
-5.356818437576293945e-01
5.529165863990783691e-01
6.762624382972717285e-01
-8.040156364440917969e-01
4.221234023571014404e-01
1.309607982635498047e+00
-6.415011286735534668e-01
3.840552270412445068e-01
-3.801367878913879395e-01
-1.716078966856002808e-01
-8.400632143020629883e-01
-5.298458784818649292e-02
-5.360730458050966263e-03
3.490470349788665771e-01
5.910086631774902344e-01
-3.232910037040710449e-01
-1.390703916549682617e-01
-7.232294678688049316e-01
6.673117280006408691e-01
-1.460896849632263184e+00
-4.959676861763000488e-01
-4.957410395145416260e-01
3.597550466656684875e-02
-7.428429722785949707e-01
8.190076947212219238e-01
-6.338486075401306152e-01
3.847346305847167969e-01
5.133568048477172852e-01
-9.290915727615356445e-01
2.890856862068176270e-01
9.587922692298889160e-01
3.531374633312225342e-01
1.087564945220947266e+00
1.930388957262039185e-01
-9.500077962875366211e-01
-9.333037137985229492e-01
7.908228635787963867e-01
1.054274320602416992e+00
-1.041835308074951172e+00
-1.205533817410469055e-01
2.326066195964813232e-01
6.475943326950073242e-01
-2.101115942001342773e+00
3.657968044281005859e-01
-6.682514548301696777e-01
-6.313105821609497070e-01
-1.542659044265747070e+00
-3.015627525746822357e-02
1.000464439392089844e+00
3.404649496078491211e-01
-4.690285325050354004e-01
4.082684814929962158e-01
1.113357186317443848e+00
6.380270123481750488e-01
-4.577287435531616211e-01
4.259354472160339355e-01
-7.025890052318572998e-02
-1.736511707305908203e+00
3.849966526031494141e-01
-7.899869680404663086e-01
8.539747595787048340e-01
-3.468474447727203369e-01
-3.818264231085777283e-02
-5.540462136268615723e-01
1.573065817356109619e-01
-1.041407942771911621e+00
-4.990461766719818115e-01
-3.196470439434051514e-01
7.146038115024566650e-02
1.420642852783203125e+00
7.425127029418945312e-01
5.607616305351257324e-01
-7.909339070320129395e-01
5.208611488342285156e-02
-2.936209440231323242e-01
8.148845434188842773e-01
-1.695740699768066406e+00
1.144435182213783264e-01
-2.042493671178817749e-01
1.470174551010131836e+00
-1.881536245346069336e-01
6.132217049598693848e-01
5.776301026344299316e-01
2.417652904987335205e-01
-1.556050628423690796e-01
-1.225538253784179688e+00
-2.779181003570556641e-01
3.574934601783752441e-01
-3.346482217311859131e-01
-1.758166253566741943e-01
-1.017879366874694824e+00
-1.353289783000946045e-01
1.498359918594360352e+00
1.450223326683044434e-01
3.508848249912261963e-01
-6.888725757598876953e-01
-3.490061266347765923e-03
-2.189292162656784058e-01
-9.171301722526550293e-01
-1.031349301338195801e+00
-4.603882133960723877e-01
-1.041919708251953125e+00
-3.542634844779968262e-02
-6.848453879356384277e-01
1.431781649589538574e+00
-8.649298548698425293e-01
2.086702287197113037e-01
-6.703556180000305176e-01
-2.801328897476196289e-01
-1.908058285713195801e+00
2.639988958835601807e-01
2.594624459743499756e-01
1.235575199127197266e+00
-4.408982396125793457e-01
-1.568908989429473877e-01
-5.730536580085754395e-02
2.744679152965545654e-01
4.119513928890228271e-01
1.176290959119796753e-01
-5.927121043205261230e-01
3.630360662937164307e-01
-2.588267326354980469e-01
-6.089226007461547852e-01
1.090271845459938049e-01
-4.589906428009271622e-03
1.988845229148864746e+00
-6.878855824470520020e-01
1.222459316253662109e+00
-1.317416727542877197e-01
3.212295770645141602e-01
2.642963826656341553e-01
1.044524788856506348e+00
-3.545686602592468262e-01
5.394719243049621582e-01
-5.853343009948730469e-01
4.956462085247039795e-01
-1.311202198266983032e-01
1.116491913795471191e+00
1.186529323458671570e-01
-1.946945190429687500e+00
1.042116403579711914e+00
-3.857509791851043701e-01
-8.709391355514526367e-01
-1.333644628524780273e+00
4.299321770668029785e-01
-2.707762122154235840e-01
1.678994774818420410e+00
1.082952916622161865e-01
-9.653251618146896362e-02
1.251636743545532227e+00
-2.216269224882125854e-01
2.366793304681777954e-01
-1.593523621559143066e+00
1.229552701115608215e-01
5.886626243591308594e-01
3.641929924488067627e-01
2.471593856811523438e+00
-4.990394115447998047e-01
7.628821730613708496e-01
-1.855716109275817871e-01
-2.114273011684417725e-01
-8.626410365104675293e-01
3.810458481311798096e-01
2.698685973882675171e-02
8.355956077575683594e-01
1.279312014579772949e+00
5.878554582595825195e-01
-8.621539473533630371e-01
6.020982861518859863e-01
-3.385605663061141968e-02
2.571027874946594238e-01
3.580400347709655762e-01
2.671627402305603027e-01
6.303030252456665039e-01
-2.138189738616347313e-03
-2.601649463176727295e-01
-8.681824803352355957e-01
7.770691514015197754e-01
-2.258074656128883362e-02
3.483791351318359375e-01
6.533044576644897461e-01
4.644284844398498535e-01
-5.083810091018676758e-01
-4.540574550628662109e-01
-9.122788906097412109e-01
-5.493599772453308105e-01
-2.043684244155883789e+00
-1.386677861213684082e+00
7.353875786066055298e-02
-7.083715200424194336e-01
3.757132589817047119e-01
-1.204041838645935059e+00
3.374475240707397461e-01
5.739717185497283936e-02
-7.041902542114257812e-01
1.826855391263961792e-01
-6.919974088668823242e-01
-1.856698513031005859e+00
-1.980465799570083618e-01
9.413829445838928223e-01
-4.460894167423248291e-01
9.344667196273803711e-01
1.266491264104843140e-01
2.467644065618515015e-01
-1.212525486946105957e+00
-7.304459065198898315e-02
-7.215573638677597046e-02
1.598166972398757935e-01
1.487355828285217285e+00
-4.619886577129364014e-01
3.724751770496368408e-01
-1.442335695028305054e-01
1.291292607784271240e-01
2.809929549694061279e-01
9.316627979278564453e-01
-1.269618630409240723e+00
1.018877506256103516e+00
-4.535670876502990723e-01
-2.102416276931762695e+00
4.889639914035797119e-01
2.829510688781738281e+00
6.382581591606140137e-01
-7.912304401397705078e-01
2.297492325305938721e-01
-7.314361333847045898e-01
4.954962730407714844e-01
-6.718552112579345703e-01
-9.305413365364074707e-01
1.906708031892776489e-01
1.006991863250732422e+00
9.143049120903015137e-01
3.051391541957855225e-01
-1.254031538963317871e+00
-7.925556898117065430e-01
-1.272500872611999512e+00
1.070309281349182129e+00
4.962449669837951660e-01
1.817822456359863281e-02
8.516348600387573242e-01
4.294280707836151123e-01
7.425696253776550293e-01
-6.818098425865173340e-01
-6.323778629302978516e-01
-3.001829087734222412e-01
-7.292162179946899414e-01
1.149965763092041016e+00
8.986976146697998047e-01
5.099060535430908203e-01
-2.171026021242141724e-01
-3.777138292789459229e-01
-6.759543716907501221e-02
-1.714600563049316406e+00
-1.762307137250900269e-01
1.235847454518079758e-02
1.006285548210144043e+00
1.513766795396804810e-01
-4.207336008548736572e-01
-3.496706485748291016e-01
-1.015558913350105286e-01
-5.310685634613037109e-01
1.086152672767639160e+00
8.509772419929504395e-01
-2.539010643959045410e-01
-1.381729990243911743e-01
-1.247259020805358887e+00
1.780366301536560059e+00
-9.235107302665710449e-01
-4.625488817691802979e-02
-6.246035546064376831e-02
-1.525654792785644531e+00
1.032564282417297363e+00
2.695492208003997803e-01
-9.782000780105590820e-01
2.669486701488494873e-01
-1.595009684562683105e+00
5.641820430755615234e-01
-2.254379540681838989e-01
3.893441259860992432e-01
-1.074057817459106445e+00
-2.156526446342468262e-01
2.515315264463424683e-02
8.702695369720458984e-01
1.344465464353561401e-01
2.903220653533935547e-01
6.213855147361755371e-01
-7.457720637321472168e-01
1.851961851119995117e+00
1.577686429023742676e+00
1.513100862503051758e-01
-1.044677138328552246e+00
9.582534432411193848e-01
-2.094473242759704590e-01
2.277358025312423706e-01
8.152604103088378906e-01
4.461447298526763916e-01
1.628714084625244141e+00
-1.369854450225830078e+00
-6.995720267295837402e-01
1.455427885055541992e+00
1.142067074775695801e+00
2.012519910931587219e-02
-2.514881491661071777e-01
5.383437871932983398e-01
-1.914914369583129883e+00
-1.011442899703979492e+00
8.105085231363773346e-03
-8.493789434432983398e-01
8.755313158035278320e-01
3.215951919555664062e-01
-6.967610120773315430e-02
-4.360529407858848572e-02
1.644472479820251465e-01
-1.911529451608657837e-01
2.558781802654266357e-01
-3.278402090072631836e-01
-3.236688971519470215e-01
-5.170765519142150879e-01
1.595282435417175293e+00
-1.446909666061401367e+00
8.421474099159240723e-01
1.231624007225036621e+00
5.229938626289367676e-01
-1.498497009277343750e+00
1.351577520370483398e+00
-7.756115198135375977e-01
-2.394637167453765869e-01
-8.968101739883422852e-01
8.669893741607666016e-01
3.154266178607940674e-01
8.951669931411743164e-01
3.013694882392883301e-01
-5.314186811447143555e-01
1.398370862007141113e+00
8.554264903068542480e-01
2.972577810287475586e+00
-4.404421150684356689e-01
6.835130453109741211e-01
8.124678395688533783e-03
4.818412363529205322e-01
1.722465008497238159e-01
9.353987574577331543e-01
1.225283861160278320e+00
-2.977094650268554688e-01
5.052024722099304199e-01
-7.653772830963134766e-02
6.095790863037109375e-01
-1.115399122238159180e+00
8.906126022338867188e-01
7.730117067694664001e-03
-4.633467793464660645e-01
3.962662220001220703e-01
-9.232508540153503418e-01
-1.108270511031150818e-01
-8.499693870544433594e-01
4.034434258937835693e-01
9.100261330604553223e-01
9.766234755516052246e-01
-2.837561666965484619e-01
8.364711403846740723e-01
-3.984788805246353149e-02
3.445884287357330322e-01
-3.652375340461730957e-01
1.604232788085937500e+00
1.351406335830688477e+00
-6.841780543327331543e-01
2.185543328523635864e-01
3.287832736968994141e-01
1.150637507438659668e+00
-2.365182638168334961e-01
-3.474357426166534424e-01
-7.684481739997863770e-01
-3.297333121299743652e-01
-5.103003382682800293e-01
-1.517691165208816528e-01
-3.450903594493865967e-01
1.452732533216476440e-01
2.723703384399414062e-01
-5.581257343292236328e+00
9.019076824188232422e-01
4.016795381903648376e-02
1.155749440193176270e+00
1.549479603767395020e+00
4.170354008674621582e-01
-6.709287315607070923e-02
1.074756622314453125e+00
6.117445826530456543e-01
1.070877790451049805e+00
-5.078071951866149902e-01
-3.073939979076385498e-01
-9.650081992149353027e-01
-1.459768652915954590e+00
-1.081391692161560059e+00
1.355338215827941895e+00
1.534750819206237793e+00
4.832991063594818115e-01
4.647027015686035156e+00
-4.205558896064758301e-01
-4.590782165527343750e+00
1.440570473670959473e+00
1.755626797676086426e+00
3.111361563205718994e-01
-3.335781991481781006e-01
-7.843576669692993164e-01
5.333613753318786621e-01
1.113264083862304688e+00
1.194343686103820801e+00
-1.242213606834411621e+00
-1.120469570159912109e+00
1.104951053857803345e-01
-3.361833989620208740e-01
2.181189537048339844e+00
5.239115357398986816e-01
-6.798060536384582520e-01
3.457819521427154541e-01
-1.235980153083801270e+00
-1.336313486099243164e+00
-1.062165737152099609e+00
-4.758989810943603516e-01
7.546746730804443359e-01
-1.049513816833496094e+00
-3.059079945087432861e-01
-1.821486353874206543e+00
-6.963532567024230957e-01
1.260673284530639648e+00
5.477898716926574707e-01
4.040251076221466064e-01
8.317549712955951691e-03
6.701430082321166992e-01
1.833467721939086914e+00
-7.482126951217651367e-01
-1.290625929832458496e+00
1.517567157745361328e+00
2.634888172149658203e+00
5.043888092041015625e-01
-7.807607650756835938e-01
-5.503189563751220703e-01
-1.367736577987670898e+00
2.057342827320098877e-01
7.767354846000671387e-01
1.574625730514526367e+00
5.974077582359313965e-01
3.559913337230682373e-01
2.346312999725341797e-01
-2.346668839454650879e-01
1.970470309257507324e+00
-2.831338644027709961e-01
1.589244604110717773e-01
-5.257720351219177246e-01
-6.456074118614196777e-01
3.395899534225463867e-01
6.557849645614624023e-01
1.814651489257812500e-01
1.007200717926025391e+00
-4.337040781974792480e-01
-1.559605717658996582e+00
-6.192879676818847656e-01
-1.458687707781791687e-02
