1.051410675048828125e+00
-2.309184968471527100e-01
-3.582603484392166138e-02
-2.878030575811862946e-02
4.824566245079040527e-01
5.437385290861129761e-03
1.983213722705841064e-01
1.658112853765487671e-01
1.254263162612915039e+00
-7.913669943809509277e-01
-4.243938028812408447e-01
-8.327165246009826660e-01
8.624255657196044922e-01
-1.359351128339767456e-01
-5.707448124885559082e-01
-1.538922190666198730e+00
-4.011630713939666748e-01
-5.570223927497863770e-01
-1.436101794242858887e-01
-5.640239119529724121e-01
2.755865812301635742e+00
7.623277306556701660e-01
1.429887771606445312e+00
1.006210684776306152e+00
-9.917918443679809570e-01
-2.531956434249877930e-01
-1.632387161254882812e+00
3.413755595684051514e-01
-1.019190430641174316e+00
-1.363132596015930176e+00
-1.665976047515869141e+00
-6.963317394256591797e-01
-4.988685995340347290e-02
9.373596906661987305e-01
-1.045181274414062500e+00
-9.180834889411926270e-01
3.774161934852600098e-01
-2.871253967285156250e+00
4.472319409251213074e-02
9.708448052406311035e-01
-1.635097861289978027e+00
-1.811229825019836426e+00
-1.803902238607406616e-01
1.142518997192382812e+00
2.157482147216796875e+00
1.986649185419082642e-01
2.197920560836791992e+00
4.147920757532119751e-02
-3.686495721340179443e-01
5.287757515907287598e-01
-5.967434048652648926e-01
-5.662085413932800293e-01
-2.423460960388183594e+00
-2.228037118911743164e-01
-2.529568076133728027e-01
-1.021087527275085449e+00
-7.194904685020446777e-01
9.450873136520385742e-01
-6.019440293312072754e-01
1.492991805076599121e+00
2.526459217071533203e+00
-1.198849558830261230e+00
-1.365084767341613770e+00
7.027513384819030762e-01
5.487177968025207520e-01
-1.986887812614440918e+00
-1.300532341003417969e+00
5.613652467727661133e-01
1.440267562866210938e-01
1.871349334716796875e+00
-2.081014066934585571e-01
8.537718057632446289e-01
3.155030906200408936e-01
-1.956668615341186523e+00
8.405472636222839355e-01
1.037159919738769531e+00
7.510907649993896484e-01
1.777501404285430908e-01
-7.411019802093505859e-01
-6.438995897769927979e-02
-2.899589836597442627e-01
1.430652856826782227e+00
-2.079854726791381836e+00
-4.862553775310516357e-01
-1.161654889583587646e-01
4.274144768714904785e-03
-1.410417795181274414e+00
-5.386424660682678223e-01
-9.030975699424743652e-01
9.121112227439880371e-01
5.333752036094665527e-01
-1.910771727561950684e+00
-5.818424224853515625e-01
1.942421793937683105e+00
-8.113197684288024902e-01
1.228310614824295044e-01
-2.116154879331588745e-01
2.561041712760925293e-01
-2.096629381179809570e+00
7.654646635055541992e-01
-1.421743750572204590e+00
-8.755300641059875488e-01
4.142308235168457031e-01
-9.866228103637695312e-01
-7.710899710655212402e-01
-1.286900281906127930e+00
-3.246272504329681396e-01
1.571308493614196777e+00
5.999386310577392578e-01
-1.324703335762023926e+00
-9.125436544418334961e-01
1.003664255142211914e+00
-4.246503710746765137e-01
1.182297706604003906e+00
4.942114651203155518e-01
9.807472229003906250e-01
2.690409719944000244e-01
-2.161242723464965820e+00
3.055079579353332520e-01
3.441973924636840820e-01
2.749859094619750977e-01
9.714996218681335449e-01
4.759592711925506592e-01
1.140242815017700195e+00
2.983314990997314453e-01
7.427124977111816406e-01
1.069690346717834473e+00
5.183979272842407227e-01
-1.194274544715881348e+00
-8.420521616935729980e-01
-5.462903901934623718e-02
-1.211244940757751465e+00
-1.207314968109130859e+00
-3.083111345767974854e-01
8.388781547546386719e-02
1.471627950668334961e-01
4.212968349456787109e-01
-1.313999414443969727e+00
-1.387899756431579590e+00
1.467971950769424438e-01
5.056344866752624512e-01
-1.493737846612930298e-01
8.621592521667480469e-01
8.674871325492858887e-01
4.961118400096893311e-01
-1.299113154411315918e+00
-8.325065970420837402e-01
-1.250450730323791504e+00
-1.928027123212814331e-01
-1.398406624794006348e+00
8.881887793540954590e-01
-1.697789192199707031e+00
-4.578478038311004639e-01
-1.558950424194335938e+00
1.186989068984985352e+00
2.304481714963912964e-01
-1.188525795936584473e+00
-4.507804289460182190e-02
-8.627920150756835938e-01
7.169240713119506836e-02
1.539331555366516113e+00
7.310343980789184570e-01
-1.900777816772460938e-01
-6.997339129447937012e-01
2.300833165645599365e-02
3.874123692512512207e-01
4.996246993541717529e-01
1.381165027618408203e+00
-1.457449495792388916e-01
6.704657077789306641e-01
-8.536587357521057129e-01
-1.480125069618225098e+00
-9.806156754493713379e-01
1.010237038135528564e-01
-1.922155380249023438e+00
-6.855012178421020508e-01
-4.894031584262847900e-01
-2.862539887428283691e-01
-7.452361583709716797e-01
1.149598002433776855e+00
1.663968414068222046e-01
-2.389452420175075531e-02
-4.318951666355133057e-01
1.415537953376770020e+00
-5.370842665433883667e-02
2.396673411130905151e-01
3.830321431159973145e-01
6.553258299827575684e-01
-3.313757181167602539e-01
1.408688187599182129e+00
-1.214722871780395508e+00
-6.842079162597656250e-01
-1.551241427659988403e-01
-7.214792370796203613e-01
-1.348841786384582520e+00
-8.193044066429138184e-01
2.800265327095985413e-02
1.236102104187011719e+00
3.648826777935028076e-01
-1.254072308540344238e+00
-4.596381485462188721e-01
1.437293529510498047e+00
-8.998665809631347656e-01
-4.891580343246459961e-01
1.107795596122741699e+00
1.015099406242370605e+00
7.574917078018188477e-01
3.949215710163116455e-01
-1.173276007175445557e-01
-1.717108726501464844e+00
8.695757389068603516e-01
-3.254128992557525635e-01
2.676337242126464844e+00
-1.414306610822677612e-01
9.570239186286926270e-01
1.996250271797180176e+00
2.214370727539062500e+00
-5.442723035812377930e-01
3.818185627460479736e-01
1.780628323554992676e+00
-4.215076565742492676e-01
1.550757139921188354e-01
3.820923864841461182e-01
2.549545049667358398e+00
1.110282778739929199e+00
-6.303310394287109375e-01
9.956778287887573242e-01
3.724765479564666748e-01
5.469225049018859863e-01
-2.265338897705078125e+00
1.590470790863037109e+00
-3.314602673053741455e-01
-1.050624489784240723e+00
5.407840609550476074e-01
4.827175438404083252e-01
7.133677005767822266e-01
-7.277899980545043945e-02
1.602651178836822510e-01
-5.858788639307022095e-02
2.824449539184570312e-01
1.023401618003845215e+00
-3.459091484546661377e-01
4.545578956604003906e-01
1.070002675056457520e+00
-5.706843137741088867e-01
-9.552415609359741211e-01
1.428119421005249023e+00
6.878063082695007324e-01
1.482671499252319336e+00
9.131296873092651367e-01
-3.441625088453292847e-02
-7.785502672195434570e-01
2.308094650506973267e-01
-1.117534875869750977e+00
1.030103087425231934e+00
6.539362072944641113e-01
-6.072146892547607422e-01
-5.611422657966613770e-01
-3.730694064870476723e-03
-9.418540596961975098e-01
-6.618744730949401855e-01
6.904060244560241699e-01
2.093237191438674927e-01
-6.762606501579284668e-01
-1.069555521011352539e+00
7.764480710029602051e-01
-8.110585622489452362e-03
1.700169682502746582e+00
3.524496555328369141e+00
-1.537601470947265625e+00
-4.892998337745666504e-01
-9.858690500259399414e-01
5.561206936836242676e-01
4.320039451122283936e-01
-1.910014271736145020e+00
4.709962382912635803e-02
-4.561582207679748535e-01
-1.976636052131652832e-01
5.740143060684204102e-01
-3.037444055080413818e-01
-8.124207258224487305e-01
-6.866134405136108398e-01
-6.586914658546447754e-01
2.345460414886474609e+00
1.136469721794128418e+00
-4.843792319297790527e-02
-8.908379673957824707e-01
-2.468703091144561768e-01
1.436123013496398926e+00
-3.671727180480957031e-01
-9.148628115653991699e-01
1.813866257667541504e+00
-4.529511332511901855e-01
8.514056205749511719e-01
1.277633666992187500e+00
9.111925959587097168e-01
-7.585200667381286621e-01
-8.879724144935607910e-01
1.583303213119506836e+00
-5.631394982337951660e-01
1.597984880208969116e-01
-9.525641202926635742e-01
1.723523378372192383e+00
9.220256656408309937e-02
-8.860912322998046875e-01
-9.534758329391479492e-01
4.851271808147430420e-01
1.640615612268447876e-01
5.069332122802734375e-01
-7.826083339750766754e-03
-1.349672317504882812e+00
1.252088695764541626e-01
-3.789678514003753662e-01
-1.583271503448486328e+00
-1.419185847043991089e-01
-7.628951221704483032e-02
-7.750087380409240723e-01
3.683168888092041016e-01
7.945259809494018555e-01
-1.545517683029174805e+00
1.407288461923599243e-01
3.983286917209625244e-01
1.336176991462707520e-01
1.337108314037322998e-01
6.759106516838073730e-01
4.981252551078796387e-01
-7.883366346359252930e-01
3.418372869491577148e-01
-9.449616074562072754e-01
4.685559868812561035e-01
-2.197994947433471680e+00
-2.857705950736999512e-01
8.380074501037597656e-01
5.090873837471008301e-01
1.779630780220031738e-01
1.353938460350036621e+00
-7.600241899490356445e-01
-5.818752050399780273e-01
1.161704778671264648e+00
-5.278875827789306641e-01
8.758062720298767090e-01
-1.869383603334426880e-01
-2.023502141237258911e-01
-1.275644540786743164e+00
-2.897486686706542969e-01
5.851132869720458984e-01
-3.759656250476837158e-01
1.652281582355499268e-01
-2.077343761920928955e-01
3.717480003833770752e-01
-1.703657865524291992e+00
-3.230287879705429077e-02
-2.308493703603744507e-01
-2.237277477979660034e-01
-9.835194945335388184e-01
-4.473198950290679932e-01
-1.024430513381958008e+00
-7.579078078269958496e-01
-4.680368304252624512e-01
1.293588757514953613e+00
-1.978529572486877441e+00
-9.270838499069213867e-01
9.315533041954040527e-01
-4.817006886005401611e-01
8.038041591644287109e-01
-2.402575016021728516e-01
1.712433338165283203e+00
7.308299541473388672e-01
-1.837392807006835938e+00
3.416114449501037598e-01
-8.897572755813598633e-02
7.409163713455200195e-01
-1.639600992202758789e+00
1.788533478975296021e-01
-5.933614969253540039e-01
1.062274873256683350e-01
2.384157896041870117e+00
1.320565104484558105e+00
6.826496217399835587e-03
4.831843674182891846e-01
-1.598403751850128174e-01
2.007594585418701172e+00
-2.968714237213134766e-01
-1.462147951126098633e+00
-7.869133949279785156e-01
-4.174224734306335449e-01
6.148197129368782043e-02
7.453878223896026611e-02
5.184653401374816895e-01
1.953740596771240234e+00
-1.504620432853698730e+00
-7.375485897064208984e-01
8.008725047111511230e-01
1.040427088737487793e+00
-3.447695970535278320e-01
3.358024358749389648e-01
-2.124397277832031250e+00
6.878348588943481445e-01
3.667323589324951172e-01
-1.882776498794555664e+00
-2.152216911315917969e+00
-1.302529454231262207e+00
-4.914799928665161133e-01
-1.943211197853088379e+00
7.365415804088115692e-03
-2.502495944499969482e-01
8.772048950195312500e-01
1.205098405480384827e-01
5.297368168830871582e-01
5.581534504890441895e-01
-1.419338583946228027e+00
5.352550148963928223e-01
-1.367581844329833984e+00
-9.504141658544540405e-02
-1.409496545791625977e+00
1.493513822555541992e+00
-3.296474814414978027e-01
1.621047407388687134e-02
-5.402320623397827148e-01
7.794868350028991699e-01
4.545190632343292236e-01
-3.839569389820098877e-01
1.858246684074401855e+00
6.420766115188598633e-01
-1.203761175274848938e-01
3.820261657238006592e-01
7.200841307640075684e-01
1.518594384193420410e+00
1.006655573844909668e+00
-1.795812845230102539e+00
-6.313197612762451172e-01
6.679525971412658691e-01
-8.391924500465393066e-01
-4.797618389129638672e-01
1.204498577862977982e-03
9.046627283096313477e-01
1.031346559524536133e+00
1.209721088409423828e+00
-3.495458662509918213e-01
5.261567234992980957e-01
8.510819077491760254e-01
2.379011154174804688e+00
8.012369871139526367e-01
-1.022893786430358887e+00
-8.238723874092102051e-01
-2.302188873291015625e-01
1.607100248336791992e+00
-1.534857988357543945e+00
-1.263890266418457031e+00
-3.016416430473327637e-01
-1.018914937973022461e+00
-1.913834959268569946e-01
1.440258979797363281e+00
-7.143936157226562500e-01
1.040656208992004395e+00
-2.932976782321929932e-01
1.526998914778232574e-02
5.544531345367431641e-01
-1.938793182373046875e+00
-4.431908130645751953e-01
4.993917346000671387e-01
2.026495039463043213e-01
-5.529861524701118469e-02
1.118347167968750000e+00
-7.699579596519470215e-01
-1.332031250000000000e+00
1.101077869534492493e-01
1.472818136215209961e+00
-5.025995150208473206e-02
6.174774765968322754e-01
5.998066663742065430e-01
7.126328349113464355e-01
-5.768384933471679688e-01
9.901986122131347656e-01
1.667806386947631836e+00
-3.499398529529571533e-01
1.446956872940063477e+00
3.630021214485168457e-01
-2.188023328781127930e+00
4.245789945125579834e-01
-8.773732185363769531e-01
4.235937893390655518e-01
1.832429766654968262e-01
-8.376777172088623047e-01
9.446883946657180786e-02
4.358921349048614502e-01
-1.192906856536865234e+00
-1.302525401115417480e+00
-9.780669808387756348e-01
6.665688753128051758e-01
5.300592780113220215e-01
2.590043067932128906e+00
5.497195124626159668e-01
3.210739791393280029e-01
5.654551386833190918e-01
-1.976485848426818848e-01
-1.472990632057189941e+00
-1.696524739265441895e+00
-5.395714640617370605e-01
7.784220576286315918e-01
-1.871385127305984497e-01
-7.699418663978576660e-01
8.034220337867736816e-01
2.241190433502197266e+00
4.508264362812042236e-01
-9.875168204307556152e-01
3.538238108158111572e-01
-2.209194302558898926e-01
-7.525185346603393555e-01
-4.556808173656463623e-01
-3.364739716053009033e-01
2.782206237316131592e-01
9.627909064292907715e-01
1.375919222831726074e+00
6.740083098411560059e-01
1.039108157157897949e+00
-1.442231535911560059e-01
-2.517410218715667725e-01
3.680576384067535400e-01
-5.382931828498840332e-01
-8.950521349906921387e-01
4.833647310733795166e-01
1.019579648971557617e+00
-3.999961316585540771e-01
-1.639661192893981934e-01
3.541177809238433838e-01
-2.019661903381347656e+00
9.662442803382873535e-01
2.494900301098823547e-02
-1.874303221702575684e+00
-9.712542593479156494e-02
1.417833924293518066e+00
4.669128358364105225e-01
5.275179743766784668e-01
2.890395224094390869e-01
-1.478406310081481934e+00
1.889663487672805786e-01
-1.625142574310302734e+00
-9.541389346122741699e-01
-1.378626942634582520e+00
2.763130187988281250e+00
5.704649686813354492e-01
4.467066377401351929e-02
-6.581379771232604980e-01
-9.549292922019958496e-01
-2.304957062005996704e-01
1.543146967887878418e+00
5.461261272430419922e-01
-2.668935619294643402e-02
7.622551918029785156e-01
7.615624666213989258e-01
-1.958998143672943115e-01
6.875991821289062500e-01
-7.005777955055236816e-01
-4.367706477642059326e-01
6.412326097488403320e-01
3.157948255538940430e-01
3.931816518306732178e-01
-2.378666773438453674e-02
-1.089677810668945312e+00
2.100423336029052734e+00
1.602587699890136719e+00
-8.205997943878173828e-01
1.948946155607700348e-02
4.059686958789825439e-01
-5.009480938315391541e-02
2.645202577114105225e-01
-7.533722519874572754e-01
-2.052955865859985352e+00
1.434375494718551636e-01
-1.312093734741210938e+00
5.028063654899597168e-01
-1.253436803817749023e+00
-1.703257679939270020e+00
-1.997215151786804199e-01
-6.680091619491577148e-01
1.293380744755268097e-02
2.246383726596832275e-01
1.917880654335021973e+00
7.896614670753479004e-01
3.644011616706848145e-01
-4.706304986029863358e-03
-7.497984170913696289e-01
1.941728740930557251e-01
-4.623594284057617188e-01
2.989963686559349298e-04
-2.262448370456695557e-01
-5.022657513618469238e-01
-6.499187350273132324e-01
-3.788666129112243652e-01
-2.813348770141601562e-01
-5.281456112861633301e-01
1.031979918479919434e+00
-3.644993603229522705e-01
1.555354356765747070e+00
1.015611648559570312e+00
1.778774112462997437e-01
2.535825073719024658e-01
-3.726779669523239136e-02
-8.094827532768249512e-01
-1.813976764678955078e-01
-1.614457964897155762e-01
5.788902044296264648e-01
1.625160127878189087e-01
4.958513081073760986e-01
-1.594892263412475586e+00
1.418008357286453247e-01
-1.805263519287109375e+00
-1.153232455253601074e+00
2.518762648105621338e-01
-6.247372627258300781e-01
-5.084050297737121582e-01
3.162691742181777954e-02
9.941665530204772949e-01
-1.328185200691223145e+00
-9.731735587120056152e-01
-1.159224033355712891e+00
-1.764002084732055664e+00
4.455673694610595703e-01
-2.366280853748321533e-01
-2.708443999290466309e-01
8.579835891723632812e-01
-1.271644949913024902e+00
4.968558847904205322e-01
3.730142116546630859e-01
9.023272395133972168e-01
2.759280502796173096e-01
1.211140036582946777e+00
-5.839546769857406616e-02
-6.517361998558044434e-01
-8.505902290344238281e-01
2.866006493568420410e-01
1.832086324691772461e+00
1.626688838005065918e+00
3.519739210605621338e-01
-1.437054514884948730e+00
2.362623065710067749e-01
-3.876625597476959229e-01
2.627420723438262939e-01
-1.104645282030105591e-01
7.186399102210998535e-01
-9.998153448104858398e-01
-1.540810346603393555e+00
1.432742834091186523e+00
6.996201276779174805e-01
3.565052032470703125e+00
-9.815370440483093262e-01
4.224891662597656250e-01
4.757943153381347656e-01
3.528122976422309875e-02
4.828995764255523682e-01
8.014930412173271179e-03
4.365016520023345947e-01
4.961311817169189453e-01
2.158922255039215088e-01
-1.258470654487609863e+00
4.597534239292144775e-01
-2.552757978439331055e+00
2.074688374996185303e-01
-1.872235894203186035e+00
-4.212118089199066162e-01
-8.850834518671035767e-02
1.101030349731445312e+00
-1.172866746783256531e-01
6.368058174848556519e-02
-6.133238673210144043e-01
6.150202155113220215e-01
-1.172566413879394531e-01
4.520557820796966553e-01
-1.311892509460449219e+00
-1.534696936607360840e+00
9.998278021812438965e-01
-2.938519120216369629e-01
9.071092009544372559e-01
5.661928057670593262e-01
-5.090966820716857910e-01
5.107144713401794434e-01
-1.196808338165283203e+00
-2.693744599819183350e-01
-1.066265940666198730e+00
2.422767877578735352e-01
1.904816329479217529e-01
3.315400183200836182e-01
8.195390105247497559e-01
3.721127212047576904e-01
-1.265992410480976105e-02
-5.989826321601867676e-01
3.598483800888061523e-01
-5.511773109436035156e+00
1.117226839065551758e+00
-2.394906520843505859e+00
-3.827035427093505859e-01
1.347539424896240234e+00
1.550265699625015259e-01
-6.191585958003997803e-02
5.262300968170166016e-01
1.308735847473144531e+00
-7.043882608413696289e-01
-7.772266268730163574e-01
8.591523766517639160e-01
-4.591200053691864014e-01
-1.539982676506042480e+00
-1.050454258918762207e+00
1.101519107818603516e+00
7.655583620071411133e-01
7.951612025499343872e-02
3.914824008941650391e+00
-7.678171396255493164e-01
-4.187644958496093750e+00
1.353549361228942871e+00
7.427181601524353027e-01
5.737742781639099121e-01
-9.023738652467727661e-02
4.542349874973297119e-01
-3.156180679798126221e-01
1.205611705780029297e+00
1.115441396832466125e-01
-1.277447462081909180e+00
-7.942940592765808105e-01
-6.788573861122131348e-01
-8.696280121803283691e-01
2.122481584548950195e+00
5.292284488677978516e-01
1.338216185569763184e+00
-1.450998336076736450e-01
-3.180917799472808838e-01
-8.647660613059997559e-01
-3.473747074604034424e-01
-1.176251292228698730e+00
1.009038329124450684e+00
1.265723705291748047e-01
-9.794730544090270996e-01
-8.610650300979614258e-01
5.336256623268127441e-01
1.243122696876525879e+00
1.430087924003601074e+00
-1.459679126739501953e+00
9.468390345573425293e-01
1.484984278678894043e+00
-2.422496974468231201e-01
-2.080733329057693481e-02
2.739868164062500000e-01
-1.293022092431783676e-02
1.825733542442321777e+00
-1.425360202789306641e+00
-1.236914917826652527e-01
-1.814190030097961426e+00
-9.697631001472473145e-03
1.231880187988281250e+00
5.387028455734252930e-01
1.029617190361022949e+00
-6.224290132522583008e-01
-8.177722692489624023e-01
-1.373857498168945312e+00
2.989764809608459473e-01
-1.511168330907821655e-01
-2.339542806148529053e-01
2.073072433471679688e+00
-2.014824599027633667e-01
1.464278936386108398e+00
-1.176993131637573242e+00
5.792513489723205566e-01
-1.790858991444110870e-02
1.958860516548156738e+00
1.591487407684326172e+00
-1.478172779083251953e+00
-4.600581228733062744e-01
8.850394934415817261e-02
