1.911750286817550659e-01
-6.416301727294921875e-01
9.252123236656188965e-01
-9.689471684396266937e-03
8.946593403816223145e-01
-1.695858478546142578e+00
-5.656015276908874512e-01
1.444853425025939941e+00
-1.638641357421875000e+00
1.964807957410812378e-01
-1.478083133697509766e+00
8.276867270469665527e-01
3.310916721820831299e-01
-3.608148694038391113e-01
-1.175543069839477539e+00
-1.425782293081283569e-01
-1.432984352111816406e+00
5.299110412597656250e-01
2.091190099716186523e+00
7.407184839248657227e-01
-9.275423288345336914e-01
-1.927411913871765137e+00
5.901911258697509766e-01
1.693380475044250488e+00
-7.512394189834594727e-01
-1.730512380599975586e+00
-1.339819669723510742e+00
4.912269711494445801e-01
1.057605028152465820e+00
6.561426073312759399e-02
-2.238092422485351562e+00
8.135187029838562012e-01
3.537410795688629150e-01
1.007423639297485352e+00
1.550587266683578491e-01
-7.858047485351562500e-01
-1.268139243125915527e+00
-2.890319824218750000e+00
5.175878107547760010e-02
3.403348624706268311e-01
1.336189985275268555e+00
1.784381717443466187e-01
1.211346149444580078e+00
-1.079978346824645996e+00
6.201028823852539062e-01
-2.492492914199829102e+00
-3.596865832805633545e-01
-2.669949531555175781e+00
-2.067567110061645508e+00
2.789172828197479248e-01
6.027208566665649414e-01
-1.265673995018005371e+00
3.105404376983642578e-01
4.772040992975234985e-02
8.171174526214599609e-01
-3.916040360927581787e-01
-1.166860222816467285e+00
-1.363770604133605957e+00
3.140236437320709229e-01
-6.715402007102966309e-01
-2.857114374637603760e-01
7.787545323371887207e-01
6.230829358100891113e-01
3.294116497039794922e+00
-7.316120862960815430e-01
-4.931322634220123291e-01
-9.301587343215942383e-01
-1.519766569137573242e+00
3.308051824569702148e-01
-1.115814328193664551e+00
7.178012281656265259e-02
-3.356740176677703857e-01
1.633138507604598999e-01
-1.302942752838134766e+00
1.203199028968811035e-01
-2.076605319976806641e+00
3.401166796684265137e-01
-1.924498081207275391e+00
-5.802983641624450684e-01
8.730809688568115234e-01
-1.077004522085189819e-01
2.176692932844161987e-01
-8.913853168487548828e-01
-1.773885846138000488e+00
-6.938598752021789551e-01
9.074970483779907227e-01
-8.923258781433105469e-01
-9.839643239974975586e-01
-1.827481746673583984e+00
-1.206737905740737915e-01
-8.513560295104980469e-01
1.045732855796813965e+00
-2.052699327468872070e+00
6.164537742733955383e-02
1.351072549819946289e+00
-6.023610830307006836e-01
-9.106561541557312012e-01
1.067869886755943298e-01
7.230377197265625000e-01
3.195012509822845459e-01
-1.694490790367126465e+00
-3.341886401176452637e-01
-1.254308342933654785e+00
-3.820685148239135742e-01
-3.300136804580688477e+00
1.112577319145202637e+00
-1.188576340675354004e+00
9.385892152786254883e-01
3.247644379734992981e-02
-8.148165345191955566e-01
-7.321751862764358521e-02
2.161694169044494629e-01
-1.508323669433593750e+00
4.851112365722656250e-01
8.086295127868652344e-01
4.635596275329589844e-01
-1.919660568237304688e+00
-1.952217221260070801e+00
-4.757356345653533936e-01
3.003496885299682617e+00
3.415467217564582825e-02
-8.655247688293457031e-01
-6.151255965232849121e-01
-2.437588423490524292e-01
-1.146132588386535645e+00
5.331962108612060547e-01
1.232361078262329102e+00
-6.305295228958129883e-01
3.263147175312042236e-01
-9.678735136985778809e-01
-4.272696077823638916e-01
1.223194241523742676e+00
-2.765473425388336182e-01
-9.960251301527023315e-02
-1.507817387580871582e+00
3.517550230026245117e-01
8.947863578796386719e-01
-2.090713500976562500e+00
-1.212034940719604492e+00
-1.537777632474899292e-01
-6.141358613967895508e-01
9.082349538803100586e-01
1.917455077171325684e+00
6.953639984130859375e-01
6.779202222824096680e-01
6.319718360900878906e-01
-8.754479885101318359e-01
-4.287872910499572754e-01
5.692333579063415527e-01
2.365114688873291016e+00
-1.222621560096740723e+00
1.119824409484863281e+00
-1.461466848850250244e-01
1.838927268981933594e+00
-1.245015025138854980e+00
-1.027043342590332031e+00
-2.323239326477050781e+00
-1.839216232299804688e+00
8.508930802345275879e-01
-7.694231867790222168e-01
-5.261963605880737305e-01
-8.048405498266220093e-02
-4.929707348346710205e-01
-7.043860554695129395e-01
2.656151056289672852e-01
-3.431778401136398315e-02
-1.958812586963176727e-02
1.052169919013977051e+00
-3.340436220169067383e-01
-6.456407904624938965e-01
-1.591119885444641113e+00
-3.446305394172668457e-01
-1.781973600387573242e+00
-8.687605857849121094e-01
-9.942760318517684937e-02
7.164408564567565918e-01
9.711843132972717285e-01
-1.557187795639038086e+00
1.404157996177673340e+00
2.987409234046936035e-01
-1.721973180770874023e+00
-1.010915160179138184e+00
2.362331151962280273e+00
-1.316120743751525879e+00
-7.808367013931274414e-01
-6.097801327705383301e-01
-2.528427362442016602e+00
1.447098255157470703e+00
1.024112820625305176e+00
-2.161102890968322754e-01
1.041689991950988770e+00
-1.901789158582687378e-01
-1.134830236434936523e+00
-1.225895643234252930e+00
-1.575731396675109863e+00
8.805266618728637695e-01
2.925332486629486084e-01
5.344144105911254883e-01
2.982180714607238770e-01
-1.357862114906311035e+00
2.873698234558105469e+00
-2.925029993057250977e+00
-9.709199070930480957e-01
7.609031796455383301e-01
-6.476324796676635742e-01
6.783948540687561035e-01
3.628948330879211426e-01
5.564798116683959961e-01
3.846223354339599609e-01
-7.139875292778015137e-01
-5.698016285896301270e-01
4.431939423084259033e-01
1.471235871315002441e+00
-5.380687117576599121e-02
-2.398432493209838867e+00
-1.540598154067993164e+00
1.954354166984558105e+00
4.374278783798217773e-01
-1.248355150222778320e+00
-6.619591116905212402e-01
2.289774179458618164e+00
-1.152973890304565430e+00
-2.919082641601562500e-01
1.659630775451660156e+00
-4.454614222049713135e-01
7.032585740089416504e-01
-1.104846119880676270e+00
-1.542669236660003662e-01
1.536931395530700684e-01
6.241031885147094727e-01
-2.365465402603149414e+00
-1.828038692474365234e-01
-9.430730342864990234e-01
1.330323576927185059e+00
9.955172538757324219e-01
4.216208457946777344e-01
1.096387386322021484e+00
-6.163002252578735352e-01
7.359288930892944336e-01
1.644449114799499512e+00
-9.367138743400573730e-01
-1.295678615570068359e+00
-1.189330816268920898e+00
-3.400545418262481689e-01
-1.235688090324401855e+00
5.066832304000854492e-01
5.410053133964538574e-01
4.685675501823425293e-01
-4.254228770732879639e-01
-1.537185609340667725e-01
-1.687624335289001465e+00
-1.437302231788635254e+00
-2.327309846878051758e+00
-2.290619164705276489e-01
6.995153427124023438e-01
-4.034419357776641846e-01
1.008476018905639648e+00
5.237137675285339355e-01
-9.469087123870849609e-01
-1.057281613349914551e+00
-7.489066720008850098e-01
1.726112365722656250e+00
5.915931463241577148e-01
-1.496065974235534668e+00
-1.476107954978942871e+00
1.328248381614685059e+00
5.512170195579528809e-01
2.006924629211425781e+00
1.888615489006042480e+00
-1.337810993194580078e+00
2.150878906250000000e+00
5.606606602668762207e-01
-2.047333240509033203e+00
3.303378820419311523e-01
-4.100652337074279785e-01
2.801460921764373779e-01
5.317419767379760742e-01
-1.123282551765441895e+00
6.664858460426330566e-01
5.261796177364885807e-04
-8.781741261482238770e-01
-8.279308080673217773e-01
4.176184237003326416e-01
9.426564574241638184e-01
-5.279438570141792297e-02
-7.830876708030700684e-01
-1.993366330862045288e-01
-6.665726900100708008e-01
4.937938153743743896e-01
7.756778001785278320e-01
-1.931922912597656250e+00
-3.752017319202423096e-01
-1.327969908714294434e+00
4.808157920837402344e+00
-7.644386887550354004e-01
-1.347695708274841309e+00
-8.872640132904052734e-01
-1.539634585380554199e+00
1.244959592819213867e+00
1.913277268409729004e+00
-3.042578697204589844e-01
-1.080569267272949219e+00
-8.772994279861450195e-01
-1.424121856689453125e-01
-2.523639798164367676e-01
5.807497501373291016e-01
3.336171209812164307e-01
7.608445826917886734e-03
-2.160586118698120117e+00
-8.625519871711730957e-01
-7.444992661476135254e-01
-5.971283838152885437e-02
1.543575882911682129e+00
-2.297986596822738647e-01
-3.126112222671508789e-01
2.120999097824096680e+00
-1.111892700195312500e+00
9.865476936101913452e-02
-7.587547302246093750e-01
5.281322598457336426e-01
-2.115291506052017212e-01
-7.167049050331115723e-01
2.093985319137573242e+00
-3.124420404434204102e+00
-1.689897179603576660e+00
2.065593600273132324e-01
2.616268396377563477e-01
5.211144089698791504e-01
-1.723408818244934082e+00
-1.897808909416198730e+00
6.149803400039672852e-01
-2.180210113525390625e+00
4.961641132831573486e-01
1.422800719738006592e-01
-5.625854060053825378e-02
-1.233131647109985352e+00
-2.078309208154678345e-01
4.239141047000885010e-01
-7.403218746185302734e-01
3.396843671798706055e-01
2.942570447921752930e-01
-1.674809902906417847e-01
2.016258239746093750e+00
-6.196749210357666016e-01
-9.914676547050476074e-01
-1.578222960233688354e-02
1.207590579986572266e+00
-2.554846405982971191e-01
-1.141709446907043457e+00
-7.767392992973327637e-01
-1.237474203109741211e+00
2.461218118667602539e+00
-8.797114491462707520e-01
9.767016768455505371e-02
-4.476563632488250732e-02
-2.080276727676391602e+00
1.258962880820035934e-02
-2.667650580406188965e-01
-2.171829938888549805e+00
-2.721299976110458374e-02
-3.275700211524963379e-01
2.160654366016387939e-01
5.637072324752807617e-01
-9.132594466209411621e-01
-4.176065921783447266e-01
-2.005156278610229492e+00
-6.426243782043457031e-01
1.193034291267395020e+00
1.794073820114135742e+00
-1.156268715858459473e+00
-1.068337082862854004e+00
2.437123358249664307e-01
-7.122234702110290527e-01
1.417504251003265381e-01
-6.742317676544189453e-01
-1.442146658897399902e+00
1.281706690788269043e+00
1.517328023910522461e+00
-4.404340386390686035e-01
-1.115135312080383301e+00
1.758889079093933105e+00
1.611497998237609863e+00
5.878439545631408691e-01
-1.827690839767456055e+00
-1.363787412643432617e+00
9.894179105758666992e-01
1.537063002586364746e+00
-6.507612466812133789e-01
-2.163243532180786133e+00
2.373238086700439453e+00
-8.268418908119201660e-01
4.869779944419860840e-01
2.054637432098388672e+00
7.997069954872131348e-01
2.023164749145507812e+00
-5.974583029747009277e-01
-5.880357027053833008e-01
5.124985575675964355e-01
8.383492827415466309e-01
-1.777588129043579102e-01
8.609500527381896973e-02
6.726423501968383789e-01
1.073325037956237793e+00
-6.031015515327453613e-01
2.819339334964752197e-01
1.771650552749633789e+00
-1.830217689275741577e-01
3.805225715041160583e-02
-2.956936657428741455e-01
3.715753555297851562e-02
-8.078500032424926758e-01
-1.793907582759857178e-01
-6.708688139915466309e-01
-1.090365290641784668e+00
-1.881301879882812500e+00
-1.046912968158721924e-01
-3.772829174995422363e-01
-1.113657951354980469e+00
3.344681262969970703e-01
4.193779528141021729e-01
-1.618847966194152832e+00
-7.036983370780944824e-01
-3.404441475868225098e-02
-1.341612100601196289e+00
1.881066203117370605e+00
2.728214859962463379e-01
5.398543477058410645e-01
2.703414559364318848e-01
1.480012536048889160e+00
-1.373179674148559570e+00
1.996187120676040649e-02
8.537241816520690918e-02
2.194661140441894531e+00
-2.325277090072631836e+00
-2.229347229003906250e-01
1.756790280342102051e-01
8.277308940887451172e-01
-2.323916405439376831e-01
9.186440706253051758e-01
-8.226640224456787109e-01
-5.732537060976028442e-02
-3.025150001049041748e-01
-1.200897693634033203e-01
6.001878529787063599e-02
3.538652062416076660e-01
6.604987382888793945e-01
1.454934716224670410e+00
1.024159491062164307e-01
1.051874637603759766e+00
1.078014612197875977e+00
3.453998267650604248e-01
-1.473239183425903320e+00
8.550573587417602539e-01
2.130010604858398438e+00
-1.207751870155334473e+00
6.829318404197692871e-02
3.190253496170043945e+00
-1.719363093376159668e+00
-2.099763631820678711e+00
8.343327641487121582e-01
1.328094363212585449e+00
1.022095084190368652e+00
6.922472119331359863e-01
-6.155315041542053223e-01
-1.570486664772033691e+00
-5.103534460067749023e-01
7.918292284011840820e-01
-1.139799714088439941e+00
-2.190728902816772461e+00
7.298676967620849609e-01
1.505614399909973145e+00
1.189331054687500000e+00
-1.224231570959091187e-01
1.773706078529357910e+00
8.672165870666503906e-02
3.787385225296020508e-01
1.691165208816528320e+00
2.931156158447265625e-01
-2.887535095214843750e-01
7.481652498245239258e-01
-2.219488620758056641e+00
-3.949045240879058838e-01
-7.621936202049255371e-01
-1.381076931953430176e+00
-7.125568985939025879e-01
1.420273065567016602e+00
3.265498280525207520e-01
7.362274527549743652e-01
1.041289329528808594e+00
-1.774726361036300659e-01
2.889835536479949951e-01
9.740840792655944824e-01
8.191401362419128418e-01
7.986080050468444824e-01
-3.013790547847747803e-01
-4.273890554904937744e-01
-2.835123538970947266e-01
-2.762378215789794922e+00
1.528568983078002930e+00
5.689459443092346191e-01
3.335690796375274658e-01
1.483464598655700684e+00
-3.075289726257324219e-01
1.663757562637329102e-01
-2.725883424282073975e-01
1.570238590240478516e+00
1.406537771224975586e+00
-1.063552737236022949e+00
-2.149834394454956055e+00
3.956114500761032104e-02
4.719444811344146729e-01
-1.004168510437011719e+00
6.704928874969482422e-01
7.762404531240463257e-02
1.258607268333435059e+00
1.296342372894287109e+00
3.689230382442474365e-01
-1.128511428833007812e-01
-1.131869435310363770e+00
-1.333940863609313965e+00
-6.412917375564575195e-01
-1.243526577949523926e+00
-5.503943562507629395e-01
1.438553094863891602e+00
1.194875717163085938e+00
-5.223423242568969727e-02
-5.692546963691711426e-01
7.629333734512329102e-01
1.163862109184265137e+00
-2.192783594131469727e+00
-1.604277342557907104e-01
-1.008787989616394043e+00
1.004937052726745605e+00
-1.109596729278564453e+00
1.960289239883422852e+00
-9.363351464271545410e-01
-2.461947798728942871e-01
-1.768461987376213074e-02
7.173150777816772461e-03
4.931918811053037643e-03
1.270071387290954590e+00
-1.138472914695739746e+00
3.224877119064331055e-01
-1.024869441986083984e+00
4.142516851425170898e-01
-1.464872360229492188e+00
3.600989878177642822e-01
-2.372908443212509155e-01
1.062337279319763184e+00
4.846806526184082031e-01
-3.448255658149719238e-01
-4.787866771221160889e-01
2.098551034927368164e+00
6.518551111221313477e-01
-3.987379968166351318e-01
1.064520031213760376e-01
3.224415481090545654e-01
-4.846023321151733398e-01
-1.770606398582458496e+00
3.771533370018005371e-01
3.349367082118988037e-01
2.299465656280517578e+00
1.056825518608093262e+00
2.716324090957641602e+00
1.357776224613189697e-01
2.538405656814575195e+00
4.936144649982452393e-01
1.541699767112731934e+00
1.939123392105102539e+00
-6.859430074691772461e-01
1.437276601791381836e-01
2.730005383491516113e-01
-1.655775904655456543e-01
-1.554571930319070816e-02
-9.392969310283660889e-02
1.094379186630249023e+00
-3.433168530464172363e-01
9.919633865356445312e-01
-6.728720068931579590e-01
9.802772998809814453e-01
-1.010116696357727051e+00
1.070509314537048340e+00
-9.297327399253845215e-01
1.085980892181396484e+00
-1.402606010437011719e+00
3.194091618061065674e-01
5.274533033370971680e-01
5.823426842689514160e-01
7.472234368324279785e-01
3.996140658855438232e-01
-2.511638700962066650e-01
2.142581492662429810e-01
2.374025136232376099e-01
4.964962005615234375e-01
1.194494128227233887e+00
1.774940252304077148e+00
-1.310868263244628906e-01
-3.121787011623382568e-01
-5.016688704490661621e-01
-7.394460439682006836e-01
-1.177889704704284668e+00
7.343501448631286621e-01
-8.614891767501831055e-01
-6.108380556106567383e-01
8.789320588111877441e-01
1.543956696987152100e-01
-2.822125256061553955e-01
-9.191228747367858887e-01
-5.759851932525634766e-01
2.328981459140777588e-01
4.678525626659393311e-01
-1.752097368240356445e+00
1.615295886993408203e+00
-1.299472689628601074e+00
-1.010308787226676941e-01
5.889962315559387207e-01
1.509290099143981934e+00
-4.199527800083160400e-01
1.044873356819152832e+00
-3.505288958549499512e-01
-3.369976878166198730e-01
-5.553505420684814453e-01
-1.151444911956787109e+00
-1.010330859571695328e-02
-1.758104920387268066e+00
5.424287319183349609e-01
3.992507457733154297e-01
-2.226562500000000000e+00
-2.109271846711635590e-02
-2.103095531463623047e+00
2.213316410779953003e-01
1.451790481805801392e-01
2.592221260070800781e+00
5.723543763160705566e-01
-8.902246356010437012e-01
-3.696758747100830078e-01
3.751188144087791443e-02
1.434413194656372070e-01
2.483078718185424805e+00
8.292695283889770508e-01
8.560733795166015625e-01
8.919890522956848145e-01
1.174738556146621704e-01
7.762945294380187988e-01
3.231354653835296631e-01
5.055750370025634766e+00
-1.142881870269775391e+00
1.197980046272277832e+00
-1.313086271286010742e+00
-3.827804327011108398e-01
-8.051620125770568848e-01
2.468650788068771362e-01
-8.960310220718383789e-01
3.332551240921020508e+00
-2.560023963451385498e-01
1.991795152425765991e-01
-4.279639720916748047e-01
1.108384251594543457e+00
-5.748530030250549316e-01
6.272084712982177734e-01
9.910006523132324219e-01
1.976455599069595337e-01
2.228611335158348083e-02
2.907575070858001709e-01
2.451909035444259644e-01
1.737122416496276855e+00
-2.418239355087280273e+00
2.028346806764602661e-01
9.074295163154602051e-01
-7.597134113311767578e-01
-1.405471563339233398e-01
1.824473142623901367e+00
2.114008516073226929e-01
-9.294670224189758301e-01
1.905115962028503418e+00
-1.528014898300170898e+00
9.229727983474731445e-01
-2.668448388576507568e-01
1.950947284698486328e+00
-4.358521997928619385e-01
-7.557880878448486328e-02
-6.074398159980773926e-01
-1.195388317108154297e+00
-1.428016543388366699e+00
4.212414622306823730e-01
2.571911551058292389e-03
3.486368894577026367e+00
-6.127731800079345703e-01
-4.220213413238525391e+00
2.657049596309661865e-01
-1.261296749114990234e+00
2.589122578501701355e-02
8.686799407005310059e-01
4.218004941940307617e-01
-8.601307272911071777e-01
9.330552220344543457e-01
1.405946314334869385e-01
1.325308442115783691e+00
2.067716270685195923e-01
-1.260669231414794922e-01
2.454130053520202637e-01
2.739253342151641846e-01
-1.791686415672302246e+00
1.147824749350547791e-01
-6.974948644638061523e-01
4.314540922641754150e-01
1.987015604972839355e+00
-1.611218452453613281e-01
1.442413210868835449e+00
-1.275720715522766113e+00
7.452008724212646484e-01
-2.810902297496795654e-01
-1.310862660408020020e+00
2.073743104934692383e+00
1.298928141593933105e+00
6.101423501968383789e-01
-4.237348437309265137e-01
-1.518928647041320801e+00
-2.007222920656204224e-02
8.618699908256530762e-01
-8.127309083938598633e-01
1.739420294761657715e-01
5.310038924217224121e-01
4.135400652885437012e-01
-1.749143749475479126e-01
1.842817962169647217e-01
-1.829572081565856934e+00
1.324934124946594238e+00
-1.070783615112304688e+00
7.009379267692565918e-01
1.213324815034866333e-01
1.228092312812805176e+00
-8.597332835197448730e-01
-1.405413746833801270e+00
1.100024938583374023e+00
2.141155481338500977e+00
-2.006234526634216309e-01
-9.081641584634780884e-02
-1.235794305801391602e+00
-2.675209343433380127e-01
-3.526921272277832031e-01
-1.136558651924133301e+00
1.979801774024963379e+00
1.495784401893615723e+00
-1.167860150337219238e+00
-2.366919279098510742e+00
1.671042293310165405e-02
-7.863169908523559570e-01
1.463791251182556152e+00
-1.487103939056396484e+00
-1.352606415748596191e+00
-4.584790766239166260e-01
-7.924582958221435547e-01
1.383277535438537598e+00
5.165156126022338867e-01
1.266275644302368164e+00
2.441818475723266602e+00
6.352270245552062988e-01
9.591251611709594727e-01
5.664873719215393066e-01
-4.569928944110870361e-01
1.925771117210388184e+00
4.118945896625518799e-01
2.410659790039062500e-01
-7.549008131027221680e-01
1.478277802467346191e+00
2.505195736885070801e-01
5.861219763755798340e-01
