1.580335140228271484e+00
3.353660404682159424e-01
-2.864551842212677002e-01
-1.293254375457763672e+00
-1.573443293571472168e+00
-1.940140128135681152e-01
-4.402001500129699707e-01
-6.997088193893432617e-01
1.957207322120666504e-01
-3.081299960613250732e-01
1.284645497798919678e-01
-1.192447066307067871e+00
9.878356456756591797e-01
-4.142166376113891602e-01
-1.361460685729980469e+00
-5.984296798706054688e-01
-9.153097271919250488e-01
-7.515448331832885742e-02
-8.322471380233764648e-01
2.668780982494354248e-01
-8.814344555139541626e-02
-1.233745336532592773e+00
1.027855992317199707e+00
5.123105645179748535e-01
9.868453145027160645e-01
1.349483609199523926e+00
8.217502832412719727e-01
1.966319084167480469e-01
-1.611124038696289062e+00
-5.674834847450256348e-01
6.637159585952758789e-01
5.258995294570922852e-01
-1.346896052360534668e+00
1.342306882143020630e-01
-1.017857670783996582e+00
3.839631080627441406e-01
-1.604635119438171387e-01
-3.333383321762084961e+00
3.658530488610267639e-02
2.175547182559967041e-01
-3.044726252555847168e-01
-1.934873610734939575e-01
1.192914366722106934e+00
6.693167090415954590e-01
3.231623470783233643e-01
1.849019289016723633e+00
-1.123584508895874023e-01
5.820521712303161621e-01
-9.238699674606323242e-01
1.211740374565124512e+00
-2.794652283191680908e-01
-4.762497246265411377e-01
-3.474182682111859322e-03
-1.101145297288894653e-01
7.363861799240112305e-01
-3.243557512760162354e-01
2.207800559699535370e-02
-3.199492096900939941e-01
7.017346024513244629e-01
8.207502216100692749e-02
-1.336921215057373047e+00
1.148437187075614929e-01
1.357113599777221680e+00
-1.001332879066467285e+00
2.703707814216613770e-01
-9.227937459945678711e-01
7.863790392875671387e-01
-8.068935275077819824e-01
-9.045831859111785889e-02
-1.337137818336486816e+00
8.156617879867553711e-01
2.653568387031555176e-01
1.055354237556457520e+00
3.530099093914031982e-01
-2.253265857696533203e+00
1.013446569442749023e+00
-7.490665316581726074e-01
9.455846548080444336e-01
4.072171747684478760e-01
-8.947755210101604462e-03
3.380075097084045410e-01
-9.703764319419860840e-01
-1.771106362342834473e+00
-6.640904545783996582e-01
4.786696732044219971e-01
4.003441035747528076e-01
-8.374827504158020020e-01
-7.562126517295837402e-01
2.823555767536163330e-01
-6.575202941894531250e-02
6.020098924636840820e-01
-2.308704614639282227e+00
2.218425646424293518e-02
8.383936882019042969e-01
-8.098224401473999023e-01
-1.844323938712477684e-03
4.898242056369781494e-01
5.632612109184265137e-01
5.982140302658081055e-01
3.734024167060852051e-01
-5.713054537773132324e-01
3.402137756347656250e-01
7.823280692100524902e-01
-9.871898293495178223e-01
-1.011330366134643555e+00
-5.411021038889884949e-02
-8.890159130096435547e-01
1.652736663818359375e+00
7.299873828887939453e-01
-3.265468478202819824e-01
9.698690772056579590e-01
1.442821860313415527e+00
-1.467254757881164551e+00
-2.089682370424270630e-01
-4.954256713390350342e-01
-1.891738027334213257e-01
-4.104883074760437012e-01
-3.490602970123291016e-02
-6.741753816604614258e-01
2.210357666015625000e+00
3.715305328369140625e-01
1.651147305965423584e-01
-9.342274069786071777e-01
5.634626746177673340e-01
-1.456399820744991302e-02
3.634892106056213379e-01
1.732023805379867554e-01
1.854827523231506348e+00
-3.364672958850860596e-01
-1.569908142089843750e+00
1.554203629493713379e+00
-4.229766130447387695e-01
1.053912878036499023e+00
-1.436352014541625977e+00
-2.998108625411987305e+00
1.016471505165100098e+00
-3.720954954624176025e-01
-8.847357034683227539e-01
-9.099231660366058350e-02
-3.965715765953063965e-01
-3.348017036914825439e-01
1.479669690132141113e+00
2.407207489013671875e-01
-1.621174961328506470e-01
-1.861917138099670410e+00
1.712587326765060425e-01
1.723032474517822266e+00
-6.935764551162719727e-01
2.082445472478866577e-01
-3.591290712356567383e-01
7.171787619590759277e-01
-1.546950340270996094e-01
-1.411635041236877441e+00
-9.585176706314086914e-01
8.003495633602142334e-02
4.501894116401672363e-01
-6.886934041976928711e-01
-2.993889451026916504e-01
4.712787270545959473e-01
-9.533209204673767090e-01
6.809351444244384766e-01
4.119853973388671875e-01
9.619404077529907227e-01
-5.837150812149047852e-01
7.106241583824157715e-01
-1.901095747947692871e+00
-9.165048599243164062e-01
-1.220769584178924561e-01
-4.175370037555694580e-01
-3.435449302196502686e-01
-1.055654287338256836e+00
-1.960197925567626953e+00
-9.052885770797729492e-01
9.379864931106567383e-01
-5.306745171546936035e-01
3.350305929780006409e-02
-6.810817122459411621e-01
-3.085807561874389648e-01
-5.348070263862609863e-01
3.892140686511993408e-01
-4.388958215713500977e-01
5.620622262358665466e-02
-3.490417003631591797e-01
-3.728959262371063232e-01
4.361850023269653320e-01
4.364913702011108398e-01
-5.564704537391662598e-01
1.188138723373413086e-01
1.919089078903198242e+00
-2.665713131427764893e-01
1.046480894088745117e+00
-2.202887982130050659e-01
-4.954746365547180176e-01
1.716003417968750000e-01
3.528228998184204102e-01
2.832838892936706543e-01
3.127918243408203125e-01
-3.921232521533966064e-01
1.547176003456115723e+00
-2.935824990272521973e-01
4.515851140022277832e-01
5.588800311088562012e-01
1.024938821792602539e+00
-5.918181538581848145e-01
1.007524132728576660e+00
-4.421167373657226562e-01
-1.458190828561782837e-01
-4.382563829421997070e-01
8.687731623649597168e-01
-1.191246628761291504e+00
1.336627081036567688e-02
1.092863082885742188e-01
9.320523142814636230e-01
7.830601334571838379e-01
-5.416119694709777832e-01
-6.490817070007324219e-01
-3.638436079025268555e+00
-3.597644269466400146e-01
8.061412572860717773e-01
1.428840398788452148e+00
1.446038722991943359e+00
4.358848091214895248e-03
5.608366131782531738e-01
-1.133015632629394531e+00
9.922943711280822754e-01
-5.186746641993522644e-02
1.023324847221374512e+00
1.079741954803466797e+00
-4.421873390674591064e-01
-2.393216639757156372e-01
9.648640751838684082e-01
-2.670950293540954590e-01
4.540494456887245178e-02
9.018478393554687500e-01
-8.477177023887634277e-01
-7.828604429960250854e-02
9.779025316238403320e-01
-6.492848992347717285e-01
-1.628006100654602051e+00
-3.140080720186233521e-02
2.477809935808181763e-01
-1.991586685180664062e-01
-7.521858066320419312e-02
2.112915366888046265e-01
-8.620677590370178223e-01
-3.892598152160644531e-01
-8.970065116882324219e-01
4.769589900970458984e-01
1.356472540646791458e-02
-8.718522191047668457e-01
6.784513592720031738e-01
-1.099388301372528076e-01
-1.145724773406982422e+00
-6.600149869918823242e-01
5.381398200988769531e-01
3.480974435806274414e-01
2.750545442104339600e-01
2.521122097969055176e-01
8.026025444269180298e-02
-4.126242995262145996e-01
-3.348410427570343018e-01
2.850731313228607178e-01
1.186864972114562988e+00
-1.130728572607040405e-01
-1.029289603233337402e+00
5.222809314727783203e-01
3.182269036769866943e-01
-7.142585515975952148e-02
3.359358787536621094e+00
1.118157029151916504e+00
1.114372014999389648e-01
4.682025015354156494e-01
1.198575377464294434e+00
6.406586170196533203e-01
-6.361505389213562012e-02
5.125007629394531250e-01
-3.021588027477264404e-01
-6.968461275100708008e-01
-3.058377094566822052e-02
-8.870540261268615723e-01
1.769797801971435547e+00
-1.054234862327575684e+00
8.250300586223602295e-02
-1.050881266593933105e+00
2.745900452136993408e-01
4.692287743091583252e-01
-5.375981330871582031e-01
-3.154658079147338867e-01
-2.255417108535766602e-01
-1.683011054992675781e+00
-7.016264796257019043e-01
3.837113082408905029e-01
1.216125249862670898e+00
-1.558788657188415527e+00
-3.647038936614990234e-01
-1.762158274650573730e-01
7.316509485244750977e-01
-1.142174243927001953e+00
-1.012905478477478027e+00
6.943937540054321289e-01
-7.411140799522399902e-01
-7.271277904510498047e-01
3.011252582073211670e-01
1.311085343360900879e+00
1.371147871017456055e+00
2.177824020385742188e+00
-4.631559550762176514e-02
-9.740175008773803711e-01
6.428368687629699707e-01
-1.430414468050003052e-01
-7.794780731201171875e-01
-7.334087491035461426e-01
-7.007575631141662598e-01
-3.524138778448104858e-02
7.031386345624923706e-02
7.257838249206542969e-01
1.526152729988098145e+00
-7.463186979293823242e-01
4.961624145507812500e-01
-5.797263979911804199e-01
-5.506024360656738281e-01
6.018380522727966309e-01
1.833283305168151855e-01
-9.201813936233520508e-01
-2.867409288883209229e-01
-3.280509114265441895e-01
-7.942456603050231934e-01
-3.275165557861328125e-01
-3.773673176765441895e-01
1.835745573043823242e+00
3.185323476791381836e-01
-1.329943776130676270e+00
1.278835177421569824e+00
4.538353681564331055e-01
1.017350554466247559e+00
-3.217346966266632080e-01
5.764257907867431641e-01
-4.774834811687469482e-01
1.979512333869934082e+00
-1.105003833770751953e+00
3.580001592636108398e-01
6.573793292045593262e-02
-8.121800422668457031e-02
-6.392317414283752441e-01
1.649219691753387451e-01
1.040814280509948730e+00
-7.960214018821716309e-01
6.124278903007507324e-01
1.117112264037132263e-01
-5.511956810951232910e-01
-7.004544734954833984e-01
-1.479659318923950195e+00
3.204859197139739990e-01
8.888576626777648926e-01
-5.588454604148864746e-01
-3.305820375680923462e-02
-6.830992698669433594e-01
-3.122271737083792686e-03
-4.853453487157821655e-02
-1.288697272539138794e-01
-1.251636743545532227e-01
-2.644434869289398193e-01
-2.324535101652145386e-01
-5.733199119567871094e-01
-1.344900012016296387e+00
9.157961010932922363e-01
8.181174993515014648e-01
5.878348946571350098e-01
-2.469983883202075958e-02
-3.678319156169891357e-01
8.353762626647949219e-01
-2.044546753168106079e-01
-2.679671049118041992e-01
3.059401273727416992e+00
3.082036674022674561e-01
1.690541744232177734e+00
5.673566460609436035e-01
-3.123430907726287842e-01
-9.769375324249267578e-01
6.020754575729370117e-01
9.536913633346557617e-01
5.153753757476806641e-01
-3.963431715965270996e-01
-9.237148165702819824e-01
-5.471752285957336426e-01
1.484478414058685303e-01
6.262720227241516113e-01
-1.706171482801437378e-01
1.270231366157531738e+00
-2.939397990703582764e-01
4.282668828964233398e-01
2.265106737613677979e-01
3.025300502777099609e-01
-1.825594067573547363e+00
7.576405405998229980e-01
-1.212113499641418457e+00
-1.523467805236577988e-02
-8.278910517692565918e-01
-2.950742542743682861e-01
1.764694333076477051e+00
6.835141181945800781e-01
-1.390103101730346680e+00
3.052367568016052246e-01
-5.981009006500244141e-01
-9.120898246765136719e-01
7.884360104799270630e-02
-4.471371471881866455e-01
8.038492798805236816e-01
-6.087851524353027344e-01
-1.460774421691894531e+00
2.690168321132659912e-01
-4.924108460545539856e-02
-1.269165635108947754e+00
6.188708543777465820e-01
1.001978874206542969e+00
1.231498003005981445e+00
-8.145356178283691406e-01
4.045110046863555908e-01
-7.655197381973266602e-01
1.747380971908569336e+00
-7.647370100021362305e-01
-8.095082044601440430e-01
1.995835751295089722e-01
2.038902044296264648e+00
-8.858006596565246582e-01
8.905239701271057129e-01
-7.836902141571044922e-01
-1.046867132186889648e+00
-2.253179073333740234e+00
-5.374909043312072754e-01
-3.079992830753326416e-01
5.424463152885437012e-01
4.047703146934509277e-01
7.919065952301025391e-01
-9.616115689277648926e-01
6.143064796924591064e-02
3.919801414012908936e-01
3.105040192604064941e-01
1.173060774803161621e+00
1.025420784950256348e+00
-6.653677225112915039e-01
5.019065365195274353e-02
-9.117208719253540039e-01
2.912394106388092041e-01
1.027010753750801086e-01
-8.855843544006347656e-02
-3.773879110813140869e-01
-1.266063451766967773e-01
-1.466530114412307739e-01
-1.487785816192626953e+00
-1.791733980178833008e+00
-2.866223156452178955e-01
2.979994416236877441e-01
-1.214521288871765137e+00
-1.200722217559814453e+00
-9.880719780921936035e-01
5.402864813804626465e-01
1.579254031181335449e+00
-3.020555377006530762e-01
-1.323986530303955078e+00
5.267066955566406250e-01
-2.485082149505615234e-01
8.453460335731506348e-01
6.394659876823425293e-01
-3.450759649276733398e-01
3.482248485088348389e-01
-6.202823296189308167e-02
9.958364963531494141e-01
-8.788871765136718750e-01
1.125540494918823242e+00
8.943128585815429688e-02
-2.394603192806243896e-01
-9.083269238471984863e-01
9.717208743095397949e-01
-9.831293821334838867e-01
-2.600950002670288086e-01
6.333101391792297363e-01
-1.088342219591140747e-01
-5.529035329818725586e-01
9.676182866096496582e-01
-1.567814126610755920e-02
4.052213430404663086e-01
-8.804712444543838501e-02
2.119847387075424194e-01
1.167605996131896973e+00
2.443559020757675171e-01
2.305043190717697144e-01
5.274809002876281738e-01
-4.820791184902191162e-01
-1.044729471206665039e+00
2.715471684932708740e-01
7.979473471641540527e-01
9.368637949228286743e-02
1.532649874687194824e+00
-1.291907191276550293e+00
1.172800540924072266e+00
1.686183810234069824e-01
-1.425278663635253906e+00
3.650870025157928467e-01
7.079501152038574219e-01
4.093116223812103271e-01
1.401540398597717285e+00
-2.314518243074417114e-01
1.158624053001403809e+00
-2.271481752395629883e+00
4.516873955726623535e-01
7.153582572937011719e-01
-3.176409304141998291e-01
7.733481526374816895e-01
4.014695882797241211e-01
7.164181470870971680e-01
1.512972731143236160e-02
8.375236392021179199e-01
-2.029390633106231689e-01
1.125839114189147949e+00
3.343245387077331543e-01
1.252572685480117798e-01
-3.976507484912872314e-01
3.683476746082305908e-01
4.009895026683807373e-02
1.446485668420791626e-01
-1.906334757804870605e-01
-3.279193639755249023e-01
-8.681116104125976562e-01
6.189455986022949219e-01
6.991361081600189209e-02
-3.161986172199249268e-01
5.603536963462829590e-01
9.032085537910461426e-01
-2.507494064047932625e-03
-4.272229373455047607e-01
-1.196180105209350586e+00
6.842864155769348145e-01
-4.723060727119445801e-01
6.074612736701965332e-01
-6.259130239486694336e-01
-8.165095448493957520e-01
7.011015415191650391e-01
-8.126140832901000977e-01
-5.480667948722839355e-01
-8.526580929756164551e-01
3.862597644329071045e-01
2.436632066965103149e-01
6.381768584251403809e-01
1.258756995201110840e+00
-2.125776261091232300e-01
7.156344056129455566e-01
-9.940323233604431152e-01
-1.696587324142456055e+00
1.473638534545898438e+00
-3.025673031806945801e-01
9.457138180732727051e-01
-3.029112517833709717e-02
1.809234730899333954e-02
-8.640353679656982422e-01
7.490682005882263184e-01
6.591687351465225220e-02
-7.792496085166931152e-01
-3.539426028728485107e-01
-8.886022865772247314e-02
1.317844629287719727e+00
1.144732117652893066e+00
8.952300250530242920e-02
3.700855970382690430e-01
3.972697854042053223e-01
4.225490689277648926e-01
1.219803810119628906e+00
1.451806902885437012e+00
1.900918006896972656e+00
-8.199163079261779785e-01
2.219541072845458984e-01
4.594509899616241455e-01
-1.613850593566894531e+00
-8.203670382499694824e-01
-7.739093899726867676e-01
-2.732012569904327393e-01
-9.594683647155761719e-01
3.977775275707244873e-01
8.189493417739868164e-01
-4.349716305732727051e-01
-1.228908300399780273e+00
1.180784106254577637e-01
-1.176140546798706055e+00
-9.195469617843627930e-01
9.227346777915954590e-01
6.176642328500747681e-02
-1.101667761802673340e+00
-2.095895558595657349e-01
-2.006147205829620361e-01
-1.658587157726287842e-01
-2.942936718463897705e-01
4.106506705284118652e-01
-1.028658866882324219e+00
-3.807772994041442871e-01
-1.671596646308898926e+00
-5.936155319213867188e-01
-3.692191839218139648e-01
-7.164351344108581543e-01
-1.174977064132690430e+00
7.164201736450195312e-01
1.165445074439048767e-01
-2.074721097946166992e+00
-2.303641587495803833e-01
-1.380015313625335693e-01
1.105224266648292542e-01
-1.277609944343566895e+00
-8.098011612892150879e-01
-1.445023298263549805e+00
-9.323836565017700195e-01
3.027249276638031006e-01
-6.343645602464675903e-02
-6.261267513036727905e-02
-2.685127221047878265e-02
1.486404776573181152e+00
-9.369811415672302246e-01
-1.395330309867858887e+00
-1.002487614750862122e-01
2.542480528354644775e-01
3.697865307331085205e-01
1.945261061191558838e-01
8.879088610410690308e-02
1.013884186744689941e+00
-1.173462629318237305e+00
-2.860136330127716064e-01
2.454143315553665161e-01
1.945886373519897461e+00
1.149429798126220703e+00
6.326915025711059570e-01
4.525982737541198730e-01
-2.833141088485717773e+00
3.658353388309478760e-01
-7.351704835891723633e-01
3.167276680469512939e-01
6.114814877510070801e-01
6.646344810724258423e-02
-9.251122921705245972e-02
-3.482004627585411072e-02
6.906655430793762207e-02
-4.005726873874664307e-01
7.294879108667373657e-02
1.621450632810592651e-01
4.750058650970458984e-01
-1.726518034934997559e+00
-5.297068953514099121e-01
8.878040909767150879e-01
4.012105464935302734e+00
9.269695729017257690e-03
-3.542989194393157959e-01
3.447680920362472534e-02
-3.808353245258331299e-01
-8.097644448280334473e-01
1.501322239637374878e-01
-6.414960026741027832e-01
-7.957114577293395996e-01
-4.342490732669830322e-01
-3.697587251663208008e-01
-6.685470044612884521e-02
-2.366649061441421509e-01
-2.620537281036376953e-01
4.708326160907745361e-01
-4.631378948688507080e-01
2.862817645072937012e-01
5.263445377349853516e-01
-2.904140651226043701e-01
-6.677609086036682129e-01
-8.923986554145812988e-02
-6.217193603515625000e-01
1.236928462982177734e+00
-3.402068912982940674e-01
-4.229856431484222412e-01
-1.491008847951889038e-01
-5.077438354492187500e-01
1.200022101402282715e-01
4.862436950206756592e-01
4.854076802730560303e-01
-3.400919139385223389e-01
7.760922312736511230e-01
-4.064877927303314209e-01
2.186197042465209961e+00
-1.028109312057495117e+00
1.973578631877899170e-01
-4.835017025470733643e-01
-5.768266916275024414e-01
-4.306510090827941895e-01
-1.380508422851562500e+00
-1.266113668680191040e-01
-1.105653047561645508e+00
-3.919242024421691895e-01
1.074265956878662109e+00
-7.201956212520599365e-02
-1.257335066795349121e+00
2.260185927152633667e-01
2.128815650939941406e-01
2.277372777462005615e-01
6.761624813079833984e-01
2.702873647212982178e-01
2.766377329826354980e-01
-6.917876005172729492e-01
-2.300985813140869141e+00
4.275211691856384277e-01
-2.180824428796768188e-01
5.144495517015457153e-02
-5.758472084999084473e-01
-2.552084326744079590e-01
6.486139893531799316e-01
3.258405253291130066e-02
-5.437042713165283203e-01
1.754173189401626587e-01
-1.873856425285339355e+00
-9.173391461372375488e-01
-2.236620634794235229e-01
4.261352121829986572e-01
-1.038787841796875000e+00
-3.930087089538574219e-01
-1.992095351219177246e+00
1.259308308362960815e-01
5.488067269325256348e-01
-4.612862765789031982e-01
5.006455779075622559e-01
-7.532988786697387695e-01
-1.589293003082275391e+00
-1.008758425712585449e+00
1.508087664842605591e-02
-8.264476060867309570e-01
6.250388026237487793e-01
2.536638379096984863e-01
-4.183135330677032471e-01
-1.765279844403266907e-02
8.378245830535888672e-01
-2.663983404636383057e-01
5.265542864799499512e-01
-1.325568675994873047e+00
1.046970844268798828e+00
2.783694677054882050e-02
-1.641985923051834106e-01
1.049970984458923340e+00
8.061567693948745728e-02
4.027030766010284424e-01
-1.920776218175888062e-01
4.431373775005340576e-01
2.882992923259735107e-01
8.967192471027374268e-02
-5.742456912994384766e-01
1.982320666313171387e+00
-1.676217913627624512e-01
4.535223543643951416e-01
1.049967169761657715e+00
-8.620404005050659180e-01
1.697980761528015137e+00
7.824062705039978027e-01
-3.798506855964660645e-01
-6.937389373779296875e-01
-2.386786192655563354e-01
4.051602780818939209e-01
-8.239933252334594727e-01
5.999389290809631348e-01
5.370560288429260254e-01
5.311248898506164551e-01
-1.966355323791503906e+00
3.433417975902557373e-01
-9.780161976814270020e-01
3.298544585704803467e-01
5.265086293220520020e-01
1.269715309143066406e+00
-3.547006100416183472e-02
6.692312359809875488e-01
-2.494392544031143188e-01
1.231892406940460205e-01
