-1.397605538368225098e+00
1.773309826850891113e+00
5.951558351516723633e-01
-1.511275053024291992e+00
4.997348487377166748e-01
-4.389569908380508423e-02
1.744114309549331665e-01
-1.449780445545911789e-02
-6.031263154000043869e-03
3.091402530670166016e+00
1.286589145660400391e+00
-4.772886037826538086e-01
-5.233834385871887207e-01
-9.908835291862487793e-01
2.732639551162719727e+00
-1.463907122611999512e+00
-5.273316502571105957e-01
5.133067965507507324e-01
-2.884212434291839600e-01
6.190130114555358887e-01
2.172697931528091431e-01
1.138384360820055008e-02
7.683818936347961426e-01
8.476845622062683105e-01
9.077286124229431152e-01
-1.744094729423522949e+00
1.999894738197326660e+00
-1.090524077415466309e+00
-9.518031477928161621e-01
9.224251508712768555e-01
6.231606006622314453e-01
8.381002545356750488e-01
9.978231787681579590e-01
6.634943485260009766e-01
5.529517531394958496e-01
-1.450287938117980957e+00
1.282070755958557129e+00
-3.310191035270690918e-01
-3.790295124053955078e-02
1.519783496856689453e+00
3.418372869491577148e-01
3.666769862174987793e-01
-1.413949728012084961e-01
-3.225670754909515381e-01
-8.897361159324645996e-01
3.650322556495666504e-01
-5.101570487022399902e-01
6.700165271759033203e-01
-8.742411732673645020e-01
-2.159892916679382324e-01
-2.285102367401123047e+00
-5.760919451713562012e-01
5.205639600753784180e-01
-1.276157200336456299e-01
-1.933349013328552246e+00
-8.706541061401367188e-01
1.397550225257873535e+00
-1.855360269546508789e+00
-9.078264236450195312e-01
-2.478906363248825073e-01
-7.746526002883911133e-01
-4.412210881710052490e-01
3.820295631885528564e-01
2.427665591239929199e-01
7.263935804367065430e-01
-1.816481933929026127e-03
7.954358309507369995e-02
1.870746314525604248e-01
9.737877845764160156e-01
-2.069785833358764648e+00
-1.983454942703247070e+00
-8.558669090270996094e-01
-2.544502496719360352e+00
1.404722481966018677e-01
7.869713008403778076e-02
1.280085444450378418e+00
-1.078386068344116211e+00
-8.187822699546813965e-01
1.243016958236694336e+00
1.623712062835693359e+00
9.382047653198242188e-01
1.967181563377380371e+00
-2.234544605016708374e-01
1.139490008354187012e+00
-8.488972783088684082e-01
6.536784172058105469e-01
-2.921253442764282227e+00
-3.994449079036712646e-01
1.234043687582015991e-01
1.818511784076690674e-01
-1.039946556091308594e+00
7.141295820474624634e-02
-1.492497026920318604e-01
6.444670557975769043e-01
-9.180373549461364746e-01
-2.743139266967773438e+00
1.188938260078430176e+00
-1.799882352352142334e-01
5.671017989516258240e-02
2.764160394668579102e+00
-4.049162268638610840e-01
7.807015627622604370e-02
-3.375103771686553955e-01
1.776140451431274414e+00
1.830457150936126709e-01
-1.994013309478759766e+00
-1.439436674118041992e+00
-2.656960301101207733e-02
5.781196355819702148e-01
-6.015948057174682617e-01
1.158497571945190430e+00
1.303055405616760254e+00
-1.043986797332763672e+00
-1.573800683021545410e+00
8.542395234107971191e-01
-1.168038249015808105e+00
-5.442636013031005859e-01
-9.287857413291931152e-01
9.954471588134765625e-01
-2.004110254347324371e-02
-8.704857230186462402e-01
-4.605325460433959961e-01
-3.158030509948730469e+00
-7.193537950515747070e-01
1.858725905418395996e+00
-6.288517117500305176e-01
-2.718165218830108643e-01
7.254332900047302246e-01
9.340299963951110840e-01
1.322694540023803711e+00
7.375609278678894043e-01
-4.654257595539093018e-01
1.824689358472824097e-01
-9.843981266021728516e-01
-3.041770458221435547e-01
-3.028111457824707031e+00
-2.502898871898651123e-01
5.237407088279724121e-01
-2.043356418609619141e+00
3.047197870910167694e-02
-1.843965053558349609e+00
3.913777768611907959e-01
3.951505422592163086e-01
7.246635854244232178e-02
4.688688516616821289e-01
6.249510645866394043e-01
1.675881505012512207e+00
3.829514086246490479e-01
-4.045248329639434814e-01
-8.139386773109436035e-01
-1.045956492424011230e+00
1.512128472328186035e+00
3.477834165096282959e-01
-3.653723895549774170e-01
1.571286916732788086e+00
-5.955430865287780762e-01
-3.822786808013916016e-01
7.140449285507202148e-01
-4.472655057907104492e-01
-6.818547844886779785e-01
-3.919668793678283691e-01
-1.749814748764038086e-01
6.202304363250732422e-01
1.185207888484001160e-01
-1.191542267799377441e+00
-2.065524339675903320e+00
-8.606671094894409180e-01
-5.261246562004089355e-01
5.617758259177207947e-02
6.087942123413085938e-01
-9.833709597587585449e-01
-1.585350155830383301e+00
-4.855583012104034424e-01
1.905036807060241699e+00
5.319402813911437988e-01
-1.242765709757804871e-01
3.703097701072692871e-01
-8.949232101440429688e-01
-5.900446176528930664e-01
2.082352638244628906e+00
-2.879578173160552979e-01
-5.278905630111694336e-01
7.218792438507080078e-01
1.257549643516540527e+00
-3.382734656333923340e-01
-2.157631158828735352e+00
-1.489209055900573730e+00
1.170280933380126953e+00
1.262034416198730469e+00
-8.764826655387878418e-01
-4.909633398056030273e-01
-2.800872623920440674e-01
1.231320023536682129e+00
3.848601877689361572e-01
-8.915851116180419922e-01
-9.166927337646484375e-01
9.816030263900756836e-01
1.084401607513427734e+00
-1.750486493110656738e-01
-1.029766321182250977e+00
5.677149891853332520e-01
3.245404362678527832e-01
1.757745981216430664e+00
3.214430212974548340e-01
-6.095369458198547363e-01
-2.995482683181762695e-01
2.218568921089172363e-01
5.683534145355224609e-01
-2.160718739032745361e-01
-2.053313016891479492e+00
-1.172427654266357422e+00
1.377710580825805664e+00
2.104967981576919556e-01
-8.397842645645141602e-01
2.188897132873535156e+00
1.115012049674987793e+00
-5.570890426635742188e+00
-1.463559627532958984e+00
-2.922528743743896484e+00
1.403098106384277344e+00
1.383637666702270508e+00
-1.439742565155029297e+00
-6.877340078353881836e-01
-9.661373496055603027e-01
7.518393993377685547e-01
2.591995894908905029e-01
-6.721080839633941650e-02
1.395826339721679688e+00
-9.065191149711608887e-01
4.193677008152008057e-01
1.600591540336608887e+00
1.124992072582244873e-01
-1.829649329185485840e+00
-1.128130793571472168e+00
5.175167918205261230e-01
-3.447564542293548584e-01
-4.552022814750671387e-01
-1.166488289833068848e+00
-3.150631114840507507e-02
-1.104350805282592773e+00
1.406555175781250000e+00
-8.752874732017517090e-01
-1.409687399864196777e+00
-4.362615942955017090e-01
-1.408715724945068359e+00
-6.395147442817687988e-01
-5.958974361419677734e-01
6.306883692741394043e-01
1.666223526000976562e+00
1.649789810180664062e-01
-4.942269921302795410e-01
7.517778128385543823e-02
-6.350205540657043457e-01
6.626575589179992676e-01
-8.949018716812133789e-01
-4.441491663455963135e-01
-3.855175375938415527e-01
7.778678536415100098e-01
9.840394854545593262e-01
1.849760413169860840e-01
-1.092815399169921875e+00
-1.006231680512428284e-01
-9.159483313560485840e-01
1.821301430463790894e-01
-1.632943987846374512e+00
2.251901865005493164e+00
1.792220234870910645e+00
-1.913258135318756104e-01
4.840421676635742188e+00
-3.117586672306060791e-01
1.221374988555908203e+00
7.220131754875183105e-01
6.649111509323120117e-01
5.965269207954406738e-01
-9.890857934951782227e-01
3.745875656604766846e-01
1.433496028184890747e-01
-1.546702742576599121e+00
-3.401521146297454834e-01
-1.362833142280578613e+00
4.311541020870208740e-01
-6.913629174232482910e-01
4.969800114631652832e-01
-1.771187663078308105e+00
-2.581768035888671875e-01
-1.023184657096862793e+00
3.952724337577819824e-01
9.226645231246948242e-01
2.782490849494934082e-01
-1.525006890296936035e+00
-4.678080081939697266e-01
-6.344164609909057617e-01
-4.460475221276283264e-02
2.151136636734008789e+00
-1.054219484329223633e+00
2.513652801513671875e+00
8.626164793968200684e-01
-1.520075559616088867e+00
8.836087584495544434e-01
-8.119369745254516602e-01
7.465657591819763184e-02
-1.401033759117126465e+00
1.404185175895690918e+00
1.301009058952331543e-01
1.217885732650756836e+00
-5.092620849609375000e-01
5.115048289299011230e-01
-1.222427368164062500e+00
1.792094588279724121e+00
6.863864064216613770e-01
1.129942536354064941e+00
5.605941414833068848e-01
5.493023991584777832e-01
1.156678795814514160e+00
1.813287585973739624e-01
-2.547538578510284424e-01
9.593865275382995605e-01
-1.221191525459289551e+00
7.718409299850463867e-01
1.021824121475219727e+00
1.391911149024963379e+00
-5.683812499046325684e-01
8.723018765449523926e-01
4.455747008323669434e-01
-1.308863282203674316e+00
-5.310178995132446289e-01
-1.176800489425659180e+00
-8.155115246772766113e-01
-1.888409852981567383e-01
1.366213083267211914e+00
-7.637674808502197266e-01
-6.403669714927673340e-01
-5.744242668151855469e-01
2.042593359947204590e-01
6.886715888977050781e-01
1.051582574844360352e+00
5.892944335937500000e-01
2.788595259189605713e-01
1.064276337623596191e+00
-3.177618980407714844e-01
2.192252576351165771e-01
-1.923048853874206543e+00
-8.903303146362304688e-01
-1.058969378471374512e+00
-4.709278345108032227e-01
-1.556889772415161133e+00
-7.424513697624206543e-01
9.583413600921630859e-01
9.082173109054565430e-01
-9.020379185676574707e-02
-1.341631412506103516e+00
4.886409044265747070e-01
3.455786705017089844e-01
-8.594411015510559082e-01
9.736571311950683594e-01
8.562300801277160645e-01
7.987610101699829102e-01
-1.526656866073608398e+00
1.280809879302978516e+00
-1.733147621154785156e+00
-1.132740974426269531e-01
1.028305768966674805e+00
-1.150278925895690918e+00
-7.692582607269287109e-01
1.347055912017822266e+00
-1.433764338493347168e+00
1.206458687782287598e+00
7.558447718620300293e-01
2.206462323665618896e-01
-4.529531002044677734e-01
5.239036679267883301e-01
3.040483236312866211e+00
-3.739192187786102295e-01
2.816437780857086182e-01
1.001467853784561157e-01
-4.361855387687683105e-01
-8.228074014186859131e-02
2.906761169433593750e-01
5.429437756538391113e-01
5.784894824028015137e-01
8.248459100723266602e-01
2.162577152252197266e+00
-2.535385489463806152e-01
-1.896968841552734375e+00
-1.032316803932189941e+00
2.245505601167678833e-01
5.469654798507690430e-01
-1.490001559257507324e+00
6.708204150199890137e-01
1.951950937509536743e-01
1.407494187355041504e+00
2.027487039566040039e+00
1.636628627777099609e+00
2.232566833496093750e+00
5.384032726287841797e-01
-1.236530065536499023e+00
-2.071012020111083984e+00
1.254300624132156372e-01
-7.554965615272521973e-01
-1.309440135955810547e-01
1.204293251037597656e+00
-1.317243337631225586e+00
4.297290444374084473e-01
-6.302158832550048828e-01
-1.775967955589294434e+00
7.324900627136230469e-01
-9.581056833267211914e-01
1.045314967632293701e-02
1.413344502449035645e+00
-1.433034658432006836e+00
-2.416896104812622070e+00
1.325873732566833496e+00
-1.459109902381896973e+00
-1.142685651779174805e+00
8.967057466506958008e-01
8.957243561744689941e-01
-1.672968864440917969e-01
-3.702138960361480713e-01
-7.229013442993164062e-01
1.752785593271255493e-01
-1.065647676587104797e-01
-1.781330943107604980e+00
-1.429680734872817993e-01
-1.070971727371215820e+00
-6.749272942543029785e-01
6.081871986389160156e-01
-4.632842242717742920e-01
5.405613780021667480e-01
-2.106847047805786133e+00
-1.846771597862243652e+00
1.235200762748718262e+00
-8.773840069770812988e-01
6.243192553520202637e-01
-2.387628793716430664e+00
2.218264341354370117e+00
-1.515975713729858398e+00
-9.591180682182312012e-01
1.148087382316589355e+00
-1.470566838979721069e-01
-9.998744726181030273e-01
-1.499880909919738770e+00
9.216775298118591309e-01
-1.747913360595703125e-01
-9.223201274871826172e-01
1.930737495422363281e+00
-9.234302490949630737e-02
6.605380773544311523e-01
1.604400873184204102e-01
2.147319793701171875e+00
-7.946970462799072266e-01
-7.168024778366088867e-01
-6.667930483818054199e-01
-5.524203181266784668e-01
1.689903259277343750e+00
1.186843514442443848e+00
6.203321218490600586e-01
-1.258853435516357422e+00
2.535033822059631348e-01
4.222462698817253113e-02
1.314687371253967285e+00
2.599547386169433594e+00
7.083461619913578033e-03
-1.464701956138014793e-03
7.369946837425231934e-01
-2.321727722883224487e-01
6.812173128128051758e-01
4.383288323879241943e-01
-1.053503602743148804e-01
-2.515098750591278076e-01
8.492365479469299316e-01
-7.610812783241271973e-01
-1.061394453048706055e+00
-4.468140304088592529e-01
-1.131452322006225586e+00
-4.696142300963401794e-02
-1.520708501338958740e-01
-1.516634345054626465e+00
1.556005716323852539e+00
3.695877790451049805e-01
1.228755950927734375e+00
1.951135396957397461e-01
9.998565316200256348e-01
-1.134909749031066895e+00
-1.045490860939025879e+00
1.468356419354677200e-02
1.174784779548645020e+00
-3.159722983837127686e-01
-1.071300506591796875e+00
2.110884189605712891e-01
1.593433767557144165e-01
-4.170183837413787842e-02
6.828811764717102051e-01
-6.675089597702026367e-01
-1.971488296985626221e-01
-8.306200504302978516e-01
1.239246487617492676e+00
1.184791326522827148e+00
-1.086420536041259766e+00
-4.176528155803680420e-01
-3.914174810051918030e-02
7.345720529556274414e-01
-1.278297781944274902e+00
-1.563639998435974121e+00
1.850376963615417480e+00
-3.763794600963592529e-01
5.802701711654663086e-01
-5.827162861824035645e-01
3.528229296207427979e-01
3.466726243495941162e-01
2.589496374130249023e-01
-4.307228624820709229e-01
5.394111275672912598e-01
7.165743410587310791e-02
6.187704205513000488e-01
5.398908257484436035e-01
6.043167114257812500e-01
-5.838513374328613281e-01
7.808532118797302246e-01
8.727463483810424805e-01
-3.365312144160270691e-02
2.649098932743072510e-01
1.067087054252624512e+00
-1.685025095939636230e+00
-4.643781483173370361e-01
-6.029825210571289062e-01
-6.427035480737686157e-02
-7.342849969863891602e-01
3.310008719563484192e-02
8.242152929306030273e-01
-1.368849635124206543e+00
-8.948918581008911133e-01
3.251259028911590576e-01
1.482235312461853027e+00
-1.971969962120056152e+00
1.038094162940979004e+00
-3.575409054756164551e-01
1.457774192094802856e-01
6.521666646003723145e-01
-3.348067700862884521e-01
-7.993465662002563477e-01
-1.794932335615158081e-01
4.256735146045684814e-01
-6.823874115943908691e-01
-1.660352945327758789e+00
2.117924451828002930e+00
-1.067168235778808594e+00
7.401869893074035645e-01
4.726350605487823486e-01
-1.306451678276062012e+00
-2.403797805309295654e-01
-1.446867108345031738e+00
4.412975013256072998e-01
-9.248648881912231445e-01
-3.989525437355041504e-01
5.539582967758178711e-01
4.138227105140686035e-01
-5.147622823715209961e-01
1.530393958091735840e+00
1.046877130866050720e-01
-4.852776527404785156e-01
-1.604935526847839355e+00
-2.808403670787811279e-01
-1.367748141288757324e+00
-9.423732161521911621e-01
3.687745928764343262e-01
-2.635064423084259033e-01
8.789971470832824707e-03
-1.172842979431152344e+00
4.076986908912658691e-01
-5.872984528541564941e-01
-1.340365052223205566e+00
-8.574665784835815430e-01
6.590847969055175781e-01
-1.357383847236633301e+00
-8.321061730384826660e-01
1.428055882453918457e+00
-3.022516965866088867e-01
-7.763919830322265625e-01
1.123732209205627441e+00
-1.712189018726348877e-01
-3.359827995300292969e-01
6.388192176818847656e-01
4.470812529325485229e-02
2.618299722671508789e-01
1.190335273742675781e+00
-9.334503412246704102e-01
-1.025641679763793945e+00
-1.829827576875686646e-01
-3.811274468898773193e-01
5.879983305931091309e-01
-1.259415626525878906e+00
-9.121195971965789795e-02
9.352673292160034180e-01
6.517498493194580078e-01
8.038532137870788574e-01
4.699909389019012451e-01
1.529378771781921387e+00
7.919206023216247559e-01
-1.256640434265136719e+00
1.230958938598632812e+00
2.017884254455566406e-01
-2.200711250305175781e+00
1.977325826883316040e-01
1.273104548454284668e+00
1.895053029060363770e+00
-1.253557562828063965e+00
-9.162625074386596680e-01
-3.085554838180541992e-01
-5.651296377182006836e-01
1.449167370796203613e+00
5.645375251770019531e-01
1.302233219146728516e+00
1.483634591102600098e+00
2.669129610061645508e+00
-3.198636770248413086e+00
-1.412629246711730957e+00
-2.190148979425430298e-01
2.620674967765808105e-01
5.714639425277709961e-01
4.708124995231628418e-01
1.873701438307762146e-02
-1.084091186523437500e+00
-4.352487623691558838e-01
-6.662599742412567139e-03
-2.256748080253601074e-01
9.365856051445007324e-01
3.253290355205535889e-01
5.082634687423706055e-01
-4.625408053398132324e-01
-5.126287341117858887e-01
8.517124652862548828e-01
7.548440992832183838e-02
1.488781809806823730e+00
1.530090451240539551e+00
4.786593019962310791e-01
1.643791198730468750e+00
5.202799290418624878e-02
2.083258628845214844e-01
-1.325939744710922241e-01
1.532192945480346680e+00
1.498879790306091309e+00
1.034188032150268555e+00
-7.668719291687011719e-01
1.108311891555786133e+00
-1.511882424354553223e+00
1.683792471885681152e+00
-6.297544836997985840e-01
1.691271305084228516e+00
9.671055078506469727e-01
-2.467820405960083008e+00
-3.496831357479095459e-01
-4.818378686904907227e-01
-2.104274988174438477e+00
2.138912677764892578e-01
-3.980040252208709717e-01
6.666697859764099121e-01
5.486783385276794434e-01
9.567477554082870483e-02
1.513056516647338867e+00
-1.799533486366271973e+00
-7.453252077102661133e-01
-7.623640298843383789e-01
-1.208774447441101074e+00
4.291601479053497314e-01
-7.701835036277770996e-01
1.672849178314208984e+00
1.038267135620117188e+00
2.958028793334960938e+00
5.569455027580261230e-01
-1.340801239013671875e+00
-9.117183685302734375e-01
-1.459556967020034790e-01
-1.638470768928527832e+00
2.911141157150268555e+00
1.632333159446716309e+00
7.074369490146636963e-02
-1.440967082977294922e+00
-1.244760751724243164e-01
2.669910788536071777e-01
-6.209564805030822754e-01
-8.394517302513122559e-01
-5.187333226203918457e-01
1.535890460014343262e+00
6.884452700614929199e-01
1.267710566520690918e+00
-1.170013546943664551e+00
-8.669359683990478516e-01
1.273520737886428833e-01
-5.495017528533935547e+00
3.648369908332824707e-01
1.304288625717163086e+00
6.364922523498535156e-01
2.206738948822021484e+00
-9.318341314792633057e-02
-1.632751584053039551e+00
-8.152107000350952148e-01
4.219486564397811890e-02
-3.992709815502166748e-01
4.141423106193542480e-01
1.708309650421142578e-01
-7.130088210105895996e-01
-1.308022439479827881e-01
-2.930217422544956207e-02
7.524658441543579102e-01
1.425253510475158691e+00
8.584351539611816406e-01
5.139443397521972656e+00
-4.999458417296409607e-02
-3.029668092727661133e+00
1.569289326667785645e+00
1.613374203443527222e-01
2.414322644472122192e-01
-5.154851675033569336e-01
5.193547606468200684e-01
1.188386753201484680e-01
8.090265393257141113e-01
-9.867740869522094727e-01
8.955068588256835938e-01
-1.138538002967834473e+00
-6.192036271095275879e-01
-1.593033790588378906e+00
1.376318216323852539e+00
1.872298598289489746e+00
1.280550360679626465e+00
1.504870772361755371e+00
-1.124882698059082031e+00
-1.031060099601745605e+00
-9.725393652915954590e-01
1.094029068946838379e+00
-5.638504624366760254e-01
-6.916603446006774902e-01
-1.934988260269165039e+00
-1.000161409378051758e+00
-1.576745867729187012e+00
1.182999134063720703e+00
1.492811918258666992e+00
-6.785421073436737061e-02
-2.109367102384567261e-01
9.536938071250915527e-01
1.201503872871398926e+00
1.637451797723770142e-01
-3.545775175094604492e+00
1.783956587314605713e-01
1.132960200309753418e+00
1.572114706039428711e+00
-2.074557095766067505e-01
1.930046826601028442e-01
-1.306056976318359375e-01
2.967708278447389603e-04
1.788472533226013184e+00
1.248104453086853027e+00
-7.748358845710754395e-01
5.174214839935302734e-01
7.328268289566040039e-01
-2.126419544219970703e+00
1.025842308998107910e+00
-3.546770334243774414e+00
-1.545387268066406250e+00
-1.178751111030578613e+00
2.947904169559478760e-01
2.946940362453460693e-01
3.091988265514373779e-01
-1.276906609535217285e+00
3.529230952262878418e-01
-2.624264717102050781e+00
-4.652734100818634033e-01
-1.823691844940185547e+00
4.975211918354034424e-01
