2.334169000387191772e-01
4.004206061363220215e-01
3.907721042633056641e-01
-1.004398226737976074e+00
-1.128126502037048340e+00
-1.414326671510934830e-02
-9.911276698112487793e-01
-3.846931457519531250e-01
-4.274614453315734863e-01
5.553633570671081543e-01
6.905663013458251953e-01
8.404519408941268921e-02
-6.851834058761596680e-01
-6.532889604568481445e-01
-5.479280352592468262e-01
-1.536147594451904297e-01
-1.263807773590087891e+00
-5.494601726531982422e-01
-2.142153829336166382e-01
-7.629570364952087402e-01
5.298368632793426514e-02
-7.146663069725036621e-01
7.875166833400726318e-02
2.936829924583435059e-01
9.421467781066894531e-01
-1.540909528732299805e+00
-5.578596591949462891e-01
7.406944781541824341e-02
-2.455217599868774414e+00
-1.425148993730545044e-01
4.906629621982574463e-01
1.175182223320007324e+00
-5.507370233535766602e-01
4.239032864570617676e-01
-6.726664304733276367e-01
-9.806864857673645020e-01
5.687974095344543457e-01
-3.439045976847410202e-03
-1.116227079182863235e-02
1.097932234406471252e-01
-9.471353292465209961e-01
-1.459138512611389160e+00
4.067754745483398438e-01
8.720572590827941895e-01
-3.699213266372680664e-01
1.570645451545715332e+00
3.268724679946899414e-01
9.383101761341094971e-02
-4.436495602130889893e-01
-7.607558369636535645e-02
4.134474396705627441e-01
-6.983835101127624512e-01
-3.425436615943908691e-01
-2.783615887165069580e-01
3.723105788230895996e-01
-6.137783527374267578e-01
7.166296243667602539e-01
5.911991000175476074e-01
1.581297218799591064e-01
1.699849963188171387e-01
1.959260553121566772e-01
6.586986035108566284e-02
3.474027812480926514e-01
7.740871608257293701e-02
-2.267704159021377563e-01
-4.981885850429534912e-01
-1.589050143957138062e-01
-8.550639152526855469e-01
4.455405473709106445e-01
-5.352430045604705811e-02
4.371957778930664062e-01
2.968007624149322510e-01
-9.069485068321228027e-01
-2.722302973270416260e-01
2.287469953298568726e-01
1.733887791633605957e-01
-3.708874285221099854e-01
4.312183260917663574e-01
8.815420269966125488e-01
7.834149003028869629e-01
-1.064847335219383240e-01
-9.463821649551391602e-01
-7.908969521522521973e-01
-1.187805414199829102e+00
-8.432667255401611328e-01
7.841560840606689453e-01
3.684362769126892090e-01
-5.087634325027465820e-01
-3.998563885688781738e-01
2.053007036447525024e-01
-1.357175350189208984e+00
-5.422561168670654297e-01
-7.240420579910278320e-01
3.996590375900268555e-01
4.281933978199958801e-02
-4.389317631721496582e-01
7.762325406074523926e-01
7.020636200904846191e-01
1.542545557022094727e-01
-2.541890740394592285e-01
-1.379617769271135330e-02
-3.291513621807098389e-01
-2.806668281555175781e-01
-5.498074293136596680e-01
-1.434427022933959961e+00
-2.538187205791473389e-01
-2.495773881673812866e-01
9.763283729553222656e-01
4.552518427371978760e-01
-4.083593487739562988e-01
3.993080854415893555e-01
-3.241766393184661865e-01
-6.861796379089355469e-01
-1.111810564994812012e+00
3.736708164215087891e-01
-1.087630242109298706e-01
7.100449204444885254e-01
-1.731991887092590332e+00
1.037982940673828125e+00
-2.042262256145477295e-01
-3.750732243061065674e-01
5.124135613441467285e-01
-2.252673387527465820e+00
4.895330071449279785e-01
5.998754501342773438e-01
1.111046195030212402e+00
5.696402788162231445e-01
1.257636308670043945e+00
-1.345577836036682129e+00
-1.069879651069641113e+00
6.760621666908264160e-01
-8.188080191612243652e-01
-1.522987633943557739e-01
-6.763921976089477539e-01
7.611528784036636353e-02
-1.812345236539840698e-01
7.407214045524597168e-01
-1.348740905523300171e-01
-5.441620349884033203e-01
8.218387961387634277e-01
4.968206584453582764e-01
-1.214090213179588318e-01
1.030378580093383789e+00
3.283519744873046875e-01
7.951636314392089844e-01
7.628744002431631088e-03
-2.524131536483764648e-01
-1.269809126853942871e+00
-9.518475532531738281e-01
1.559182256460189819e-01
2.522428333759307861e-01
8.280758857727050781e-01
6.340029239654541016e-01
-5.329924225807189941e-01
9.496871232986450195e-01
4.544455707073211670e-01
-1.488905906677246094e+00
1.470655083656311035e+00
6.338265258818864822e-03
9.993085265159606934e-01
8.504291772842407227e-01
-6.211521029472351074e-01
-2.315692690899595618e-04
1.233550235629081726e-01
3.091992735862731934e-01
-2.937839329242706299e-01
-1.032746553421020508e+00
-1.352563798427581787e-01
5.366175994277000427e-02
1.251188993453979492e+00
-1.285751938819885254e+00
-1.827242136001586914e+00
-1.276314616203308105e+00
1.269662618637084961e+00
-9.594680070877075195e-01
1.831524521112442017e-01
6.490050554275512695e-01
2.034674137830734253e-01
-3.960501551628112793e-01
7.659589052200317383e-01
-7.225462198257446289e-01
4.038296639919281006e-01
2.753872796893119812e-02
9.777172803878784180e-01
-6.860056519508361816e-01
-5.739059448242187500e-01
-9.290298223495483398e-01
-1.279683828353881836e+00
1.017620563507080078e+00
-4.867827147245407104e-02
-4.209150373935699463e-01
-1.105792760848999023e+00
6.534066200256347656e-01
-3.490794822573661804e-02
-1.222713068127632141e-01
-7.088927924633026123e-02
-6.835552453994750977e-01
6.367853879928588867e-01
-1.243190690875053406e-01
-1.182156443595886230e+00
1.416375786066055298e-01
1.246723175048828125e+00
1.145457625389099121e+00
-1.224074721336364746e+00
-2.913117408752441406e-02
1.594613194465637207e-01
-1.287087500095367432e-01
-5.719677805900573730e-01
1.137216210365295410e+00
-1.873284459114074707e+00
-5.961322784423828125e-01
4.572652280330657959e-01
9.281265735626220703e-01
-2.887358367443084717e-01
5.670017004013061523e-01
1.140442252159118652e+00
-1.248930096626281738e-01
-1.049861073493957520e+00
-1.523286253213882446e-01
-9.533236920833587646e-02
1.919583678245544434e-01
5.896378159523010254e-01
4.322259724140167236e-01
4.374981820583343506e-01
2.175610214471817017e-01
-5.654694139957427979e-02
-1.225643791258335114e-02
-4.079665541648864746e-01
-4.929538667201995850e-01
-1.564691901206970215e+00
5.247321724891662598e-01
-4.151782989501953125e-01
4.022919833660125732e-01
-1.781311482191085815e-01
3.278760313987731934e-01
5.814678072929382324e-01
-9.079845249652862549e-02
-9.616166949272155762e-01
2.957624197006225586e-01
-7.915775775909423828e-01
8.673065304756164551e-01
-4.237925708293914795e-01
-8.870005607604980469e-01
2.890830338001251221e-01
-6.173766255378723145e-01
6.371558308601379395e-01
2.492966651916503906e-01
1.156917929649353027e+00
1.247745752334594727e+00
5.426904559135437012e-01
4.328538179397583008e-01
3.774215877056121826e-01
-8.919922113418579102e-01
-5.371747612953186035e-01
3.851673603057861328e-01
7.564982175827026367e-01
-2.948919832706451416e-01
-2.209531813859939575e-01
-7.590308040380477905e-02
-1.955024749040603638e-01
-2.095577269792556763e-01
7.874709963798522949e-01
-3.734049201011657715e-01
-6.046970486640930176e-01
-1.606180906295776367e+00
6.540063023567199707e-01
-4.444366991519927979e-01
-2.768012285232543945e-01
3.427581787109375000e+00
-6.724295020103454590e-01
9.064535498619079590e-01
8.035568594932556152e-01
-2.461660057306289673e-01
5.122655034065246582e-01
-6.291638612747192383e-01
3.357893228530883789e-01
3.412702977657318115e-01
-3.654833883047103882e-02
1.619308888912200928e-01
-1.075924992561340332e+00
-7.289365530014038086e-01
-1.559805870056152344e-01
1.548636406660079956e-01
9.610404074192047119e-02
9.907199144363403320e-01
-7.646435499191284180e-01
9.443544596433639526e-02
-5.933886766433715820e-01
2.432857155799865723e-01
-3.994253873825073242e-01
-1.054016709327697754e+00
4.374254941940307617e-01
2.176028192043304443e-01
-3.779579699039459229e-01
7.039130926132202148e-01
-3.204293847084045410e-01
1.535201191902160645e+00
1.497326135635375977e+00
4.176530838012695312e-01
-1.393824458122253418e+00
1.719067692756652832e-01
-6.622002124786376953e-01
6.427060365676879883e-01
8.850096464157104492e-01
-4.433180093765258789e-01
8.428921699523925781e-01
-5.485968664288520813e-03
-7.973684072494506836e-01
4.131494462490081787e-01
-1.696471124887466431e-01
-3.515847325325012207e-01
2.991604991257190704e-02
-4.697174727916717529e-01
9.248189926147460938e-01
-9.046710133552551270e-01
8.908281922340393066e-01
1.236101388931274414e+00
2.262848019599914551e-01
7.105826139450073242e-01
-7.602919936180114746e-01
-1.048945903778076172e+00
-5.443177223205566406e-01
1.157440066337585449e+00
-7.434173226356506348e-01
-1.020119667053222656e+00
8.910671621561050415e-02
3.982234299182891846e-01
-5.338571667671203613e-01
9.831624478101730347e-02
6.599332690238952637e-01
2.071414291858673096e-01
3.495726585388183594e-01
8.129302859306335449e-01
5.859006643295288086e-01
4.347905218601226807e-01
-1.995479911565780640e-01
2.952088229358196259e-02
-1.383712142705917358e-01
1.039989829063415527e+00
-6.020905375480651855e-01
2.904978096485137939e-01
-1.778370976448059082e+00
-2.006805315613746643e-02
-5.861426889896392822e-02
-1.225210905075073242e+00
-8.612248301506042480e-01
-1.100585699081420898e+00
8.942452669143676758e-01
5.722150802612304688e-01
-1.193080186843872070e+00
-5.074626207351684570e-01
5.653082132339477539e-01
8.513827323913574219e-01
2.608249187469482422e-01
-8.381524682044982910e-02
-1.420454144477844238e+00
-5.514550209045410156e-01
-3.377975225448608398e-01
-1.951312422752380371e-01
-2.643472850322723389e-01
2.781277298927307129e-01
-1.005783915519714355e+00
4.032689034938812256e-01
-4.846032857894897461e-01
5.213786363601684570e-01
-6.817101240158081055e-01
1.511796116828918457e+00
2.096720486879348755e-01
-1.364540541544556618e-03
5.586193203926086426e-01
8.405882120132446289e-01
3.935715854167938232e-01
-5.804870724678039551e-01
2.089019060134887695e+00
-2.491218447685241699e-01
8.211010694503784180e-01
-5.177155137062072754e-01
3.685425221920013428e-02
-1.386143546551465988e-02
7.666664123535156250e-01
4.474435448646545410e-01
-1.482736617326736450e-01
1.204813718795776367e+00
4.173281788825988770e-01
-8.724250793457031250e-01
1.088729500770568848e+00
5.961216688156127930e-01
-3.484342694282531738e-01
1.321353435516357422e+00
5.325585603713989258e-02
2.872735023498535156e+00
5.374084115028381348e-01
6.443214416503906250e-01
-7.511723041534423828e-01
9.574897885322570801e-01
4.199428483843803406e-02
-1.609068274497985840e+00
-6.320333480834960938e-01
-1.547413617372512817e-01
1.403169184923171997e-01
4.324443340301513672e-01
-1.268364787101745605e+00
-4.007656276226043701e-01
-1.673736721277236938e-01
2.993719279766082764e-01
8.091995120048522949e-01
2.046209573745727539e-01
3.008711636066436768e-01
3.048669099807739258e-01
-3.325884640216827393e-01
1.686164587736129761e-01
-9.078508019447326660e-01
-5.385208129882812500e-01
1.211936026811599731e-01
1.320065498352050781e+00
1.826008558273315430e+00
-4.203400611877441406e-01
-2.967633306980133057e-01
2.149889618158340454e-01
8.885589838027954102e-01
-1.974129319190979004e+00
-1.010312080383300781e+00
-1.770181059837341309e-01
-9.687843918800354004e-02
-1.181948557496070862e-01
2.558404803276062012e-01
6.793334335088729858e-02
6.990227103233337402e-01
-5.881602764129638672e-01
-2.673924565315246582e-01
-4.087189435958862305e-01
7.075262069702148438e-02
8.146386593580245972e-02
-8.895357847213745117e-01
-5.062358379364013672e-01
5.184648633003234863e-01
1.044861078262329102e+00
2.719466984272003174e-01
3.160965740680694580e-01
-8.593920618295669556e-02
7.432043552398681641e-01
5.099499225616455078e-01
-9.231585860252380371e-01
-7.598761320114135742e-01
-8.814077973365783691e-01
-1.570790290832519531e+00
-1.238725662231445312e+00
4.325746893882751465e-01
-7.446688413619995117e-01
5.336923599243164062e-01
2.325006276369094849e-01
-1.913400143384933472e-01
7.924951314926147461e-01
-5.635309219360351562e-01
-8.748768568038940430e-01
-7.704815268516540527e-01
1.993120014667510986e-01
-1.160128593444824219e+00
4.796168804168701172e-01
1.651096493005752563e-01
3.634142875671386719e-01
8.617048859596252441e-01
-2.600855231285095215e-01
-9.080141186714172363e-01
5.102411843836307526e-03
-8.506481647491455078e-01
5.690522193908691406e-01
7.278695702552795410e-01
-1.535795450210571289e+00
3.252496421337127686e-01
-1.900069415569305420e-01
-6.767117977142333984e-01
-9.726275205612182617e-01
-2.433946877717971802e-01
-1.170290708541870117e-01
1.023775100708007812e+00
1.031533837318420410e+00
-5.958952307701110840e-01
-1.078919172286987305e+00
1.068984150886535645e+00
6.635763049125671387e-01
-1.104884594678878784e-01
-5.488707423210144043e-01
5.547083020210266113e-01
5.031349658966064453e-01
2.304076552391052246e-01
5.518733859062194824e-01
-9.371909499168395996e-01
6.806361079216003418e-01
-6.159245967864990234e-03
-1.063134312629699707e+00
2.246321141719818115e-01
-6.142649650573730469e-01
9.918739795684814453e-01
-1.193896055221557617e+00
5.223849415779113770e-01
-1.206140518188476562e+00
-1.672669410705566406e+00
2.153112590312957764e-01
2.005250602960586548e-01
2.346271425485610962e-01
-1.808325946331024170e-01
-2.919017076492309570e-01
2.292868047952651978e-01
-1.557063341140747070e+00
-1.795911639928817749e-01
-1.441294550895690918e-01
4.651905000209808350e-01
7.575322985649108887e-01
6.894550919532775879e-01
2.670112848281860352e-01
-1.247056871652603149e-01
1.345701932907104492e+00
8.423466682434082031e-01
1.000512480735778809e+00
1.156450390815734863e+00
-1.044532537460327148e+00
-1.652270197868347168e+00
8.944892287254333496e-01
-5.729682445526123047e-01
-5.277196168899536133e-01
3.232477903366088867e-01
-1.128090143203735352e+00
-5.573518276214599609e-01
6.345060467720031738e-01
5.780092477798461914e-01
-1.852123737335205078e+00
-2.494101971387863159e-01
-6.840250492095947266e-01
-1.319317817687988281e+00
-4.318094253540039062e-01
2.367980241775512695e+00
1.328484177589416504e+00
-8.233065605163574219e-01
2.922430336475372314e-01
-5.367533564567565918e-01
1.030509948730468750e+00
5.647957921028137207e-01
-1.197064891457557678e-01
-5.457279682159423828e-01
5.015930533409118652e-01
1.629956722259521484e+00
-7.660338878631591797e-01
6.372892856597900391e-01
3.484521806240081787e-01
-3.087711036205291748e-01
1.890244036912918091e-01
1.593155741691589355e+00
2.448028177022933960e-01
3.359151780605316162e-01
1.190045997500419617e-01
8.897027000784873962e-03
-4.117603302001953125e-01
-4.490268975496292114e-02
1.505358576774597168e+00
4.810367524623870850e-01
2.719416320323944092e-01
9.327536821365356445e-01
-8.769450783729553223e-01
3.706699609756469727e-01
3.719353675842285156e-01
-1.406673192977905273e+00
-1.766205549240112305e+00
-1.842943876981735229e-01
6.018368005752563477e-01
8.745929598808288574e-01
-2.739317715167999268e-01
1.258628606796264648e+00
1.083988070487976074e+00
-7.496234029531478882e-02
5.772225260734558105e-01
9.752667546272277832e-01
2.428005486726760864e-01
-5.911611914634704590e-01
-1.080412231385707855e-02
-3.220181465148925781e-01
-2.379382997751235962e-01
-1.222593307495117188e+00
-4.134674370288848877e-01
1.172721013426780701e-01
-7.355486974120140076e-03
9.252616763114929199e-01
4.480099976062774658e-01
-3.594855964183807373e-01
-2.304328829050064087e-01
-9.929491877555847168e-01
-2.283474922180175781e+00
-1.147795200347900391e+00
-1.483767151832580566e+00
5.438767075538635254e-01
-4.447464942932128906e-01
-5.902958512306213379e-01
2.420835196971893311e-01
4.390220642089843750e-01
-3.086890578269958496e-01
1.284992575645446777e+00
7.082290649414062500e-01
7.004818916320800781e-01
7.534413337707519531e-01
-2.228530049324035645e-01
5.344082713127136230e-01
-8.868340849876403809e-01
7.516130208969116211e-01
8.646337389945983887e-01
9.091813862323760986e-02
-5.504398345947265625e-01
1.772677153348922729e-01
-8.481224179267883301e-01
-5.168974995613098145e-01
3.654637932777404785e-01
-3.344184756278991699e-01
-7.503286749124526978e-02
-1.134589314460754395e+00
-4.540583193302154541e-01
-4.013691246509552002e-01
-1.082305788993835449e+00
-5.924184322357177734e-01
-5.196700692176818848e-01
7.129485607147216797e-01
5.308418273925781250e-01
2.206999063491821289e-01
1.486024856567382812e-01
-8.943642377853393555e-01
1.132887482643127441e+00
-9.232789278030395508e-02
5.595965385437011719e-01
-1.638321280479431152e-01
8.516204357147216797e-01
1.121253371238708496e+00
-8.360264897346496582e-01
7.260961532592773438e-01
-1.990763843059539795e-01
-1.336414337158203125e+00
-3.080121576786041260e-01
9.710549116134643555e-01
-5.714187622070312500e-01
-6.052604913711547852e-01
-2.062578201293945312e-01
-4.606806635856628418e-01
5.981308221817016602e-01
1.535170793533325195e+00
-6.220573931932449341e-02
-1.619503140449523926e+00
5.425094962120056152e-01
2.221120521426200867e-02
3.071507513523101807e-01
-1.121884584426879883e+00
8.921046853065490723e-01
2.057099938392639160e-01
3.948788344860076904e-01
-3.635722398757934570e-01
9.152407050132751465e-01
-5.631840229034423828e-01
-8.450649976730346680e-01
-9.958427548408508301e-01
5.734299421310424805e-01
-2.974538207054138184e-01
-5.358786582946777344e-01
1.206651329994201660e+00
-3.078362643718719482e-01
-9.116122126579284668e-01
-3.242211639881134033e-01
1.901141107082366943e-01
-2.696320116519927979e-01
-3.589758276939392090e-01
6.455869674682617188e-01
5.397730469703674316e-01
6.495619416236877441e-01
-2.014329731464385986e-01
-4.797286093235015869e-01
-7.912446260452270508e-01
-4.238224029541015625e-01
-6.112509220838546753e-02
1.585660874843597412e-01
1.504910469055175781e+00
3.733620941638946533e-01
-4.687930345535278320e-01
-1.653598666191101074e+00
3.827017247676849365e-01
-2.192077189683914185e-01
-1.926746815443038940e-01
2.166969329118728638e-01
-2.979415059089660645e-01
-5.552977919578552246e-01
-1.958185076713562012e+00
-7.194349169731140137e-01
-5.042425990104675293e-01
5.543195456266403198e-02
-3.530748605728149414e+00
-1.044616177678108215e-01
7.028401643037796021e-02
7.717279344797134399e-02
5.625085830688476562e-01
6.771060824394226074e-02
-5.225822925567626953e-01
1.021672606468200684e+00
5.161606073379516602e-01
-7.852281332015991211e-01
8.016873598098754883e-01
1.409518599510192871e+00
9.319579005241394043e-01
-1.359284758567810059e+00
3.480933308601379395e-01
1.325841546058654785e-01
9.826354384422302246e-01
-9.995932877063751221e-02
2.711555957794189453e+00
-7.107362747192382812e-01
-2.243479490280151367e+00
5.875679254531860352e-01
1.546267122030258179e-01
-6.585984677076339722e-02
-1.107914447784423828e-01
-2.165721654891967773e+00
-1.755632609128952026e-01
4.862534999847412109e-01
-6.436922401189804077e-02
-9.623501300811767578e-01
8.337149620056152344e-01
1.993210762739181519e-01
-1.191928982734680176e+00
-3.836853206157684326e-01
-2.516730427742004395e-01
4.010156095027923584e-01
3.917833864688873291e-01
-1.109331011772155762e+00
-4.940973520278930664e-01
-6.658977866172790527e-01
1.178538680076599121e+00
-6.541548967361450195e-01
-3.043183684349060059e-01
-1.633321642875671387e+00
-4.183156490325927734e-01
5.529657602310180664e-01
1.048598885536193848e+00
2.790042897686362267e-03
-3.934416472911834717e-01
7.952691316604614258e-01
7.441437244415283203e-01
4.020200967788696289e-01
6.019115820527076721e-02
-1.903887838125228882e-01
4.208753705024719238e-01
7.604590058326721191e-01
2.545222938060760498e-01
-1.863293796777725220e-01
-5.242881178855895996e-01
-7.383315563201904297e-01
6.773163080215454102e-01
1.779258018359541893e-03
7.934170365333557129e-01
3.692100569605827332e-02
-4.427219927310943604e-01
-3.359085619449615479e-01
-1.181020736694335938e+00
9.450436234474182129e-01
-1.428894519805908203e+00
-8.249733448028564453e-01
-4.361330866813659668e-01
5.759349837899208069e-02
5.916192531585693359e-01
2.636528015136718750e-01
3.842204511165618896e-01
7.700932621955871582e-01
-1.964681223034858704e-02
-4.426081180572509766e-01
-1.794244527816772461e+00
4.553745314478874207e-02
