1.640936732292175293e+00
-1.501415729522705078e+00
6.080113649368286133e-01
-5.940747261047363281e-01
1.614306688308715820e+00
-1.085368871688842773e+00
5.425922870635986328e-01
-1.070199385285377502e-01
-1.102742791175842285e+00
-1.563253283500671387e+00
1.497767329216003418e+00
6.362603306770324707e-01
4.365530610084533691e-01
-1.677963137626647949e-01
-1.435820907354354858e-01
-2.715436697006225586e+00
1.090495586395263672e+00
-9.111779928207397461e-01
-2.086067914962768555e+00
-1.030845880508422852e+00
4.376786053180694580e-01
-1.733471006155014038e-01
-4.956038594245910645e-01
-1.831858277320861816e+00
-5.495064854621887207e-01
-7.611546516418457031e-01
-6.892009377479553223e-01
6.441581845283508301e-01
-1.523218154907226562e+00
3.982889056205749512e-01
7.245368361473083496e-01
1.492349803447723389e-01
-4.246930181980133057e-01
-6.579867601394653320e-01
-2.115398198366165161e-01
-7.631757855415344238e-02
-1.675849080085754395e+00
-2.659089803695678711e+00
5.240830127149820328e-03
3.918181955814361572e-01
-9.678497314453125000e-01
-1.859928220510482788e-01
-7.036818861961364746e-01
-1.827253699302673340e-01
2.161347307264804840e-02
-1.498512387275695801e+00
-1.236392974853515625e+00
-3.573259413242340088e-01
-5.226449370384216309e-01
-7.052694261074066162e-02
2.175665274262428284e-02
-1.555695772171020508e+00
5.382245182991027832e-01
8.493304252624511719e-01
7.843827605247497559e-01
-9.634189009666442871e-01
5.554830431938171387e-01
-7.182404398918151855e-01
-2.143204063177108765e-01
8.836587667465209961e-01
2.534529209136962891e+00
1.280757427215576172e+00
2.189189195632934570e+00
1.435402750968933105e+00
-6.083708405494689941e-01
-7.307775616645812988e-01
4.204267859458923340e-01
-1.009318232536315918e+00
1.532228946685791016e+00
7.949267029762268066e-01
-2.973721325397491455e-01
-3.258664906024932861e-01
-8.128625750541687012e-01
-1.950893044471740723e+00
2.157151699066162109e+00
1.527809798717498779e-01
3.770695328712463379e-01
4.376465976238250732e-01
-4.821114540100097656e-01
8.763983249664306641e-01
2.356954514980316162e-01
-1.143959879875183105e+00
-1.179819479584693909e-01
-7.588491439819335938e-01
-1.312769174575805664e+00
7.901582121849060059e-01
4.390388131141662598e-01
-2.071707993745803833e-01
6.257483363151550293e-01
-7.604001760482788086e-01
9.909636378288269043e-01
-1.057910442352294922e+00
-3.949040472507476807e-01
7.224316596984863281e-01
3.202194571495056152e-01
1.270583868026733398e+00
1.052206829190254211e-01
-2.709021568298339844e-01
1.972758531570434570e+00
1.262665629386901855e+00
-3.764205425977706909e-02
-9.866816401481628418e-01
2.373802810907363892e-01
-4.527235329151153564e-01
5.782006382942199707e-01
5.854554176330566406e-01
-5.826804637908935547e-01
-4.083366096019744873e-01
1.034892871975898743e-01
-1.260118126869201660e+00
-4.460112750530242920e-02
4.584837555885314941e-01
-1.348783493041992188e+00
-1.431787967681884766e+00
-2.054325491189956665e-01
4.463925957679748535e-01
-1.324093222618103027e+00
-5.492124557495117188e-01
1.361690998077392578e+00
-5.959134101867675781e-01
-9.995975494384765625e-01
4.480603039264678955e-01
-8.903883099555969238e-01
-6.179204583168029785e-02
6.096425056457519531e-01
1.384768605232238770e+00
1.053938984870910645e+00
2.599804699420928955e-01
-6.002987623214721680e-01
-1.931077241897583008e+00
1.939163208007812500e-01
-1.402387499809265137e+00
2.486721128225326538e-01
-1.308560132980346680e+00
-7.452346086502075195e-01
3.626120686531066895e-01
-3.504745066165924072e-01
1.973505318164825439e-01
-2.449847608804702759e-01
2.882963716983795166e-01
-1.473710536956787109e+00
-8.751518130302429199e-01
-3.581090271472930908e-01
-8.969281315803527832e-01
-9.336459040641784668e-01
5.701886415481567383e-01
-5.895346999168395996e-01
9.206358790397644043e-01
1.386161327362060547e+00
2.270475178956985474e-01
-9.295582771301269531e-01
-2.350998520851135254e-01
-4.483530819416046143e-01
9.976747035980224609e-01
-4.330071210861206055e-01
-1.021238684654235840e+00
-3.799241781234741211e-01
-2.077970653772354126e-01
-3.704678639769554138e-02
3.874348402023315430e-01
7.378330230712890625e-01
-1.044430732727050781e+00
-1.989169120788574219e-01
-1.670608520507812500e+00
3.670062124729156494e-01
-1.013744771480560303e-01
-3.435570597648620605e-01
2.292185306549072266e+00
2.378380775451660156e+00
-3.914568126201629639e-01
-5.785449743270874023e-01
1.015584826469421387e+00
-6.216399073600769043e-01
1.117341399192810059e+00
-1.261367499828338623e-01
6.946045756340026855e-01
-2.468878626823425293e-01
1.929014474153518677e-01
-1.876850605010986328e+00
1.392800450325012207e+00
4.987924098968505859e-01
-1.581795692443847656e+00
-1.773907542228698730e+00
1.475132465362548828e+00
4.697905778884887695e-01
8.451101779937744141e-01
-8.428409099578857422e-01
3.360696434974670410e-01
9.418495893478393555e-01
-8.636295199394226074e-01
-4.713389575481414795e-01
-3.558468222618103027e-01
-7.456469535827636719e-01
-1.054833412170410156e+00
-1.798353314399719238e+00
-1.954979449510574341e-02
-1.328462004661560059e+00
3.209509849548339844e-01
1.392746120691299438e-01
2.537302374839782715e-01
9.652166962623596191e-01
6.605802178382873535e-01
7.949542999267578125e-01
-8.720825314521789551e-01
-2.380174584686756134e-02
-4.741217792034149170e-01
-7.224756479263305664e-01
-5.328893065452575684e-01
1.217517852783203125e+00
3.719641566276550293e-01
4.581681191921234131e-01
-1.601983428001403809e+00
1.817872166633605957e+00
-1.065376639366149902e+00
-1.111128926277160645e+00
1.247032761573791504e+00
-4.791461944580078125e+00
-9.546133279800415039e-01
5.003773570060729980e-01
4.969354271888732910e-01
3.714735805988311768e-02
7.553319931030273438e-01
3.248148858547210693e-01
7.928786873817443848e-01
4.097899794578552246e-01
6.282030791044235229e-02
2.726583480834960938e-01
-5.382719635963439941e-01
-9.118936061859130859e-01
-5.155959129333496094e-01
-1.177762225270271301e-01
1.130573630332946777e+00
2.362407296895980835e-01
2.433417081832885742e+00
1.103147026151418686e-02
1.676058769226074219e+00
1.575751900672912598e+00
-1.220651745796203613e+00
3.289625644683837891e-01
-1.003409743309020996e+00
4.681661427021026611e-01
3.360770046710968018e-01
-8.351918458938598633e-01
-1.182296127080917358e-01
3.831204771995544434e-01
1.415903210639953613e+00
-4.916109442710876465e-01
8.695338964462280273e-01
9.114634394645690918e-01
-6.670553088188171387e-01
1.614227145910263062e-01
7.711604833602905273e-01
-1.064865946769714355e+00
-1.743738412857055664e+00
7.947788834571838379e-01
3.069131076335906982e-02
1.097070872783660889e-01
1.815383791923522949e+00
-3.237050771713256836e-01
1.373389363288879395e+00
-4.420869052410125732e-01
9.594699144363403320e-01
1.450017571449279785e+00
7.485432624816894531e-01
5.782752037048339844e-01
-1.385023593902587891e-01
2.519299268722534180e+00
3.670373260974884033e-01
5.683174133300781250e+00
-9.859122037887573242e-01
-1.785140186548233032e-01
3.980002701282501221e-01
-1.006956025958061218e-01
1.024755477905273438e+00
5.023317933082580566e-01
-1.391658306121826172e+00
6.505924463272094727e-01
-3.350777179002761841e-02
7.388512492179870605e-01
5.920165777206420898e-02
4.870528876781463623e-01
-2.396184653043746948e-01
-2.231279015541076660e-01
-8.087296783924102783e-02
7.578246593475341797e-01
8.647227883338928223e-01
-4.134443998336791992e-01
2.057154178619384766e+00
6.025257110595703125e-01
-1.078823134303092957e-01
-2.384911775588989258e+00
-4.406065046787261963e-01
5.975642800331115723e-01
1.258349418640136719e-01
1.370931982994079590e+00
7.151895761489868164e-01
-8.665673136711120605e-01
-4.021991193294525146e-01
4.899793267250061035e-01
-4.853018820285797119e-01
3.121960461139678955e-01
-1.069030404090881348e+00
-1.674801588058471680e+00
-1.934804469347000122e-01
1.358501076698303223e+00
-2.799657881259918213e-01
-8.114163279533386230e-01
5.725902318954467773e-01
1.434979319572448730e+00
-1.013707593083381653e-01
-2.930573463439941406e+00
-3.019846677780151367e-01
-1.611953258514404297e+00
-3.903578221797943115e-02
-1.057242631912231445e+00
2.161571025848388672e+00
-1.321466267108917236e-01
-2.422987073659896851e-01
1.594062447547912598e+00
6.943371295928955078e-01
-1.149578690528869629e+00
5.331981182098388672e-01
-1.476795196533203125e+00
-2.593921184539794922e+00
-5.574801564216613770e-01
6.597740650177001953e-01
-8.186692595481872559e-01
8.672605752944946289e-01
-3.026046156883239746e-01
1.022620201110839844e+00
-1.543077528476715088e-01
1.067373394966125488e+00
1.270200729370117188e+00
-5.676463842391967773e-01
6.096401214599609375e-01
-1.827648431062698364e-01
1.523185968399047852e-01
-2.108932584524154663e-01
4.827476441860198975e-01
-3.372218608856201172e-01
5.323436856269836426e-01
3.008605241775512695e-01
-1.585604548454284668e-01
1.232214197516441345e-01
-1.505077958106994629e+00
1.731254346668720245e-02
-9.688916802406311035e-01
-4.571105539798736572e-01
-4.007419645786285400e-01
-8.044616580009460449e-01
-5.281803756952285767e-02
-1.147026181221008301e+00
-4.101247712969779968e-02
2.896672248840332031e+00
-3.479672372341156006e-01
-8.098600804805755615e-02
5.242132544517517090e-01
-1.948781967163085938e+00
7.959374189376831055e-01
7.375964522361755371e-01
-7.331266403198242188e-01
-9.834148883819580078e-01
2.888608165085315704e-02
7.692779600620269775e-02
-2.665958642959594727e+00
2.061833381652832031e+00
8.503274321556091309e-01
-1.029155105352401733e-01
-1.306547164916992188e+00
-7.015309929847717285e-01
6.595633029937744141e-01
-2.211312353610992432e-01
-1.039992451667785645e+00
2.315672874450683594e+00
-5.462906360626220703e-01
1.259553879499435425e-01
1.505043450742959976e-02
-1.193611741065979004e+00
-1.306847691535949707e+00
-1.114343523979187012e+00
5.408116579055786133e-01
-1.412713676691055298e-01
-1.872096657752990723e-01
3.132694065570831299e-01
-1.383386254310607910e+00
1.229743003845214844e+00
1.139052510261535645e+00
1.351141780614852905e-01
5.163691043853759766e-01
4.408870041370391846e-01
1.237795233726501465e+00
-5.294661596417427063e-02
7.417562603950500488e-01
-9.990765452384948730e-01
1.596358776092529297e+00
2.694925665855407715e-01
-3.897686898708343506e-01
-1.231731846928596497e-01
-1.905708670616149902e+00
-7.930240035057067871e-01
-1.683759212493896484e+00
-3.074532449245452881e-01
-5.750803947448730469e-01
4.393489286303520203e-02
3.209144771099090576e-01
-6.794993281364440918e-01
-5.381098389625549316e-01
1.439041733741760254e+00
4.664697945117950439e-01
4.623019397258758545e-01
1.034403517842292786e-01
1.732690930366516113e+00
9.113951325416564941e-01
-1.522372961044311523e+00
6.750232577323913574e-01
8.118212819099426270e-01
-4.655614495277404785e-01
-6.337542533874511719e-01
5.031355023384094238e-01
1.090687036514282227e+00
-1.624570131301879883e+00
-7.015360593795776367e-01
-1.614143610000610352e+00
-2.694284021854400635e-01
-1.084918022155761719e+00
1.321001768112182617e+00
-5.841708183288574219e-01
5.672400593757629395e-01
-4.500994086265563965e-01
-4.377555251121520996e-01
4.350747764110565186e-01
5.661373734474182129e-01
1.434312343597412109e+00
-9.111233353614807129e-01
-7.858600020408630371e-01
2.460582405328750610e-01
-1.337710767984390259e-01
1.330105423927307129e+00
1.384636163711547852e-01
2.606480419635772705e-01
1.204732656478881836e+00
-1.645419448614120483e-01
5.847257375717163086e-01
-2.258528769016265869e-02
-3.292512893676757812e-02
-2.620763480663299561e-01
-7.022499442100524902e-01
-7.223788648843765259e-02
1.157466545701026917e-01
7.033547163009643555e-01
-2.262225151062011719e+00
-9.584543853998184204e-02
1.255090713500976562e+00
1.160957336425781250e+00
-6.833715438842773438e-01
-6.971485912799835205e-02
5.654072165489196777e-01
6.080792546272277832e-01
-6.525558885186910629e-03
-2.065352916717529297e+00
3.147094845771789551e-01
5.656812787055969238e-01
-1.746166050434112549e-01
4.222349226474761963e-01
-1.151641488075256348e+00
-1.529265880584716797e+00
2.565599977970123291e-01
-1.107919290661811829e-01
-1.040059208869934082e+00
-8.282844424247741699e-01
6.750560998916625977e-01
-1.876159161329269409e-01
-2.090166211128234863e-01
1.248153328895568848e+00
-5.338459610939025879e-01
1.261532425880432129e+00
5.532361865043640137e-01
-2.356985956430435181e-01
-1.094692707061767578e+00
2.425007522106170654e-02
-2.599582374095916748e-01
2.541691362857818604e-01
4.821678698062896729e-01
7.488126754760742188e-01
5.457440614700317383e-01
4.272722005844116211e-01
-9.544314146041870117e-01
-4.160416424274444580e-01
6.903166770935058594e-01
1.180493608117103577e-01
-1.646889567375183105e+00
2.161445140838623047e+00
-1.319234520196914673e-01
2.015213489532470703e+00
5.323573350906372070e-01
1.641906648874282837e-01
-2.289286375045776367e+00
-2.609698534011840820e+00
-2.433013869449496269e-03
3.937603533267974854e-01
4.006486833095550537e-01
-8.959912061691284180e-01
-1.732115298509597778e-01
-1.072020307183265686e-01
7.773178219795227051e-01
1.137401223182678223e+00
5.442184209823608398e-01
1.067409962415695190e-01
-8.223617076873779297e-01
7.116011809557676315e-03
-2.457339167594909668e-01
-9.925251007080078125e-01
1.223605513572692871e+00
-1.752850651741027832e+00
2.097867280244827271e-01
1.052904248237609863e+00
3.299065530300140381e-01
1.337983965873718262e+00
-7.443473935127258301e-01
-1.111411333084106445e+00
4.971494078636169434e-01
-9.579537510871887207e-01
5.924729108810424805e-01
-3.536261022090911865e-01
4.170708656311035156e-01
-1.820204615592956543e+00
-8.367166519165039062e-01
1.103384196758270264e-01
2.433911710977554321e-01
6.372973322868347168e-01
-6.706143617630004883e-01
7.531516551971435547e-01
-4.647755920886993408e-01
-1.142477035522460938e+00
-1.797072410583496094e+00
-2.348049730062484741e-02
8.580101132392883301e-01
-1.731329798698425293e+00
6.649412959814071655e-02
-8.558324575424194336e-01
1.237683534622192383e+00
1.584960222244262695e-01
-3.065556287765502930e-01
-3.846943080425262451e-01
7.237066626548767090e-01
-4.084561169147491455e-01
1.783690452575683594e+00
5.826735496520996094e-02
-4.543705880641937256e-01
1.016502618789672852e+00
-9.477534294128417969e-01
-1.487586498260498047e+00
-7.473303377628326416e-02
5.740311741828918457e-01
-6.536238193511962891e-01
2.723748385906219482e-01
-8.614396452903747559e-01
8.615030646324157715e-01
5.356539487838745117e-01
7.144299745559692383e-01
1.445994496345520020e+00
1.279212355613708496e+00
1.219561457633972168e+00
-9.605649113655090332e-01
9.474116563796997070e-01
-1.406303763389587402e+00
8.449370265007019043e-01
1.015956640243530273e+00
2.191699266433715820e+00
-4.257400929927825928e-01
-5.171488523483276367e-01
1.290682315826416016e+00
6.240556240081787109e-01
-6.932396292686462402e-01
-8.319744467735290527e-01
-3.201740980148315430e-01
-2.073778390884399414e+00
1.484803080558776855e+00
4.563587903976440430e-01
1.483528494834899902e+00
-3.734461963176727295e-01
1.254547834396362305e+00
-4.216461181640625000e-01
-1.037695527076721191e+00
-6.181226298213005066e-02
-9.658619165420532227e-01
-7.509921789169311523e-01
4.699203968048095703e-01
-1.226843595504760742e+00
-8.897547125816345215e-01
4.411610364913940430e-01
3.649731576442718506e-01
-7.214263677597045898e-01
8.745508193969726562e-01
6.866501569747924805e-01
5.685026049613952637e-01
7.441292405128479004e-01
6.999989748001098633e-01
-3.335328996181488037e-01
1.955232739448547363e+00
-8.976118564605712891e-01
-1.405131697654724121e+00
-1.211653947830200195e+00
-1.400617659091949463e-01
1.640564799308776855e+00
-1.795445442199707031e+00
-1.243427872657775879e+00
-5.248261690139770508e-01
-4.219982922077178955e-01
1.126103624701499939e-01
4.176120162010192871e-01
-1.350191831588745117e+00
-1.689141154289245605e+00
-5.717234015464782715e-01
-1.353198766708374023e+00
2.213928699493408203e+00
-1.103266954421997070e+00
-9.424881935119628906e-01
1.304875135421752930e+00
9.921631217002868652e-01
1.101096868515014648e+00
-5.201596021652221680e-01
-3.982858732342720032e-02
1.594702839851379395e+00
-7.888632416725158691e-01
1.279070228338241577e-01
6.550490260124206543e-01
4.461563527584075928e-01
-8.612246066331863403e-02
-1.511840105056762695e+00
3.788619637489318848e-01
-2.074377685785293579e-01
-1.366165995597839355e+00
9.639138728380203247e-02
7.419512867927551270e-01
1.023505032062530518e-01
2.207694649696350098e-01
2.093985229730606079e-01
-1.935893297195434570e-01
-1.284982204437255859e+00
2.024171113967895508e+00
3.061921894550323486e-01
-1.111373186111450195e+00
1.258477926254272461e+00
-8.730003833770751953e-01
4.311463356018066406e+00
-2.814472466707229614e-02
-3.606715202331542969e-01
-5.280605554580688477e-01
1.381543874740600586e+00
-2.516140341758728027e-01
5.297479033470153809e-01
-5.948755741119384766e-01
-1.244939923286437988e+00
1.722264885902404785e+00
7.380584478378295898e-01
2.426080554723739624e-01
-1.369160652160644531e+00
-2.729435265064239502e-01
7.412227392196655273e-01
8.588585257530212402e-01
-2.914597988128662109e-01
9.671352803707122803e-02
-1.284752845764160156e+00
5.935913324356079102e-01
3.929035961627960205e-01
-1.335850358009338379e+00
-2.214051932096481323e-01
-3.961432576179504395e-01
-4.395529627799987793e-01
3.177521228790283203e-01
7.779532670974731445e-01
1.261949181556701660e+00
5.264834761619567871e-01
5.997366905212402344e-01
7.993792295455932617e-01
-7.596104145050048828e-01
-8.191611766815185547e-01
-1.484256237745285034e-01
-9.013960361480712891e-01
-9.744614958763122559e-01
6.688994169235229492e-01
5.399051308631896973e-01
7.517116069793701172e-01
-1.570513606071472168e+00
3.603496551513671875e-01
-1.555059254169464111e-01
-3.062474429607391357e-01
-5.248285293579101562e+00
-6.412640213966369629e-01
-2.275691747665405273e+00
-1.052171587944030762e+00
-2.849700450897216797e-01
-1.714535206556320190e-01
-9.308577775955200195e-01
1.986271977424621582e+00
-7.020716667175292969e-01
8.100476264953613281e-01
-1.518729090690612793e+00
2.397663295269012451e-01
-5.007733702659606934e-01
6.949167847633361816e-01
-1.529551625251770020e+00
2.058841884136199951e-01
1.186433553695678711e+00
-1.435189008712768555e+00
1.784950375556945801e+00
-1.147698879241943359e+00
-1.963904380798339844e+00
1.963844299316406250e+00
4.719898849725723267e-02
-1.142519786953926086e-01
-3.603244125843048096e-01
-1.112402915954589844e+00
-2.000827074050903320e+00
-1.642225861549377441e+00
1.412324666976928711e+00
2.454899400472640991e-01
1.287295937538146973e+00
-1.138760328292846680e+00
-1.921203732490539551e-01
1.317510247230529785e+00
-4.797416627407073975e-01
-1.389075398445129395e+00
1.177077054977416992e+00
-1.139447093009948730e-01
6.186881661415100098e-01
-2.845408953726291656e-02
6.813827753067016602e-01
2.376386821269989014e-01
1.251054853200912476e-01
-9.480167031288146973e-01
8.198197484016418457e-01
-1.446972042322158813e-01
-1.056910902261734009e-01
9.010642170906066895e-01
8.960240483283996582e-01
3.685002624988555908e-01
5.818985700607299805e-01
-8.289105892181396484e-01
1.703088916838169098e-02
-1.840684711933135986e-01
4.356739819049835205e-01
8.921739459037780762e-01
9.208402037620544434e-01
-1.790605187416076660e+00
-1.021862506866455078e+00
6.138495206832885742e-01
4.530121982097625732e-01
1.538977384567260742e+00
9.306923151016235352e-01
-2.609591372311115265e-02
1.116156697273254395e+00
-1.146556138992309570e+00
-1.275731563568115234e+00
-7.438483089208602905e-02
2.947221696376800537e-01
9.625015258789062500e-01
2.005960494279861450e-01
-4.332204461097717285e-01
-6.578523516654968262e-01
2.604206502437591553e-01
-1.626641035079956055e+00
-4.032003581523895264e-01
-7.572419643402099609e-01
7.551150918006896973e-01
1.089505076408386230e+00
1.447340965270996094e+00
