-8.452849984169006348e-01
4.729229807853698730e-01
-8.385220170021057129e-01
-3.109211325645446777e-01
-1.785930752754211426e+00
-2.425633817911148071e-01
-7.243014574050903320e-01
-1.308468580245971680e-01
-5.630493164062500000e-01
7.068914175033569336e-01
8.747301697731018066e-01
-5.459564328193664551e-01
2.109082221984863281e+00
5.646944642066955566e-01
1.960949301719665527e-01
-1.043411850929260254e+00
-6.663836836814880371e-01
5.238782167434692383e-01
3.405111730098724365e-01
-3.107001781463623047e-01
2.842005491256713867e-01
1.193226218223571777e+00
-2.102642208337783813e-01
1.337244033813476562e+00
-8.421263098716735840e-01
-5.963202100247144699e-03
-8.179181218147277832e-01
-7.827375829219818115e-02
-9.075949192047119141e-01
2.912590093910694122e-02
9.640196561813354492e-01
-7.118049860000610352e-01
-1.011442542076110840e-01
-4.901818558573722839e-02
-3.684830069541931152e-01
-8.776592612266540527e-01
-6.583672761917114258e-01
-1.078441619873046875e+00
-1.257395446300506592e-01
1.070024847984313965e+00
-1.058284521102905273e+00
2.179077453911304474e-02
3.133413493633270264e-01
5.932897329330444336e-01
-2.013255506753921509e-01
-7.652346491813659668e-01
6.264957189559936523e-01
-2.403268218040466309e-01
6.457197070121765137e-01
8.087938427925109863e-01
-1.199336051940917969e+00
4.184261262416839600e-01
6.814963221549987793e-01
6.396095156669616699e-01
-2.045007497072219849e-01
-2.485029697418212891e-01
2.367293983697891235e-01
-2.374843657016754150e-01
1.320075094699859619e-01
-4.508535563945770264e-01
7.931747436523437500e-01
-8.915119767189025879e-01
-1.097954809665679932e-01
1.003294110298156738e+00
-4.787817895412445068e-01
-1.103194713592529297e+00
8.965750783681869507e-02
-1.112768530845642090e+00
1.632438302040100098e-01
4.308841228485107422e-01
-1.102374315261840820e+00
-6.240428090095520020e-01
-4.708257615566253662e-01
-1.505106329917907715e+00
2.907506227493286133e-01
1.501975178718566895e+00
3.465999662876129150e-01
-5.104423761367797852e-01
2.264030873775482178e-01
-1.178116910159587860e-02
-9.619605727493762970e-03
4.172384142875671387e-01
4.846830293536186218e-02
-1.774796843528747559e-01
-3.681696951389312744e-01
5.106964111328125000e-01
-5.922045707702636719e-01
-7.326408624649047852e-01
-4.017112851142883301e-01
1.140299677848815918e+00
-6.323933601379394531e-01
1.732333004474639893e-01
-1.432746291160583496e+00
1.184237122535705566e+00
-2.777864038944244385e-01
-1.874070465564727783e-01
3.213627934455871582e-01
1.013321042060852051e+00
-3.284393548965454102e-01
-1.513117194175720215e+00
-1.105983853340148926e+00
3.809822201728820801e-01
1.119846820831298828e+00
3.153413236141204834e-01
-1.732618451118469238e+00
1.523319631814956665e-01
-1.088005542755126953e+00
1.333477497100830078e+00
5.889536738395690918e-01
2.005510926246643066e-01
-1.663364052772521973e+00
9.655188024044036865e-02
1.101313233375549316e+00
9.906648099422454834e-02
-9.731288254261016846e-02
-6.116313859820365906e-02
-4.263873994350433350e-01
-9.807431697845458984e-01
9.134147167205810547e-01
-1.092629879713058472e-01
-7.438735961914062500e-01
4.765831232070922852e-01
-3.055736064910888672e+00
4.165492355823516846e-01
-2.790685296058654785e-01
5.606867671012878418e-01
1.196835279464721680e+00
-4.088195562362670898e-01
4.028959572315216064e-01
9.618057012557983398e-01
1.677905082702636719e+00
-1.606260240077972412e-01
-2.456052973866462708e-02
5.672826170921325684e-01
-1.896644234657287598e+00
-9.241793751716613770e-01
1.689319163560867310e-01
-1.439457893371582031e+00
-7.972633242607116699e-01
1.207865476608276367e+00
-1.225750923156738281e+00
-2.784748077392578125e-01
1.070065796375274658e-01
1.121273398399353027e+00
8.735961318016052246e-01
2.635961025953292847e-02
6.240692138671875000e-01
-1.311057448387145996e+00
1.076602935791015625e+00
-1.471874594688415527e+00
-1.292842533439397812e-02
-1.424852728843688965e+00
-4.777335226535797119e-01
-4.852304756641387939e-01
5.111673101782798767e-02
-2.648135721683502197e-01
-2.722402811050415039e-01
-1.082355156540870667e-01
-9.908938407897949219e-01
1.016442418098449707e+00
5.686501264572143555e-01
-8.949242830276489258e-01
-4.743468761444091797e-01
-4.465327858924865723e-01
7.506383657455444336e-01
-1.388489842414855957e+00
-1.314058452844619751e-01
-9.889186918735504150e-02
6.409727334976196289e-01
3.923698961734771729e-01
-1.200536012649536133e+00
-2.151850700378417969e+00
-1.671792030334472656e+00
1.907379746437072754e+00
3.674078583717346191e-01
8.864766359329223633e-01
-5.650693550705909729e-02
2.299059778451919556e-01
-8.818429112434387207e-01
-1.737974584102630615e-01
4.143609702587127686e-01
-7.313727736473083496e-01
1.984759569168090820e-01
4.096574783325195312e-01
2.589018046855926514e-01
-1.859874278306961060e-02
-2.382709681987762451e-01
-1.109746336936950684e+00
1.910477429628372192e-01
8.420835733413696289e-01
-8.223598003387451172e-01
-5.280469655990600586e-01
-7.061060667037963867e-01
-6.236269474029541016e-01
-5.024740099906921387e-01
9.595523476600646973e-01
-5.293967127799987793e-01
1.121605515480041504e+00
1.753960400819778442e-01
-2.436902523040771484e-01
-5.322446823120117188e-01
3.303683996200561523e-01
5.937799811363220215e-01
4.796116054058074951e-01
8.877094089984893799e-02
8.066486716270446777e-01
4.360504448413848877e-02
-1.314378499984741211e+00
7.159735560417175293e-01
-6.427568793296813965e-01
-1.021419644355773926e+00
2.947817146778106689e-01
3.899815380573272705e-01
8.772829771041870117e-01
-4.528517127037048340e-01
3.035587072372436523e-01
2.960575222969055176e-01
-7.124339938163757324e-01
4.500349983572959900e-02
8.342766761779785156e-02
-2.705822885036468506e-01
-4.216360449790954590e-01
3.136010840535163879e-02
-1.400758475065231323e-01
7.107250094413757324e-01
-5.210125073790550232e-02
-4.455647468566894531e-01
4.713019356131553650e-02
-2.017395943403244019e-01
1.323782503604888916e-01
6.313305497169494629e-01
-4.696625769138336182e-01
-2.043443545699119568e-02
-6.573129296302795410e-01
2.241011708974838257e-01
1.547704696655273438e+00
-4.150086045265197754e-01
-1.555319316685199738e-02
-2.679787874221801758e-01
-1.854747533798217773e-01
-6.137829422950744629e-01
-1.010159254074096680e+00
-7.356275916099548340e-01
1.171824485063552856e-01
2.928792499005794525e-02
-5.368967056274414062e-01
7.147684097290039062e-01
-4.982821643352508545e-01
1.131950378417968750e+00
2.097660750150680542e-01
2.435292899608612061e-01
-5.644927620887756348e-01
-8.016856312751770020e-01
2.643673680722713470e-02
3.679575622081756592e-01
9.211068153381347656e-01
1.445231199264526367e+00
-9.737133383750915527e-01
-1.049934625625610352e+00
-3.766813874244689941e-01
-6.392427682876586914e-01
9.846275448799133301e-01
5.513328909873962402e-01
-1.376084566116333008e+00
3.558524250984191895e-01
9.128900170326232910e-01
1.446967959403991699e+00
1.333701163530349731e-01
1.006657123565673828e+00
-4.092912375926971436e-01
5.301700904965400696e-02
3.283138275146484375e-01
5.796700119972229004e-01
1.319059491157531738e+00
-5.569278001785278320e-01
-6.389818191528320312e-01
1.046615004539489746e+00
8.198549151420593262e-01
-5.138959884643554688e-01
-8.721790313720703125e-01
4.941243529319763184e-01
-8.082957863807678223e-01
8.437730669975280762e-01
-2.876565791666507721e-02
1.138623833656311035e+00
2.810781002044677734e-01
6.078141182661056519e-02
-2.706614136695861816e-01
1.053867697715759277e+00
-3.585024476051330566e-01
-4.482119977474212646e-01
2.509305775165557861e-01
-9.637371897697448730e-01
6.625319123268127441e-01
8.894274234771728516e-01
5.017602443695068359e-02
1.745236068964004517e-01
9.728098660707473755e-02
3.475093543529510498e-01
-4.723968207836151123e-01
7.445131540298461914e-01
-4.765936173498630524e-03
1.476283311843872070e+00
3.576788604259490967e-01
-3.362137079238891602e-01
1.074505597352981567e-01
8.252149820327758789e-02
-2.031580209732055664e+00
5.437070727348327637e-01
-1.469235122203826904e-01
-2.267679929733276367e+00
5.529918670654296875e-01
2.522664368152618408e-01
7.988145947456359863e-02
-1.323870539665222168e+00
6.567164510488510132e-02
-4.454733803868293762e-02
7.558938860893249512e-01
4.642857611179351807e-01
4.658011198043823242e-01
-4.644526541233062744e-01
-7.042904198169708252e-02
7.029814124107360840e-01
5.273638963699340820e-01
-2.124505043029785156e-01
2.130159884691238403e-01
-1.340498566627502441e+00
-3.629630506038665771e-01
-1.478874206542968750e+00
1.779632419347763062e-01
-5.996429324150085449e-01
-3.832409381866455078e-01
-4.057815968990325928e-01
-6.870428919792175293e-01
-5.009546279907226562e-01
-1.623498946428298950e-01
-3.453714847564697266e-01
1.107191890478134155e-01
8.679736256599426270e-01
-1.405900835990905762e+00
-1.556723475456237793e+00
1.729152798652648926e-01
-3.840388059616088867e-01
-8.213551342487335205e-02
8.850270509719848633e-02
1.199687600135803223e+00
-5.050403475761413574e-01
-1.145980656147003174e-01
5.033569335937500000e-01
7.026925086975097656e-01
-8.715041875839233398e-01
-2.810230851173400879e-01
-1.032521277666091919e-01
-2.288072109222412109e+00
7.305234074592590332e-01
-9.299535155296325684e-01
-1.274158209562301636e-01
-3.262893855571746826e-01
-7.510376721620559692e-02
-9.443612396717071533e-02
-6.689964532852172852e-01
-1.194945335388183594e+00
1.761279255151748657e-01
-8.076910972595214844e-01
-8.006446957588195801e-01
1.271079540252685547e+00
1.704687476158142090e+00
2.444690018892288208e-01
2.241018414497375488e-01
-2.132476307451725006e-02
1.361935138702392578e-01
6.055040955543518066e-01
-1.170132160186767578e+00
1.724773645401000977e+00
9.076635539531707764e-02
2.838129997253417969e-01
-1.034793972969055176e+00
-6.960244476795196533e-02
2.618263363838195801e-01
2.639919519424438477e-01
3.036126196384429932e-01
-1.192017123103141785e-01
-4.981623589992523193e-01
4.734894633293151855e-01
-8.185538649559020996e-01
-6.401667594909667969e-01
1.034855935722589493e-02
-1.317016929388046265e-01
1.154660701751708984e+00
1.121632337570190430e+00
9.907914400100708008e-01
7.717092335224151611e-02
1.545432329177856445e+00
4.803709387779235840e-01
1.011370539665222168e+00
4.548574984073638916e-01
-1.061828255653381348e+00
-3.491022288799285889e-01
-5.727238655090332031e-01
1.532215356826782227e+00
1.022575870156288147e-01
2.683554589748382568e-01
-8.170725405216217041e-02
-4.391894042491912842e-01
-9.368189573287963867e-01
-2.488676160573959351e-01
-1.806413829326629639e-01
7.799742370843887329e-02
1.697190403938293457e+00
1.036588788032531738e+00
8.585392683744430542e-02
-2.777682542800903320e-01
-8.283686637878417969e-01
5.013408064842224121e-01
1.359151244163513184e+00
1.022901892662048340e+00
-1.080341219902038574e+00
2.625291645526885986e-01
9.229211211204528809e-01
9.365523457527160645e-01
-7.183182835578918457e-01
-1.046115279197692871e+00
6.324331164360046387e-01
7.212682962417602539e-01
-1.069970726966857910e+00
5.481599569320678711e-01
2.453243434429168701e-01
2.789638042449951172e-01
-4.699690937995910645e-01
-5.728000998497009277e-01
6.097799539566040039e-02
-2.469132542610168457e-01
5.089591741561889648e-01
6.730825453996658325e-02
2.152469605207443237e-01
-5.859003663063049316e-01
8.451773226261138916e-02
7.445218563079833984e-01
-1.152008056640625000e+00
-1.476220935583114624e-01
-1.253692507743835449e+00
6.528745889663696289e-01
-4.701035320758819580e-01
8.391217589378356934e-01
-4.467768967151641846e-01
-8.993290662765502930e-01
8.130787312984466553e-02
-2.357378154993057251e-01
-8.704000711441040039e-01
-1.029250144958496094e+00
-1.121117234230041504e+00
-6.342462301254272461e-01
-9.175898879766464233e-02
-1.841638386249542236e-01
5.832640528678894043e-01
1.394819701090455055e-03
1.290098667144775391e+00
1.131094455718994141e+00
1.059834718704223633e+00
4.434565901756286621e-01
7.249473128467798233e-03
-8.551462888717651367e-01
-1.509844139218330383e-02
-1.833513230085372925e-01
4.563228785991668701e-01
-9.395233988761901855e-01
6.408331394195556641e-01
-1.301532052457332611e-02
1.619106158614158630e-02
7.893928885459899902e-01
1.104621887207031250e+00
1.625653147697448730e+00
-5.509549379348754883e-01
-2.796507775783538818e-01
9.364538788795471191e-01
-1.135751724243164062e+00
1.777086734771728516e+00
-6.223164200782775879e-01
-7.058633565902709961e-01
-3.527095317840576172e-01
-2.127366811037063599e-01
6.464036107063293457e-01
-3.285910785198211670e-01
-1.008830428123474121e+00
-2.683724462985992432e-01
1.783136576414108276e-01
-1.620696663856506348e+00
9.311481714248657227e-01
6.579997539520263672e-01
3.396248221397399902e-01
1.163762584328651428e-01
4.217875897884368896e-01
1.596565604209899902e+00
4.589346349239349365e-01
-9.522836208343505859e-01
3.954261541366577148e-01
-7.618596553802490234e-01
-2.496518611907958984e+00
2.337118089199066162e-01
-9.513433277606964111e-02
-3.544475734233856201e-01
7.733511328697204590e-01
-1.587542891502380371e-01
6.075506210327148438e-01
5.379812717437744141e-01
8.615885972976684570e-01
-1.737847477197647095e-01
1.467841267585754395e+00
-1.613659262657165527e-01
-3.319486975669860840e-01
5.879807472229003906e-01
7.898876667022705078e-01
-8.057830333709716797e-01
-3.241600990295410156e-01
1.167973279953002930e-01
2.172504663467407227e+00
-5.789387822151184082e-01
-1.568770766258239746e+00
1.357791781425476074e+00
-3.619330525398254395e-01
-2.860276699066162109e-01
5.731410980224609375e-01
-1.438375711441040039e+00
-1.278028935194015503e-01
-7.638207077980041504e-01
9.021857380867004395e-01
-2.067679613828659058e-01
-2.694149315357208252e-01
-1.369580268859863281e+00
-1.403124213218688965e+00
1.975886374711990356e-01
7.058098316192626953e-01
-1.099422276020050049e-01
-2.292982488870620728e-01
-5.279742479324340820e-01
-2.307755470275878906e+00
2.958934009075164795e-01
-8.151842355728149414e-01
1.057174682617187500e+00
1.027474105358123779e-01
1.210028767585754395e+00
1.495628237724304199e+00
-1.637104868888854980e+00
3.081001341342926025e-01
1.681492447853088379e+00
-1.292442083358764648e-01
1.257740736007690430e+00
4.798784852027893066e-01
-1.652948409318923950e-01
7.594181299209594727e-01
-1.342735528945922852e+00
-4.526589438319206238e-02
-2.996621131896972656e-01
-4.107916355133056641e-01
-9.934412837028503418e-01
1.345759034156799316e+00
-6.477426737546920776e-02
5.105448365211486816e-01
8.407066017389297485e-02
9.684450924396514893e-02
2.438978254795074463e-01
1.005328893661499023e-01
-2.912199310958385468e-02
-1.027047276496887207e+00
-8.206994533538818359e-01
-9.421192109584808350e-02
-2.978602349758148193e-01
6.442850828170776367e-01
1.747678279876708984e+00
-6.903195977210998535e-01
-4.917244315147399902e-01
-4.535034894943237305e-01
2.030990272760391235e-01
-3.177677989006042480e-01
6.626451015472412109e-01
1.508266478776931763e-01
-1.932382136583328247e-01
8.048573732376098633e-01
-3.734184056520462036e-02
6.513586640357971191e-01
-3.086421191692352295e-01
1.282441854476928711e+00
2.095658183097839355e-01
-3.979017436504364014e-01
-5.852683186531066895e-01
-1.144425749778747559e+00
-1.133534193038940430e+00
-3.678022027015686035e-01
-1.037665367126464844e+00
5.423797965049743652e-01
5.745497345924377441e-01
4.505104124546051025e-01
5.731108188629150391e-01
-2.513761222362518311e-01
-2.437891960144042969e-01
2.208089828491210938e+00
2.521719634532928467e-01
1.155683279037475586e+00
-5.933989882469177246e-01
2.034723520278930664e+00
5.520426630973815918e-01
-4.720222577452659607e-02
-3.835191130638122559e-01
5.487923622131347656e-01
1.700979620218276978e-01
6.506055593490600586e-01
-1.398941755294799805e+00
-1.761212944984436035e+00
-6.734370589256286621e-01
8.191249966621398926e-01
-5.920661687850952148e-01
7.604432702064514160e-01
-1.441093534231185913e-01
7.540479302406311035e-01
-1.551821827888488770e+00
-1.261016845703125000e+00
5.334452912211418152e-02
-9.032638072967529297e-01
6.234135031700134277e-01
1.494747996330261230e-01
-1.534745573997497559e+00
-7.666066288948059082e-02
-9.887275099754333496e-01
3.081444501876831055e-01
-2.123039513826370239e-01
2.096248865127563477e-01
1.055290699005126953e+00
-1.459580510854721069e-01
8.911105394363403320e-01
-1.152390122413635254e+00
8.561015725135803223e-01
-1.355808854103088379e+00
-5.646865963935852051e-01
7.799951434135437012e-01
6.999859213829040527e-01
-6.127690672874450684e-01
-5.102239847183227539e-01
6.978387236595153809e-01
-1.632964760065078735e-01
-2.719512283802032471e-01
1.370712518692016602e+00
-4.916715323925018311e-01
-1.972834825515747070e+00
1.643189072608947754e+00
1.021070122718811035e+00
3.401249885559082031e+00
-5.762335658073425293e-01
9.770562648773193359e-01
5.217105150222778320e-01
1.705981194972991943e-01
4.183257520198822021e-01
2.171281874179840088e-01
-1.032709002494812012e+00
4.722345769405364990e-01
-5.994786974042654037e-03
-4.597907960414886475e-01
-1.058928370475769043e+00
-5.382208228111267090e-01
2.908516824245452881e-01
4.047943651676177979e-01
-2.335407584905624390e-01
2.676064968109130859e-01
4.463172852993011475e-01
-1.194723919034004211e-01
-8.765006065368652344e-01
1.055452823638916016e+00
-8.345400094985961914e-01
6.739912629127502441e-01
-9.877185821533203125e-01
-1.425847649574279785e+00
-5.318001508712768555e-01
7.518419623374938965e-01
9.999647736549377441e-02
5.721063017845153809e-01
-8.287058770656585693e-02
-3.662433922290802002e-01
-5.754572153091430664e-01
-1.082945704460144043e+00
1.264183402061462402e+00
-4.984948933124542236e-01
-1.622664034366607666e-01
-2.877771556377410889e-01
3.304090499877929688e-01
-5.881872773170471191e-01
-1.051143288612365723e+00
5.143691897392272949e-01
2.303511202335357666e-01
-3.887097239494323730e-01
-5.029448032379150391e+00
7.763876914978027344e-01
-5.767818689346313477e-01
3.764061629772186279e-01
2.242169380187988281e-01
4.055160582065582275e-01
-4.241635501384735107e-01
1.596768736839294434e+00
4.076344072818756104e-01
-1.204799771308898926e+00
-9.261065125465393066e-01
1.175942420959472656e+00
-5.382511764764785767e-02
-1.703460931777954102e+00
-1.888442970812320709e-02
7.683089971542358398e-01
-4.658655524253845215e-01
-3.379634618759155273e-01
7.540286779403686523e-01
-1.236590385437011719e+00
-1.495604634284973145e+00
-1.105388760566711426e+00
-4.352974295616149902e-01
2.322527915239334106e-01
-9.922435879707336426e-01
-7.743595242500305176e-01
-5.967002511024475098e-01
-3.089735843241214752e-02
5.924183726310729980e-01
-2.899960055947303772e-02
2.492855936288833618e-01
1.729710102081298828e+00
-3.023552000522613525e-01
-2.930923998355865479e-01
1.446980386972427368e-01
7.883225381374359131e-02
8.244423270225524902e-01
8.697413802146911621e-01
-6.172894239425659180e-01
9.264874458312988281e-02
7.914952635765075684e-01
8.551959395408630371e-01
3.021270595490932465e-02
5.182626247406005859e-01
7.158433794975280762e-01
-2.863891124725341797e-01
-2.986965179443359375e-01
1.679018735885620117e+00
-4.344451427459716797e-01
1.307084441184997559e+00
7.670660018920898438e-01
6.963239610195159912e-02
2.368090897798538208e-01
-7.453820705413818359e-01
-2.518043816089630127e-01
1.227091908454895020e+00
9.619058370590209961e-01
-1.228594541549682617e+00
-2.066301107406616211e+00
-2.941897809505462646e-01
8.590652346611022949e-01
-5.046907067298889160e-01
1.836078882217407227e+00
1.099212527275085449e+00
8.401733636856079102e-01
4.325367882847785950e-02
-2.390025258064270020e-01
-6.499733328819274902e-01
-8.953339457511901855e-01
-1.213149785995483398e+00
-3.130834698677062988e-01
4.197433888912200928e-01
1.742675006389617920e-01
1.623220443725585938e-01
-1.628170460462570190e-01
-6.125957369804382324e-01
-1.659464716911315918e+00
-1.038577914237976074e+00
-3.271675109863281250e-01
-1.293418765068054199e+00
