6.727277636528015137e-01
1.286327958106994629e+00
-9.391122311353683472e-02
-2.508034408092498779e-01
8.625637292861938477e-01
-5.150015950202941895e-01
-4.276021718978881836e-01
-1.109992623329162598e+00
-1.300731062889099121e+00
2.207477539777755737e-01
8.872743844985961914e-01
-8.171047568321228027e-01
1.037732005119323730e+00
-1.277506798505783081e-01
-3.951998054981231689e-01
-1.411287903785705566e+00
-5.700167417526245117e-01
3.247513473033905029e-01
9.790986776351928711e-01
1.380028873682022095e-01
9.309148788452148438e-01
-1.224379897117614746e+00
1.364506483078002930e+00
-3.466303348541259766e-01
1.164996981620788574e+00
-1.220738291740417480e+00
-2.304650396108627319e-01
6.054742634296417236e-02
-1.692295908927917480e+00
1.096853464841842651e-01
-7.650170922279357910e-01
1.997829824686050415e-01
4.185798466205596924e-01
-9.526497721672058105e-01
-7.013956904411315918e-01
-5.311878323554992676e-01
1.950542777776718140e-01
-7.102900743484497070e-01
2.531951665878295898e-02
3.467599749565124512e-01
-1.218031764030456543e+00
-1.182639241218566895e+00
-6.907346844673156738e-01
-4.040352702140808105e-01
6.308795809745788574e-01
1.591293215751647949e+00
5.726700425148010254e-01
-5.409085750579833984e-02
1.980756521224975586e-01
6.103979349136352539e-01
-4.888842701911926270e-01
-4.634435176849365234e-01
-6.323111243546009064e-03
1.063955307006835938e+00
-3.949431478977203369e-01
-8.316694498062133789e-01
-4.913262128829956055e-01
4.205018281936645508e-01
-8.704921603202819824e-01
-7.219760417938232422e-01
1.273881196975708008e+00
-5.513557195663452148e-01
9.917677640914916992e-01
4.395377933979034424e-01
-1.543883532285690308e-01
-9.618508815765380859e-01
1.967654675245285034e-01
-4.998233020305633545e-01
4.065643548965454102e-01
2.438370883464813232e-01
-4.693384170532226562e-01
1.356228828430175781e+00
-2.538032531738281250e-01
-8.704290390014648438e-01
-8.134542731568217278e-04
6.449792981147766113e-01
4.095478951930999756e-01
4.210301339626312256e-01
-2.440268546342849731e-01
-5.390906333923339844e-02
9.166551828384399414e-01
2.613236904144287109e-01
-3.711186349391937256e-01
9.828650951385498047e-01
-5.682185292243957520e-01
8.087610006332397461e-01
-5.151518583297729492e-01
-6.114814877510070801e-01
3.998876810073852539e-01
1.669174879789352417e-01
-8.765938878059387207e-01
-1.162849903106689453e+00
-4.009115397930145264e-01
4.490975141525268555e-01
-7.444489002227783203e-01
8.283738493919372559e-01
4.268026053905487061e-01
9.506619572639465332e-01
-7.461751699447631836e-01
5.177272558212280273e-01
4.462501704692840576e-01
3.816817998886108398e-01
-3.601544536650180817e-03
-6.025042533874511719e-01
-1.566585183143615723e+00
-3.569661378860473633e-01
-1.069189548492431641e+00
-2.086199373006820679e-01
8.941740989685058594e-01
-6.196344494819641113e-01
-4.187439382076263428e-01
5.726907849311828613e-01
6.717984080314636230e-01
-5.141537785530090332e-01
9.449504315853118896e-02
2.100282013416290283e-01
1.991756074130535126e-02
-3.560338616371154785e-01
2.678269147872924805e-01
6.285811960697174072e-02
1.483962386846542358e-01
1.052432417869567871e+00
-1.255776643753051758e+00
8.794060349464416504e-01
3.602963387966156006e-01
-8.586502671241760254e-01
6.112017035484313965e-01
3.571585714817047119e-01
-8.259515762329101562e-01
-1.010610580444335938e+00
-4.120205342769622803e-01
-3.998900353908538818e-01
8.384347893297672272e-03
5.009713172912597656e-01
-1.155535817146301270e+00
7.772058844566345215e-01
3.830468356609344482e-01
2.625409662723541260e-01
-1.885917782783508301e-01
-6.641346216201782227e-01
-5.520834922790527344e-01
6.387147903442382812e-01
9.444748759269714355e-01
-7.706874012947082520e-01
-8.996123075485229492e-01
7.211064696311950684e-01
-3.510803580284118652e-01
-1.580712437629699707e+00
2.052358239889144897e-01
-5.641000866889953613e-01
7.846702337265014648e-01
2.881451696157455444e-02
4.637251496315002441e-01
-6.951107978820800781e-01
1.553125530481338501e-01
-7.297824621200561523e-01
-8.670791387557983398e-01
-1.222555860877037048e-01
1.898447871208190918e-01
7.415296435356140137e-01
3.279349803924560547e-01
-3.234016299247741699e-01
-1.104172095656394958e-01
-4.089475572109222412e-01
7.714510560035705566e-01
5.005250573158264160e-01
-1.133525967597961426e+00
-6.494485586881637573e-02
3.375283181667327881e-01
1.274100661277770996e+00
3.178392648696899414e-01
-1.865531563758850098e+00
-1.553507208824157715e+00
1.737797141075134277e+00
-3.938661813735961914e-01
1.242928206920623779e-01
6.318226456642150879e-01
3.745691776275634766e-01
-3.695672750473022461e-01
1.520361185073852539e+00
-2.717286646366119385e-01
-1.032067537307739258e+00
2.891881465911865234e-01
3.480876684188842773e-01
-1.129795461893081665e-01
-3.954793214797973633e-01
-4.798305928707122803e-01
1.153528317809104919e-01
1.165095567703247070e+00
8.448867201805114746e-01
2.056641429662704468e-01
-3.644593656063079834e-01
1.634410172700881958e-01
7.208037376403808594e-01
-5.140426754951477051e-01
-5.560722947120666504e-01
2.861962914466857910e-01
6.263557076454162598e-02
1.873610138893127441e+00
-8.610928654670715332e-01
-9.552026391029357910e-01
8.035402894020080566e-01
9.435808658599853516e-01
-8.168524503707885742e-01
-4.256924390792846680e-01
-7.389779686927795410e-01
7.680147886276245117e-01
-6.209676265716552734e-01
9.950799942016601562e-01
-5.268838405609130859e-01
4.221196472644805908e-01
-9.336206912994384766e-01
8.325039148330688477e-01
-9.851197898387908936e-02
-7.780405879020690918e-01
1.170163393020629883e+00
9.171585440635681152e-01
-2.292541861534118652e-01
-7.940901070833206177e-02
-1.016489505767822266e+00
-1.035870790481567383e+00
3.811084032058715820e-01
9.878293275833129883e-01
-2.711148560047149658e-01
-9.547982364892959595e-02
-2.673827409744262695e-01
8.507795333862304688e-01
-6.645218133926391602e-01
-3.659190237522125244e-01
-9.516999721527099609e-01
1.936961710453033447e-01
-1.143089458346366882e-01
-9.077155590057373047e-01
-3.415118530392646790e-02
1.678069233894348145e-01
1.060919404029846191e+00
4.028989672660827637e-01
-5.839610695838928223e-01
-3.136132955551147461e-01
4.161923229694366455e-01
1.047190785408020020e+00
2.632164061069488525e-01
-1.107835650444030762e+00
3.341901600360870361e-01
-9.761277437210083008e-01
-3.536958098411560059e-01
-4.782520234584808350e-01
-8.985548466444015503e-02
4.750165343284606934e-01
-1.565820425748825073e-01
-3.269849419593811035e-01
-1.837179362773895264e-01
-5.216419696807861328e-01
-1.811519980430603027e+00
3.399805724620819092e-01
-6.608244180679321289e-01
-1.802316457033157349e-01
-1.496926397085189819e-01
-4.198716580867767334e-01
4.350494742393493652e-01
3.705905675888061523e-01
-7.951963692903518677e-02
1.244013547897338867e+00
-9.543281793594360352e-01
-1.021556377410888672e+00
3.952454626560211182e-01
1.402301669120788574e+00
1.951039433479309082e-01
2.404651880264282227e+00
2.170116752386093140e-01
3.583843410015106201e-01
1.101168513298034668e+00
4.729229509830474854e-01
4.354642629623413086e-01
-1.232768297195434570e+00
8.475688099861145020e-02
3.535218711476773024e-04
-4.268370568752288818e-01
1.095071673393249512e+00
-9.594448208808898926e-01
-1.510585099458694458e-01
1.146742329001426697e-01
7.164535522460937500e-01
2.424818128347396851e-01
3.747782707214355469e-01
-6.844138503074645996e-01
-5.910074114799499512e-01
4.479843676090240479e-01
3.657152950763702393e-01
-4.303516745567321777e-01
-9.548573493957519531e-01
6.512946486473083496e-01
-7.799467444419860840e-01
-1.699748873710632324e+00
9.669085144996643066e-01
-2.463172972202301025e-01
8.861044645309448242e-01
-1.134697914123535156e+00
6.132982969284057617e-01
-7.708977460861206055e-01
6.999292969703674316e-01
-7.559471726417541504e-01
5.396318435668945312e-01
-2.194751240313053131e-02
8.144546747207641602e-01
9.265086054801940918e-01
-6.782395392656326294e-02
-1.409827351570129395e+00
5.731197595596313477e-01
-4.815902411937713623e-01
-1.167051672935485840e+00
-1.466542720794677734e+00
-8.205562829971313477e-01
-6.846418231725692749e-02
-8.025801181793212891e-01
5.317907929420471191e-01
1.100223183631896973e+00
4.372672438621520996e-01
4.272117093205451965e-02
2.835428416728973389e-01
-6.968947649002075195e-01
6.947571039199829102e-01
8.318883776664733887e-01
7.481043934822082520e-01
7.248291373252868652e-02
2.116096615791320801e-01
-1.090168952941894531e+00
-1.433331519365310669e-01
-4.225482046604156494e-01
-4.227404296398162842e-01
8.688584566116333008e-01
-1.668262481689453125e-01
1.208369731903076172e+00
-6.709309816360473633e-01
5.377672240138053894e-02
6.411701440811157227e-01
-6.110079884529113770e-01
-1.515090942382812500e+00
1.286159753799438477e+00
-4.016297161579132080e-01
-4.469510912895202637e-01
-2.099911272525787354e-01
1.231405232101678848e-02
-7.437048107385635376e-02
-1.385351121425628662e-01
5.489102602005004883e-01
-1.621489644050598145e+00
1.493732780218124390e-01
-1.033256053924560547e+00
-3.711374104022979736e-02
-1.841969251632690430e+00
-8.869774341583251953e-01
6.537624001502990723e-01
-1.237290501594543457e+00
-4.162597358226776123e-01
-9.414847940206527710e-02
-1.057346701622009277e+00
-6.053190231323242188e-01
1.332310885190963745e-01
6.955035924911499023e-01
5.396066308021545410e-01
1.753379590809345245e-02
-3.083622455596923828e-01
2.631242759525775909e-02
-8.192822933197021484e-01
7.990002632141113281e-01
1.947218179702758789e+00
8.486185073852539062e-01
4.992317259311676025e-01
1.088949918746948242e+00
4.443532228469848633e-01
1.298241615295410156e+00
-1.252925872802734375e+00
1.835191011428833008e+00
6.518197059631347656e-01
6.723943352699279785e-02
-4.531586170196533203e-01
6.184216737747192383e-01
-1.015151977539062500e+00
2.777783870697021484e-01
-1.456897258758544922e-01
7.492577433586120605e-01
5.203701257705688477e-01
-4.397319257259368896e-01
-6.311498880386352539e-01
4.507348239421844482e-01
-6.685279011726379395e-01
-9.991051554679870605e-01
1.336175799369812012e+00
5.881285071372985840e-01
2.079055070877075195e+00
7.337701916694641113e-01
5.340933799743652344e-01
-2.885487377643585205e-01
1.139663696289062500e+00
5.429475903511047363e-01
-3.552612066268920898e-01
3.844212740659713745e-02
3.726111948490142822e-01
1.473810195922851562e+00
3.974801301956176758e-01
-1.539046525955200195e+00
-7.304291129112243652e-01
-4.635500609874725342e-01
-3.482971787452697754e-01
6.421193480491638184e-02
-4.773989617824554443e-01
-1.155195161700248718e-01
-9.816965460777282715e-02
-1.207243949174880981e-01
-9.645408987998962402e-01
-7.646048069000244141e-01
-1.187565326690673828e+00
5.602899566292762756e-02
8.856951594352722168e-01
1.423365950584411621e+00
5.314542651176452637e-01
7.131960391998291016e-01
-1.258678436279296875e+00
3.425338268280029297e-01
-1.747483313083648682e-01
-1.926868915557861328e+00
1.593987584114074707e+00
1.059889912605285645e+00
-9.626422524452209473e-01
2.094941437244415283e-01
-8.205553889274597168e-01
2.337982207536697388e-01
-1.202928185462951660e+00
-1.243518471717834473e+00
-1.185051351785659790e-01
7.616294622421264648e-01
8.708156943321228027e-01
-4.861583113670349121e-01
-8.205911517143249512e-01
4.349431488662958145e-03
8.528551459312438965e-01
5.768329501152038574e-01
-2.446375936269760132e-01
4.225960671901702881e-01
1.579674363136291504e+00
1.017580986022949219e+00
-7.538996934890747070e-01
-3.031250834465026855e-01
8.098857402801513672e-01
-1.133757922798395157e-02
3.318174481391906738e-01
-5.461586117744445801e-01
-1.096653819084167480e+00
-8.955341577529907227e-01
-9.840176701545715332e-01
-1.177938580513000488e+00
4.782319366931915283e-01
-8.814495801925659180e-01
-6.477563381195068359e-01
-9.127357006072998047e-01
8.155484795570373535e-01
5.900220870971679688e-01
5.507262349128723145e-01
-9.890070557594299316e-01
1.089303418993949890e-01
4.168564081192016602e-01
-2.380823194980621338e-01
2.041893079876899719e-02
-5.633186697959899902e-01
-6.881114244461059570e-01
-2.620353102684020996e-01
4.701359570026397705e-01
-4.216243922710418701e-01
4.055354893207550049e-01
-9.804938435554504395e-01
6.811512261629104614e-02
-1.182198762893676758e+00
-9.970934391021728516e-01
-2.137013971805572510e-01
-2.716103494167327881e-01
1.008451223373413086e+00
-1.262838393449783325e-01
-6.147736907005310059e-01
5.253333449363708496e-01
1.594269275665283203e+00
5.432711839675903320e-01
-8.949640989303588867e-01
1.367530465126037598e+00
3.215413689613342285e-01
1.855276972055435181e-01
-5.113869905471801758e-01
-6.431055665016174316e-01
7.298399209976196289e-01
2.646893262863159180e-01
1.117750406265258789e+00
8.197132349014282227e-01
2.637833654880523682e-01
6.157153844833374023e-01
-6.237933039665222168e-01
5.646551251411437988e-01
-1.178070783615112305e+00
-1.955330252647399902e+00
-3.633789122104644775e-01
-9.325175732374191284e-02
7.639222592115402222e-02
3.029202222824096680e-01
-8.023115992546081543e-01
4.411110579967498779e-01
-2.714243233203887939e-01
6.742475628852844238e-01
-4.603941142559051514e-01
2.978030443191528320e-01
4.369297027587890625e-01
6.378856897354125977e-01
8.951041698455810547e-01
1.430729925632476807e-01
-2.436590343713760376e-01
3.386869132518768311e-01
8.972139954566955566e-01
8.627499938011169434e-01
-2.161235809326171875e-01
3.380170166492462158e-01
2.859514951705932617e-01
4.183120280504226685e-02
-1.891990751028060913e-01
-1.094306707382202148e+00
-4.392550587654113770e-01
-8.084111809730529785e-01
6.600737571716308594e-01
1.762868016958236694e-01
-1.905284881591796875e+00
8.655561804771423340e-01
3.062294125556945801e-01
-1.424561381340026855e+00
-3.211528956890106201e-01
1.992856502532958984e+00
9.685437083244323730e-01
6.663733720779418945e-01
-7.073713541030883789e-01
-1.220686674118041992e+00
-2.937977910041809082e-01
2.761312127113342285e-01
-1.331633567810058594e+00
5.760009884834289551e-01
1.054747104644775391e-01
6.116137504577636719e-01
-4.461604356765747070e-01
3.702673316001892090e-01
1.557461023330688477e+00
1.295151561498641968e-01
2.402932494878768921e-01
6.910813450813293457e-01
-7.852653264999389648e-01
9.756838679313659668e-01
-7.206634879112243652e-01
-7.188383340835571289e-01
-6.831780672073364258e-01
-9.004951119422912598e-01
4.946714639663696289e-01
2.373184561729431152e-01
-1.400756716728210449e+00
2.698402404785156250e-01
6.566726565361022949e-01
-1.321168184280395508e+00
1.178262084722518921e-01
1.287087440490722656e+00
-1.026797652244567871e+00
-1.564687192440032959e-01
-3.207317888736724854e-01
4.063224196434020996e-01
7.039957642555236816e-01
7.918456196784973145e-01
7.360655069351196289e-01
-9.038432240486145020e-01
9.070699214935302734e-01
1.092663183808326721e-01
-8.105195760726928711e-01
-8.863860964775085449e-01
4.178024232387542725e-01
1.181416586041450500e-01
-6.938249468803405762e-01
-1.447715610265731812e-01
8.381837606430053711e-01
-2.814485728740692139e-01
-4.084864556789398193e-01
1.432448506355285645e+00
4.567940533161163330e-01
5.671485662460327148e-01
3.768342137336730957e-01
2.251300662755966187e-01
-1.166461706161499023e+00
4.589115828275680542e-02
-9.573081135749816895e-01
-2.760675251483917236e-01
3.945160210132598877e-01
3.641143739223480225e-01
8.706406354904174805e-01
8.319031596183776855e-01
5.207664966583251953e-01
-1.060450077056884766e+00
4.844311475753784180e-01
3.383871912956237793e-01
-6.392007470130920410e-01
-3.181731700897216797e-01
2.983301579952239990e-01
-1.087789416313171387e+00
6.270064115524291992e-01
2.750320434570312500e-01
9.293560385704040527e-01
5.230519771575927734e-01
-7.885824441909790039e-01
-1.609359025955200195e+00
-7.711050510406494141e-01
2.580563426017761230e-01
-7.788231372833251953e-01
-2.270139902830123901e-01
-6.701071858406066895e-01
3.636295795440673828e-01
-1.095005512237548828e+00
-1.641027688980102539e+00
-1.062695384025573730e+00
-5.834279060363769531e-01
3.518411815166473389e-01
-1.018649861216545105e-01
-5.931088924407958984e-01
2.534820139408111572e-01
-1.352087497711181641e+00
6.143100261688232422e-01
6.033426895737648010e-02
8.276963829994201660e-01
-4.897163808345794678e-01
1.242776274681091309e+00
4.918136596679687500e-01
-4.063894748687744141e-01
6.622846722602844238e-01
2.463375926017761230e-01
1.506435275077819824e+00
1.796710014343261719e+00
9.407470822334289551e-01
-1.117225885391235352e+00
-7.805972695350646973e-01
-8.596786111593246460e-02
-4.138156175613403320e-01
5.625209212303161621e-01
-2.175965309143066406e-01
-1.445961557328701019e-02
-1.321500778198242188e+00
3.496148884296417236e-01
9.120437502861022949e-02
2.629205226898193359e+00
-7.372395396232604980e-01
6.451950073242187500e-01
2.436379641294479370e-01
-1.526517391204833984e+00
-6.148120164871215820e-01
3.597797825932502747e-02
1.941775232553482056e-01
2.482158094644546509e-01
-7.641913741827011108e-02
-5.818082094192504883e-01
-6.080950498580932617e-01
-1.132018566131591797e+00
1.304475963115692139e-01
1.757818609476089478e-01
-2.736064232885837555e-02
6.875489354133605957e-01
-1.521139442920684814e-01
1.579122990369796753e-01
7.466552257537841797e-01
1.199797391891479492e+00
-1.939441114664077759e-01
5.966785550117492676e-01
5.079725384712219238e-01
-1.330806374549865723e+00
-6.208637356758117676e-01
1.581916213035583496e-01
-2.249623090028762817e-01
1.600430488586425781e+00
6.803485155105590820e-01
-4.267396032810211182e-01
-6.877226233482360840e-01
-1.520509243011474609e+00
2.202114313840866089e-01
-2.794139087200164795e-01
9.931812882423400879e-01
-1.322019696235656738e+00
4.913663864135742188e-02
5.890189409255981445e-01
-9.704737067222595215e-01
1.450791805982589722e-01
-9.115961194038391113e-01
-7.187349796295166016e-01
-2.728657960891723633e+00
7.926397323608398438e-01
-5.377010703086853027e-01
-8.073676824569702148e-01
2.859508991241455078e-01
-8.257218599319458008e-01
5.564980506896972656e-01
1.414760947227478027e-01
-6.439702212810516357e-02
-2.814956307411193848e-01
-7.681581377983093262e-01
3.683573901653289795e-01
-1.049006357789039612e-01
-2.300073653459548950e-01
-3.489283621311187744e-01
4.212881624698638916e-01
1.021210312843322754e+00
4.430289268493652344e-01
1.466324687004089355e+00
4.645305871963500977e-01
-1.020338535308837891e+00
1.178564190864562988e+00
-1.134282574057579041e-01
-4.725973308086395264e-01
-5.709203481674194336e-01
-1.856009125709533691e+00
-9.700649976730346680e-01
9.195483922958374023e-01
1.100563287734985352e+00
-2.185144126415252686e-01
6.140669584274291992e-01
-9.650688171386718750e-01
-4.410529434680938721e-01
7.944904565811157227e-01
-5.099214315414428711e-01
-1.232756823301315308e-01
-3.834876120090484619e-01
1.100708246231079102e-01
-7.816388010978698730e-01
-2.728979587554931641e-01
6.835241913795471191e-01
-8.048882484436035156e-01
2.507102489471435547e-01
-1.343488216400146484e+00
5.518715381622314453e-01
9.009629487991333008e-01
6.521660089492797852e-02
6.514397263526916504e-01
5.348631143569946289e-01
1.227552443742752075e-01
8.032046556472778320e-01
-4.176540672779083252e-01
3.389844894409179688e-01
-1.465151309967041016e+00
3.806433677673339844e-01
1.383004665374755859e+00
2.621627449989318848e-01
-3.584196567535400391e-01
-6.563205718994140625e-01
-6.104738116264343262e-01
8.215727210044860840e-01
-1.931501626968383789e-01
1.036237478256225586e+00
-1.944526314735412598e+00
-6.144025325775146484e-01
-7.464011907577514648e-01
-2.727899551391601562e-01
4.740820452570915222e-02
-1.156662702560424805e+00
-1.358430147171020508e+00
-5.747115612030029297e-01
5.642071962356567383e-01
-1.515541970729827881e-01
1.140416488051414490e-01
-6.955692768096923828e-01
1.283202052116394043e+00
1.180465817451477051e+00
-3.455523848533630371e-01
1.417361348867416382e-01
7.047078013420104980e-02
