5.068175122141838074e-02
1.378367304801940918e+00
2.389733642339706421e-01
-8.291940689086914062e-01
-1.183471083641052246e+00
-3.568298518657684326e-01
-1.188374161720275879e+00
-4.576921164989471436e-01
-3.667942807078361511e-02
-2.100662708282470703e+00
-2.621789872646331787e-01
-4.297777712345123291e-01
2.330051064491271973e-01
-2.927902042865753174e-01
5.096890330314636230e-01
-2.704598426818847656e+00
-1.838493824005126953e+00
4.068781733512878418e-01
1.176061511039733887e+00
2.385214269161224365e-01
9.034183025360107422e-01
7.303229570388793945e-01
8.794264197349548340e-01
-3.036613762378692627e-01
5.699131637811660767e-03
-1.145790219306945801e+00
-9.295514225959777832e-01
2.003701776266098022e-01
-1.506160378456115723e+00
-7.411631941795349121e-01
-2.326742887496948242e+00
-7.107768654823303223e-01
-1.111493825912475586e+00
4.968046844005584717e-01
-1.433282852172851562e+00
-5.691028833389282227e-01
4.068963229656219482e-01
-5.792524218559265137e-01
-5.315500125288963318e-02
4.648218452930450439e-01
6.445246338844299316e-01
-4.364464581012725830e-01
-8.085843324661254883e-01
1.257053762674331665e-01
-6.340661048889160156e-01
-1.654006361961364746e+00
-2.014887928962707520e-01
-2.189949601888656616e-01
-5.915334224700927734e-01
3.726857900619506836e-01
1.137281179428100586e+00
3.411192595958709717e-01
-9.098850488662719727e-01
5.295149683952331543e-01
-1.530117392539978027e-01
-6.346300840377807617e-01
-8.352597355842590332e-01
-1.081821560859680176e+00
-1.862214207649230957e-01
-1.141905546188354492e+00
2.094184160232543945e+00
-1.158078312873840332e+00
4.016703069210052490e-01
9.389632344245910645e-01
-6.555224061012268066e-01
-1.453382968902587891e+00
-4.634765386581420898e-01
-9.563034176826477051e-01
1.036997318267822266e+00
-9.577952623367309570e-01
-2.199375815689563751e-02
1.796044595539569855e-02
-1.925208419561386108e-01
-4.496390819549560547e-01
1.055325746536254883e+00
1.683171868324279785e+00
5.624414682388305664e-01
1.248145818710327148e+00
7.332307696342468262e-01
-5.248651504516601562e-01
4.964145720005035400e-01
-2.303961068391799927e-01
-1.394190073013305664e+00
-1.713784784078598022e-01
-4.471142888069152832e-01
9.794868826866149902e-01
-2.357331991195678711e+00
-4.602628648281097412e-01
-3.571918010711669922e-01
-5.889688730239868164e-01
6.538854241371154785e-01
-1.125113844871520996e+00
-8.142606019973754883e-01
8.696177601814270020e-01
-1.791915148496627808e-01
1.915130205452442169e-02
1.864656209945678711e-01
-9.858285635709762573e-02
6.299583315849304199e-01
-7.518341392278671265e-02
-1.387746334075927734e+00
-5.302589535713195801e-01
9.862494468688964844e-01
-1.897915005683898926e-01
-2.775471806526184082e-01
-2.539121210575103760e-01
-1.242730259895324707e+00
2.181433588266372681e-01
3.592666387557983398e-01
6.499501317739486694e-02
-2.117044925689697266e-01
6.552261114120483398e-01
-7.447251081466674805e-01
-1.900950632989406586e-02
-4.252812564373016357e-01
3.107045292854309082e-01
-1.009239107370376587e-01
-2.721630096435546875e+00
-3.877862822264432907e-03
1.283722221851348877e-01
-2.699721157550811768e-01
-1.370175838470458984e+00
-5.963657498359680176e-01
-3.231818079948425293e-01
8.458940386772155762e-01
2.138313651084899902e-01
1.500973939895629883e+00
-1.020879864692687988e+00
-1.522134780883789062e+00
-2.202240526676177979e-01
8.260352909564971924e-02
-9.757992029190063477e-01
-4.734971523284912109e-01
5.531860589981079102e-01
-6.333568692207336426e-01
2.182716131210327148e-01
7.067241668701171875e-01
-1.086721181869506836e+00
-2.228452444076538086e+00
4.141941666603088379e-01
-5.637992024421691895e-01
-1.827312111854553223e-01
4.854545593261718750e-01
3.833689689636230469e-01
1.939293891191482544e-01
3.749016821384429932e-01
6.945174932479858398e-01
-1.002717137336730957e+00
-3.279004693031311035e-01
-6.337879896163940430e-01
3.918274044990539551e-01
1.034236907958984375e+00
1.521973133087158203e+00
-4.159133732318878174e-01
3.936335444450378418e-01
1.988774351775646210e-02
-3.079712092876434326e-01
6.021182537078857422e-01
5.078533291816711426e-01
1.617441654205322266e+00
1.706342577934265137e+00
-7.963814586400985718e-02
1.175951838493347168e+00
-1.574288606643676758e+00
-7.728182673454284668e-01
9.835126996040344238e-01
1.394284486770629883e+00
1.912660896778106689e-01
6.425930857658386230e-01
7.231237292289733887e-01
4.505086690187454224e-02
-1.400773048400878906e+00
-1.658110618591308594e+00
4.635069370269775391e-01
-1.575607419013977051e+00
6.620762944221496582e-01
-4.334981441497802734e-01
1.181663274765014648e+00
-7.290486693382263184e-01
1.930799841880798340e+00
1.353863477706909180e-01
-1.013900786638259888e-01
-1.762935400009155273e+00
2.493778318166732788e-01
3.391005471348762512e-02
3.685978055000305176e-02
-3.477343916893005371e-01
1.185527682304382324e+00
7.764908075332641602e-01
7.310099601745605469e-01
-3.082354962825775146e-01
-4.612450897693634033e-01
-1.147662758827209473e+00
2.872866094112396240e-01
-1.908094584941864014e-01
6.528933048248291016e-01
3.887479305267333984e-01
3.689873516559600830e-01
7.494234442710876465e-01
-6.411967277526855469e-01
3.615325391292572021e-01
6.385238766670227051e-01
9.989224076271057129e-01
-1.173586249351501465e+00
8.435455560684204102e-01
2.136190980672836304e-01
9.852992296218872070e-01
4.775798320770263672e-01
7.243906259536743164e-01
-9.176374077796936035e-01
8.715645670890808105e-01
-6.953914761543273926e-01
1.087617158889770508e+00
1.049146652221679688e+00
3.134227097034454346e-01
8.646008372306823730e-01
5.613105297088623047e-01
-1.922472119331359863e-01
-5.655828118324279785e-01
-8.031665086746215820e-01
7.872297763824462891e-01
-1.470358371734619141e-01
3.158962726593017578e-02
1.051588535308837891e+00
-1.870445758104324341e-01
-7.137029170989990234e-01
9.487757831811904907e-02
-1.161792278289794922e-01
1.336483657360076904e-01
-2.131669759750366211e+00
2.049494981765747070e-01
-1.221330165863037109e+00
5.077818632125854492e-01
7.461118698120117188e-01
2.037459164857864380e-01
2.078401088714599609e+00
6.182329058647155762e-01
1.539656221866607666e-01
-1.297880172729492188e+00
-3.290071189403533936e-01
1.125468611717224121e+00
-1.312034428119659424e-01
2.941293716430664062e-01
-4.894754886627197266e-01
-1.636974096298217773e+00
4.096820354461669922e-01
-4.419760704040527344e-01
4.746402800083160400e-01
6.388714909553527832e-01
8.667422086000442505e-02
6.174562573432922363e-01
-7.564567923545837402e-01
-2.565810978412628174e-01
-1.120958209037780762e+00
1.067814707756042480e+00
-4.324869811534881592e-01
-1.283688187599182129e+00
-9.425963759422302246e-01
-1.578921198844909668e+00
-2.945286631584167480e-01
-9.185593724250793457e-01
-8.687146306037902832e-01
1.112371563911437988e+00
-1.509722828865051270e+00
-1.126979470252990723e+00
2.003602981567382812e+00
-1.547151803970336914e-01
7.504597306251525879e-01
1.173138380050659180e+00
6.569421887397766113e-01
4.852615296840667725e-01
-5.897499918937683105e-01
-1.074681952595710754e-01
6.679229140281677246e-01
1.316730827093124390e-01
-2.048691511154174805e-01
8.101214766502380371e-01
4.588187634944915771e-01
1.045862317085266113e+00
7.008984684944152832e-03
1.388764232397079468e-01
-1.000962615013122559e+00
1.530760645866394043e+00
1.697094440460205078e+00
1.414448022842407227e+00
4.909308999776840210e-02
-8.994983434677124023e-01
1.174672722816467285e+00
6.904238462448120117e-01
1.003749147057533264e-01
-7.158962488174438477e-01
9.427067041397094727e-01
-6.927852034568786621e-01
1.609737277030944824e+00
8.271228671073913574e-01
-1.121984720230102539e+00
1.082922816276550293e+00
7.107588052749633789e-01
7.270574569702148438e-01
-8.820341825485229492e-01
-1.291867971420288086e+00
-6.410580277442932129e-01
9.364947676658630371e-01
9.698861837387084961e-01
-9.481653571128845215e-02
-1.333769690245389938e-02
6.355060636997222900e-02
-1.757110357284545898e+00
4.648831486701965332e-01
5.497336983680725098e-01
-1.679719328880310059e+00
-3.431623876094818115e-01
-1.231812953948974609e+00
-5.316113829612731934e-01
-4.471385478973388672e-01
1.602571159601211548e-01
9.034332036972045898e-01
8.260068893432617188e-01
3.181251585483551025e-01
-1.867045164108276367e+00
-5.419495105743408203e-01
3.763932883739471436e-01
1.047031521797180176e+00
7.134943604469299316e-01
-4.309394955635070801e-02
-1.808169782161712646e-01
-8.940496444702148438e-01
5.797824263572692871e-01
-7.376930117607116699e-01
3.916133046150207520e-01
-1.948619008064270020e+00
6.454080939292907715e-01
8.264731764793395996e-01
8.659695833921432495e-02
-9.864383935928344727e-01
4.861376285552978516e-01
7.074821740388870239e-02
-6.482931375503540039e-01
5.189135074615478516e-01
-1.059617519378662109e+00
8.682797104120254517e-02
-1.857300400733947754e-01
-2.212963625788688660e-02
1.172297596931457520e+00
-2.824639379978179932e-01
-6.829316616058349609e-01
-7.363303899765014648e-01
-8.919045925140380859e-01
-1.399514675140380859e+00
-6.669790744781494141e-01
-1.962475657463073730e+00
-2.819555103778839111e-01
1.148769974708557129e+00
6.233170032501220703e-01
-3.712914288043975830e-01
-9.049992561340332031e-01
-5.209950804710388184e-01
2.909918129444122314e-01
-7.272352576255798340e-01
1.407959938049316406e+00
3.222787976264953613e-01
-1.035824418067932129e+00
1.111427783966064453e+00
-4.611620008945465088e-01
-8.755691051483154297e-01
4.974293112754821777e-01
1.197179555892944336e+00
1.469618558883666992e+00
3.582838177680969238e-01
2.018857240676879883e+00
1.211130738258361816e+00
1.195148229598999023e+00
-4.847352504730224609e-01
9.550705552101135254e-01
-7.072040438652038574e-01
4.204400777816772461e-01
1.328128576278686523e+00
2.751931846141815186e-01
-4.187178313732147217e-01
1.144586682319641113e+00
5.331658124923706055e-01
1.463236361742019653e-01
-1.274688363075256348e+00
-3.136628121137619019e-02
-7.592122554779052734e-01
1.443958044052124023e+00
-5.713080167770385742e-01
-4.770639538764953613e-01
6.952141523361206055e-01
1.818702697753906250e+00
1.491424918174743652e+00
1.167207837104797363e+00
1.254147768020629883e+00
1.259622275829315186e-01
5.041190981864929199e-01
-1.298682242631912231e-01
-1.032005548477172852e+00
-1.316520124673843384e-01
-3.739545047283172607e-01
2.825385630130767822e-01
2.727050781250000000e-01
-5.325997993350028992e-02
7.572176307439804077e-02
-1.516696333885192871e+00
8.615020662546157837e-03
5.069600343704223633e-01
2.003133855760097504e-02
2.134226709604263306e-01
-7.624813318252563477e-01
-9.056059718132019043e-01
-2.906563580036163330e-01
-1.710884124040603638e-01
-9.646515846252441406e-01
4.250161945819854736e-01
-8.171557188034057617e-01
1.152903795242309570e+00
-9.968134015798568726e-02
-5.254136323928833008e-01
3.088217675685882568e-01
1.081398501992225647e-01
2.055356502532958984e-01
1.153616327792406082e-02
2.589846551418304443e-01
-8.101933449506759644e-02
-1.470172166824340820e+00
2.020032405853271484e-01
1.113088607788085938e+00
3.127403557300567627e-01
-1.078607961535453796e-01
-5.229977890849113464e-02
4.745006859302520752e-01
-3.354569673538208008e-01
3.974052369594573975e-01
-6.676485538482666016e-01
-1.395944833755493164e+00
1.110946893692016602e+00
4.735713601112365723e-01
6.842983365058898926e-01
-9.429958462715148926e-01
7.126027941703796387e-01
1.625783443450927734e+00
-1.318264901638031006e-01
-8.857154250144958496e-01
-1.096097111701965332e+00
1.032598838210105896e-01
-7.407917976379394531e-01
1.716359704732894897e-01
1.915764808654785156e-01
3.757035136222839355e-01
-1.388189643621444702e-01
-9.074365496635437012e-01
-3.442803919315338135e-01
1.539137959480285645e+00
-1.128218650817871094e+00
-2.271227687597274780e-01
3.876286447048187256e-01
5.127392411231994629e-01
6.402597427368164062e-01
1.397647336125373840e-02
7.841845750808715820e-01
1.682799696922302246e+00
-1.544985622167587280e-01
-9.380217790603637695e-01
-1.052399635314941406e+00
-2.384108304977416992e-01
-2.569309175014495850e-01
5.468135476112365723e-01
1.408882021903991699e+00
-1.398693561553955078e+00
4.174439907073974609e-01
8.311089873313903809e-02
-2.029859274625778198e-01
-6.141418814659118652e-01
4.967088624835014343e-02
6.947977542877197266e-01
-7.889765501022338867e-01
2.946767210960388184e-01
-2.313812673091888428e-01
-1.775210201740264893e-01
-1.479011923074722290e-01
1.298475980758666992e+00
6.222496032714843750e-01
6.197178959846496582e-01
-3.134015500545501709e-01
4.222615957260131836e-01
-3.316727280616760254e-01
-8.654651045799255371e-01
-7.474441528320312500e-01
-1.088399529457092285e+00
7.415774464607238770e-01
-4.400737881660461426e-01
9.463612437248229980e-01
6.507757306098937988e-01
4.666922986507415771e-01
-1.757243156433105469e+00
7.657282352447509766e-01
-1.242698788642883301e+00
-2.299489021301269531e+00
-1.207523226737976074e+00
1.297626644372940063e-01
-1.462560176849365234e+00
1.196303516626358032e-01
-6.105104088783264160e-01
8.350951075553894043e-01
-6.143985986709594727e-01
6.282961368560791016e-01
5.720481872558593750e-01
-2.610054425895214081e-02
-6.407548785209655762e-01
8.216638118028640747e-02
3.057287931442260742e-01
-4.899935126304626465e-01
6.908811628818511963e-02
1.813365966081619263e-01
4.035082161426544189e-01
4.268768727779388428e-01
-4.285588487982749939e-02
1.057373210787773132e-01
1.713685274124145508e+00
7.426791787147521973e-01
-4.037550985813140869e-01
-8.508664369583129883e-01
-9.587316513061523438e-01
-5.816914439201354980e-01
-5.949556231498718262e-01
-7.348259091377258301e-01
-9.954434633255004883e-01
6.873551011085510254e-01
-1.006607890129089355e+00
-7.959126830101013184e-01
-1.971571564674377441e+00
1.189163208007812500e+00
1.840913593769073486e-01
-7.673394680023193359e-01
1.444605708122253418e+00
-2.129673242568969727e+00
4.117179512977600098e-01
2.134823054075241089e-01
2.151200175285339355e-02
2.116602510213851929e-01
1.530657410621643066e+00
4.957009553909301758e-01
-7.156139016151428223e-01
7.349256873130798340e-01
3.969096764922142029e-02
-4.826728105545043945e-01
1.083223819732666016e+00
9.552180171012878418e-01
-6.703044176101684570e-01
2.042090743780136108e-01
-4.548743367195129395e-01
-3.849424123764038086e-01
-9.966479241847991943e-02
-5.065482258796691895e-01
8.364885449409484863e-01
8.416706323623657227e-01
1.004602313041687012e+00
-1.132173389196395874e-01
4.212174415588378906e-01
-1.772177964448928833e-01
3.238661885261535645e-01
9.577687978744506836e-01
-2.196926116943359375e+00
8.301170468330383301e-01
-9.372149109840393066e-01
-1.700200699269771576e-02
-9.172911643981933594e-01
1.157081484794616699e+00
1.146265983581542969e+00
6.508378982543945312e-01
5.848861932754516602e-01
3.821115791797637939e-01
-1.930634081363677979e-01
-1.361034154891967773e+00
1.203001290559768677e-01
-8.918348550796508789e-01
-7.117973566055297852e-01
2.570743560791015625e-01
6.648368835449218750e-01
-9.810121655464172363e-01
1.846123337745666504e-01
7.703086733818054199e-01
5.086308717727661133e-01
1.163024306297302246e-01
-3.088377118110656738e-01
-6.382730007171630859e-01
-1.353974819183349609e+00
-3.023835420608520508e-01
6.056417226791381836e-01
8.672311902046203613e-02
2.246115058660507202e-01
5.535154342651367188e-01
2.978646457195281982e-01
-7.393078207969665527e-01
-5.942046046257019043e-01
4.261565804481506348e-01
1.090307712554931641e+00
2.412940263748168945e+00
-1.933320760726928711e-01
-1.225334405899047852e+00
8.505176305770874023e-01
-3.244207799434661865e-01
2.904901206493377686e-01
9.241642355918884277e-01
-7.261931896209716797e-01
7.479588389396667480e-01
-6.909405589103698730e-01
-1.544458150863647461e+00
-7.264538407325744629e-01
8.017331957817077637e-01
7.017731070518493652e-01
5.638354923576116562e-03
8.811207413673400879e-01
-3.964077532291412354e-01
-3.713399171829223633e-01
-4.558624625205993652e-01
5.845713987946510315e-02
-1.325924873352050781e+00
9.210133552551269531e-01
3.099860548973083496e-01
3.214786350727081299e-01
-2.528342008590698242e-01
-1.334023833274841309e+00
-1.943188458681106567e-01
-3.288503885269165039e-01
2.233130633831024170e-01
-7.541707158088684082e-01
-6.773813962936401367e-01
4.404573142528533936e-01
-1.248733550310134888e-01
5.271794199943542480e-01
9.224429726600646973e-01
-3.268835693597793579e-02
6.812906265258789062e-01
-1.253962993621826172e+00
-1.163928508758544922e+00
3.500040769577026367e-01
-5.368508100509643555e-01
3.466130495071411133e-01
-4.449083935469388962e-03
-5.783040821552276611e-02
-3.943304121494293213e-01
-7.756552100181579590e-01
7.374778985977172852e-01
-3.697821795940399170e-01
2.548039436340332031e+00
-1.836389303207397461e+00
2.390401624143123627e-02
3.584872484207153320e-01
-3.301573991775512695e-01
1.192952036857604980e+00
-4.559006392955780029e-01
2.858846448361873627e-02
-4.068640768527984619e-01
6.463854312896728516e-01
-8.981294035911560059e-01
-4.891794621944427490e-01
-1.593971014022827148e+00
3.671297430992126465e-02
1.690712571144104004e+00
-8.842451572418212891e-01
2.729315161705017090e-01
-3.558347523212432861e-01
4.517467021942138672e-01
8.796827197074890137e-01
1.298294663429260254e+00
1.021178483963012695e+00
-2.521665096282958984e-01
4.522675573825836182e-01
-1.373049855232238770e+00
-2.361908435821533203e+00
-8.775054663419723511e-02
-1.112507224082946777e+00
4.959249496459960938e-01
7.769016176462173462e-02
-1.611486971378326416e-01
2.180064618587493896e-01
-3.495117723941802979e-01
1.390031218528747559e+00
1.758285760879516602e-01
8.963658213615417480e-01
-1.516470551490783691e+00
-2.778201401233673096e-01
1.049362659454345703e+00
-1.063726305961608887e+00
9.470349550247192383e-01
3.810510039329528809e-02
-2.738052606582641602e-01
-4.137843132019042969e+00
5.997473597526550293e-01
-2.243658542633056641e+00
-5.255782604217529297e-01
7.477790117263793945e-01
2.032095566391944885e-02
-2.678090035915374756e-01
7.739847898483276367e-01
8.261188268661499023e-01
1.082013607025146484e+00
-1.871657073497772217e-01
6.960927248001098633e-01
2.851772606372833252e-01
-9.374140948057174683e-02
-3.356054127216339111e-01
8.948466181755065918e-01
-1.351205259561538696e-01
4.946794509887695312e-01
2.066935539245605469e+00
-1.223947882652282715e+00
-3.483594655990600586e+00
6.332958936691284180e-01
-4.475134909152984619e-01
1.470337063074111938e-01
3.226271830499172211e-03
7.751577347517013550e-02
2.738972008228302002e-01
1.399919837713241577e-01
1.817951351404190063e-01
-3.084224462509155273e-02
2.080006338655948639e-02
-2.943136990070343018e-01
1.885471642017364502e-01
-2.110765695571899414e+00
-7.119512557983398438e-01
-3.755118846893310547e-01
2.508091032505035400e-01
-6.215564012527465820e-01
3.483656421303749084e-02
-6.695879101753234863e-01
-6.385650485754013062e-02
2.151605486869812012e-01
-7.780630886554718018e-02
-1.324560642242431641e+00
-7.664371281862258911e-02
1.227430939674377441e+00
1.194386839866638184e+00
2.178550481796264648e+00
1.678859256207942963e-02
3.069564402103424072e-01
-3.783025443553924561e-01
-6.003360748291015625e-01
1.085197180509567261e-01
-3.271470069885253906e-01
1.192321032285690308e-01
1.663885712623596191e+00
1.864064782857894897e-01
-1.326903939247131348e+00
4.366370141506195068e-01
-5.427883267402648926e-01
8.082141876220703125e-01
1.513998985290527344e+00
1.058076262474060059e+00
7.000048756599426270e-01
5.013473629951477051e-01
-1.209995865821838379e+00
-4.481080472469329834e-01
5.820980072021484375e-01
-7.291211187839508057e-02
3.472780585289001465e-01
2.232182919979095459e-01
2.900318205356597900e-01
-2.987752556800842285e-01
6.243787407875061035e-01
-3.076300024986267090e-01
-2.990989387035369873e-01
-4.555152729153633118e-02
-6.629058718681335449e-01
8.720412254333496094e-01
-4.094152152538299561e-01
