1.052061557769775391e+00
1.521866489201784134e-02
-7.408133745193481445e-01
-9.939835667610168457e-01
-4.427712857723236084e-01
-7.033910751342773438e-01
-2.848816215991973877e-01
-1.335304021835327148e+00
-3.968547880649566650e-01
-1.545531600713729858e-01
9.408885240554809570e-01
8.333573490381240845e-02
-9.976068139076232910e-01
-1.821698248386383057e-01
-3.210514038801193237e-02
-5.784251689910888672e-01
-9.362226724624633789e-01
6.252766847610473633e-01
-1.124964952468872070e+00
1.266527548432350159e-02
-2.138819992542266846e-01
1.205229386687278748e-01
1.172626018524169922e+00
4.313716292381286621e-01
1.239354163408279419e-01
-1.668740868568420410e+00
9.226250648498535156e-01
1.541451096534729004e+00
8.122572302818298340e-01
1.618831634521484375e+00
-2.165451049804687500e+00
-1.662201434373855591e-01
-4.983890950679779053e-01
1.525466799736022949e+00
1.074370026588439941e+00
3.432746529579162598e-01
1.436326503753662109e+00
-9.467512369155883789e-01
-4.525601491332054138e-02
8.200012892484664917e-02
-1.204363465309143066e+00
-1.689885735511779785e+00
-1.315625429153442383e+00
6.094533801078796387e-01
-3.731097877025604248e-01
-1.148527503013610840e+00
1.158021613955497742e-01
1.957820415496826172e+00
5.909102559089660645e-01
4.211046099662780762e-01
2.647434175014495850e-01
-5.303324460983276367e-01
-9.271962195634841919e-02
-9.191609025001525879e-01
-1.511324644088745117e+00
-1.371652245521545410e+00
9.052973985671997070e-01
-3.863997384905815125e-02
3.368436694145202637e-01
2.016272068023681641e+00
-2.366679459810256958e-01
-9.248924255371093750e-01
6.704507470130920410e-01
-1.001685619354248047e+00
9.094510078430175781e-01
-5.941941142082214355e-01
-5.009497404098510742e-01
1.277388334274291992e+00
9.242106974124908447e-02
-2.062657833099365234e+00
5.830376148223876953e-01
1.194695711135864258e+00
-1.137315034866333008e+00
-6.266580224037170410e-01
-9.438965916633605957e-01
-5.517200231552124023e-01
1.878118142485618591e-02
-1.042444467544555664e+00
-1.690370738506317139e-01
-1.166864514350891113e+00
-2.589083909988403320e-01
2.763739526271820068e-01
-4.242013692855834961e-01
-1.866108655929565430e+00
-5.268605947494506836e-01
7.714557051658630371e-01
-1.240768671035766602e+00
-8.840202689170837402e-01
-9.824434518814086914e-01
-1.266791701316833496e+00
-1.422333717346191406e+00
-1.356617212295532227e+00
-3.691939115524291992e-01
-5.463927388191223145e-01
-4.487721323966979980e-01
-3.216908276081085205e-01
-7.232418656349182129e-01
8.781293630599975586e-01
5.950726270675659180e-01
1.513191938400268555e+00
-1.812511444091796875e+00
-1.311793208122253418e+00
-1.660382390022277832e+00
4.460704326629638672e-01
1.374462962150573730e+00
-1.454585075378417969e+00
-6.801997870206832886e-02
1.250315904617309570e+00
5.570952296257019043e-01
8.802036046981811523e-01
-5.534151792526245117e-01
9.359280467033386230e-01
-1.858678460121154785e+00
1.403963416814804077e-01
-1.358920574188232422e+00
-1.120827719569206238e-01
-4.842839241027832031e-01
-2.326969623565673828e+00
-1.548800319433212280e-01
8.522303104400634766e-01
1.593118906021118164e-01
-1.286019444465637207e+00
-2.979816675186157227e+00
-4.030443727970123291e-01
1.462214827537536621e+00
-1.724132895469665527e+00
-6.225385665893554688e-01
4.377330094575881958e-02
-1.394005060195922852e+00
-1.068181872367858887e+00
8.811278939247131348e-01
-7.146329283714294434e-01
-1.580097436904907227e+00
-1.418255686759948730e+00
1.084683656692504883e+00
3.705906569957733154e-01
1.116408348083496094e+00
-1.758528113365173340e+00
-1.418370008468627930e+00
7.647434473037719727e-01
-6.372506022453308105e-01
-8.125146627426147461e-01
-2.717829346656799316e-01
-2.328449785709381104e-01
1.569394946098327637e+00
-8.049356751143932343e-03
6.280947923660278320e-01
8.041939735412597656e-01
-5.453285574913024902e-01
-1.550883650779724121e+00
1.404827713966369629e+00
2.592355906963348389e-01
-2.308048866689205170e-02
5.884355306625366211e-01
1.036218702793121338e-01
-4.711865484714508057e-01
-9.721306562423706055e-01
2.406779766082763672e+00
-1.844877362251281738e+00
-6.103873252868652344e-01
8.474529981613159180e-01
-9.444382190704345703e-01
-1.204528845846652985e-02
-7.842325568199157715e-01
-1.516060233116149902e+00
2.883359491825103760e-01
-7.261295914649963379e-01
-1.025978803634643555e+00
-6.453156471252441406e-01
-2.956405095756053925e-02
-2.169210195541381836e+00
-7.728687524795532227e-01
-6.840405464172363281e-01
2.600226879119873047e+00
2.038810700178146362e-01
3.683333471417427063e-02
2.977837324142456055e-01
2.220512479543685913e-01
-5.586840510368347168e-01
9.422739595174789429e-02
4.694279655814170837e-02
-1.482219398021697998e-01
-1.299855709075927734e-01
3.252327144145965576e-01
-5.539434552192687988e-01
-1.694145083427429199e+00
4.260432347655296326e-02
4.036928713321685791e-01
9.024444967508316040e-02
3.079640269279479980e-01
2.776929736137390137e-01
-4.732288122177124023e-01
-3.173255920410156250e-01
-1.372257709503173828e+00
-5.833280086517333984e-02
-1.842369884252548218e-01
1.110650300979614258e+00
1.008107781410217285e+00
-2.093137800693511963e-01
-4.420706629753112793e-01
7.365465909242630005e-02
1.792744547128677368e-01
1.137073278427124023e+00
-2.987791001796722412e-01
6.761943697929382324e-01
-1.690939515829086304e-01
1.484703063964843750e+00
5.906708240509033203e-01
-6.813232898712158203e-01
8.258884549140930176e-01
2.346650362014770508e-01
1.001956582069396973e+00
-1.024719238281250000e+00
-4.323435127735137939e-01
3.462985157966613770e-01
2.676003694534301758e+00
-2.453817367553710938e+00
-7.883737683296203613e-01
-1.319705694913864136e-01
6.391292214393615723e-01
2.906954288482666016e-01
1.372592449188232422e+00
-7.163802981376647949e-01
1.531858146190643311e-01
-3.053842782974243164e-01
-2.071824669837951660e-01
-8.412115573883056641e-01
9.819500446319580078e-01
7.678879797458648682e-02
5.612705945968627930e-01
9.652519226074218750e-01
3.064524531364440918e-01
8.951531648635864258e-01
-5.167315602302551270e-01
-6.212358549237251282e-02
4.566401541233062744e-01
3.118039667606353760e-01
1.599430739879608154e-01
4.004489481449127197e-01
-5.377075672149658203e-01
2.183019667863845825e-01
-7.239708304405212402e-01
-1.224863529205322266e+00
-5.799396634101867676e-01
-1.682667374610900879e+00
9.564434731146320701e-05
1.487608790397644043e+00
1.852748394012451172e+00
1.992582440376281738e+00
8.193224668502807617e-01
-1.359507322311401367e+00
-7.702014595270156860e-02
-1.091244578361511230e+00
8.813235759735107422e-01
1.198540091514587402e+00
8.162569999694824219e-02
-1.353034853935241699e+00
2.597480118274688721e-01
1.358772516250610352e-01
1.630740761756896973e-01
-2.107220590114593506e-01
-2.479067444801330566e-01
-1.079678416252136230e+00
6.254955530166625977e-01
-1.487727463245391846e-01
1.087166666984558105e+00
-1.518605649471282959e-01
-5.213851928710937500e-01
5.978896141052246094e+00
-6.635032892227172852e-01
1.485423445701599121e+00
8.644475340843200684e-01
-9.512184858322143555e-01
1.160698413848876953e+00
-8.954455852508544922e-01
1.170567274093627930e+00
3.988424539566040039e-01
-2.130519151687622070e+00
2.207870632410049438e-01
1.386135071516036987e-01
-1.353601366281509399e-01
-1.526496529579162598e+00
1.465950608253479004e+00
2.104369401931762695e+00
2.367443799972534180e+00
-1.832557320594787598e+00
-4.855672121047973633e-01
-1.210385918617248535e+00
-1.343276023864746094e+00
-9.012286663055419922e-01
-1.222610235214233398e+00
1.224274158477783203e+00
2.756058871746063232e-01
4.404431343078613281e+00
9.569169878959655762e-01
1.809857606887817383e+00
-1.737358212471008301e+00
1.012275576591491699e+00
2.969778180122375488e-01
-2.431539297103881836e+00
-7.339522242546081543e-01
-1.497880339622497559e+00
6.415006518363952637e-01
9.556283950805664062e-01
1.031532883644104004e-01
3.488155305385589600e-01
-5.361180901527404785e-01
-1.693007349967956543e+00
9.014041423797607422e-01
7.084189057350158691e-01
8.571263551712036133e-01
-5.964729785919189453e-01
1.315464854240417480e+00
-1.500379204750061035e+00
-6.111047863960266113e-01
-6.919855475425720215e-01
2.028845846652984619e-01
1.378335654735565186e-01
3.613249957561492920e-01
4.340160191059112549e-01
-3.453187346458435059e-01
-1.253203988075256348e+00
2.018850803375244141e+00
-3.879794180393218994e-01
5.345420837402343750e-01
5.531994700431823730e-01
-1.991868853569030762e+00
-7.047201991081237793e-01
4.761310815811157227e-01
1.293365359306335449e+00
-1.307063102722167969e+00
-1.248973846435546875e+00
-6.220633387565612793e-01
9.215199947357177734e-01
2.973151504993438721e-01
7.645511627197265625e-02
-1.092921972274780273e+00
3.549963235855102539e-01
5.597503185272216797e-01
-3.876307979226112366e-02
9.769386798143386841e-02
-5.573526024818420410e-01
1.095093369483947754e+00
-9.680504202842712402e-01
2.594692409038543701e-01
-1.074904561042785645e+00
-8.574813604354858398e-01
-7.686805725097656250e-01
1.632554292678833008e+00
-1.206852793693542480e+00
-1.737125515937805176e+00
9.378117322921752930e-02
7.324046492576599121e-01
8.069744110107421875e-01
3.609782457351684570e-01
-3.067867457866668701e-01
3.395208120346069336e-01
-2.043367385864257812e+00
7.050645947456359863e-01
-1.328723970800638199e-02
1.255598515272140503e-01
-5.037929415702819824e-01
1.594009995460510254e+00
1.133808970451354980e+00
1.381169557571411133e+00
4.389854669570922852e-01
9.671211242675781250e-02
1.284296214580535889e-01
-4.534490704536437988e-01
1.075856447219848633e+00
3.231603205204010010e-01
5.413591861724853516e-01
7.465647906064987183e-02
1.260995566844940186e-01
3.286235034465789795e-01
-1.882861405611038208e-01
1.364588260650634766e+00
5.027707815170288086e-01
-3.841780424118041992e-01
1.463546156883239746e+00
-1.329311847686767578e+00
8.791754841804504395e-01
1.198277622461318970e-01
-9.163209795951843262e-01
-1.089107871055603027e+00
3.598294854164123535e-01
1.097063660621643066e+00
-1.297069311141967773e+00
6.226062774658203125e-01
1.916951239109039307e-01
1.641559898853302002e-01
-7.528296858072280884e-02
1.478948116302490234e+00
3.959897756576538086e-01
-5.986017361283302307e-02
3.682078421115875244e-02
-1.551199555397033691e+00
3.130176365375518799e-01
1.110184550285339355e+00
-2.218425720930099487e-01
1.783677339553833008e+00
-1.992715746164321899e-01
-3.871138989925384521e-01
-1.770786941051483154e-01
-4.117214381694793701e-01
1.194721221923828125e+00
-1.173771098256111145e-01
-5.767616629600524902e-01
-3.998837172985076904e-01
-1.149967551231384277e+00
-1.077895283699035645e+00
9.867977499961853027e-01
1.584367990493774414e+00
5.121344327926635742e-01
-2.536450624465942383e-01
1.073063254356384277e+00
1.733002424240112305e+00
1.725005209445953369e-01
1.048927307128906250e+00
-2.430596351623535156e-01
4.776979088783264160e-01
-9.954935312271118164e-02
1.698598563671112061e-01
-9.366436004638671875e-01
1.724213838577270508e+00
7.713642716407775879e-01
1.030591964721679688e+00
1.339293479919433594e+00
-8.443547785282135010e-02
5.136639475822448730e-01
-8.348290920257568359e-01
8.012087941169738770e-01
2.093226760625839233e-01
-9.841746687889099121e-01
1.156561017036437988e+00
1.113536834716796875e+00
-9.625186324119567871e-01
-1.695909619331359863e+00
7.708843350410461426e-01
3.706369400024414062e-01
1.776984632015228271e-01
5.591895580291748047e-01
6.928566694259643555e-01
-4.157821238040924072e-01
7.788380384445190430e-01
1.099659204483032227e-01
4.034822881221771240e-01
6.369410157203674316e-01
6.875653862953186035e-01
-1.331324100494384766e+00
-1.650958299636840820e+00
-1.963281393051147461e+00
7.599847316741943359e-01
1.598770141601562500e+00
9.953638911247253418e-01
-6.938097476959228516e-01
3.943768516182899475e-02
2.579112350940704346e-01
-4.038772583007812500e-01
1.499051213264465332e+00
-2.554451227188110352e-01
1.132776260375976562e+00
-9.264723956584930420e-02
1.153305530548095703e+00
-9.025487899780273438e-01
-6.617363691329956055e-01
-1.388168185949325562e-01
8.267760872840881348e-01
-1.010929226875305176e+00
-1.037060737609863281e+00
-5.012109875679016113e-01
1.432841539382934570e+00
4.451720416545867920e-01
1.176787734031677246e+00
-2.553642094135284424e-01
5.178590416908264160e-01
9.265361428260803223e-01
5.579602718353271484e-01
4.145827293395996094e-01
-6.943448632955551147e-02
8.889306187629699707e-01
4.700660109519958496e-01
9.452430903911590576e-02
4.035189151763916016e-01
-6.187832951545715332e-01
1.024495601654052734e+00
1.433166414499282837e-01
1.117317557334899902e+00
-1.202837526798248291e-01
-2.373555302619934082e-01
-1.489624857902526855e+00
-1.743280887603759766e-02
1.028917506337165833e-01
1.190393567085266113e+00
-8.564721941947937012e-01
-1.433219015598297119e-01
-1.227453351020812988e+00
-3.020949363708496094e+00
1.146447584033012390e-01
9.239602088928222656e-01
1.505165249109268188e-01
-1.879931569099426270e+00
1.109397530555725098e+00
1.466137468814849854e-01
-5.196928381919860840e-01
-3.755432367324829102e-01
1.322772447019815445e-02
-7.161121368408203125e-01
5.486791133880615234e-01
-1.769159436225891113e-01
-4.063575863838195801e-01
-1.099266529083251953e+00
-6.714283823966979980e-01
1.333729743957519531e+00
1.554912567138671875e+00
-9.083492755889892578e-01
6.498951464891433716e-02
2.389383912086486816e-01
8.391495347023010254e-01
-8.662905097007751465e-01
-2.555386722087860107e-01
-5.986524820327758789e-01
-2.063517808914184570e+00
-7.580558061599731445e-01
-3.642532825469970703e-01
2.229798734188079834e-01
-9.374906420707702637e-01
-2.066695690155029297e-01
2.306283712387084961e-01
-3.049528300762176514e-01
-1.031810402870178223e+00
5.449270009994506836e-01
2.069855451583862305e+00
-1.317442893981933594e+00
-4.318682551383972168e-01
-7.542686462402343750e-01
9.557612538337707520e-01
8.825469613075256348e-01
6.568263173103332520e-01
-1.009694814682006836e+00
1.586792021989822388e-01
1.158950805664062500e+00
1.188598036766052246e+00
-3.724549114704132080e-01
4.502138867974281311e-02
-3.613460361957550049e-01
4.595110416412353516e-01
-1.192847490310668945e+00
2.211704105138778687e-01
-8.085493445396423340e-01
-7.072106599807739258e-01
3.955217897891998291e-01
-9.929851889610290527e-01
-2.142851829528808594e+00
-3.660536706447601318e-01
5.175231695175170898e-01
5.243192911148071289e-01
1.478519439697265625e+00
1.299604773521423340e+00
-4.657864868640899658e-01
-1.504535228013992310e-01
-1.472685456275939941e+00
-1.736960530281066895e+00
-9.835708141326904297e-01
2.573222637176513672e+00
-6.606894731521606445e-02
-1.362998604774475098e+00
1.168352842330932617e+00
5.945453047752380371e-01
-5.826159715652465820e-01
-3.613503873348236084e-01
8.685595989227294922e-01
7.453956007957458496e-01
-1.476826310157775879e+00
-2.403667420148849487e-01
-5.503624081611633301e-01
9.648881107568740845e-02
-9.110339879989624023e-01
-3.307500779628753662e-01
-4.702820479869842529e-01
-5.728189349174499512e-01
7.363298535346984863e-01
1.024078130722045898e+00
-1.372049897909164429e-01
4.276657104492187500e-01
2.548433244228363037e-01
-5.113277435302734375e-01
-6.061940193176269531e-01
1.976049542427062988e-01
-3.725102245807647705e-01
-3.108020424842834473e-01
1.154399394989013672e+00
8.442123532295227051e-01
-1.282863736152648926e+00
-7.255482077598571777e-01
9.329350292682647705e-02
-1.027531027793884277e-01
-2.618404328823089600e-01
4.350291788578033447e-01
8.296822905540466309e-01
6.854597013443708420e-04
-7.764354348182678223e-01
-9.291812777519226074e-02
6.188420653343200684e-01
1.911750555038452148e+00
-1.322923660278320312e+00
-4.900286197662353516e-01
4.940850138664245605e-01
2.179270535707473755e-01
-3.127504885196685791e-01
-1.552070021629333496e+00
8.792751431465148926e-01
9.370625615119934082e-01
-5.136933550238609314e-02
-6.994730234146118164e-02
-5.577067136764526367e-01
2.704300545156002045e-02
4.739494994282722473e-03
-8.712357878684997559e-01
1.428321242332458496e+00
-9.215682744979858398e-01
-3.157416105270385742e+00
-3.496992290019989014e-01
6.409943103790283203e-01
-6.305989623069763184e-01
9.729641675949096680e-01
8.873703191056847572e-04
3.002666711807250977e+00
-5.416127443313598633e-01
-7.935457676649093628e-02
-1.912737190723419189e-01
-7.952538728713989258e-01
1.582087039947509766e+00
-2.018125914037227631e-02
-4.929880797863006592e-01
6.326855160295963287e-03
-6.724797487258911133e-01
-1.455971002578735352e-01
4.011616706848144531e-01
9.245324730873107910e-01
1.108078479766845703e+00
4.952193498611450195e-01
4.510573297739028931e-02
1.304403901100158691e+00
-5.180396437644958496e-01
-9.845962524414062500e-01
-5.591473579406738281e-01
5.167500972747802734e-01
-1.337763816118240356e-01
-7.116633057594299316e-01
8.015193939208984375e-01
7.244621217250823975e-02
-1.599323153495788574e+00
5.535283088684082031e-01
2.464841455221176147e-01
9.658943861722946167e-02
1.078702092170715332e+00
1.418305516242980957e+00
6.616365313529968262e-01
1.869421899318695068e-01
-1.656821846961975098e+00
-2.429198473691940308e-02
-8.662326633930206299e-02
3.169277310371398926e-01
-2.449657618999481201e-01
9.317768216133117676e-01
-9.433942437171936035e-01
-4.142398536205291748e-01
-1.102835237979888916e-01
5.667383670806884766e-01
-4.805778563022613525e-01
-1.093475520610809326e-01
4.607108533382415771e-01
6.763865351676940918e-01
-1.007790267467498779e-01
-9.864462018013000488e-01
-3.134500235319137573e-02
-6.175414919853210449e-01
-6.738933920860290527e-01
3.960806429386138916e-01
3.146631717681884766e-01
-2.072279602289199829e-01
-3.118060529232025146e-01
-2.038593292236328125e+00
9.203463196754455566e-01
-7.809124886989593506e-02
1.883943378925323486e-01
-2.468530684709548950e-01
-5.501454830169677734e+00
3.486831113696098328e-02
-7.747945785522460938e-01
2.317389249801635742e-01
8.628355860710144043e-01
-4.870752096176147461e-01
-5.547543168067932129e-01
3.142737969756126404e-02
7.121822237968444824e-01
-1.813017129898071289e-01
4.877945184707641602e-01
-8.533543944358825684e-01
-5.362618565559387207e-01
-1.866156339645385742e+00
2.037865877151489258e+00
1.281608819961547852e+00
-1.333212852478027344e-01
1.056514263153076172e+00
5.529562950134277344e+00
-3.815923035144805908e-01
-4.966646194458007812e+00
1.831232070922851562e+00
-1.745640873908996582e+00
5.707888603210449219e-01
-2.644301354885101318e-01
2.978322803974151611e-01
1.921611070632934570e+00
4.569542035460472107e-02
-1.698198795318603516e+00
1.139049887657165527e+00
-1.908409595489501953e+00
-1.069157361984252930e+00
1.101569533348083496e+00
-2.150839120149612427e-01
1.360818505287170410e+00
4.647566080093383789e-01
7.603456377983093262e-01
-1.781226158142089844e+00
-4.891704618930816650e-01
1.178506314754486084e-01
1.693476915359497070e+00
9.826819598674774170e-02
-8.315200805664062500e-01
-1.136179566383361816e+00
1.832931488752365112e-02
-7.626290321350097656e-01
-5.269429832696914673e-02
-1.483173012733459473e+00
-5.116254091262817383e-01
-3.412865400314331055e-01
1.143935441970825195e+00
2.026865720748901367e+00
-3.452031612396240234e-01
1.013480663299560547e+00
-8.440477848052978516e-01
1.648524999618530273e+00
7.368461489677429199e-01
3.730253502726554871e-02
6.170980334281921387e-01
4.599893689155578613e-01
3.495213091373443604e-01
1.051213979721069336e+00
1.098722577095031738e+00
-6.518564224243164062e-01
-3.502940833568572998e-01
-9.675654768943786621e-01
-1.336872339248657227e+00
1.288510203361511230e+00
-3.388222455978393555e+00
-2.793662250041961670e-01
-2.838618755340576172e+00
-7.902143597602844238e-01
-2.053167223930358887e-01
-3.508420288562774658e-01
4.795815348625183105e-01
7.931146025657653809e-02
6.339825391769409180e-01
-2.400036156177520752e-01
-1.027419805526733398e+00
-1.002089023590087891e+00
