1.527719616889953613e+00
-2.097813487052917480e-01
-1.961535960435867310e-01
-3.538566231727600098e-01
-5.549967885017395020e-01
-1.621587157249450684e+00
7.832813858985900879e-01
-1.340083032846450806e-01
-1.028900980949401855e+00
-6.605012416839599609e-01
-7.797731459140777588e-02
1.017862837761640549e-02
6.484374403953552246e-01
5.444331094622612000e-02
2.011660039424896240e-01
-1.576651692390441895e+00
4.739028811454772949e-01
8.049395680427551270e-01
-1.954590678215026855e-01
1.348154187202453613e+00
8.430103659629821777e-01
-2.573415935039520264e-01
8.176063895225524902e-01
-6.724692583084106445e-01
3.986881077289581299e-01
-7.165896296501159668e-01
6.419125199317932129e-02
1.029226258397102356e-01
-1.498545646667480469e+00
5.105841755867004395e-01
-8.430205583572387695e-01
-1.121270179748535156e+00
1.291885673999786377e-01
6.113354563713073730e-01
-7.629911899566650391e-01
-5.868723988533020020e-01
-4.163820743560791016e-01
-1.761395573616027832e+00
-1.162997074425220490e-02
6.482495069503784180e-01
-3.454897403717041016e-01
-3.159919381141662598e-01
-2.392909973859786987e-01
-7.072507590055465698e-02
-5.416380986571311951e-02
-1.399141848087310791e-01
-1.410691291093826294e-01
5.333585739135742188e-01
5.543234944343566895e-01
9.145860671997070312e-01
1.301755309104919434e-01
6.859698146581649780e-02
3.228682577610015869e-01
-1.945873498916625977e-01
-1.475994288921356201e-01
-6.674525327980518341e-03
2.370157986879348755e-01
9.248022735118865967e-02
-5.346279963850975037e-02
6.454551815986633301e-01
-2.072289288043975830e-01
9.580471515655517578e-01
1.688422799110412598e+00
-6.305359601974487305e-01
9.668809175491333008e-01
-4.104211926460266113e-01
5.743603706359863281e-01
-3.355746269226074219e-01
3.887955546379089355e-01
3.960008621215820312e-01
1.382149904966354370e-01
1.028900980949401855e+00
1.510848253965377808e-01
-3.603297770023345947e-01
-7.727426290512084961e-01
1.342007219791412354e-01
3.809534013271331787e-02
3.397406339645385742e-01
2.099665105342864990e-01
7.087389230728149414e-01
-8.877505660057067871e-01
7.101334333419799805e-01
-1.082920551300048828e+00
-5.044630765914916992e-01
-4.198961853981018066e-01
7.996910810470581055e-01
-1.846835732460021973e+00
-2.195889204740524292e-01
7.292222380638122559e-01
-5.433132052421569824e-01
-4.685899913311004639e-01
-9.566766619682312012e-01
-9.305182695388793945e-01
1.778355240821838379e-01
-4.899380505084991455e-01
1.160524964332580566e+00
3.192576766014099121e-01
-4.604397118091583252e-01
9.741009771823883057e-02
4.363861680030822754e-01
-1.361190319061279297e+00
-7.983531802892684937e-02
1.625476628541946411e-01
-2.723195552825927734e-01
-1.172085881233215332e+00
-1.200051069259643555e+00
-1.150966644287109375e+00
3.306581377983093262e-01
3.588017523288726807e-01
-5.080256462097167969e-01
5.288524031639099121e-01
-2.343698292970657349e-01
-9.528743624687194824e-01
4.299626350402832031e-01
2.436091005802154541e-01
6.399267315864562988e-01
3.313817977905273438e-01
6.369624733924865723e-01
-9.556316137313842773e-01
1.945035308599472046e-01
-2.146230190992355347e-01
-3.426634967327117920e-01
-1.497117638587951660e+00
9.196158051490783691e-01
3.025570213794708252e-01
-2.545316815376281738e-01
1.087354063987731934e+00
1.504037976264953613e-01
-9.395321011543273926e-01
7.253555059432983398e-01
-3.064767271280288696e-02
-7.942532002925872803e-02
-7.467082887887954712e-02
-9.860540032386779785e-01
-1.615446805953979492e-01
5.788363143801689148e-02
2.851093113422393799e-01
-6.025741696357727051e-01
-1.036226153373718262e+00
1.163638234138488770e+00
9.535489976406097412e-02
1.292279362678527832e+00
-8.265337673947215080e-04
3.668382465839385986e-01
-9.938408136367797852e-01
-3.740237057209014893e-01
1.795502603054046631e-01
-1.158175915479660034e-01
1.212770581245422363e+00
-8.006723523139953613e-01
1.092402562499046326e-01
-3.139969110488891602e-01
1.059731364250183105e+00
-9.717289358377456665e-02
2.919282615184783936e-01
6.766464114189147949e-01
-6.262444257736206055e-01
7.459382712841033936e-02
-8.375129699707031250e-01
4.257642030715942383e-01
8.044874072074890137e-01
-7.325354218482971191e-01
2.621884047985076904e-01
-6.063617467880249023e-01
-1.461719572544097900e-01
6.176335811614990234e-01
-8.688390254974365234e-01
3.344513475894927979e-02
6.357117742300033569e-02
1.642391979694366455e-01
-1.154892325401306152e+00
-1.193283438682556152e+00
-1.131478786468505859e+00
1.229256629943847656e+00
3.260507714003324509e-03
-4.380987286567687988e-01
2.700687050819396973e-01
1.245107650756835938e-01
-4.429707229137420654e-01
7.625019550323486328e-01
-1.298104405403137207e+00
-4.453039765357971191e-01
1.713467761874198914e-03
-4.771693050861358643e-01
3.797099888324737549e-01
-1.349683105945587158e-01
-9.894072413444519043e-01
-2.379834055900573730e-01
6.915122270584106445e-01
-7.792863249778747559e-01
8.009669780731201172e-01
1.167355626821517944e-01
-6.953387856483459473e-01
7.327844500541687012e-01
-1.249464631080627441e+00
1.537412256002426147e-01
-7.265266180038452148e-01
-4.923270046710968018e-01
-3.009940385818481445e-01
3.979516774415969849e-02
1.141373142600059509e-01
1.509345054626464844e+00
-3.686333894729614258e-01
-1.394085884094238281e+00
3.152650594711303711e-01
-7.273303270339965820e-01
3.380807042121887207e-01
6.709861010313034058e-02
8.738631010055541992e-01
-1.128678321838378906e+00
1.333992242813110352e+00
-5.714535713195800781e-01
1.638611555099487305e+00
4.650993049144744873e-01
-4.963793754577636719e-01
1.607373595237731934e+00
-6.421524882316589355e-01
-9.856812953948974609e-01
-1.063082337379455566e+00
1.045281812548637390e-01
2.861060798168182373e-01
6.929337382316589355e-01
9.687632322311401367e-02
-6.044574826955795288e-02
2.505627870559692383e-01
3.027538955211639404e-01
3.314962089061737061e-01
-2.795040607452392578e-01
-4.199815094470977783e-01
-2.030688524246215820e+00
4.700669646263122559e-01
-2.866914272308349609e-01
-7.684536576271057129e-01
6.532584428787231445e-01
1.211234688758850098e+00
9.230822920799255371e-01
-1.778483092784881592e-01
-1.103753805160522461e+00
3.070435225963592529e-01
6.753590703010559082e-01
1.330640465021133423e-01
-4.203344285488128662e-01
-1.898756504058837891e+00
1.319988846778869629e+00
-7.524164319038391113e-01
-1.310779213905334473e+00
-3.057919144630432129e-01
4.713467657566070557e-01
7.730953097343444824e-01
-6.449832916259765625e-01
-1.561187356710433960e-01
-4.180734753608703613e-01
-9.067675471305847168e-01
-4.407760202884674072e-01
-6.912094950675964355e-01
-7.262079119682312012e-01
4.947777051711454988e-05
4.966858625411987305e-01
1.354748904705047607e-01
4.101120531558990479e-01
1.307721585035324097e-01
9.554497003555297852e-01
7.255307435989379883e-01
3.627007454633712769e-02
2.434739470481872559e-01
9.315809011459350586e-01
2.136749744415283203e+00
2.136306166648864746e-01
2.394715070724487305e+00
-2.004504203796386719e-01
9.079813361167907715e-01
1.380296826362609863e+00
-1.635698080062866211e-01
1.004735469818115234e+00
-1.411264240741729736e-01
8.084648251533508301e-01
-1.986159384250640869e-01
-6.151027679443359375e-01
6.692360639572143555e-01
-1.155860185623168945e+00
1.039697304368019104e-01
-3.923216462135314941e-01
2.268989682197570801e-01
-8.954430371522903442e-02
6.593448519706726074e-01
1.828091293573379517e-01
4.021013975143432617e-01
1.815189123153686523e-01
1.479517668485641479e-01
-1.111266538500785828e-01
-8.715283870697021484e-01
-1.314801275730133057e-01
3.861288428306579590e-01
1.547457724809646606e-01
1.051312088966369629e+00
1.240307837724685669e-01
6.350676417350769043e-01
-1.633335500955581665e-01
3.870089054107666016e-01
3.660398125648498535e-01
1.065934151411056519e-01
-7.561386227607727051e-01
2.520047724246978760e-01
9.107667952775955200e-02
-3.031641244888305664e-01
2.970331311225891113e-01
-4.789065197110176086e-02
-7.238299846649169922e-01
4.671819135546684265e-02
-8.230726718902587891e-01
-1.338735461235046387e+00
-8.306532502174377441e-01
-5.734059810638427734e-01
-4.212508797645568848e-01
-9.158761501312255859e-01
-5.307829380035400391e-01
2.498484253883361816e-01
1.105361461639404297e+00
1.312442064285278320e+00
4.476756453514099121e-01
-1.373239398002624512e+00
5.929483771324157715e-01
1.640477180480957031e+00
3.936979174613952637e-01
-1.271105527877807617e+00
-3.956544399261474609e-02
-1.405412077903747559e+00
7.043878436088562012e-01
-1.541975140571594238e+00
3.948200047016143799e-01
-7.719113677740097046e-02
-4.267424046993255615e-01
2.878384590148925781e-01
3.436978161334991455e-01
-5.822777748107910156e-01
-2.886141836643218994e-01
8.918651938438415527e-01
-1.407643556594848633e+00
7.118470072746276855e-01
-1.079946994781494141e+00
-4.470465779304504395e-01
-1.966367959976196289e-01
4.612642526626586914e-01
-1.432645559310913086e+00
-1.343806505203247070e+00
2.858119904994964600e-01
-8.090422749519348145e-01
5.516300797462463379e-01
-7.523902654647827148e-01
-6.041208505630493164e-01
-5.585235953330993652e-01
1.430207937955856323e-01
-4.147282987833023071e-02
-2.962546110153198242e+00
-7.446194887161254883e-01
-1.000558257102966309e+00
-1.446638554334640503e-01
-1.069343090057373047e+00
5.403784513473510742e-01
1.234619259834289551e+00
-1.780724525451660156e-01
5.318404361605644226e-02
-1.784859746694564819e-01
7.407885789871215820e-01
-2.364154011011123657e-01
-1.811000634916126728e-03
1.394780635833740234e+00
3.167151808738708496e-01
4.414727687835693359e-01
1.036152243614196777e+00
2.040953636169433594e-01
1.219939351081848145e+00
-1.772121191024780273e+00
1.582921028137207031e+00
2.726922333240509033e-01
-6.843799352645874023e-01
-2.365897417068481445e+00
4.322935044765472412e-01
-5.886827111244201660e-01
5.115983486175537109e-01
-3.465948626399040222e-02
9.557400345802307129e-01
-4.109897837042808533e-02
-5.781925320625305176e-01
-5.124853849411010742e-01
-1.799138933420181274e-01
6.285744309425354004e-01
-1.292153894901275635e-01
9.883761405944824219e-01
1.987575143575668335e-01
1.019776582717895508e+00
6.869753599166870117e-01
1.210297226905822754e+00
-5.552747845649719238e-01
1.220599532127380371e+00
-9.507276117801666260e-02
-1.948929190635681152e+00
-4.611134827136993408e-01
-4.225824177265167236e-01
-6.598413586616516113e-01
-1.882050931453704834e-01
-1.702640175819396973e+00
2.423108667135238647e-01
2.266035676002502441e-01
-3.921909928321838379e-01
1.161305189132690430e+00
-7.098367810249328613e-01
3.153114616870880127e-01
-4.808408915996551514e-01
-8.544276356697082520e-01
-1.073067039251327515e-01
3.169890940189361572e-01
5.664879679679870605e-01
6.063918471336364746e-01
9.445561766624450684e-01
1.098116874694824219e+00
-9.824975728988647461e-01
-4.653336107730865479e-01
-5.242172479629516602e-01
1.702297329902648926e+00
-2.936149835586547852e-01
-1.863823413848876953e+00
6.443215012550354004e-01
-4.948520362377166748e-01
-1.029944300651550293e+00
4.619041085243225098e-01
-1.139814138412475586e+00
-7.185784578323364258e-01
-1.409964323043823242e+00
-3.426116704940795898e-01
-1.028554863296449184e-03
6.211731433868408203e-01
4.355847835540771484e-01
-7.733239531517028809e-01
-5.487468838691711426e-01
3.035919964313507080e-01
7.036453485488891602e-01
7.715853452682495117e-01
-2.726831734180450439e-01
-3.903803229331970215e-02
-3.063110113143920898e-01
1.097520828247070312e+00
-4.126847386360168457e-01
5.112187862396240234e-01
-2.114566415548324585e-02
-2.037042230367660522e-01
-8.315619081258773804e-03
7.208243012428283691e-01
-6.824945807456970215e-01
-9.174474477767944336e-01
5.291468501091003418e-01
7.534360885620117188e-02
1.067572757601737976e-01
-2.550310492515563965e-01
-9.116685986518859863e-01
1.019042432308197021e-01
1.524324536323547363e+00
-3.758636116981506348e-01
-1.036605358123779297e+00
-6.658622622489929199e-02
4.585877656936645508e-01
1.445142745971679688e+00
-6.090736389160156250e-01
1.176489517092704773e-02
7.396157979965209961e-01
-9.600530266761779785e-01
-1.973160654306411743e-01
3.963327407836914062e-01
2.211971580982208252e-01
7.856561988592147827e-02
2.409378252923488617e-02
7.491975426673889160e-01
-6.131548285484313965e-01
8.912059664726257324e-02
-5.996466875076293945e-01
8.321678042411804199e-01
-1.167149320244789124e-01
2.636865377426147461e-01
-1.383603096008300781e+00
6.585910320281982422e-01
1.052898317575454712e-01
1.667368598282337189e-02
-1.038569092750549316e+00
4.585760533809661865e-01
8.485694974660873413e-02
-1.681903451681137085e-01
6.373464465141296387e-01
3.525823950767517090e-01
-4.410140216350555420e-01
9.105790257453918457e-01
-1.140268325805664062e+00
1.410072803497314453e+00
8.415113687515258789e-01
8.001159429550170898e-01
-8.231052160263061523e-01
9.564139842987060547e-01
7.890660166740417480e-01
-2.781577348709106445e+00
5.991564989089965820e-01
3.622237741947174072e-01
-2.388556674122810364e-02
-3.179139494895935059e-01
-7.121146321296691895e-01
3.490920737385749817e-02
-8.000351786613464355e-01
5.206241607666015625e-01
-6.829490661621093750e-01
-2.224329113960266113e-02
-2.494954824447631836e+00
1.224847435951232910e+00
3.365905880928039551e-01
-9.899582266807556152e-01
-7.653390169143676758e-01
-6.616359353065490723e-01
7.343931198120117188e-01
6.191393136978149414e-01
-2.869730293750762939e-01
-2.101197689771652222e-01
-8.059387207031250000e-01
-8.631932735443115234e-01
4.211170375347137451e-01
-8.308935761451721191e-01
-2.025882244110107422e+00
-1.978538632392883301e-01
6.895891577005386353e-02
-1.323092430830001831e-01
2.091526389122009277e-01
4.276894032955169678e-01
8.378539085388183594e-01
-9.760619997978210449e-01
2.737863361835479736e-01
5.028606057167053223e-01
7.562254071235656738e-01
-1.259074568748474121e+00
-9.270989298820495605e-01
-2.285007387399673462e-01
2.936357259750366211e-01
-3.539570271968841553e-01
-1.397223174571990967e-01
-2.429780215024948120e-01
3.549900650978088379e-01
2.787156999111175537e-01
-2.542805075645446777e-01
-1.633426696062088013e-01
9.477281570434570312e-01
4.709474742412567139e-01
2.712469696998596191e-01
4.751899540424346924e-01
4.962309300899505615e-01
2.911677658557891846e-01
-6.935980916023254395e-02
5.184664726257324219e-01
-1.334647297859191895e+00
-1.082123994827270508e+00
3.953557908535003662e-01
7.751164436340332031e-01
-1.328680515289306641e+00
1.138977527618408203e+00
-5.308116078376770020e-01
-5.022225379943847656e-01
-3.784891366958618164e-01
3.972074389457702637e-01
3.099137842655181885e-01
-6.355118155479431152e-01
1.026130914688110352e+00
-1.106972843408584595e-01
2.679131738841533661e-02
2.268697977066040039e+00
6.083741784095764160e-01
-1.119620427489280701e-01
1.801707625389099121e+00
4.613017141819000244e-01
3.988349735736846924e-01
-3.095254302024841309e-01
4.314522817730903625e-02
-6.684921979904174805e-01
-2.379988133907318115e-01
-4.289031624794006348e-01
1.344448685646057129e+00
-4.993581771850585938e-01
-8.918175697326660156e-01
5.575293898582458496e-01
-3.293060958385467529e-01
3.273618817329406738e-01
-3.827750682830810547e-01
-6.455592513084411621e-01
-8.298811316490173340e-01
-1.806806325912475586e-01
-3.906697034835815430e-01
-2.784081101417541504e-01
-1.881950348615646362e-01
4.886976778507232666e-01
5.470821857452392578e-01
4.381575286388397217e-01
5.908378362655639648e-01
-7.501199245452880859e-01
7.406872510910034180e-01
-1.501235604286193848e+00
3.971977233886718750e-01
6.321260929107666016e-01
7.324509620666503906e-01
-4.679684340953826904e-01
2.832254171371459961e-01
6.110579371452331543e-01
1.262268424034118652e+00
-1.213313579559326172e+00
-8.196266293525695801e-01
-1.112483501434326172e+00
-1.139350235462188721e-01
6.321749091148376465e-01
-1.457677185535430908e-01
-2.390521913766860962e-01
-3.242832608520984650e-03
-1.281102746725082397e-01
-6.882955431938171387e-01
-5.244579315185546875e-01
1.108935289084911346e-02
-1.599942445755004883e+00
4.086714237928390503e-03
1.747775822877883911e-01
-1.476556539535522461e+00
-7.240737229585647583e-02
-1.236680865287780762e+00
4.380506277084350586e-01
-1.016667366027832031e+00
9.600217938423156738e-01
7.073577642440795898e-01
8.444520831108093262e-01
2.290970981121063232e-01
-6.261903792619705200e-02
3.705376386642456055e-01
-8.325897902250289917e-02
7.737509012222290039e-01
6.892800331115722656e-01
1.343808919191360474e-01
1.366314142942428589e-01
7.595474123954772949e-01
-6.157414913177490234e-01
1.373470187187194824e+00
-1.004307508468627930e+00
2.404875755310058594e+00
9.403886795043945312e-01
-1.689541697502136230e+00
8.611884117126464844e-01
-5.100901126861572266e-01
4.861596584320068359e+00
-2.939837276935577393e-01
9.338992834091186523e-02
1.624809026718139648e+00
-7.391083836555480957e-01
-4.663922488689422607e-01
3.327981233596801758e-01
-1.111744046211242676e+00
4.989351034164428711e-01
1.825155466794967651e-01
-6.240909695625305176e-01
-4.484925568103790283e-01
-7.116628289222717285e-01
1.118185043334960938e+00
2.318171262741088867e-01
-6.295594852417707443e-03
3.123508989810943604e-01
-3.378586769104003906e-01
-1.186889186501502991e-01
-1.887961030006408691e-01
1.220726609230041504e+00
4.904757738113403320e-01
1.048518776893615723e+00
4.133265912532806396e-01
-1.102783441543579102e+00
-5.141600593924522400e-02
7.880198955535888672e-01
4.288786649703979492e-01
8.573547601699829102e-01
5.067362189292907715e-01
-1.404866337776184082e+00
4.156362414360046387e-01
-5.459458231925964355e-01
5.832372307777404785e-01
-1.364834308624267578e+00
4.459168314933776855e-01
-3.606608211994171143e-01
-5.025774836540222168e-01
4.053619503974914551e-01
-4.544739127159118652e-01
-1.522115230560302734e+00
-7.961446046829223633e-01
-4.848604202270507812e-01
-3.617089748382568359e+00
1.755659431219100952e-01
-2.384935505688190460e-02
-1.336547732353210449e-01
6.688194274902343750e-01
-6.502148509025573730e-01
-2.889963388442993164e-01
2.234902977943420410e-01
3.607017695903778076e-01
4.947673380374908447e-01
-9.110906720161437988e-01
2.446544617414474487e-01
-1.948840916156768799e-01
-4.771463274955749512e-01
-2.380873918533325195e+00
1.308977603912353516e-01
6.602413654327392578e-01
-1.826099753379821777e-01
3.369037389755249023e+00
-5.767766833305358887e-01
-8.212049007415771484e-01
6.573563218116760254e-01
9.259014129638671875e-01
-2.960637956857681274e-02
-6.349271535873413086e-01
-1.199690625071525574e-01
-4.398142099380493164e-01
-2.970196306705474854e-01
4.663893580436706543e-01
-9.473721981048583984e-01
2.155170291662216187e-01
6.986782550811767578e-01
-7.441095709800720215e-01
-3.404369056224822998e-01
-8.070989251136779785e-01
1.152030825614929199e+00
-1.936243474483489990e-02
-1.228622317314147949e+00
-1.581281125545501709e-01
3.352078795433044434e-01
6.194059848785400391e-01
-6.832639575004577637e-01
4.587756693363189697e-01
-1.741784334182739258e+00
-1.827897578477859497e-01
-4.901508390903472900e-01
1.381517648696899414e+00
-1.782746315002441406e-01
-2.480153590440750122e-01
8.290150165557861328e-01
7.891486287117004395e-01
-5.704272389411926270e-01
-6.186263561248779297e-01
-1.319161534309387207e+00
-1.084719784557819366e-02
1.676125526428222656e+00
1.126058578491210938e+00
-1.019309163093566895e+00
5.533674359321594238e-01
-4.056909680366516113e-02
5.229782462120056152e-01
1.945228874683380127e-01
1.075498819351196289e+00
-3.342725038528442383e-01
-7.342717796564102173e-02
8.546625375747680664e-01
-1.190491199493408203e+00
-1.039951518177986145e-01
1.176260709762573242e-01
-8.702760934829711914e-01
-2.756768651306629181e-02
6.300479173660278320e-01
-2.133206725120544434e-01
2.736135125160217285e-01
-9.573476314544677734e-01
-3.220158219337463379e-01
-6.853401660919189453e-01
-1.010012745857238770e+00
-2.706311345100402832e-01
-1.975492686033248901e-01
