3.982135951519012451e-01
2.565680742263793945e-01
-9.079743027687072754e-01
3.636630773544311523e-01
-1.910468488931655884e-01
1.277980059385299683e-01
-9.519422054290771484e-01
1.179503798484802246e-01
-7.458469271659851074e-01
-7.869331240653991699e-01
1.788214594125747681e-01
-8.663352131843566895e-01
4.699049293994903564e-01
8.481679558753967285e-01
2.158386707305908203e-01
-1.539601564407348633e+00
-4.981234073638916016e-01
4.956520721316337585e-02
-1.622387468814849854e-01
3.055307269096374512e-01
-1.287704706192016602e-01
1.164763092994689941e+00
1.593362808227539062e+00
4.514092504978179932e-01
3.289991319179534912e-01
-1.374354720115661621e+00
2.393939793109893799e-01
1.179991662502288818e-01
-4.304244518280029297e-01
4.979363679885864258e-01
-1.973327636718750000e+00
6.200324892997741699e-01
-9.404737353324890137e-01
3.135764300823211670e-01
-1.494188308715820312e+00
-1.383753657341003418e+00
2.425522804260253906e-01
-1.047359347343444824e+00
3.292154520750045776e-02
6.600111126899719238e-01
-1.399305313825607300e-01
-9.685701727867126465e-01
1.585004925727844238e-01
4.671684205532073975e-01
2.361885756254196167e-01
2.773164510726928711e-01
-2.544535323977470398e-02
2.826039493083953857e-01
2.150582671165466309e-01
2.456381320953369141e-01
1.413132697343826294e-01
-4.231011271476745605e-01
-1.324386000633239746e+00
1.260284423828125000e+00
5.334894061088562012e-01
-1.016997814178466797e+00
-6.601319909095764160e-01
-5.798401236534118652e-01
-8.493141829967498779e-02
-2.548654377460479736e-01
2.785760402679443359e+00
-6.067981123924255371e-01
1.172972440719604492e+00
7.219344377517700195e-02
-3.636805415153503418e-01
7.990244626998901367e-01
-2.521804869174957275e-01
5.937784910202026367e-01
1.115764737129211426e+00
5.475156903266906738e-01
-1.229686215519905090e-01
9.364845156669616699e-01
-6.526816487312316895e-01
3.040792644023895264e-01
-3.011280298233032227e-01
-2.990052849054336548e-02
4.669528901576995850e-01
-4.646753668785095215e-01
-1.108982786536216736e-02
-1.264641284942626953e+00
-2.390083372592926025e-01
3.676955103874206543e-01
-2.473460435867309570e+00
5.799257159233093262e-01
6.837603449821472168e-01
-6.234430894255638123e-02
-1.025448441505432129e+00
-5.588587522506713867e-01
-3.129030168056488037e-01
-3.012564778327941895e-01
-3.852735757827758789e-01
-1.995303153991699219e+00
-1.288085281848907471e-01
1.395056366920471191e+00
-1.051037669181823730e+00
6.514557003974914551e-01
-7.791190147399902344e-01
4.810249805450439453e-01
-6.759209036827087402e-01
-7.075472921133041382e-02
-3.663727045059204102e-01
-9.924626350402832031e-01
1.383515954017639160e+00
-4.973901808261871338e-01
-2.037306785583496094e+00
-7.724919915199279785e-01
-1.151211857795715332e+00
2.037545144557952881e-01
1.081565022468566895e+00
-5.895244479179382324e-01
-1.781698018312454224e-01
3.350048065185546875e-01
-1.264751195907592773e+00
5.516299009323120117e-01
-2.532815337181091309e-01
-1.111861784011125565e-02
-4.764694571495056152e-01
-1.841805696487426758e+00
7.181920409202575684e-01
5.628721117973327637e-01
1.117195725440979004e+00
-1.310945581644773483e-02
-1.754734277725219727e+00
2.140871733427047729e-01
8.326973319053649902e-01
4.860206842422485352e-01
7.193089127540588379e-01
5.336433649063110352e-01
-1.765018105506896973e+00
-8.366123437881469727e-01
-2.338018268346786499e-01
-1.293147563934326172e+00
-7.904536128044128418e-01
2.924340367317199707e-01
-1.036215782165527344e+00
-8.614488877356052399e-03
2.533880174160003662e-01
-7.985005527734756470e-02
5.004248619079589844e-01
5.047285556793212891e-01
9.158552289009094238e-01
1.096639156341552734e+00
4.774857759475708008e-01
1.125412821769714355e+00
-2.752736210823059082e-01
-1.142349839210510254e-01
-1.054209098219871521e-02
2.661783695220947266e-01
-1.105020284652709961e+00
-1.434387803077697754e+00
1.352248311042785645e+00
-1.612664610147476196e-01
9.329640865325927734e-01
-1.413404226303100586e+00
-2.911858558654785156e-01
-7.317997217178344727e-01
-8.572951555252075195e-01
1.977598369121551514e-01
-5.174967646598815918e-01
5.715967416763305664e-01
6.095060110092163086e-01
6.284735798835754395e-01
-1.284189429134130478e-02
-6.367999911308288574e-01
-8.363023400306701660e-01
-4.587320685386657715e-01
-7.503184676170349121e-01
5.280269980430603027e-01
-7.720618844032287598e-01
6.519486904144287109e-01
-7.470704317092895508e-01
7.836566865444183350e-02
-1.385992527008056641e+00
3.033463954925537109e-01
-2.735697031021118164e-01
5.194980278611183167e-02
2.100540697574615479e-01
-4.923337996006011963e-01
-1.184106707572937012e+00
5.277912020683288574e-01
4.976417422294616699e-01
6.092033386230468750e-01
2.870969288051128387e-02
3.750810623168945312e-01
4.434871375560760498e-01
-1.042969107627868652e+00
-1.256402675062417984e-02
-8.233819603919982910e-01
1.080756902694702148e+00
3.336794376373291016e-01
7.262340188026428223e-01
-9.041012525558471680e-01
6.562533378601074219e-01
4.751215502619743347e-02
1.002538502216339111e-01
1.783651113510131836e-01
-5.935167074203491211e-01
8.529356718063354492e-01
1.920329332351684570e-01
2.084624469280242920e-01
5.127742290496826172e-01
1.863964319229125977e+00
4.705579578876495361e-01
-1.272148132324218750e+00
1.517708539962768555e+00
5.004659295082092285e-01
1.159571886062622070e+00
-8.762864768505096436e-02
1.048354625701904297e+00
-9.589180350303649902e-01
5.662452578544616699e-01
-2.934601530432701111e-02
3.929865658283233643e-01
-1.514019221067428589e-01
1.012744978070259094e-01
4.839259684085845947e-01
2.235334634780883789e+00
-2.199546098709106445e-01
1.117947846651077271e-01
1.824423670768737793e-01
-7.114974260330200195e-01
1.339514017105102539e+00
1.417965590953826904e-01
9.847896695137023926e-01
4.813529253005981445e-01
-4.470113813877105713e-01
1.179744526743888855e-01
3.144046291708946228e-02
-6.251534819602966309e-02
-9.874480366706848145e-01
1.329572945833206177e-01
-1.582600474357604980e+00
7.097650170326232910e-01
-1.857596635818481445e-01
1.730161756277084351e-01
1.982728242874145508e-01
2.201477885246276855e-01
-9.468656778335571289e-01
-1.146195549517869949e-02
8.768366575241088867e-01
7.282716631889343262e-01
-8.974186778068542480e-01
-4.428025782108306885e-01
-2.045232504606246948e-01
-1.142399787902832031e+00
-2.225387096405029297e-01
6.843202710151672363e-01
1.418771028518676758e+00
1.079606890678405762e+00
6.922554373741149902e-01
1.502632945775985718e-01
-1.604244351387023926e+00
-6.126700639724731445e-01
-8.124164342880249023e-01
1.649867415428161621e+00
-5.095014572143554688e-01
-1.190457582473754883e+00
6.094677746295928955e-02
-5.522869825363159180e-01
6.055114865303039551e-01
3.094889223575592041e-01
5.626739859580993652e-01
4.159990549087524414e-01
-9.769307971000671387e-01
-1.034406542778015137e+00
3.072783946990966797e-01
2.095362842082977295e-01
6.959131956100463867e-01
1.751159548759460449e+00
4.883669912815093994e-01
3.311462104320526123e-01
5.207692459225654602e-02
-5.516955256462097168e-01
1.245800614356994629e+00
-1.531413078308105469e+00
1.065337061882019043e+00
4.951378405094146729e-01
-4.630276933312416077e-02
9.155700355768203735e-02
-5.934074521064758301e-01
2.661970555782318115e-01
-5.108779668807983398e-01
8.554930686950683594e-01
1.811690807342529297e+00
1.459111332893371582e+00
-1.064602017402648926e+00
-6.333351135253906250e-01
1.319605112075805664e-01
2.961675822734832764e-01
-1.121895074844360352e+00
-1.111111879348754883e+00
-3.896132111549377441e-01
-5.330784320831298828e-01
-1.922086477279663086e+00
1.286406993865966797e+00
7.576700299978256226e-02
-4.779009521007537842e-01
-1.766381412744522095e-01
6.149324774742126465e-01
-3.222533464431762695e-01
-5.812581256031990051e-02
-3.886685669422149658e-01
1.006737947463989258e+00
2.377250343561172485e-01
2.365992069244384766e-01
1.082025051116943359e+00
7.688082456588745117e-01
-7.229537963867187500e-01
-2.947310805320739746e-01
9.181516766548156738e-01
-2.525315999984741211e+00
-3.784447610378265381e-01
-3.737120330333709717e-01
-1.068590283393859863e+00
-7.720363736152648926e-01
2.174207717180252075e-01
9.703158736228942871e-01
8.620954155921936035e-01
7.582470774650573730e-01
-1.046587109565734863e+00
-1.332454919815063477e+00
6.343780159950256348e-01
5.387588143348693848e-01
-6.753392815589904785e-01
9.182476997375488281e-02
-3.577256798744201660e-01
-1.213093876838684082e+00
-8.458652496337890625e-01
-7.469192147254943848e-01
7.750290632247924805e-01
-1.475243121385574341e-01
3.126359730958938599e-02
1.532039523124694824e+00
1.565155148506164551e+00
2.215169072151184082e-01
5.925381779670715332e-01
-7.551358938217163086e-01
-3.199925720691680908e-01
-3.499889969825744629e-01
-5.278089642524719238e-01
-9.906805306673049927e-02
-7.906209230422973633e-01
1.078871726989746094e+00
-4.653010666370391846e-01
-2.604864239692687988e-01
1.531924307346343994e-01
-1.635539531707763672e+00
8.913860321044921875e-01
-5.293099954724311829e-02
-1.201744079589843750e+00
-9.056888818740844727e-01
6.784917414188385010e-02
-7.869689464569091797e-01
-2.615305423736572266e+00
-2.398918271064758301e-01
4.590276777744293213e-01
-1.435889124870300293e+00
-6.765884757041931152e-01
-7.534195184707641602e-01
6.109102070331573486e-02
-2.885241210460662842e-01
-8.846365213394165039e-01
1.145989418029785156e+00
-4.185790121555328369e-01
3.074926137924194336e-01
1.049039483070373535e+00
1.328583478927612305e+00
-9.938344359397888184e-02
7.196040153503417969e-01
3.730695843696594238e-01
1.255292654037475586e+00
8.732040524482727051e-01
-2.976523339748382568e-01
2.538018226623535156e+00
-3.950679600238800049e-01
-2.436213344335556030e-01
1.048636198043823242e+00
7.447214722633361816e-01
4.532749652862548828e-01
-2.902944982051849365e-01
-5.243275165557861328e-01
4.100301861763000488e-01
-5.097254514694213867e-01
-6.972262263298034668e-01
-8.408843874931335449e-01
6.743674725294113159e-02
-2.990225255489349365e-01
1.272578954696655273e+00
1.140271425247192383e+00
8.243525028228759766e-01
3.904900848865509033e-01
8.033800721168518066e-01
1.112697482109069824e+00
9.901146590709686279e-02
-2.173057049512863159e-01
-1.049075648188591003e-01
-1.839695334434509277e+00
-1.264273405075073242e+00
-2.655624784529209137e-02
-3.377868831157684326e-01
-1.107640638947486877e-01
-5.382375121116638184e-01
-2.149314135313034058e-01
3.928290009498596191e-01
1.320054411888122559e+00
3.738391995429992676e-01
-8.468223214149475098e-01
1.096750259399414062e+00
-7.070394754409790039e-01
-9.655851125717163086e-02
-2.692592144012451172e-01
2.029857337474822998e-01
-1.568947076797485352e+00
5.238825082778930664e-01
-6.747502684593200684e-01
1.394748091697692871e+00
1.367574334144592285e-01
-4.201343655586242676e-01
8.231086134910583496e-01
4.628453552722930908e-01
-2.391551882028579712e-01
-1.422543644905090332e+00
3.782725632190704346e-01
-2.201017439365386963e-01
-1.203335285186767578e+00
2.321496754884719849e-01
-4.035906791687011719e-01
3.498336374759674072e-01
-1.641670763492584229e-01
3.209332004189491272e-02
-6.812218427658081055e-01
-3.553600013256072998e-01
-4.675329923629760742e-01
-3.619629144668579102e-01
-7.552954554557800293e-01
3.126760423183441162e-01
3.099990077316761017e-02
1.277715712785720825e-01
3.253338336944580078e-01
3.479526042938232422e-01
5.945066213607788086e-01
1.370575785636901855e+00
-1.191952601075172424e-01
-7.763038873672485352e-01
1.103684067726135254e+00
-1.505416154861450195e+00
-6.690115202218294144e-03
5.561724901199340820e-01
-1.020845651626586914e+00
-1.379379153251647949e+00
-7.740161418914794922e-01
-1.221434772014617920e-01
1.471310496330261230e+00
-1.262293457984924316e+00
-6.876226067543029785e-01
-1.740425080060958862e-01
9.259302616119384766e-01
7.612812519073486328e-01
-8.609151244163513184e-01
-7.660018205642700195e-01
-5.534000396728515625e-01
-5.438184738159179688e-01
1.662510782480239868e-01
-3.830399811267852783e-01
6.822566390037536621e-01
4.834121167659759521e-01
5.317661762237548828e-01
5.284655094146728516e-01
-4.907857254147529602e-02
9.686790704727172852e-01
-1.069042205810546875e+00
-6.715931892395019531e-01
-4.720135331153869629e-01
-5.743986368179321289e-01
4.111289680004119873e-01
-5.537337660789489746e-01
1.385574936866760254e-01
-2.588910460472106934e-01
-6.808001995086669922e-01
-5.865935087203979492e-01
4.543487429618835449e-01
3.638686239719390869e-01
3.313806951045989990e-01
-5.849691480398178101e-02
2.322419174015522003e-02
-4.636421501636505127e-01
-6.571440696716308594e-01
-7.834216356277465820e-01
-7.442703247070312500e-01
1.183102279901504517e-01
6.690912842750549316e-01
6.502013206481933594e-01
5.753986239433288574e-01
1.289751052856445312e+00
-2.998838126659393311e-01
-1.841737180948257446e-01
-1.421836495399475098e+00
-2.702256202697753906e+00
6.862384080886840820e-01
7.092020511627197266e-01
4.416072964668273926e-01
-7.010683417320251465e-01
-5.507620051503181458e-02
1.117637395858764648e+00
-1.431623697280883789e+00
3.057509660720825195e-01
-2.510901987552642822e-01
1.272105574607849121e-01
-9.668719768524169922e-01
6.045666933059692383e-01
8.429404497146606445e-01
-3.314435482025146484e-01
1.519634574651718140e-01
3.425561785697937012e-01
7.078064233064651489e-02
1.649786114692687988e+00
1.334427446126937866e-01
-1.321958899497985840e+00
5.316151976585388184e-01
1.399764537811279297e+00
-7.022528052330017090e-01
-9.591928720474243164e-01
-5.609863996505737305e-01
-3.005524277687072754e-01
4.572171345353126526e-02
1.082010418176651001e-01
-8.663457036018371582e-01
5.209180116653442383e-01
2.074860036373138428e-01
-1.217172026634216309e+00
-9.768635779619216919e-02
-2.504867911338806152e-01
8.126456737518310547e-01
-1.161928176879882812e+00
5.742381215095520020e-01
-1.348197579383850098e+00
1.613819226622581482e-02
2.780187129974365234e-01
-4.132501184940338135e-01
8.943107724189758301e-02
1.683270812034606934e+00
1.115257501602172852e+00
6.164285540580749512e-01
1.454536914825439453e+00
-1.614513397216796875e-01
1.710121035575866699e-01
-2.163350731134414673e-01
1.470013618469238281e+00
-2.589090466499328613e-01
-4.099803566932678223e-01
-1.163349151611328125e-01
-7.028197497129440308e-02
-4.646552354097366333e-02
-9.739497900009155273e-01
1.001909971237182617e-01
5.902113318443298340e-01
5.676174163818359375e-01
2.471199035644531250e-01
1.031736359000205994e-01
-9.461680650711059570e-01
3.387684226036071777e-01
1.221410989761352539e+00
-3.147335350513458252e-01
1.132633015513420105e-01
-7.601618170738220215e-01
-3.889939561486244202e-02
-4.172876477241516113e-01
1.026755690574645996e+00
1.177520394325256348e+00
-4.310518503189086914e-01
1.527048230171203613e+00
-2.736434042453765869e-01
-6.565982699394226074e-01
-7.564987540245056152e-01
2.759810090065002441e-01
-1.927214115858078003e-01
-2.630537748336791992e-01
-8.523864746093750000e-01
1.409380882978439331e-01
-5.750036835670471191e-01
5.084307119250297546e-02
3.747095465660095215e-01
-1.900744438171386719e-01
1.096465229988098145e+00
-1.160331591963768005e-01
-5.397996306419372559e-01
-8.085362315177917480e-01
-5.530517101287841797e-01
-8.663784265518188477e-01
-1.345636010169982910e+00
-8.142175674438476562e-01
1.382528424263000488e+00
-4.326388835906982422e-01
4.104117862880229950e-03
1.786168813705444336e+00
1.200772047042846680e+00
1.541494250297546387e+00
8.559553027153015137e-01
-2.770641148090362549e-01
-3.893146514892578125e-01
4.949319958686828613e-01
9.772578254342079163e-03
1.197262406349182129e+00
1.381974458694458008e+00
1.865086406469345093e-01
-2.449477612972259521e-01
7.984727621078491211e-01
-6.728199124336242676e-01
-4.139897823333740234e-01
-8.775953650474548340e-01
5.880106687545776367e-01
-4.818394780158996582e-01
2.044485360383987427e-01
-4.457853138446807861e-01
-1.718257367610931396e-01
4.682097434997558594e-01
-6.061913967132568359e-01
-6.445832252502441406e-01
-2.779340147972106934e-01
-2.125684022903442383e-01
-7.305780649185180664e-01
5.440108180046081543e-01
-1.095609068870544434e+00
1.458551168441772461e+00
1.352613925933837891e+00
-3.038340806961059570e-01
-5.844333022832870483e-02
2.015922963619232178e-01
8.888890743255615234e-01
-7.560589313507080078e-01
-2.253574132919311523e-01
5.242847800254821777e-01
1.988813281059265137e+00
9.273030161857604980e-01
-5.715382695198059082e-01
-8.321628570556640625e-01
-1.349220991134643555e+00
-7.797083854675292969e-01
3.564369082450866699e-01
-4.600033760070800781e-01
6.282035112380981445e-01
-7.252188324928283691e-01
2.280090451240539551e-01
1.848308205604553223e+00
1.898700445890426636e-01
2.044261455535888672e+00
-1.159059047698974609e+00
3.890002965927124023e-01
6.444357037544250488e-01
-5.175547599792480469e-01
1.801852136850357056e-01
-3.963992595672607422e-01
7.116562724113464355e-01
1.568216681480407715e+00
7.789182662963867188e-01
-9.987785816192626953e-01
-2.495571672916412354e-01
-2.207866907119750977e+00
-3.358719348907470703e-01
4.584508836269378662e-01
-2.467705160379409790e-01
6.961886286735534668e-01
-1.588594913482666016e+00
-8.123813867568969727e-01
2.032513380050659180e+00
-3.387042880058288574e-01
4.311413168907165527e-01
3.811157345771789551e-01
6.624628305435180664e-01
-8.845691084861755371e-01
-1.166787266731262207e+00
-5.335526466369628906e-01
2.786991745233535767e-02
2.492946535348892212e-01
1.339949488639831543e+00
-6.869136691093444824e-01
3.440751433372497559e-01
-1.318569898605346680e+00
-2.014026939868927002e-01
-1.197724461555480957e+00
9.162713289260864258e-01
1.514268368482589722e-01
3.003478348255157471e-01
-2.967491447925567627e-01
-2.485144138336181641e-01
3.912652283906936646e-02
-4.900024533271789551e-01
4.819526970386505127e-01
-1.769224643707275391e+00
5.799400806427001953e-02
-1.229149699211120605e+00
-1.060654446482658386e-01
7.221542596817016602e-01
-2.132147103548049927e-01
-2.827944755554199219e-01
-2.539547383785247803e-01
-1.171264410018920898e+00
-3.503008186817169189e-01
-1.043116688728332520e+00
3.669530749320983887e-01
-1.243001341819763184e+00
1.174633875489234924e-01
-1.146193861961364746e+00
5.847966074943542480e-01
2.573453187942504883e-01
1.248572707176208496e+00
2.104113578796386719e+00
2.378199249505996704e-01
-1.762333512306213379e+00
9.289594292640686035e-01
-1.304761767387390137e+00
3.696642518043518066e-01
-5.852006673812866211e-01
-4.376915991306304932e-01
6.413222551345825195e-01
7.389807607978582382e-03
-1.325052529573440552e-01
-5.824365019798278809e-01
5.328627824783325195e-01
-4.558182880282402039e-02
-1.225096464157104492e+00
-1.555476307868957520e+00
-1.025999784469604492e+00
9.251095652580261230e-01
4.419266059994697571e-02
-8.063996434211730957e-01
6.865409668534994125e-03
6.036977767944335938e-01
-5.146713852882385254e-01
-1.186629295349121094e+00
1.382648825645446777e+00
-9.323176145553588867e-01
-8.121221661567687988e-01
9.031276106834411621e-01
5.362558364868164062e-01
2.164829730987548828e+00
-1.037461161613464355e-01
6.493397951126098633e-01
1.372579336166381836e+00
-2.168853394687175751e-02
3.134338855743408203e-01
-1.082056403160095215e+00
1.264215111732482910e+00
1.509905934333801270e+00
-7.478060722351074219e-01
-1.471649110317230225e-01
-2.071396708488464355e-01
1.408888846635818481e-01
8.608052730560302734e-01
1.009385362267494202e-01
3.905592262744903564e-01
2.118394970893859863e-01
-1.067508101463317871e+00
-3.316624462604522705e-01
-3.291774392127990723e-01
1.303922414779663086e+00
-1.160046339035034180e+00
-4.634914696216583252e-01
-3.425714001059532166e-02
7.910166978836059570e-01
-7.583128809928894043e-01
4.876841902732849121e-01
-8.061972260475158691e-01
1.744550347328186035e+00
1.032615780830383301e+00
-1.390353202819824219e+00
-1.344129145145416260e-01
-7.317138463258743286e-02
