-2.563675642013549805e-01
2.165227890014648438e+00
6.276281923055648804e-02
3.017590381205081940e-02
-4.509082734584808350e-01
-3.389845192432403564e-01
-2.256697893142700195e+00
-5.614299774169921875e-01
-2.382603883743286133e+00
3.790239393711090088e-01
1.259097218513488770e+00
-1.607210516929626465e+00
1.475615382194519043e+00
3.741062581539154053e-01
-3.330983519554138184e-01
-2.865251712501049042e-02
-4.463927447795867920e-01
4.102154672145843506e-01
-1.004762411117553711e+00
-9.698702692985534668e-01
1.347127914428710938e+00
3.479197919368743896e-01
-1.856350153684616089e-01
-2.446272410452365875e-02
2.086140871047973633e+00
-1.939197659492492676e+00
1.648220896720886230e+00
-2.485658675432205200e-01
-1.441983103752136230e+00
8.903058767318725586e-01
2.158694267272949219e-01
-1.843392550945281982e-01
-1.878100633621215820e+00
5.660601258277893066e-01
-1.426241397857666016e+00
-8.924611657857894897e-02
3.034279942512512207e-01
-2.325318336486816406e+00
-1.029391810297966003e-01
7.341903448104858398e-01
2.879395484924316406e-01
-8.347177505493164062e-01
9.916924834251403809e-01
-4.986526668071746826e-01
-2.141660638153553009e-02
2.697806954383850098e-01
6.700429916381835938e-01
-1.079493522644042969e+00
-5.770312547683715820e-01
1.769621014595031738e+00
-4.401911497116088867e-01
5.430328249931335449e-01
-1.431869506835937500e+00
-2.081842720508575439e-01
8.496179580688476562e-01
-5.936094522476196289e-01
6.879829168319702148e-01
1.860943734645843506e-01
5.750912427902221680e-01
-1.538871526718139648e-01
2.768614292144775391e+00
5.009712576866149902e-01
1.580595135688781738e+00
-7.824516296386718750e-01
8.827918767929077148e-01
-5.601813197135925293e-01
3.644261658191680908e-01
-2.836821675300598145e-01
1.038248181343078613e+00
-2.645364403724670410e-01
5.268936753273010254e-01
4.342248141765594482e-01
4.286298155784606934e-01
1.478515006601810455e-02
-2.825693786144256592e-01
2.304956674575805664e+00
-5.871764421463012695e-01
3.995794802904129028e-02
8.140586614608764648e-01
6.039160490036010742e-01
-2.609779238700866699e-01
9.566721916198730469e-01
-3.253269433975219727e+00
1.119352579116821289e+00
-1.364574193954467773e+00
-3.335107564926147461e-01
-1.505684852600097656e+00
-1.013035774230957031e+00
9.904334545135498047e-01
-2.006371021270751953e+00
1.820760667324066162e-01
-2.063664436340332031e+00
-5.252488851547241211e-01
1.354071497917175293e+00
-1.522114396095275879e+00
1.065653204917907715e+00
3.408350646495819092e-01
2.075145483016967773e+00
-3.017540872097015381e-01
1.900794804096221924e-01
-5.236188173294067383e-01
-1.143351435661315918e+00
3.371823728084564209e-01
3.691162168979644775e-01
-9.715854525566101074e-01
1.069271415472030640e-01
-1.581455469131469727e+00
3.158212900161743164e-01
8.432551622390747070e-01
-1.498472452163696289e+00
-2.056424021720886230e-01
1.580619931221008301e+00
-1.436310529708862305e+00
-1.047213912010192871e+00
-2.980931401252746582e-01
-1.151301622390747070e+00
-1.432331919670104980e+00
-1.302407503128051758e+00
9.591217152774333954e-03
2.042751759290695190e-01
3.753388524055480957e-01
1.258437395095825195e+00
-1.626087188720703125e+00
1.623527288436889648e+00
-8.265621662139892578e-01
3.034744858741760254e-01
1.139495849609375000e+00
1.056768894195556641e-01
-1.510259985923767090e+00
9.446043968200683594e-01
8.386257886886596680e-01
-1.185020327568054199e+00
3.428432643413543701e-01
-9.683314561843872070e-01
-2.357999324798583984e+00
8.319601416587829590e-01
6.478933095932006836e-01
9.163585305213928223e-01
-6.408135890960693359e-01
3.100565910339355469e+00
-9.527061581611633301e-01
1.612946867942810059e+00
1.626763939857482910e+00
2.481278404593467712e-02
-9.650799632072448730e-01
-6.121847033500671387e-01
1.235739707946777344e+00
1.087113246321678162e-01
-2.450861454010009766e+00
-4.286855757236480713e-01
-1.010265499353408813e-01
2.152557373046875000e+00
-1.683493554592132568e-01
-9.212699532508850098e-01
1.783833742141723633e+00
-5.734477639198303223e-01
-1.860545277595520020e+00
9.770370125770568848e-01
-1.125186800956726074e+00
5.486584305763244629e-01
4.710574746131896973e-01
2.302697487175464630e-02
4.294300377368927002e-01
-8.403257131576538086e-01
5.039667487144470215e-01
-1.412014484405517578e+00
3.625462576746940613e-02
-1.039979606866836548e-01
-5.821663141250610352e-01
-3.930713832378387451e-01
-6.907996535301208496e-01
-7.445867657661437988e-01
-1.729909420013427734e+00
-5.431275963783264160e-01
1.154806971549987793e+00
-7.377889156341552734e-01
-5.406007170677185059e-01
-1.426654696464538574e+00
-9.959710240364074707e-01
1.119266986846923828e+00
-1.687162742018699646e-02
-6.371991038322448730e-01
-1.484919071197509766e+00
-2.605452388525009155e-02
2.324404865503311157e-01
-9.263563901185989380e-02
-3.885511457920074463e-01
-9.633192420005798340e-01
1.370808959007263184e+00
-2.445349246263504028e-01
4.425113797187805176e-01
5.927184596657752991e-02
3.632858991622924805e-01
6.567662954330444336e-01
-8.323138356208801270e-01
3.495185971260070801e-01
-8.979479223489761353e-02
1.797019988298416138e-01
1.797419935464859009e-01
-1.016796827316284180e+00
6.865104436874389648e-01
8.141431808471679688e-01
9.314098358154296875e-01
-4.583332836627960205e-01
6.203721761703491211e-01
-8.476110696792602539e-01
7.132233977317810059e-01
2.355982512235641479e-01
1.389657020568847656e+00
-1.379496932029724121e+00
5.610026717185974121e-01
9.160263091325759888e-02
1.049453735351562500e+00
-1.570986032485961914e+00
-3.436464965343475342e-01
-1.658700257539749146e-01
-5.417212486267089844e+00
-8.470534682273864746e-01
-4.507660567760467529e-01
8.817520737648010254e-01
3.426555097103118896e-01
4.034660756587982178e-01
5.202756524085998535e-01
-9.691349267959594727e-01
1.891641736030578613e+00
-1.246710270643234253e-01
1.209959506988525391e+00
4.163365960121154785e-01
-1.032806396484375000e+00
-2.539598941802978516e-02
7.023821473121643066e-01
-4.015319347381591797e-01
-4.525054246187210083e-02
3.599244952201843262e-01
9.038206338882446289e-01
1.342974603176116943e-01
7.780692577362060547e-01
-7.675364613533020020e-01
-1.006975412368774414e+00
7.364506125450134277e-01
-7.115336656570434570e-01
2.069605290889739990e-01
3.817504346370697021e-01
-2.983850985765457153e-02
-8.525087237358093262e-01
5.141296386718750000e-01
7.397298514842987061e-02
1.303854346275329590e+00
-5.559765696525573730e-01
-9.773483127355575562e-02
1.560223996639251709e-01
-9.671313762664794922e-01
-1.710403084754943848e+00
2.855674028396606445e-01
5.501191020011901855e-01
-1.880436949431896210e-02
6.115481257438659668e-01
-5.766252875328063965e-01
-2.664915286004543304e-02
6.919170618057250977e-01
-1.129567250609397888e-01
1.128562331199645996e+00
-3.386598527431488037e-01
5.290070176124572754e-01
-1.568282365798950195e+00
1.482891201972961426e+00
-3.382164239883422852e-01
-8.482291102409362793e-01
3.330703973770141602e+00
8.510235548019409180e-01
1.228254199028015137e+00
6.887151598930358887e-01
1.279845237731933594e-01
6.547546982765197754e-01
-1.164666175842285156e+00
6.728298068046569824e-01
-9.843158721923828125e-02
-1.021146297454833984e+00
-1.105251073837280273e+00
-1.155010908842086792e-01
1.767568826675415039e+00
4.826299250125885010e-01
1.833399087190628052e-01
1.911365509033203125e+00
1.988931536674499512e+00
-3.461210727691650391e-01
-3.669039607048034668e-01
-3.773642778396606445e-01
7.827014923095703125e-01
-1.372767448425292969e+00
-4.025215208530426025e-01
-3.831152319908142090e-01
4.057023227214813232e-01
-3.062756776809692383e+00
-9.751050472259521484e-01
8.415965437889099121e-01
4.276078939437866211e-01
4.727514833211898804e-02
2.273442596197128296e-01
-9.039718508720397949e-01
-5.754524469375610352e-01
-9.808586239814758301e-01
1.733109354972839355e+00
-3.310511410236358643e-01
1.282881021499633789e+00
1.781530857086181641e+00
-4.018786251544952393e-01
3.116242289543151855e-01
-7.971208095550537109e-01
1.200397014617919922e+00
-9.773912429809570312e-01
4.650383591651916504e-01
-2.108548641204833984e+00
1.209800601005554199e+00
-1.284364342689514160e+00
1.040302038192749023e+00
1.466070055961608887e+00
-3.404776453971862793e-01
6.107832193374633789e-01
7.063470035791397095e-02
-1.923834323883056641e+00
-2.998482882976531982e-01
6.617757081985473633e-01
5.065590739250183105e-01
-4.354628324508666992e-01
5.515113100409507751e-02
5.250874161720275879e-01
-1.969944596290588379e+00
-6.649545431137084961e-01
1.463803648948669434e+00
-9.866191744804382324e-01
-5.954102873802185059e-01
3.673562705516815186e-01
-1.020445585250854492e+00
1.671293020248413086e+00
-1.346611499786376953e+00
4.094111621379852295e-01
2.311599105596542358e-01
3.045492172241210938e-01
7.807622104883193970e-02
-1.310723662376403809e+00
-1.363686084747314453e+00
-4.230247437953948975e-01
1.160568147897720337e-01
-5.666291713714599609e-01
5.174299478530883789e-01
-2.609252452850341797e+00
4.507898986339569092e-01
-3.287065923213958740e-01
-5.583562850952148438e-01
-1.653925627470016479e-01
-1.115399003028869629e+00
-4.980795979499816895e-01
-6.368554830551147461e-01
-2.638754844665527344e-01
4.719782769680023193e-01
-8.291134834289550781e-01
-1.594456672668457031e+00
-4.598296582698822021e-01
8.482642173767089844e-01
-2.246607691049575806e-01
1.760941147804260254e-01
2.015409320592880249e-01
-1.182604432106018066e+00
-7.906978130340576172e-01
1.042060494422912598e+00
1.370447278022766113e+00
9.718018770217895508e-02
1.136928915977478027e+00
4.988604485988616943e-01
1.191702961921691895e+00
5.332458019256591797e-01
-9.011214375495910645e-01
3.244218587875366211e+00
-1.484774351119995117e+00
1.435587704181671143e-01
9.168314337730407715e-01
-4.580236971378326416e-01
3.498679995536804199e-01
-4.705781638622283936e-01
1.243048429489135742e+00
-4.247922897338867188e-01
6.824596524238586426e-01
-7.060554623603820801e-01
-1.502038002014160156e+00
-3.308978676795959473e-02
1.966155767440795898e-01
2.380068898200988770e-01
1.109935283660888672e+00
-7.639400362968444824e-01
2.396277904510498047e+00
1.135264635086059570e+00
5.981307029724121094e-01
-1.897036582231521606e-01
9.161463379859924316e-01
-1.281316041946411133e+00
-1.548919081687927246e+00
5.569751188158988953e-02
-8.948910236358642578e-01
-1.285298019647598267e-01
3.957090675830841064e-01
-1.650187611579895020e+00
-6.397142410278320312e-01
3.786232173442840576e-01
8.271243572235107422e-01
1.608834117650985718e-01
-9.253880977630615234e-01
9.911788702011108398e-01
4.691372811794281006e-01
-1.734776981174945831e-02
-9.990039467811584473e-02
-5.538711547851562500e-01
-1.759258270263671875e+00
3.058122396469116211e-01
1.004077792167663574e+00
2.145235538482666016e+00
-9.375154376029968262e-01
5.570506453514099121e-01
-3.576450645923614502e-01
1.018912196159362793e+00
-5.652987360954284668e-01
-1.525732040405273438e+00
9.790000915527343750e-01
-6.612026691436767578e-02
-1.716411113739013672e+00
2.828893624246120453e-02
-3.189315795898437500e-01
-4.458232522010803223e-01
-1.030006170272827148e+00
-4.607130885124206543e-01
-9.589570760726928711e-01
1.069459393620491028e-01
8.511329889297485352e-01
-4.400996863842010498e-01
-1.410942316055297852e+00
3.056516349315643311e-01
8.549527823925018311e-02
1.136364936828613281e-01
1.110834956169128418e+00
-4.314985573291778564e-01
4.715271294116973877e-01
7.749450206756591797e-01
-1.378871321678161621e+00
1.242902204394340515e-01
8.614139556884765625e-01
4.749637544155120850e-01
-8.271362781524658203e-01
-4.259747639298439026e-02
2.999678254127502441e-01
-1.055721521377563477e+00
-1.377042412757873535e+00
-1.523831188678741455e-01
6.821305751800537109e-01
9.258134365081787109e-01
-6.907747387886047363e-01
3.209204375743865967e-01
-2.686606943607330322e-01
-2.145256102085113525e-01
7.246369719505310059e-01
1.299712061882019043e-01
-2.092566639184951782e-01
6.670873761177062988e-01
8.436692953109741211e-01
6.147148460149765015e-02
-1.970465064048767090e+00
-5.825683474540710449e-02
8.807945847511291504e-01
7.906813174486160278e-02
-7.011374831199645996e-02
1.565562635660171509e-01
-7.719675302505493164e-01
2.398349195718765259e-01
-8.937594890594482422e-01
-6.232106089591979980e-01
4.891695380210876465e-01
-7.586590647697448730e-01
2.431185007095336914e+00
1.034819930791854858e-01
-5.986551642417907715e-01
2.539701759815216064e-01
1.056396245956420898e+00
-2.563724517822265625e-01
-4.854194819927215576e-01
-2.737797498703002930e-01
2.597564756870269775e-01
7.935906648635864258e-01
-3.878524303436279297e-01
-1.138510465621948242e+00
1.855264231562614441e-02
7.675932049751281738e-01
-1.151027977466583252e-01
5.814341306686401367e-01
-1.654579639434814453e+00
2.120930671691894531e+00
-9.186202883720397949e-01
2.136464595794677734e+00
-1.408152937889099121e+00
-3.558066368103027344e+00
5.151872634887695312e-01
-6.507925987243652344e-01
8.277087472379207611e-03
6.507080793380737305e-01
-6.199101805686950684e-01
5.889206528663635254e-01
-2.340111017227172852e+00
5.792469531297683716e-02
-1.758359432220458984e+00
-7.889264225959777832e-01
-1.833140403032302856e-01
-2.707486227154731750e-02
9.015985727310180664e-01
-1.144471243023872375e-01
-6.800871491432189941e-01
-1.379468560218811035e+00
3.389976918697357178e-01
9.974227547645568848e-01
-1.657301746308803558e-02
5.310730338096618652e-01
6.705122590065002441e-01
-1.159695386886596680e-01
8.257152140140533447e-02
9.965087771415710449e-01
-1.645931720733642578e+00
-5.560649037361145020e-01
3.995487093925476074e-01
1.247596740722656250e+00
-6.544518470764160156e-01
1.175922393798828125e+00
-2.249827980995178223e-01
-6.741845011711120605e-01
1.867357641458511353e-01
1.516867399215698242e+00
-7.992355525493621826e-02
-9.137871861457824707e-01
3.450667858123779297e-01
-1.075049877166748047e+00
-1.875342875719070435e-01
7.193290442228317261e-02
-1.476010799407958984e+00
-1.300814628601074219e+00
9.858358502388000488e-01
8.253589272499084473e-01
-1.207531929016113281e+00
2.630738019943237305e-01
1.137644171714782715e+00
-8.726223707199096680e-01
1.074073195457458496e+00
2.314152240753173828e+00
-1.075635790824890137e+00
-3.659009039402008057e-01
-9.358382821083068848e-01
6.997442245483398438e-02
-1.109149813652038574e+00
3.919033408164978027e-01
-1.123470306396484375e+00
1.148823499679565430e+00
9.716296195983886719e-01
1.697586029767990112e-01
-9.703261852264404297e-01
7.503071427345275879e-01
1.845715343952178955e-01
2.117411613464355469e+00
7.711806893348693848e-02
-8.299495279788970947e-02
7.694867905229330063e-03
5.134447216987609863e-01
5.855618119239807129e-01
-1.227492168545722961e-01
3.293853759765625000e+00
-6.911195516586303711e-01
2.465232849121093750e+00
6.782832145690917969e-01
6.130560487508773804e-02
-2.201002836227416992e+00
-1.715867161750793457e+00
1.777931898832321167e-01
1.064743161201477051e+00
1.137135982513427734e+00
3.391222357749938965e-01
9.545236825942993164e-01
-7.471533417701721191e-01
3.418908417224884033e-01
4.715437889099121094e-01
1.123997449874877930e+00
7.564429193735122681e-02
1.518490791320800781e+00
-1.309705018997192383e+00
-7.287614941596984863e-01
-6.956107020378112793e-01
-1.679855436086654663e-01
-5.800034403800964355e-01
2.314369529485702515e-01
-4.562124907970428467e-01
7.690653800964355469e-01
2.235511094331741333e-01
9.114332199096679688e-01
2.315520793199539185e-01
1.402439117431640625e+00
-8.927105367183685303e-02
3.726843893527984619e-01
4.127660021185874939e-02
-1.312938094139099121e+00
-1.018037676811218262e+00
1.108573198318481445e+00
-7.316191494464874268e-02
1.311403363943099976e-01
-2.896707057952880859e-01
-8.736509680747985840e-01
-7.776080369949340820e-01
-8.463083505630493164e-01
8.132168650627136230e-01
4.254053533077239990e-02
-7.325594872236251831e-02
-2.124795466661453247e-01
-1.096818447113037109e+00
7.933222651481628418e-01
-3.222651779651641846e-02
-2.599463760852813721e-01
-2.330759912729263306e-01
-2.681519985198974609e-01
1.317109584808349609e+00
2.047717720270156860e-01
-7.131927013397216797e-01
7.944540381431579590e-01
-8.093252182006835938e-01
1.491273164749145508e+00
4.479129984974861145e-02
2.685550451278686523e-01
2.981933057308197021e-01
-1.500191688537597656e+00
1.692350745201110840e+00
2.485734075307846069e-01
1.452294707298278809e+00
7.944897413253784180e-01
5.191742181777954102e-01
-2.508379220962524414e-01
-1.332087963819503784e-01
-1.779484391212463379e+00
6.468369960784912109e-01
1.295517802238464355e+00
9.394978880882263184e-01
-3.858800232410430908e-02
-1.116499781608581543e+00
2.081203907728195190e-01
-1.277214765548706055e+00
4.298008441925048828e+00
-4.535119235515594482e-01
-6.258059740066528320e-01
-6.879577636718750000e-01
-1.563863277435302734e+00
-7.452389597892761230e-01
2.945486009120941162e-01
-2.234348297119140625e+00
3.999799191951751709e-01
6.010681390762329102e-01
-1.224053740501403809e+00
3.718464076519012451e-01
6.873694807291030884e-02
1.923895597457885742e+00
1.868180513381958008e+00
-4.797524809837341309e-01
9.722726345062255859e-01
2.956558205187320709e-02
-5.356275290250778198e-02
9.780201315879821777e-02
-7.522159814834594727e-01
3.800752460956573486e-01
-2.174969315528869629e-01
3.850323706865310669e-02
-1.253632426261901855e+00
-2.476804256439208984e+00
-1.127741932868957520e+00
6.032710671424865723e-01
1.163239359855651855e+00
3.482219278812408447e-01
-1.529816389083862305e-01
-5.039929151535034180e-01
-7.652309536933898926e-01
2.622954845428466797e-01
-8.323764801025390625e-01
-2.792038619518280029e-01
3.080707490444183350e-01
-8.080824613571166992e-01
-1.591314077377319336e+00
-1.060693264007568359e+00
-7.849940061569213867e-01
-2.468326091766357422e-01
-4.741002619266510010e-01
-1.255739331245422363e+00
6.215771436691284180e-01
-5.232306718826293945e-01
5.702430009841918945e-01
2.013742923736572266e-01
1.260148644447326660e+00
-1.090648174285888672e+00
-1.248041749000549316e+00
-1.753490686416625977e+00
2.280008196830749512e-01
-1.309341430664062500e+00
1.702330470085144043e+00
-3.845188021659851074e-01
-6.985659599304199219e-01
-1.072407484054565430e+00
-1.133383870124816895e+00
3.685732781887054443e-01
9.878700226545333862e-02
3.306610882282257080e-01
-1.060387611389160156e+00
-2.659077405929565430e+00
8.661662936210632324e-01
-4.943476021289825439e-01
-4.219734072685241699e-01
-8.499320149421691895e-01
-8.588380813598632812e-01
-5.224614739418029785e-01
1.920457929372787476e-02
1.301595330238342285e+00
-9.968850612640380859e-01
7.164231538772583008e-01
5.807427763938903809e-01
-8.996988534927368164e-01
-2.381469160318374634e-01
-1.099025249481201172e+00
1.305720567703247070e+00
8.362289071083068848e-01
-1.355712413787841797e-01
1.234000086784362793e+00
-1.071268469095230103e-01
1.565213203430175781e-01
-9.531962275505065918e-01
6.690484285354614258e-01
9.008061289787292480e-01
-2.391367033123970032e-02
-1.011156082153320312e+00
2.672806084156036377e-01
1.893202662467956543e+00
9.966818690299987793e-01
9.499445557594299316e-01
5.483795404434204102e-01
4.173738658428192139e-01
-3.847481310367584229e-01
-1.211615800857543945e+00
9.898211956024169922e-01
1.068769454956054688e+00
4.604114294052124023e-01
-6.177319288253784180e-01
-3.755059540271759033e-01
-6.348485946655273438e-01
1.334081888198852539e+00
1.050573110580444336e+00
-2.718517780303955078e-01
-9.772167801856994629e-01
-1.107131481170654297e+00
3.011581599712371826e-01
-5.009001493453979492e-01
7.265500426292419434e-01
2.025851756334304810e-01
-7.920262217521667480e-01
-1.474591732025146484e+00
-3.694101572036743164e-01
5.664398074150085449e-01
2.527420520782470703e-01
1.962443590164184570e-01
2.804806828498840332e-01
-1.166718363761901855e+00
-8.472439646720886230e-02
-8.706128597259521484e-01
8.832161426544189453e-01
