2.408049851655960083e-01
5.419400334358215332e-01
-4.235266447067260742e-01
-2.805272340774536133e-01
3.687848448753356934e-01
-8.404957056045532227e-01
-8.955068886280059814e-02
4.873647391796112061e-01
-1.713904023170471191e+00
-7.038193941116333008e-02
1.210333704948425293e+00
-1.267115831375122070e+00
1.443502426147460938e+00
-5.841833949089050293e-01
-1.292522847652435303e-01
-1.447805047035217285e+00
-3.122616708278656006e-01
2.357676029205322266e-01
4.800488352775573730e-01
2.873013913631439209e-01
1.967763066291809082e+00
3.475848138332366943e-01
-2.734409868717193604e-01
-7.396960854530334473e-01
1.390060067176818848e+00
-1.143808245658874512e+00
-1.834833920001983643e-01
5.939946174621582031e-01
-1.557348728179931641e+00
3.249569833278656006e-01
-3.989438414573669434e-01
8.388805389404296875e-01
-1.059237003326416016e+00
-1.948240995407104492e-01
-9.225056767463684082e-01
4.050847887992858887e-01
-2.124995589256286621e-01
-1.211866021156311035e+00
1.877588406205177307e-02
3.389672935009002686e-01
-1.085826873779296875e+00
-1.238848328590393066e+00
-3.000293076038360596e-01
1.331890344619750977e+00
1.572080492973327637e+00
4.623965620994567871e-01
-4.748231172561645508e-01
-1.021044373512268066e+00
5.288242697715759277e-01
6.936350464820861816e-01
-3.542631566524505615e-01
-6.126902699470520020e-01
-2.907963097095489502e-01
1.358053237199783325e-01
2.809053063392639160e-01
-6.996962428092956543e-01
1.003042101860046387e+00
-6.088235378265380859e-01
-5.583495274186134338e-02
4.496555328369140625e-01
1.059954524040222168e+00
-5.897393822669982910e-01
1.307034015655517578e+00
2.447725236415863037e-01
5.285810232162475586e-01
-6.832384467124938965e-01
7.119036316871643066e-01
-3.489696979522705078e-01
-6.540849059820175171e-02
-7.275894284248352051e-01
-9.816326946020126343e-02
-9.148895144462585449e-01
-8.476449847221374512e-01
-2.084554731845855713e-01
-4.528647959232330322e-01
1.732811629772186279e-01
4.543770849704742432e-01
9.789087623357772827e-02
3.371654748916625977e-01
3.737772107124328613e-01
-1.516295820474624634e-01
1.354676842689514160e+00
-2.671924829483032227e+00
-2.883181162178516388e-02
-7.864727973937988281e-01
3.306677937507629395e-01
-2.593517303466796875e-01
-5.265465974807739258e-01
-2.484526932239532471e-01
-4.050887227058410645e-01
-1.363498926162719727e+00
-5.715801119804382324e-01
-4.666852056980133057e-01
4.801027774810791016e-01
-9.315890073776245117e-01
-2.095821201801300049e-01
1.030922889709472656e+00
9.989289045333862305e-01
-8.369874954223632812e-02
1.528791308403015137e+00
-1.441991627216339111e-01
4.308776557445526123e-02
-9.542710334062576294e-02
9.130211174488067627e-02
-1.151750445365905762e+00
-1.060651779174804688e+00
-1.377290129661560059e+00
6.010938063263893127e-02
6.304236054420471191e-01
-2.526086866855621338e-01
7.079943418502807617e-01
7.951255440711975098e-01
-2.378913640975952148e+00
-8.461763262748718262e-01
-8.229818344116210938e-01
-6.994279026985168457e-01
-1.988345757126808167e-02
1.731833219528198242e-01
1.826920430175960064e-03
1.036720752716064453e+00
4.629082083702087402e-01
9.835520386695861816e-01
-1.878147006034851074e+00
-1.224393919110298157e-01
4.046459496021270752e-01
-3.614579141139984131e-01
6.231546401977539062e-01
1.529447138309478760e-01
-3.843550682067871094e-01
-4.010362327098846436e-01
-1.694522947072982788e-01
-1.968317508697509766e+00
3.664293885231018066e-01
-2.211954295635223389e-01
-9.497561454772949219e-01
-4.247549176216125488e-01
1.495392203330993652e+00
-1.138915061950683594e+00
-1.432581186294555664e+00
7.398396730422973633e-02
-1.727641224861145020e+00
7.498868107795715332e-01
1.214227557182312012e+00
-8.647677898406982422e-01
-9.664957523345947266e-01
3.070406317710876465e-01
2.003050297498703003e-01
-2.020464092493057251e-01
-1.124445199966430664e+00
2.462557256221771240e-01
7.388315796852111816e-01
1.120209574699401855e+00
3.755243420600891113e-01
7.778939604759216309e-02
2.546936273574829102e+00
-4.693460762500762939e-01
-2.591067738831043243e-02
1.053338199853897095e-01
-5.867738723754882812e-01
-3.939912468194961548e-02
1.244859322905540466e-01
-8.762704581022262573e-02
-3.019249737262725830e-01
-1.423402428627014160e+00
-2.677776515483856201e-01
-1.204834818840026855e+00
-8.586074113845825195e-01
-6.018052101135253906e-01
-1.003235876560211182e-01
9.672001600265502930e-01
-9.258251190185546875e-01
-9.053912162780761719e-01
-1.214749097824096680e+00
8.319994211196899414e-01
2.116949260234832764e-01
-3.010159730911254883e-01
3.686353564262390137e-02
-1.879202574491500854e-01
-2.711883485317230225e-01
1.452768921852111816e+00
-4.585936963558197021e-01
-8.868430256843566895e-01
4.879988431930541992e-01
-3.194017410278320312e-01
3.119247853755950928e-01
-1.997684240341186523e+00
-2.062740564346313477e+00
1.098511964082717896e-01
9.372757673263549805e-01
3.576972782611846924e-01
2.175201028585433960e-01
1.308885663747787476e-01
7.396697998046875000e-01
7.153509259223937988e-01
-1.038106799125671387e+00
1.256165653467178345e-01
1.007640957832336426e-01
6.026991456747055054e-02
5.345985293388366699e-01
-1.879687190055847168e+00
7.359960079193115234e-01
1.686490178108215332e+00
2.787261962890625000e+00
-1.493491768836975098e+00
1.227660998702049255e-01
3.143728077411651611e-01
9.146410226821899414e-01
-6.697773337364196777e-01
-6.348994374275207520e-02
1.457454562187194824e-01
6.970530748367309570e-02
3.371156454086303711e-01
5.771947503089904785e-01
9.138105809688568115e-02
-9.888810664415359497e-02
1.039865732192993164e+00
-1.829908967018127441e+00
-8.428673744201660156e-01
-8.893103003501892090e-01
2.871944010257720947e-01
1.759622097015380859e-01
9.181832671165466309e-01
4.351065307855606079e-02
-4.245306253433227539e-01
2.007570505142211914e+00
5.490959286689758301e-01
6.279993057250976562e-01
-3.451987355947494507e-02
-6.414734572172164917e-02
-1.360652089118957520e+00
3.021619021892547607e-01
-6.108009815216064453e-01
-4.841268956661224365e-01
1.824239015579223633e+00
6.512947678565979004e-01
6.836549639701843262e-01
5.699936747550964355e-01
-1.259231448173522949e+00
-7.488278746604919434e-01
7.598013281822204590e-01
1.692903339862823486e-01
7.742809653282165527e-01
-1.286773920059204102e+00
5.657215118408203125e-01
-8.809446096420288086e-01
-2.818465232849121094e-01
1.578186750411987305e-01
1.201693892478942871e+00
4.911069273948669434e-01
5.747748017311096191e-01
2.454139143228530884e-01
-8.402539491653442383e-01
-6.677448153495788574e-01
-2.251578867435455322e-01
-4.055123925209045410e-01
-6.753538846969604492e-01
-2.313990592956542969e-01
5.598541349172592163e-03
6.927457451820373535e-02
6.757916212081909180e-01
9.480978250503540039e-01
2.886379957199096680e-01
3.750857114791870117e-01
-3.712249398231506348e-01
-8.044577240943908691e-01
8.280552625656127930e-01
1.927088260650634766e+00
-1.861962527036666870e-01
5.484362602233886719e+00
8.931568861007690430e-01
1.528987050056457520e+00
1.673243999481201172e+00
9.946343302726745605e-01
6.771112680435180664e-01
-1.559205055236816406e+00
1.229163050651550293e+00
-2.533436007797718048e-02
-9.212173819541931152e-01
2.035562992095947266e-01
-5.347883701324462891e-01
6.659002900123596191e-01
-3.938315808773040771e-01
1.285977363586425781e+00
6.241973042488098145e-01
-9.185432642698287964e-02
2.822681367397308350e-01
-2.220864371338393539e-05
5.266946554183959961e-01
2.838920652866363525e-01
-5.285350680351257324e-01
-1.378448367118835449e+00
1.587164402008056641e-01
4.057809710502624512e-01
-5.969620943069458008e-01
5.679063796997070312e-01
-3.469735980033874512e-01
9.338681697845458984e-01
-7.076069116592407227e-01
-5.915869772434234619e-02
-9.793157577514648438e-01
5.673694014549255371e-01
-9.639439582824707031e-01
7.998796105384826660e-01
-9.972587227821350098e-03
1.047921419143676758e+00
1.203872203826904297e+00
-3.063131868839263916e-01
-8.202825188636779785e-01
4.337132573127746582e-01
5.496301651000976562e-01
-5.055435299873352051e-01
-9.582727551460266113e-01
-4.020348787307739258e-01
8.795737028121948242e-01
9.227922558784484863e-01
-4.094488024711608887e-01
1.687418699264526367e+00
3.202450871467590332e-01
-1.423790752887725830e-01
-2.405107468366622925e-01
-8.105196356773376465e-01
3.557289242744445801e-01
1.249457709491252899e-02
-1.211782246828079224e-01
6.071221083402633667e-02
-3.251145826652646065e-03
-1.068148493766784668e+00
-1.309579968452453613e+00
2.650060951709747314e-01
2.527808666229248047e+00
-5.314876437187194824e-01
-6.941647827625274658e-02
3.694936335086822510e-01
-2.359780669212341309e-01
5.548992156982421875e-01
-1.228913068771362305e+00
-1.580237448215484619e-01
-6.347563862800598145e-01
6.399440765380859375e-01
-1.348767280578613281e+00
-5.231204032897949219e-01
-5.243448615074157715e-01
8.833505511283874512e-01
9.397721290588378906e-02
1.968568712472915649e-01
1.666444391012191772e-01
-2.013984680175781250e+00
8.121581077575683594e-01
-1.233323812484741211e+00
-7.775912284851074219e-01
-1.315914541482925415e-01
-2.867807745933532715e-01
1.857881397008895874e-01
-8.500292897224426270e-01
-4.660744965076446533e-01
-9.920164942741394043e-01
2.843469381332397461e-02
-1.464757800102233887e+00
9.592474699020385742e-01
6.099296808242797852e-01
2.601393759250640869e-01
5.711192488670349121e-01
-2.149934172630310059e-01
-1.179790616035461426e+00
-6.951470971107482910e-01
-8.368933796882629395e-01
8.383241891860961914e-01
1.540306955575942993e-01
7.441545724868774414e-01
2.870659902691841125e-02
4.948918223381042480e-01
7.351772189140319824e-01
6.260358542203903198e-02
9.958891272544860840e-01
7.325574159622192383e-01
-7.129467725753784180e-01
-1.446956694126129150e-01
-2.692364752292633057e-01
-1.627882122993469238e-01
1.884929239749908447e-01
6.503873467445373535e-01
7.047822475433349609e-01
1.525654673576354980e+00
-6.448249816894531250e-01
-9.397527575492858887e-01
-8.032976388931274414e-01
-3.264905884861946106e-02
-1.431221127510070801e+00
1.236428141593933105e+00
-2.603960633277893066e-01
3.548552513122558594e+00
7.405602931976318359e-01
9.677082300186157227e-01
-4.669646024703979492e-01
1.509312033653259277e+00
-5.075390338897705078e-01
-1.195773363113403320e+00
7.392791509628295898e-01
-3.576371371746063232e-01
3.687513470649719238e-01
3.833815455436706543e-02
-9.783862233161926270e-01
-7.621445059776306152e-01
-1.153603792190551758e+00
-1.426501870155334473e+00
5.506081581115722656e-01
-1.287219762802124023e+00
9.356410503387451172e-01
-4.438597559928894043e-01
-3.289703130722045898e-01
1.760225743055343628e-01
-1.837226375937461853e-02
-8.419749140739440918e-01
1.080247908830642700e-01
7.941252738237380981e-02
1.052538990974426270e+00
-2.861067056655883789e-01
8.050943017005920410e-01
-1.222769856452941895e+00
1.148476958274841309e+00
-5.884032249450683594e-01
-1.802323579788208008e+00
8.677531480789184570e-01
-2.614651322364807129e-01
-2.662363052368164062e-01
6.713624000549316406e-01
-1.536819934844970703e+00
-5.647320747375488281e-01
-1.159969449043273926e+00
-9.574521183967590332e-01
2.227530330419540405e-01
5.090769752860069275e-02
1.089041709899902344e+00
-1.846282958984375000e+00
-9.884746670722961426e-01
9.440983533859252930e-01
-6.296541094779968262e-01
1.183291822671890259e-01
-2.452501505613327026e-01
-1.272716969251632690e-01
1.871833652257919312e-01
1.124050766229629517e-01
-1.247162938117980957e+00
-2.786079347133636475e-01
2.925711572170257568e-01
5.547207593917846680e-01
-1.384953111410140991e-01
-5.303533002734184265e-02
-5.256927013397216797e-01
-1.167184948921203613e+00
-1.142376780509948730e+00
-1.057112932205200195e+00
-1.015264034271240234e+00
-1.242656826972961426e+00
3.146649003028869629e-01
-4.118154346942901611e-01
1.314039975404739380e-01
1.203869462013244629e+00
-5.814840197563171387e-01
1.627196371555328369e-01
2.777795195579528809e-01
4.619306921958923340e-01
2.327582240104675293e-02
7.249901890754699707e-01
-1.042395830154418945e+00
-6.603946685791015625e-01
5.848065018653869629e-01
3.236802816390991211e-01
-5.190957188606262207e-01
3.591726720333099365e-02
5.665951967239379883e-01
4.007388055324554443e-01
-6.368790268898010254e-01
2.156139612197875977e-01
-5.582458376884460449e-01
-4.619084596633911133e-01
1.333501785993576050e-01
2.436179369688034058e-01
-5.852238535881042480e-01
1.501509189605712891e+00
2.405472397804260254e-01
8.338619470596313477e-01
-7.854089140892028809e-01
-2.930491864681243896e-01
1.130411505699157715e+00
-8.389694243669509888e-02
-2.485281080007553101e-01
-2.953211367130279541e-01
1.065156340599060059e+00
8.934807032346725464e-02
-1.157602891325950623e-01
1.184120535850524902e+00
-6.188300848007202148e-01
6.619239449501037598e-01
-3.092930465936660767e-02
1.160214543342590332e+00
3.125455677509307861e-01
-2.211087465286254883e+00
3.642899096012115479e-01
-7.117041349411010742e-01
1.008993268013000488e+00
-1.089413538575172424e-01
1.120424866676330566e-01
9.365133047103881836e-01
-7.705262899398803711e-01
-5.300957560539245605e-01
-7.856665253639221191e-01
2.271248698234558105e-01
-2.203431427478790283e-01
4.585951864719390869e-01
-5.308731198310852051e-01
-1.368094444274902344e+00
-1.302337199449539185e-01
-6.911022663116455078e-01
1.507827490568161011e-01
1.072782158851623535e+00
-1.856345124542713165e-02
4.318122565746307373e-01
4.528859257698059082e-01
-2.697413563728332520e-01
-1.143880374729633331e-02
4.744708538055419922e-01
-2.435259580612182617e+00
-9.250530004501342773e-01
2.901415340602397919e-02
-1.797941476106643677e-01
-1.679071903228759766e+00
5.050920248031616211e-01
1.520556449890136719e+00
-1.007047533988952637e+00
-3.662602044641971588e-03
-8.014881610870361328e-01
5.019149184226989746e-01
-1.508337110280990601e-01
-6.575363278388977051e-01
4.741331189870834351e-02
9.144838899374008179e-02
1.589238345623016357e-01
-7.726173400878906250e-01
-5.139217376708984375e-01
-3.328931629657745361e-01
9.135379195213317871e-01
2.248287200927734375e-01
-4.136386811733245850e-01
2.218719482421875000e+00
-6.153483316302299500e-02
9.365293383598327637e-01
8.133839964866638184e-01
-2.335864454507827759e-01
1.160425469279289246e-01
7.858555912971496582e-01
9.304649233818054199e-01
-1.711893796920776367e+00
-1.347258448600769043e+00
6.995453834533691406e-01
1.752939701080322266e+00
4.848459735512733459e-02
1.394022345542907715e+00
-6.708291172981262207e-01
-1.689539551734924316e+00
-1.416957378387451172e-01
6.439363360404968262e-01
-1.440472483634948730e+00
-2.013038247823715210e-01
-7.427215576171875000e-01
-2.475350350141525269e-01
1.274355292320251465e+00
4.692727327346801758e-01
1.512890815734863281e+00
-5.437320470809936523e-01
5.372190475463867188e-01
6.985611915588378906e-01
-2.628052532672882080e-01
-1.659587979316711426e+00
-2.885059416294097900e-01
1.903783679008483887e-01
-1.690153218805789948e-02
-5.371206402778625488e-01
1.127692461013793945e+00
-8.174985051155090332e-01
-6.140478849411010742e-01
1.026360869407653809e+00
6.017641425132751465e-01
7.920437455177307129e-01
-7.623961567878723145e-02
2.431881427764892578e-01
-1.565954089164733887e+00
-6.195622682571411133e-01
-1.199652329087257385e-01
2.908186800777912140e-02
-2.796745300292968750e-01
6.555884331464767456e-02
2.485374510288238525e-01
4.394544064998626709e-01
-1.119270995259284973e-01
-7.597376108169555664e-01
5.754472613334655762e-01
-1.062418371438980103e-01
4.424838125705718994e-01
1.670721173286437988e-01
3.756648898124694824e-01
-4.229672551155090332e-01
-1.319055706262588501e-01
8.413302898406982422e-01
9.085649251937866211e-01
-4.705007970333099365e-01
-3.416708111763000488e-01
-9.217573404312133789e-01
-4.361553862690925598e-02
2.507356107234954834e-01
-1.003720879554748535e+00
1.227975860238075256e-01
8.639832139015197754e-01
3.867640793323516846e-01
-1.916798353195190430e+00
-1.342286586761474609e+00
-1.650092601776123047e-01
-9.505391120910644531e-01
8.315843939781188965e-01
3.444775044918060303e-01
4.611400067806243896e-01
2.519646286964416504e-01
-2.559435665607452393e-01
1.045726418495178223e+00
-9.720528721809387207e-01
9.045929908752441406e-01
6.283528804779052734e-01
1.320693135261535645e+00
8.570814132690429688e-01
-1.051725864410400391e+00
1.608162403106689453e+00
-2.133921235799789429e-01
1.207938194274902344e+00
1.701425671577453613e+00
1.131943702697753906e+00
1.790487468242645264e-01
1.938954442739486694e-01
-9.576201438903808594e-03
-7.552313208580017090e-01
1.301750540733337402e+00
2.880208492279052734e-01
9.126215428113937378e-02
-7.417774200439453125e-01
-9.049783647060394287e-02
-1.141692280769348145e+00
1.673401236534118652e+00
-1.481142491102218628e-01
-4.279579222202301025e-01
1.346840977668762207e+00
-1.345643401145935059e+00
-3.516011536121368408e-01
-2.736354712396860123e-03
-8.513813614845275879e-01
-8.431054353713989258e-01
-4.001881778240203857e-01
2.317738085985183716e-01
-5.215169787406921387e-01
1.353527158498764038e-01
1.360196024179458618e-01
4.293884336948394775e-01
-1.264834761619567871e+00
7.381196618080139160e-01
-7.759346812963485718e-02
2.519258558750152588e-01
-9.434787631034851074e-01
1.152795553207397461e+00
-2.655485868453979492e-01
8.918783068656921387e-01
-2.028797864913940430e-01
-1.095317244529724121e+00
-1.598386317491531372e-01
3.463293015956878662e-01
-1.490250788629055023e-02
2.775531053543090820e+00
-9.946260601282119751e-03
4.485082328319549561e-01
-3.763597011566162109e-01
-3.188171088695526123e-01
9.874526262283325195e-01
-1.352651864290237427e-01
1.260421127080917358e-01
-1.094110965728759766e+00
-2.331088483333587646e-01
1.104015111923217773e+00
-1.212836727499961853e-01
-7.076441049575805664e-01
-8.098778724670410156e-01
-2.823140919208526611e-01
-1.523261308670043945e+00
9.172453880310058594e-01
-1.033565044403076172e+00
-1.079821586608886719e+00
3.059151470661163330e-01
-8.261151313781738281e-01
1.216646358370780945e-01
6.894431710243225098e-01
-3.402074575424194336e-01
-6.148833036422729492e-01
-2.298857867717742920e-01
1.567568540573120117e+00
1.034464240074157715e+00
5.486351847648620605e-01
3.889432847499847412e-01
3.124772943556308746e-02
4.332990050315856934e-01
-2.172910608351230621e-02
1.410985589027404785e+00
4.237295687198638916e-01
-4.317911863327026367e-01
5.371557474136352539e-01
1.950978636741638184e-01
-1.797308474779129028e-01
-5.078472942113876343e-02
-8.923025131225585938e-01
-1.067551612854003906e+00
5.012326240539550781e-01
5.289193987846374512e-01
-6.446186900138854980e-01
7.047414779663085938e-01
-1.132788658142089844e+00
-8.673020005226135254e-01
1.806643486022949219e+00
-2.123928368091583252e-01
8.836110830307006836e-01
1.692139208316802979e-01
-4.315721616148948669e-02
-8.781554698944091797e-01
-4.416591525077819824e-01
8.422060012817382812e-01
-8.913449048995971680e-01
5.476727485656738281e-01
-1.504560828208923340e+00
-3.501510620117187500e-01
-3.423905670642852783e-01
-2.278652042150497437e-01
1.038567304611206055e+00
3.141326904296875000e-01
-7.250708937644958496e-01
8.247937262058258057e-02
-7.226305007934570312e-01
-1.325660198926925659e-01
-9.578375220298767090e-01
9.624608159065246582e-01
1.466032505035400391e+00
1.494974941015243530e-01
-1.932600259780883789e+00
1.436776667833328247e-01
-9.023327231407165527e-01
1.720696091651916504e+00
-6.696378439664840698e-02
7.350009679794311523e-01
-2.527067251503467560e-02
-8.113028407096862793e-01
6.085708141326904297e-01
-8.043934106826782227e-01
6.918695569038391113e-01
-1.449926972389221191e+00
-7.286239862442016602e-01
-3.736386895179748535e-01
3.005961477756500244e-01
3.283225595951080322e-01
-3.167702257633209229e-01
-1.047938108444213867e+00
1.598141670227050781e+00
1.679711043834686279e-01
5.639678239822387695e-01
-1.043240666389465332e+00
3.543407022953033447e-01
