7.576602101325988770e-01
4.551064074039459229e-01
-5.159617066383361816e-01
-3.788980841636657715e-01
-2.239768356084823608e-01
-8.675003051757812500e-01
-3.187565803527832031e-01
-9.995373338460922241e-02
-1.111296057701110840e+00
2.307122945785522461e-01
6.960834860801696777e-01
-1.161538600921630859e+00
7.876741886138916016e-01
-3.722203373908996582e-01
-4.950666725635528564e-01
-1.639029383659362793e+00
-8.236043453216552734e-01
2.539864182472229004e-01
-3.924980759620666504e-01
3.462860882282257080e-01
9.934554696083068848e-01
7.890728712081909180e-01
1.367966413497924805e+00
-1.105605602264404297e+00
3.178326487541198730e-01
-6.808357238769531250e-01
7.100679725408554077e-02
6.453025937080383301e-01
-1.150954246520996094e+00
-3.121925294399261475e-01
-2.051260948181152344e+00
2.028094083070755005e-01
-1.134215474128723145e+00
-8.434776067733764648e-01
-2.588255405426025391e-01
3.598001897335052490e-01
-8.021122217178344727e-01
-2.774747312068939209e-01
-2.760895900428295135e-02
6.305156946182250977e-01
-1.142409086227416992e+00
-1.236986875534057617e+00
-4.690328612923622131e-02
2.022919356822967529e-01
3.640551865100860596e-01
-9.052870422601699829e-02
-7.390497922897338867e-01
-3.847919702529907227e-01
-2.434136271476745605e-01
2.784664630889892578e-01
-1.317481994628906250e+00
-5.204991698265075684e-01
-1.970005035400390625e-01
5.601195693016052246e-01
1.654853940010070801e+00
-1.006328582763671875e+00
-1.080009937286376953e-01
-9.763180017471313477e-01
1.242728680372238159e-01
3.399819135665893555e-01
1.869845390319824219e+00
2.695009708404541016e-01
7.742578387260437012e-01
-5.661405324935913086e-01
-9.967918694019317627e-02
1.215013191103935242e-01
1.626423001289367676e-01
2.335382848978042603e-01
7.117592692375183105e-01
-5.552771091461181641e-01
1.608591340482234955e-02
3.451833724975585938e-01
1.384633630514144897e-01
-2.371193915605545044e-01
1.202617511153221130e-01
7.958536148071289062e-01
-6.998433172702789307e-02
-4.479100704193115234e-01
7.627215385437011719e-01
8.272239565849304199e-01
7.648067176342010498e-02
2.968884408473968506e-01
-8.877724409103393555e-01
-2.715272307395935059e-01
-1.040765881538391113e+00
-1.281704753637313843e-01
-7.976565957069396973e-01
-7.089955806732177734e-01
5.928973555564880371e-01
-4.275799393653869629e-01
-9.085367918014526367e-01
-1.319273412227630615e-01
2.449700832366943359e-01
9.779309630393981934e-01
2.273273468017578125e-01
7.115855216979980469e-01
-5.971025303006172180e-02
-1.943841576576232910e-01
-5.872018262743949890e-02
6.980929374694824219e-01
-1.553398668766021729e-01
-2.391291558742523193e-01
6.894664168357849121e-01
1.427450217306613922e-02
-1.026975274085998535e+00
-4.716223180294036865e-01
-1.146486163139343262e+00
1.079437211155891418e-01
4.028950929641723633e-01
9.159633517265319824e-02
5.507116764783859253e-02
3.412852287292480469e-01
-1.430807948112487793e+00
-2.488298863172531128e-01
-3.368260562419891357e-01
-1.054845824837684631e-01
1.619932949542999268e-01
7.502342015504837036e-02
-7.454254627227783203e-01
3.214814364910125732e-01
-6.735053062438964844e-01
1.905525028705596924e-01
-2.652803659439086914e+00
5.121663808822631836e-01
3.459161221981048584e-01
-1.694329231977462769e-01
5.766466856002807617e-01
3.696851134300231934e-01
-1.040157198905944824e+00
-4.374764859676361084e-01
-1.792737394571304321e-01
-1.063935756683349609e+00
1.319922953844070435e-01
-1.085548162460327148e+00
-4.124491214752197266e-01
3.067581951618194580e-01
8.106342554092407227e-01
-1.099420309066772461e+00
-6.958816051483154297e-01
5.265642404556274414e-01
-1.011479735374450684e+00
1.957714110612869263e-01
9.143011569976806641e-01
-5.343891978263854980e-01
-4.566766321659088135e-01
7.984652519226074219e-01
1.304571181535720825e-01
-4.973029792308807373e-01
-4.850493669509887695e-01
-3.149746954441070557e-01
5.426036715507507324e-01
7.606706619262695312e-01
3.431517779827117920e-01
3.855819404125213623e-01
7.777277827262878418e-01
-6.022057533264160156e-01
-5.143243670463562012e-01
7.642953395843505859e-01
-6.989904046058654785e-01
9.165697097778320312e-01
1.436312645673751831e-01
4.098425805568695068e-01
3.265027403831481934e-01
-7.373045682907104492e-01
-9.913633018732070923e-02
-5.074619054794311523e-01
-1.172218680381774902e+00
-6.168678402900695801e-02
5.115448832511901855e-01
-1.935239322483539581e-02
-8.386694192886352539e-01
-9.139947295188903809e-01
-1.597600460052490234e+00
9.945771098136901855e-01
1.047518253326416016e+00
-2.270745933055877686e-01
-6.577746272087097168e-01
-6.072015501558780670e-03
-4.763147830963134766e-01
7.515529394149780273e-01
1.318419426679611206e-01
1.061439588665962219e-01
8.941128849983215332e-02
1.564469695091247559e+00
-2.800337374210357666e-01
-8.086247444152832031e-01
-1.414934992790222168e-01
-5.412017554044723511e-02
6.114370822906494141e-01
8.855819106101989746e-01
-5.972214788198471069e-02
2.823396325111389160e-01
3.516918122768402100e-01
6.821683645248413086e-01
-4.271126985549926758e-01
7.833257913589477539e-01
-7.300366759300231934e-01
7.130391150712966919e-02
9.502841830253601074e-01
-7.083083987236022949e-01
1.377510726451873779e-01
7.058095932006835938e-01
1.329517960548400879e+00
-1.139452695846557617e+00
6.272698044776916504e-01
-7.009135484695434570e-01
1.363270431756973267e-01
-4.606136977672576904e-01
1.470173716545104980e+00
1.731785759329795837e-02
1.083632931113243103e-01
1.897333115339279175e-01
9.589028954505920410e-01
-3.839603066444396973e-01
-3.273283839225769043e-01
1.324245333671569824e+00
-1.055171370506286621e+00
-8.566718697547912598e-01
-5.382255315780639648e-01
-5.043232068419456482e-02
2.629561424255371094e-01
1.971263527870178223e+00
-3.608960285782814026e-02
-9.603353589773178101e-02
6.349838972091674805e-01
5.188171863555908203e-01
1.244677901268005371e+00
3.556581437587738037e-01
-7.742450237274169922e-01
-8.132734298706054688e-01
-2.169295102357864380e-01
-7.440302968025207520e-01
-9.000002145767211914e-01
1.033321499824523926e+00
6.042596697807312012e-01
6.203703880310058594e-01
-1.408292204141616821e-01
-6.542264223098754883e-01
5.042281150817871094e-01
2.230669856071472168e-01
7.219198346138000488e-01
3.049235790967941284e-02
-1.606439113616943359e+00
1.040773153305053711e+00
-5.758866667747497559e-01
1.300380229949951172e-01
4.087705910205841064e-02
9.126642346382141113e-01
1.386139631271362305e+00
1.381614357233047485e-01
1.507441997528076172e-01
-1.066116094589233398e+00
4.662899076938629150e-01
-4.202769100666046143e-01
3.340927958488464355e-01
-8.945025801658630371e-01
2.947553694248199463e-01
5.335702300071716309e-01
-3.560765087604522705e-01
-4.001565873622894287e-01
2.255875915288925171e-01
9.963737726211547852e-01
3.628207147121429443e-01
-3.041146695613861084e-01
-7.126169800758361816e-01
6.863228678703308105e-01
1.046190381050109863e+00
1.051988601684570312e-01
3.660649061203002930e+00
2.802593410015106201e-01
6.884345412254333496e-01
4.653355181217193604e-01
7.333612442016601562e-01
9.271683096885681152e-01
-8.867458701133728027e-01
1.410474658012390137e+00
-2.274068593978881836e-01
-8.771153092384338379e-01
2.902446091175079346e-01
-6.670826077461242676e-01
6.119441986083984375e-01
-5.098156332969665527e-01
5.010379552841186523e-01
1.246065646409988403e-01
6.053147315979003906e-01
-2.060917764902114868e-01
7.921876311302185059e-01
7.106289267539978027e-01
2.219054251909255981e-01
-2.974421679973602295e-01
-9.299768209457397461e-01
-4.492397010326385498e-01
-2.173040658235549927e-01
-2.513675987720489502e-01
1.628499180078506470e-01
-6.346153616905212402e-01
5.344880819320678711e-01
-1.168605461716651917e-01
-6.046836078166961670e-02
-6.511019468307495117e-01
8.172055482864379883e-01
-1.183666825294494629e+00
8.717952370643615723e-01
-2.406493723392486572e-01
-5.256099104881286621e-01
6.146803498268127441e-01
2.092244476079940796e-01
-4.690344631671905518e-01
7.351690530776977539e-01
-1.193924322724342346e-01
-1.097773194313049316e+00
-2.057662010192871094e-01
-1.175885498523712158e-01
6.961839199066162109e-01
2.993221282958984375e-01
-1.223247796297073364e-01
1.041922450065612793e+00
5.270746350288391113e-01
6.150421500205993652e-01
-1.557407379150390625e-01
-4.798613488674163818e-01
3.534690737724304199e-01
1.326437234878540039e+00
-9.961674809455871582e-01
2.647220790386199951e-01
-3.878584504127502441e-01
-6.252102851867675781e-01
-1.664906740188598633e+00
-5.423389673233032227e-01
1.333523511886596680e+00
-6.483291983604431152e-01
5.418971180915832520e-01
-3.212266266345977783e-01
1.192683726549148560e-01
-5.448855757713317871e-01
-1.120471119880676270e+00
-4.328844845294952393e-01
-6.484681367874145508e-01
1.089122891426086426e+00
-1.427095413208007812e+00
-3.576320707798004150e-01
-6.827444434165954590e-01
9.634458422660827637e-01
-2.995901405811309814e-01
-3.253331035375595093e-02
-6.479833275079727173e-02
-1.726100206375122070e+00
-4.489352107048034668e-01
-2.369825839996337891e-01
-6.999740600585937500e-01
-5.398024916648864746e-01
-7.688694447278976440e-02
1.705333888530731201e-01
-2.102788686752319336e+00
-2.776121199131011963e-01
1.559719350188970566e-02
-6.705901026725769043e-01
-3.859204053878784180e-01
3.590127825736999512e-01
3.872616887092590332e-01
1.502362638711929321e-01
-3.096113502979278564e-01
-8.132429718971252441e-01
-7.716376334428787231e-02
-6.336193084716796875e-01
-1.470521390438079834e-01
7.577940821647644043e-01
-2.064573578536510468e-02
1.700455844402313232e-01
-2.712813317775726318e-01
1.440119862556457520e+00
1.425569415092468262e+00
-5.165933966636657715e-01
1.192560911178588867e+00
-4.312881082296371460e-02
-4.779252707958221436e-01
-1.181111335754394531e+00
-8.269580602645874023e-01
5.255061388015747070e-01
4.122949838638305664e-01
3.607943654060363770e-01
4.841977953910827637e-01
6.292393058538436890e-02
-3.786202073097229004e-01
-1.069551348686218262e+00
9.619701653718948364e-03
-1.501095388084650040e-02
-7.306179404258728027e-01
3.008750081062316895e-01
-6.022538617253303528e-02
2.900128841400146484e+00
2.851804494857788086e-01
5.054584741592407227e-01
-5.885134935379028320e-01
7.326283454895019531e-01
-2.066419273614883423e-01
-1.311084866523742676e+00
-8.627180755138397217e-02
-2.121828347444534302e-01
-4.077556431293487549e-01
7.763553410768508911e-02
-8.972815275192260742e-01
-2.053644061088562012e-01
-7.130669951438903809e-01
-8.095912337303161621e-01
-2.867422103881835938e-01
-1.007438421249389648e+00
6.368119120597839355e-01
1.723229140043258667e-01
-6.794234514236450195e-01
-4.880995750427246094e-01
1.892786920070648193e-01
-4.216056466102600098e-01
4.725579917430877686e-02
-2.713249027729034424e-01
1.157985568046569824e+00
-5.587511062622070312e-01
3.942523896694183350e-01
-1.120288491249084473e+00
8.617364168167114258e-01
-8.711959123611450195e-01
-8.544249534606933594e-01
1.206176161766052246e+00
4.417319595813751221e-01
-7.035312652587890625e-01
4.373339116573333740e-01
-1.149962663650512695e+00
4.267326593399047852e-01
-9.266926050186157227e-01
-1.357234567403793335e-01
-2.320133596658706665e-01
5.684958696365356445e-01
1.298299431800842285e+00
-9.797574877738952637e-01
-4.782351255416870117e-01
4.445897042751312256e-01
-6.975381821393966675e-02
6.017249226570129395e-01
2.819752693176269531e-01
1.884922734461724758e-03
5.765822529792785645e-01
-1.667563617229461670e-01
-1.557914257049560547e+00
1.821461468935012817e-01
-6.727433204650878906e-02
-5.817111730575561523e-01
-3.455218300223350525e-02
8.390894532203674316e-01
-1.001652851700782776e-01
-2.183259725570678711e-01
-7.466847896575927734e-01
7.910603880882263184e-01
1.796321868896484375e-01
-2.842764556407928467e-01
-3.533546328544616699e-01
-4.198698401451110840e-01
5.508378148078918457e-02
7.237513661384582520e-01
-4.876969456672668457e-01
2.239009290933609009e-01
-1.289674490690231323e-01
-5.816957950592041016e-01
-1.700463891029357910e-01
4.461730420589447021e-01
-4.502198100090026855e-01
-3.810908496379852295e-01
1.654016822576522827e-01
6.479094028472900391e-01
1.908656358718872070e-01
2.027617245912551880e-01
1.228374168276786804e-01
-6.393351554870605469e-01
-1.999015361070632935e-01
-3.237441182136535645e-01
5.661193728446960449e-01
6.730077415704727173e-02
2.946217060089111328e-01
-2.219665423035621643e-02
-5.589302182197570801e-01
4.703406989574432373e-01
5.681467652320861816e-01
1.216497182846069336e+00
-1.170416593551635742e+00
3.573527038097381592e-01
2.598785161972045898e-01
4.244931936264038086e-01
2.029714435338973999e-01
-5.655449628829956055e-01
1.128418803215026855e+00
5.861817598342895508e-01
-7.165809273719787598e-01
7.803278565406799316e-01
-1.962990127503871918e-02
1.202541708946228027e+00
3.887266814708709717e-01
1.153529360890388489e-01
-1.489923447370529175e-01
-3.253373384475708008e+00
-1.610206514596939087e-01
-3.252738118171691895e-01
8.086275458335876465e-01
-1.630833745002746582e-01
-6.385930776596069336e-01
2.528799176216125488e-01
-8.505318164825439453e-01
-3.260547295212745667e-02
-2.175128012895584106e-01
9.760221242904663086e-01
-2.116142511367797852e-01
5.728639364242553711e-01
4.671881496906280518e-01
-1.098138451576232910e+00
1.945858001708984375e-01
2.422997504472732544e-01
-1.812605112791061401e-01
-4.136258736252784729e-02
-4.883258640766143799e-01
5.114454030990600586e-01
4.059098362922668457e-01
-1.241619810461997986e-01
-5.841677188873291016e-01
2.103996276855468750e-02
-1.093283414840698242e+00
-7.879476547241210938e-01
2.150470167398452759e-01
3.919046819210052490e-01
-1.735211968421936035e+00
5.156347751617431641e-01
9.123330712318420410e-01
-1.499710083007812500e+00
8.756653964519500732e-02
-7.988113164901733398e-01
7.029003500938415527e-01
-7.072141766548156738e-02
-1.001843452453613281e+00
3.448058962821960449e-01
6.066024675965309143e-02
-4.470489546656608582e-02
-3.327797353267669678e-01
-1.212048649787902832e+00
-1.034366562962532043e-01
5.157902240753173828e-01
-1.204039528965950012e-01
-3.128842711448669434e-01
1.252554059028625488e+00
-3.434637486934661865e-01
-8.543717265129089355e-01
1.391898155212402344e+00
-5.678623318672180176e-01
7.415252923965454102e-01
3.549911975860595703e-01
1.842232197523117065e-01
-1.043920874595642090e+00
-1.098232984542846680e+00
3.616904318332672119e-01
1.343675732612609863e+00
-4.635835289955139160e-01
1.420399188995361328e+00
-1.273603200912475586e+00
-6.487103700637817383e-01
4.017222821712493896e-01
8.833168745040893555e-01
-2.728855609893798828e-02
-4.464208483695983887e-01
-2.245266586542129517e-01
1.833660900592803955e-01
6.242082118988037109e-01
5.302377343177795410e-01
1.767204642295837402e+00
-1.226538297487422824e-04
4.768424928188323975e-01
-7.059128955006599426e-03
-3.786781728267669678e-01
-1.505418419837951660e+00
-6.149979233741760254e-01
-4.547131806612014771e-02
-2.128464430570602417e-01
-4.507660865783691406e-01
1.553136944770812988e+00
1.987125128507614136e-01
-1.023393511772155762e+00
5.748642683029174805e-01
6.724584102630615234e-01
6.121931076049804688e-01
3.248732089996337891e-01
-5.891735781915485859e-04
-1.315087795257568359e+00
-1.302661150693893433e-01
-5.068079233169555664e-01
-7.233806848526000977e-01
-7.554622292518615723e-01
3.171150982379913330e-01
2.185639142990112305e-01
-1.270945519208908081e-01
-1.864443533122539520e-02
-1.623101234436035156e-01
1.813961505889892578e+00
2.068261057138442993e-01
1.705378890037536621e-01
4.839067459106445312e-01
3.565124869346618652e-01
-1.440773844718933105e+00
3.634412884712219238e-01
1.977089494466781616e-01
1.128129839897155762e+00
2.544060945510864258e-01
3.334816917777061462e-02
-1.156930088996887207e+00
-5.108500719070434570e-01
6.906072497367858887e-01
-3.792183101177215576e-01
-2.101349532604217529e-01
5.919281765818595886e-02
-7.685547471046447754e-01
-2.128913164138793945e+00
-1.354198753833770752e-01
-3.270962536334991455e-01
-1.166536211967468262e+00
4.121227264404296875e-01
7.537326216697692871e-01
2.482051253318786621e-01
3.324232995510101318e-02
-9.741664528846740723e-01
9.904714226722717285e-01
-3.189945220947265625e-01
2.680258750915527344e-01
4.352091550827026367e-01
6.895297169685363770e-01
-1.706950366497039795e-01
-1.035233378410339355e+00
6.889016032218933105e-01
9.165205955505371094e-01
3.992592990398406982e-01
4.508089423179626465e-01
1.642694830894470215e+00
5.727283358573913574e-01
-1.446692943572998047e-01
-2.170323282480239868e-01
4.851246178150177002e-01
2.372754216194152832e-01
7.954579591751098633e-02
-8.421096205711364746e-02
-1.473900318145751953e+00
1.048634290695190430e+00
-1.359628796577453613e+00
1.032737255096435547e+00
-6.445755362510681152e-01
-3.991433605551719666e-02
1.571867346763610840e+00
-8.048390150070190430e-01
-5.842447280883789062e-04
2.860523164272308350e-01
-9.472907781600952148e-01
-3.293181955814361572e-01
2.435325980186462402e-01
6.929535269737243652e-01
-1.705642193555831909e-01
1.920401751995086670e-01
5.383113026618957520e-01
-8.009780943393707275e-02
-2.196765989065170288e-01
-9.074424207210540771e-02
-9.241659939289093018e-02
4.290006160736083984e-01
-6.622797846794128418e-01
5.600762367248535156e-01
-3.578822016716003418e-01
6.462094187736511230e-01
-1.087251901626586914e-01
-8.336307108402252197e-02
-2.632405757904052734e-01
-2.455348521471023560e-02
5.512289702892303467e-02
2.309384107589721680e+00
1.085047602653503418e+00
-1.053759932518005371e+00
-6.526677608489990234e-01
-3.912798464298248291e-01
7.132043242454528809e-01
-1.562082092277705669e-03
-3.831123709678649902e-01
-7.294232845306396484e-01
-4.188880622386932373e-01
1.096287012100219727e+00
-6.542110443115234375e-02
-2.734434902667999268e-01
2.787778973579406738e-01
-2.751815021038055420e-01
-2.696901082992553711e+00
2.666274607181549072e-01
2.814432978630065918e-01
2.532416284084320068e-01
3.538835644721984863e-01
-1.956121772527694702e-01
7.213581204414367676e-01
8.161258697509765625e-01
-7.796631455421447754e-01
-7.312262654304504395e-01
-1.182539105415344238e+00
5.763680338859558105e-01
3.042361438274383545e-01
-7.386815547943115234e-01
7.386862486600875854e-02
2.907364368438720703e-01
-2.957403361797332764e-01
-1.925408393144607544e-01
1.378018975257873535e+00
-3.537302464246749878e-02
4.184840247035026550e-03
9.551294893026351929e-02
-1.377379894256591797e-01
-1.411667019128799438e-01
-8.991631269454956055e-01
-7.217896580696105957e-01
-1.158020868897438049e-01
5.977650880813598633e-01
9.381812214851379395e-01
-1.254791617393493652e+00
-1.448584645986557007e-01
-6.613075733184814453e-01
5.245615169405937195e-02
2.431841611862182617e+00
-6.246105767786502838e-03
-7.335010766983032227e-01
5.038515329360961914e-01
-8.598285317420959473e-01
-8.384873867034912109e-01
-7.872879505157470703e-02
7.458901405334472656e-01
-6.429809331893920898e-01
7.591868191957473755e-02
-1.326967477798461914e+00
-1.174075007438659668e+00
-3.572582900524139404e-01
-3.005935847759246826e-01
-4.484267830848693848e-01
-6.635348498821258545e-02
3.203482031822204590e-01
3.505854010581970215e-01
-7.984675467014312744e-02
8.768311142921447754e-02
-8.749187588691711426e-01
1.590048193931579590e+00
1.830987215042114258e+00
-2.566549777984619141e-01
-1.828840017318725586e+00
-3.051207959651947021e-01
-2.021543830633163452e-01
1.090820312500000000e+00
-2.567214369773864746e-01
9.613690376281738281e-01
6.208875775337219238e-01
-8.980607986450195312e-01
9.541882872581481934e-01
-8.266740441322326660e-01
3.264366090297698975e-01
-7.735075950622558594e-01
-1.138259291648864746e+00
-8.953865766525268555e-01
-1.947490423917770386e-01
-4.621278345584869385e-01
-1.014969199895858765e-01
-1.162179470062255859e+00
1.046980142593383789e+00
5.030482411384582520e-01
-8.521796017885208130e-02
-8.877069354057312012e-01
-8.509000390768051147e-02
