-2.722849249839782715e-01
-7.362430095672607422e-01
-1.513713039457798004e-02
-8.729104399681091309e-01
-2.552772462368011475e-01
4.531758129596710205e-01
-6.744339466094970703e-01
2.463643550872802734e-01
-5.174078047275543213e-02
6.819323301315307617e-01
5.520527958869934082e-01
6.194308400154113770e-02
-4.677285254001617432e-01
-1.664791941642761230e+00
1.518778204917907715e+00
-7.426489591598510742e-01
6.305783987045288086e-01
-1.334767580032348633e+00
-6.388422250747680664e-01
2.305169105529785156e+00
2.153977006673812866e-01
2.412035316228866577e-02
-2.417185343801975250e-02
9.439408779144287109e-01
-9.978991746902465820e-01
-1.772478371858596802e-01
6.636115312576293945e-01
-5.216411352157592773e-01
-1.200143694877624512e+00
2.344270944595336914e-01
5.253250002861022949e-01
-6.293078660964965820e-01
6.283088326454162598e-01
-1.891024559736251831e-01
1.528951972723007202e-01
-2.669775485992431641e-01
-1.427467703819274902e+00
-6.666690707206726074e-01
-8.209769427776336670e-02
1.219152212142944336e+00
-1.619022011756896973e+00
-1.602281630039215088e-01
2.195853590965270996e-01
-4.066187143325805664e-01
-6.074906587600708008e-01
-4.883313775062561035e-01
-9.009616374969482422e-01
-2.891072034835815430e-01
-1.646140456199645996e+00
9.632629752159118652e-01
-1.323985338211059570e+00
1.779094487428665161e-01
7.982387542724609375e-01
1.591722607612609863e+00
1.148591041564941406e-01
-1.108668684959411621e+00
1.440076231956481934e-01
-8.740295767784118652e-01
-1.203839898109436035e+00
-8.618298172950744629e-01
-2.239965200424194336e-01
2.319378554821014404e-01
9.611065387725830078e-01
5.726639628410339355e-01
-6.283240318298339844e-01
4.884279668331146240e-01
9.073215126991271973e-01
-5.479901432991027832e-01
-4.875435829162597656e-01
-3.516723513603210449e-01
-1.921395301818847656e+00
5.474689602851867676e-01
-1.345644116401672363e+00
-1.535724550485610962e-01
1.164973020553588867e+00
1.807547569274902344e+00
-1.595645546913146973e+00
4.012774229049682617e-01
-3.474034070968627930e-01
6.052948236465454102e-01
-1.163966536521911621e+00
-1.281876862049102783e-01
-1.707390069961547852e+00
1.396368891000747681e-01
-3.486421108245849609e-01
7.041515707969665527e-01
-1.317851424217224121e+00
-1.334684133529663086e+00
6.109867095947265625e-01
-1.836578994989395142e-01
-8.030850887298583984e-01
8.241868019104003906e-01
-3.420729935169219971e-01
4.769330322742462158e-01
-1.755246520042419434e-01
7.919110655784606934e-01
1.942704617977142334e-01
5.995517969131469727e-01
-5.732372999191284180e-01
1.181860208511352539e+00
1.607262849807739258e+00
2.849655151367187500e-01
-2.250637561082839966e-01
-8.009363412857055664e-01
-2.056469023227691650e-01
-1.562325805425643921e-01
-1.398801505565643311e-01
1.536203861236572266e+00
1.147445201873779297e+00
-7.961395978927612305e-01
-8.821836113929748535e-01
5.448229610919952393e-02
-9.630762934684753418e-01
-1.237328171730041504e+00
1.812126338481903076e-01
-6.143373250961303711e-01
-1.080779790878295898e+00
1.506149649620056152e+00
-4.372401833534240723e-01
7.859952449798583984e-01
-2.815876007080078125e-01
2.513284683227539062e-01
-1.920221805572509766e+00
6.521452069282531738e-01
1.246132373809814453e+00
-1.135156303644180298e-01
2.709422349929809570e+00
6.173766683787107468e-03
-2.850829660892486572e-01
-1.248454213142395020e+00
1.019054949283599854e-01
-2.306560426950454712e-01
5.682171583175659180e-01
-5.401697158813476562e-01
-1.300102472305297852e+00
-1.969353318214416504e+00
-2.555890679359436035e-01
8.962610960006713867e-01
-9.894853830337524414e-01
4.239408075809478760e-01
-8.719258308410644531e-01
-4.216910526156425476e-02
6.524968147277832031e-01
-9.664441943168640137e-01
7.758526802062988281e-01
1.159598469734191895e+00
1.078082919120788574e+00
-1.187612056732177734e+00
2.057777643203735352e+00
-1.090534687042236328e+00
-7.844328284263610840e-01
-6.578918695449829102e-01
3.174502849578857422e-01
-6.064379811286926270e-01
-8.253247737884521484e-01
9.955856949090957642e-02
-1.122275114059448242e+00
-4.372321367263793945e-01
-1.783393383026123047e+00
2.215943932533264160e-01
1.064231038093566895e+00
-3.004394173622131348e-01
2.878110408782958984e-01
-2.281450629234313965e-01
4.374874830245971680e-01
-2.583084404468536377e-01
-1.330239057540893555e+00
-4.592893421649932861e-01
-3.789806962013244629e-01
-2.682119011878967285e-01
-1.062519669532775879e+00
-2.343763113021850586e+00
-1.312753438949584961e+00
9.728423357009887695e-01
-5.951174497604370117e-01
3.763740062713623047e-01
1.113220214843750000e+00
-2.911421656608581543e-01
-7.226216197013854980e-01
9.239163398742675781e-01
9.063944220542907715e-01
8.636343479156494141e-01
-6.648163497447967529e-02
-2.605021595954895020e-01
-3.704092204570770264e-01
-6.194990277290344238e-01
-5.624579787254333496e-01
9.202138185501098633e-01
5.278360247611999512e-01
2.194444239139556885e-01
-1.287350177764892578e+00
-4.263598322868347168e-01
-1.729946285486221313e-01
4.802721738815307617e-01
1.968750208616256714e-01
-2.397189848124980927e-02
-5.749546885490417480e-01
-2.976562976837158203e-01
1.115699648857116699e+00
7.545633316040039062e-01
-2.132261916995048523e-02
6.743078827857971191e-01
8.933027386665344238e-01
-8.986213803291320801e-01
-2.332539409399032593e-01
-8.638850450515747070e-01
-2.668273448944091797e-01
-5.093533992767333984e-01
-7.213032990694046021e-02
-7.854465842247009277e-01
-1.548173427581787109e-01
-5.968230366706848145e-01
5.027391910552978516e-01
-8.071275949478149414e-01
-1.564795851707458496e+00
1.030312776565551758e+00
-5.140973567962646484e+00
-1.001096129417419434e+00
6.534441709518432617e-01
5.633890032768249512e-01
-3.243861198425292969e-01
-2.347453683614730835e-01
6.658053398132324219e-01
-4.602029025554656982e-01
1.547798216342926025e-01
-5.292568802833557129e-01
-9.634945308789610863e-04
5.408114790916442871e-01
1.077691912651062012e+00
3.830311298370361328e-01
3.844681084156036377e-01
3.678698539733886719e-01
-5.577249526977539062e-01
-3.729264140129089355e-01
9.106299281120300293e-01
9.475100636482238770e-01
3.169331848621368408e-01
-8.620834350585937500e-01
4.066539108753204346e-01
-1.623340487480163574e+00
2.017268240451812744e-01
1.792573183774948120e-01
-9.734460115432739258e-01
-5.614554286003112793e-01
-4.285596013069152832e-01
-2.926265001296997070e-01
-1.190574288368225098e+00
2.395513094961643219e-02
1.776888966560363770e+00
1.592354923486709595e-01
6.866780519485473633e-01
-9.531428813934326172e-01
9.526660442352294922e-01
-3.199950754642486572e-01
-7.010592222213745117e-01
7.321922183036804199e-01
2.405903786420822144e-01
8.075193315744400024e-02
-3.353061676025390625e-01
-4.414738714694976807e-01
-1.488314419984817505e-01
2.433447837829589844e-01
1.571640133857727051e+00
-6.802076101303100586e-01
-2.506251633167266846e-01
8.428090214729309082e-01
1.161750316619873047e+00
6.170101761817932129e-01
2.285006999969482422e+00
-1.784628182649612427e-01
1.769453644752502441e+00
1.533912062644958496e+00
1.199716925621032715e+00
-3.457275927066802979e-01
-5.924288555979728699e-02
4.735748469829559326e-02
-2.789665162563323975e-01
1.615992039442062378e-01
4.844337403774261475e-01
9.557855725288391113e-01
1.283915400505065918e+00
4.178437292575836182e-01
-6.280930042266845703e-01
9.569128155708312988e-01
-2.154087275266647339e-01
1.574887335300445557e-01
-2.681686282157897949e-01
6.061233878135681152e-01
1.060247778892517090e+00
-7.634616494178771973e-01
-8.943702280521392822e-02
2.432457506656646729e-01
2.381490767002105713e-01
1.284333586692810059e+00
-1.620141148567199707e+00
-3.152042031288146973e-01
-2.142049930989742279e-02
-5.104438662528991699e-01
1.816887378692626953e+00
-4.681098759174346924e-01
-7.323004007339477539e-01
-3.743818104267120361e-01
9.737376570701599121e-01
7.809361815452575684e-01
6.131318211555480957e-01
-4.378855526447296143e-01
-5.889661312103271484e-01
-2.289821952581405640e-01
1.448225975036621094e+00
1.803704947233200073e-01
-1.429297685623168945e+00
2.364008188247680664e+00
-1.146421313285827637e+00
1.852424591779708862e-01
-8.910693526268005371e-01
-5.924715846776962280e-02
-7.775790095329284668e-01
2.314353466033935547e+00
1.860290288925170898e+00
3.133062124252319336e-01
-9.090543389320373535e-01
1.418339371681213379e+00
6.375442743301391602e-01
-1.366525530815124512e+00
6.633707880973815918e-01
-2.172006368637084961e-01
3.539153635501861572e-01
5.154328048229217529e-02
-1.549503684043884277e+00
-1.283580183982849121e+00
2.874059379100799561e-01
-5.309163928031921387e-01
6.766760349273681641e-01
-5.175698399543762207e-01
4.853342175483703613e-01
-1.452098727226257324e+00
-5.485519766807556152e-01
-1.159938946366310120e-01
1.359896183013916016e+00
-1.212453722953796387e+00
-9.743136912584304810e-02
-1.704458743333816528e-01
1.267800480127334595e-01
3.161942660808563232e-01
-1.757784187793731689e-01
9.785189032554626465e-01
5.602217316627502441e-01
2.095882892608642578e-01
6.229950189590454102e-01
7.334192991256713867e-01
-2.459716945886611938e-01
4.358204305171966553e-01
-1.025389313697814941e+00
-1.065365195274353027e+00
-4.935699999332427979e-01
5.306785553693771362e-02
7.333714962005615234e-01
-8.142044544219970703e-01
1.362065374851226807e-01
3.523011878132820129e-02
-5.662356615066528320e-01
-6.036476492881774902e-01
-2.467734813690185547e-01
1.582605540752410889e-01
-4.796936213970184326e-01
-2.803201973438262939e-01
2.539035081863403320e-01
1.063849329948425293e+00
-7.893983125686645508e-01
-5.017820000648498535e-01
8.298510313034057617e-01
4.653185606002807617e-02
-1.820265412330627441e+00
1.041950225830078125e+00
-8.274058103561401367e-01
-3.418820798397064209e-01
-8.152599334716796875e-01
3.900474905967712402e-01
-6.352162361145019531e-01
9.346259236335754395e-01
1.523861527442932129e+00
-5.829593539237976074e-01
1.643201470375061035e+00
2.785839736461639404e-01
3.242822363972663879e-02
2.656348794698715210e-02
-6.981190443038940430e-01
-3.013649880886077881e-01
1.059966444969177246e+00
2.857826650142669678e-01
1.155841708183288574e+00
9.251871109008789062e-01
7.698484063148498535e-01
1.024129390716552734e-01
2.537202239036560059e-01
9.488946795463562012e-01
-1.905442476272583008e+00
-3.183596730232238770e-01
-1.106276392936706543e+00
1.665189564228057861e-01
1.263218522071838379e-01
-6.654224395751953125e-01
8.464686870574951172e-01
-9.074605107307434082e-01
-1.431856393814086914e+00
-5.733788013458251953e-01
-5.558676123619079590e-01
2.066381871700286865e-01
-6.552612781524658203e-02
-6.791151165962219238e-01
-1.051627844572067261e-01
-7.271522879600524902e-01
2.605029940605163574e-01
8.153525590896606445e-01
1.533537626266479492e+00
1.287046194076538086e+00
4.370417296886444092e-01
-1.445886135101318359e+00
2.933072112500667572e-02
7.046691775321960449e-01
-9.309667944908142090e-01
-2.021281123161315918e-01
1.097177043557167053e-01
9.074197411537170410e-01
-1.179774045944213867e+00
-2.840044200420379639e-01
3.762177526950836182e-01
1.859762370586395264e-01
-3.715099990367889404e-01
-7.219808101654052734e-01
-3.263687193393707275e-01
1.121861264109611511e-01
9.364182353019714355e-01
-1.208377242088317871e+00
4.423859417438507080e-01
5.866273641586303711e-01
-4.917169511318206787e-01
1.172675371170043945e+00
-6.714069843292236328e-02
-1.989485323429107666e-02
-1.115976214408874512e+00
-7.290020585060119629e-01
-1.301662623882293701e-01
-9.940419197082519531e-01
2.448698133230209351e-01
-2.868600189685821533e-01
-1.007204532623291016e+00
-1.049619987607002258e-01
-1.845673173666000366e-01
3.774599432945251465e-01
-1.309933662414550781e-01
-7.995619773864746094e-01
-4.457154273986816406e-01
7.569350004196166992e-01
-1.018088340759277344e+00
-1.941033959388732910e+00
8.797615766525268555e-01
-1.583365440368652344e+00
-4.049351215362548828e-01
-4.381864070892333984e-01
2.470900535583496094e+00
-9.368231892585754395e-02
-1.176274418830871582e-01
-5.402340292930603027e-01
9.124736189842224121e-01
-2.213823646306991577e-01
1.129987597465515137e+00
1.349754452705383301e+00
1.069914698600769043e+00
4.909370541572570801e-01
1.340601563453674316e+00
2.800108790397644043e-01
3.407817333936691284e-03
-6.217865347862243652e-01
-1.187472343444824219e-01
6.367807388305664062e-01
1.483238577842712402e+00
1.717036068439483643e-01
-3.110889792442321777e-01
1.148690700531005859e+00
7.240424752235412598e-01
4.241276681423187256e-01
-7.665938735008239746e-01
-3.452998101711273193e-01
-1.100259065628051758e+00
6.186867356300354004e-01
1.433884501457214355e-01
-5.875388979911804199e-01
-8.200101852416992188e-01
8.221426010131835938e-01
3.395603597164154053e-01
7.057572603225708008e-01
2.152326107025146484e-01
8.222926259040832520e-01
-4.297224879264831543e-01
2.763416469097137451e-01
-1.052478909492492676e+00
-2.674021482467651367e+00
1.099253892898559570e+00
-1.176308020949363708e-01
-1.955080591142177582e-02
4.369778931140899658e-01
-3.527746200561523438e-01
4.263443499803543091e-02
5.242710709571838379e-01
5.177366733551025391e-01
-8.550988435745239258e-01
3.979497253894805908e-01
3.630561009049415588e-02
-3.577963113784790039e-01
-4.554816782474517822e-01
-7.390286326408386230e-01
1.175953507423400879e+00
-1.666453629732131958e-01
-8.892238736152648926e-01
7.459560632705688477e-01
-5.755834579467773438e-01
3.965860605239868164e-01
2.199164628982543945e-01
-1.205876469612121582e+00
-6.671138107776641846e-02
4.027258157730102539e-01
-2.115560531616210938e+00
4.622291028499603271e-01
5.437169671058654785e-01
-1.204874515533447266e+00
-4.677004218101501465e-01
2.123068273067474365e-01
-6.702777743339538574e-01
-1.759688258171081543e+00
-2.716333791613578796e-02
1.168165206909179688e+00
1.219988584518432617e+00
3.278045356273651123e-01
1.252890080213546753e-01
-9.570125937461853027e-01
-2.381061166524887085e-01
1.793134659528732300e-01
6.912322342395782471e-02
2.922181785106658936e-01
1.177337646484375000e+00
1.933417916297912598e-01
-2.779432535171508789e-01
-8.011605739593505859e-01
1.241273403167724609e+00
2.383731454610824585e-01
8.161236643791198730e-01
3.650138974189758301e-01
-9.237317442893981934e-01
-8.992451429367065430e-02
-1.417511701583862305e+00
7.797927856445312500e-01
1.066611483693122864e-01
-3.654783368110656738e-01
2.203612923622131348e-01
-6.076425909996032715e-01
-1.615548133850097656e+00
8.548726439476013184e-01
-6.403720974922180176e-01
-4.225284978747367859e-02
-5.237724184989929199e-01
1.162651181221008301e+00
-2.405807971954345703e-01
4.035482406616210938e-01
9.041418433189392090e-01
-8.770721554756164551e-01
6.089197397232055664e-01
1.452442854642868042e-01
7.531142830848693848e-01
-1.084967970848083496e+00
4.531266391277313232e-01
1.574897170066833496e-01
1.571035504341125488e+00
-9.315210580825805664e-01
3.671175837516784668e-01
-2.842962443828582764e-01
-2.010544687509536743e-01
-5.392827391624450684e-01
8.414767980575561523e-01
-1.671678423881530762e-01
-9.050859808921813965e-01
2.353599548339843750e+00
5.685635805130004883e-01
-9.715260267257690430e-01
-8.929476886987686157e-02
-2.409015446901321411e-01
-1.768047928810119629e+00
-1.639160156250000000e+00
-3.462375700473785400e-01
2.512690126895904541e-01
-6.026449054479598999e-02
-1.461127281188964844e+00
3.518092334270477295e-01
6.746333241462707520e-01
1.845413208007812500e+00
4.724791273474693298e-02
4.464104473590850830e-01
-8.417640328407287598e-01
3.759236633777618408e-01
1.379789352416992188e+00
-8.463836908340454102e-01
-1.075887799263000488e+00
-6.958335638046264648e-01
-3.124153316020965576e-01
2.319516092538833618e-01
-7.354036569595336914e-01
-1.270164966583251953e+00
-2.523102760314941406e+00
-6.092587709426879883e-01
8.600521087646484375e-01
4.171371161937713623e-01
-1.074785888195037842e-01
-4.999424815177917480e-01
8.866443634033203125e-01
-5.744010806083679199e-01
-1.655413389205932617e+00
-7.661842554807662964e-02
-6.627214550971984863e-01
1.933527737855911255e-01
6.044980287551879883e-01
7.726998627185821533e-02
-2.333978861570358276e-01
-4.886857569217681885e-01
4.658154249191284180e-01
-3.083493709564208984e-01
2.705721855163574219e-01
1.028861761093139648e+00
9.674894809722900391e-01
1.379804372787475586e+00
-2.535868585109710693e-01
7.485408186912536621e-01
1.081252396106719971e-01
7.135956883430480957e-01
1.949598640203475952e-01
1.392560601234436035e+00
1.242550492286682129e+00
3.895420432090759277e-01
9.733060598373413086e-01
1.446085721254348755e-01
1.300593167543411255e-01
3.508828207850456238e-02
4.504905343055725098e-01
-1.071572780609130859e+00
1.124450802803039551e+00
-1.151150345802307129e+00
3.443633079528808594e+00
-1.161838397383689880e-01
5.124107599258422852e-01
6.892166137695312500e-01
-1.304467916488647461e+00
-1.040602922439575195e+00
2.311385236680507660e-02
-1.236303091049194336e+00
-1.075492620468139648e+00
-3.045685291290283203e-01
7.344197481870651245e-02
5.093854665756225586e-01
-1.730780839920043945e+00
2.933458983898162842e-01
-3.436765670776367188e-01
6.663334369659423828e-01
-9.154037833213806152e-01
7.925722002983093262e-02
8.913077116012573242e-01
-3.149769306182861328e-01
1.677091717720031738e-01
4.235025346279144287e-01
1.729621410369873047e+00
2.374695092439651489e-01
1.474791646003723145e+00
-6.160348057746887207e-01
2.463443279266357422e-01
-9.308865666389465332e-02
1.561392426490783691e+00
6.951704025268554688e-01
-1.712944358587265015e-01
-8.249655365943908691e-01
-1.838363051414489746e+00
1.679837942123413086e+00
-6.356661319732666016e-01
-9.401744008064270020e-01
-2.755219042301177979e-01
5.219920277595520020e-01
4.525607228279113770e-01
-1.023397803306579590e+00
-1.116776704788208008e+00
7.530571222305297852e-01
-1.217352628707885742e+00
-4.969090938568115234e+00
3.601112067699432373e-01
-8.559253215789794922e-01
1.087743520736694336e+00
4.388624131679534912e-01
2.558620870113372803e-01
-1.413999823853373528e-03
-1.814350485801696777e-02
-5.091463327407836914e-01
-2.482581585645675659e-01
-5.008842945098876953e-01
1.913810968399047852e+00
1.575969457626342773e-01
-1.000737547874450684e+00
-7.393068075180053711e-01
1.432182908058166504e+00
-8.118746429681777954e-02
-1.056220680475234985e-01
3.417087316513061523e+00
-1.862575054168701172e+00
4.858573973178863525e-01
-2.528831548988819122e-02
-2.413465082645416260e-01
-1.805328130722045898e-01
-5.529659986495971680e-01
7.325176000595092773e-01
1.040683627128601074e+00
3.263550996780395508e-01
5.003042221069335938e-01
-1.329634487628936768e-01
-1.197380781173706055e+00
8.067246079444885254e-01
-1.206763625144958496e+00
1.360731244087219238e+00
7.068554759025573730e-01
2.847342789173126221e-01
-1.647473275661468506e-01
2.348375320434570312e-01
6.618410944938659668e-01
7.417391240596771240e-02
-6.609039306640625000e-01
3.644702732563018799e-01
1.283941268920898438e-01
-7.205754518508911133e-01
4.832803010940551758e-01
7.521414756774902344e-01
2.059220671653747559e-01
1.154774546623229980e+00
3.667208254337310791e-01
-9.954379200935363770e-01
1.995407789945602417e-02
-2.889863848686218262e-01
1.819955229759216309e+00
-1.900856018066406250e+00
-3.985352814197540283e-01
1.635813117027282715e+00
-3.656537532806396484e-01
-1.038086533546447754e+00
4.051883816719055176e-01
-8.625935912132263184e-01
9.374113678932189941e-01
2.381122708320617676e-01
1.121502518653869629e+00
6.050398349761962891e-01
-3.057244718074798584e-01
3.762692809104919434e-01
3.262609839439392090e-01
-4.361059069633483887e-01
3.065702021121978760e-01
-1.320954799652099609e+00
-8.481422066688537598e-01
2.907477617263793945e-01
4.642488062381744385e-02
9.595233201980590820e-01
-4.842684566974639893e-01
-1.365250110626220703e+00
-1.502339959144592285e+00
-4.748574495315551758e-01
9.090767502784729004e-01
-4.843248426914215088e-01
