7.456714510917663574e-01
-1.128874346613883972e-01
1.116213321685791016e+00
-2.124388515949249268e-01
-1.670477390289306641e+00
-5.316232442855834961e-01
3.026164472103118896e-01
6.573752760887145996e-01
-9.018136262893676758e-01
1.550750613212585449e+00
1.714973092079162598e+00
-3.805395364761352539e-01
-5.066064596176147461e-01
-5.370535850524902344e-01
2.506090998649597168e-01
-1.509591460227966309e+00
-6.080206632614135742e-01
5.268410444259643555e-01
9.743160009384155273e-01
1.866640448570251465e+00
-6.940943598747253418e-01
-5.533170104026794434e-01
-8.241583108901977539e-01
3.204382658004760742e-01
-1.191976904869079590e+00
1.081273317337036133e+00
9.633929133415222168e-01
-6.699669361114501953e-01
-1.048292875289916992e+00
-7.203598022460937500e-01
-5.099115967750549316e-01
9.035946130752563477e-01
-6.365742087364196777e-01
2.963789701461791992e-01
-9.185603260993957520e-01
1.002785205841064453e+00
-1.540709376335144043e+00
-1.317666888236999512e+00
-6.314893066883087158e-02
3.248140513896942139e-01
-5.627287030220031738e-01
-1.012374877929687500e+00
-7.729167491197586060e-02
-8.465074896812438965e-01
-5.239627957344055176e-01
-3.604097291827201843e-02
5.017900094389915466e-02
-1.857010722160339355e-01
-1.713949561119079590e+00
-7.778319120407104492e-01
-1.085674285888671875e+00
6.402739882469177246e-01
2.494884133338928223e-01
-2.827786505222320557e-01
1.029871031641960144e-01
-3.822588324546813965e-01
2.828915119171142578e-01
-1.544234395027160645e+00
2.709459066390991211e-01
-1.437880039215087891e+00
-2.707951784133911133e+00
3.951465710997581482e-03
1.752204775810241699e+00
8.708530068397521973e-01
3.671402484178543091e-02
-6.018157005310058594e-01
-8.323239684104919434e-01
2.331579923629760742e+00
4.164145290851593018e-01
-2.113696336746215820e+00
7.284939289093017578e-02
-7.720711231231689453e-01
3.955061137676239014e-01
-6.381499171257019043e-01
1.568912386894226074e+00
1.464474081993103027e+00
2.535438239574432373e-01
3.306039571762084961e-01
8.586559295654296875e-01
-9.958192706108093262e-02
4.957572221755981445e-01
1.839253187179565430e+00
-1.057774066925048828e+00
-1.321288943290710449e+00
-6.992264389991760254e-01
-2.116781920194625854e-01
-1.389079689979553223e+00
5.435664057731628418e-01
2.722004055976867676e-01
6.199980154633522034e-02
1.288907885551452637e+00
1.119707107543945312e+00
-1.957251310348510742e+00
1.496008515357971191e+00
1.707709878683090210e-01
-9.482071399688720703e-01
6.046448945999145508e-01
-2.290760517120361328e+00
1.795020818710327148e+00
3.423298120498657227e+00
-1.401819825172424316e+00
-1.214344859123229980e+00
6.324821710586547852e-01
1.499486446380615234e+00
-4.690289795398712158e-01
2.120287179946899414e+00
6.118180155754089355e-01
-5.201945304870605469e-01
1.443055987358093262e+00
-9.836131930351257324e-01
1.191908717155456543e+00
9.981899056583642960e-04
9.141467511653900146e-02
-5.030268430709838867e-01
-5.962464809417724609e-01
2.337515354156494141e-01
-1.168119311332702637e+00
-1.599984765052795410e+00
-1.262085556983947754e+00
1.321921467781066895e+00
-1.514649987220764160e+00
-3.177264928817749023e-01
-2.949175596237182617e+00
1.049077749252319336e+00
2.400137670338153839e-02
-8.726112842559814453e-01
6.436349153518676758e-01
-1.599003195762634277e+00
-3.884244337677955627e-02
8.318479061126708984e-01
8.802429437637329102e-01
2.013556957244873047e-01
-3.617267012596130371e-01
1.488173842430114746e+00
-2.152616024017333984e+00
-1.125899553298950195e+00
1.111684322357177734e+00
-1.639411091804504395e+00
3.056626915931701660e-01
-4.960889816284179688e-01
-5.830010175704956055e-01
1.723749279975891113e+00
4.234670698642730713e-01
-9.367971122264862061e-02
-3.938749134540557861e-01
2.916679680347442627e-01
1.579547166824340820e+00
-5.079016089439392090e-01
1.127815961837768555e+00
-4.122746884822845459e-01
-1.773498654365539551e+00
2.192083358764648438e+00
-2.148290425539016724e-01
9.822424054145812988e-01
-1.858866191469132900e-03
-1.170364975929260254e+00
-9.671359658241271973e-01
1.108710527420043945e+00
-1.803905248641967773e+00
8.861868381500244141e-01
7.903751730918884277e-01
-3.291529715061187744e-01
-4.274324476718902588e-01
-4.552018940448760986e-01
-3.878999501466751099e-02
-3.571205139160156250e-01
-1.326432079076766968e-01
7.596210837364196777e-01
-3.701311051845550537e-01
6.147591471672058105e-01
-1.451406240463256836e+00
-7.254561185836791992e-01
-2.186466217041015625e+00
1.363593935966491699e+00
-7.549083828926086426e-01
-5.345156192779541016e-01
-2.093330174684524536e-01
-1.644564151763916016e+00
7.242265343666076660e-01
-2.174782752990722656e-01
-3.432111442089080811e-01
-4.891686439514160156e-01
1.183471202850341797e+00
2.264744341373443604e-01
9.251653403043746948e-02
-1.250294208526611328e+00
-1.840661048889160156e+00
1.114528775215148926e+00
-4.221559762954711914e-01
7.884911298751831055e-01
-1.646861135959625244e-01
3.087646365165710449e-01
1.040956258773803711e+00
-5.436183810234069824e-01
5.183235928416252136e-02
-4.931145310401916504e-01
6.961289048194885254e-02
-2.663880884647369385e-01
-7.217897474765777588e-02
-1.936041116714477539e+00
-2.346075773239135742e-01
-2.678155004978179932e-01
-1.220040678977966309e+00
4.735909402370452881e-01
1.146107539534568787e-01
-9.540668725967407227e-01
1.181428074836730957e+00
1.834068655967712402e+00
6.202019453048706055e-01
6.532696485519409180e-01
-1.100088596343994141e+00
-1.482045412063598633e+00
1.170735001564025879e+00
-2.007231116294860840e-01
-1.322314977645874023e+00
1.272609829902648926e+00
-4.892811775207519531e+00
-1.933816671371459961e+00
-1.244874000549316406e+00
5.623804032802581787e-02
-4.350748956203460693e-01
5.681474208831787109e-01
-5.163399577140808105e-01
3.454258441925048828e-01
-3.616223335266113281e-01
6.797539591789245605e-01
1.776228845119476318e-01
4.026708900928497314e-01
-1.532438278198242188e+00
-9.154377579689025879e-01
-2.698426544666290283e-01
-1.372619152069091797e+00
-2.339332818984985352e+00
1.098316431045532227e+00
1.052100419998168945e+00
6.830996870994567871e-01
1.681634664535522461e+00
-2.133105546236038208e-01
1.711898088455200195e+00
2.031416416168212891e+00
-6.423777937889099121e-01
2.398510649800300598e-02
-4.125610291957855225e-01
-2.005496323108673096e-01
-2.523047327995300293e-01
-1.411632061004638672e+00
-3.368000388145446777e-01
-8.564835786819458008e-01
2.313748359680175781e+00
2.178075551986694336e+00
-3.648456633090972900e-01
-1.669085741043090820e+00
-5.611991286277770996e-01
1.391838431358337402e+00
-1.374661643058061600e-02
4.968808889389038086e-01
1.968791484832763672e+00
6.192548274993896484e-01
-2.369801402091979980e-01
-1.168603658676147461e+00
-3.038178980350494385e-01
-1.980154961347579956e-02
-9.416150450706481934e-01
8.130162954330444336e-01
5.994918942451477051e-01
4.830386340618133545e-01
-9.872013330459594727e-02
4.194014370441436768e-01
2.107862234115600586e+00
-1.119632124900817871e+00
1.416673183441162109e+00
8.223452568054199219e-01
8.848866075277328491e-02
-5.456683039665222168e-01
-1.445179343223571777e+00
-1.204412356019020081e-01
1.627613067626953125e+00
-2.675302505493164062e+00
4.742266535758972168e-01
4.462704807519912720e-02
1.862989544868469238e+00
9.072221517562866211e-01
-4.043390750885009766e-01
-6.424964070320129395e-01
-1.284023397602140903e-03
-2.220875024795532227e-01
5.987074375152587891e-01
9.258219599723815918e-01
4.178564548492431641e-01
-3.027549088001251221e-01
-5.957071185111999512e-01
-9.747532010078430176e-01
1.496490687131881714e-01
2.631550550460815430e+00
-2.119753211736679077e-01
-4.917837977409362793e-01
-6.810650229454040527e-01
-4.533398449420928955e-01
8.563159704208374023e-01
5.153674483299255371e-01
2.155383229255676270e-01
-1.052008748054504395e+00
-3.847126960754394531e-01
-8.881840705871582031e-01
-2.710858821868896484e+00
2.609851062297821045e-01
6.276581883430480957e-01
1.609764546155929565e-01
4.277772903442382812e-01
-1.647408902645111084e-01
1.012672632932662964e-01
1.156598806381225586e+00
-1.347976326942443848e-01
7.667719572782516479e-02
2.203625142574310303e-01
-1.760133504867553711e-01
-9.826388955116271973e-01
-4.783498123288154602e-02
-1.887974441051483154e-01
5.112808942794799805e-02
2.415540516376495361e-01
-6.682368461042642593e-03
1.858799934387207031e+00
-7.736543416976928711e-01
-8.530835509300231934e-01
1.995542347431182861e-01
-3.317199945449829102e-01
-1.555330157279968262e+00
-2.058825731277465820e+00
5.131482481956481934e-01
8.471864461898803711e-01
-4.093635082244873047e-01
9.271605312824249268e-02
1.416496992111206055e+00
-2.016320675611495972e-01
-5.203685909509658813e-02
-1.439865445718169212e-03
5.425879955291748047e-01
7.264610528945922852e-01
-1.415842175483703613e+00
-3.971495926380157471e-01
-1.891749262809753418e+00
3.156406402587890625e+00
-4.429744184017181396e-01
-1.846714615821838379e-01
4.498681724071502686e-01
1.682593673467636108e-01
1.304277181625366211e+00
-2.351693153381347656e+00
8.586444258689880371e-01
-5.631183981895446777e-01
-8.216360211372375488e-01
-2.463376969099044800e-01
-2.961806297302246094e+00
-1.254155635833740234e-01
-2.602201104164123535e-01
1.423458933830261230e+00
2.541816234588623047e-01
-6.564702391624450684e-01
9.516801834106445312e-01
5.562044382095336914e-01
1.695418119430541992e+00
-6.848902702331542969e-01
-6.960375905036926270e-01
-3.924123644828796387e-01
-1.582531213760375977e+00
1.598829865455627441e+00
1.789251714944839478e-01
1.606399863958358765e-01
5.727938190102577209e-02
1.549981951713562012e+00
9.932745099067687988e-01
-6.580934524536132812e-01
-1.042217016220092773e+00
-1.145186066627502441e+00
2.081041187047958374e-01
3.809522390365600586e-01
-4.858092069625854492e-01
4.999078512191772461e-01
4.761272668838500977e-01
1.054089426994323730e+00
-3.106405138969421387e-01
2.441451698541641235e-01
-1.480758190155029297e+00
-6.524838507175445557e-02
7.166969180107116699e-01
-3.851719200611114502e-01
-9.533039927482604980e-01
-6.703334450721740723e-01
6.571644544601440430e-01
1.060548663139343262e+00
-2.460842579603195190e-01
9.525206685066223145e-01
-9.396225214004516602e-01
4.266937375068664551e-01
-7.175153493881225586e-01
8.621255159378051758e-01
-4.703456908464431763e-02
-1.743547081947326660e+00
1.431544184684753418e+00
-3.865292072296142578e-01
1.928541660308837891e-01
3.470683097839355469e-01
1.139321684837341309e+00
1.869049966335296631e-01
-1.037181854248046875e+00
-2.353543229401111603e-02
7.780858278274536133e-01
4.025773331522941589e-02
1.441237807273864746e+00
2.685769796371459961e-01
-1.148709654808044434e+00
1.875827461481094360e-01
-2.000057548284530640e-01
2.171078622341156006e-01
5.811167955398559570e-01
-2.116856575012207031e-01
-3.277125358581542969e-01
-9.620200395584106445e-01
2.823818922042846680e-01
-1.510543227195739746e+00
-1.951900839805603027e+00
-3.917168080806732178e-01
3.677352964878082275e-01
-4.936530888080596924e-01
4.515156894922256470e-02
-5.188825130462646484e-01
9.300881028175354004e-01
-5.868093371391296387e-01
-3.419171273708343506e-01
5.047721266746520996e-01
3.624115586280822754e-01
2.057170629501342773e+00
-8.451094627380371094e-01
2.141309499740600586e+00
-7.814739644527435303e-02
-1.882007718086242676e-01
1.195631504058837891e+00
1.780640363693237305e+00
5.901538133621215820e-01
-5.144189000129699707e-01
-8.066418766975402832e-01
-1.542795181274414062e+00
9.526138305664062500e-01
3.838672041893005371e-01
-5.640854239463806152e-01
7.005977630615234375e-01
-1.430958867073059082e+00
9.974456429481506348e-01
-1.226567029953002930e+00
5.629360079765319824e-01
5.959256291389465332e-01
-4.690260440111160278e-02
-3.098717331886291504e-01
7.987104654312133789e-01
-3.171302676200866699e-01
1.559929609298706055e+00
-1.231825470924377441e+00
-1.783538937568664551e+00
1.459624171257019043e+00
1.111329078674316406e+00
-1.078651905059814453e+00
-7.472641468048095703e-01
-1.676851063966751099e-01
1.335556864738464355e+00
-1.270414352416992188e+00
-3.009136021137237549e-01
9.653568863868713379e-01
1.360405087471008301e-01
1.179797649383544922e+00
1.766788959503173828e+00
6.319587230682373047e-01
4.291118383407592773e-01
6.254326105117797852e-01
-8.339894413948059082e-01
4.932588636875152588e-01
-1.377689689397811890e-01
2.595095038414001465e-01
3.722567558288574219e-01
3.044897615909576416e-01
-1.586230695247650146e-01
2.733018398284912109e-01
-1.576636672019958496e+00
9.650304913520812988e-01
-6.771193742752075195e-01
-4.672004282474517822e-02
-1.154292345046997070e+00
3.688098192214965820e-01
2.286995351314544678e-01
6.846954822540283203e-01
8.918833136558532715e-01
2.063635140657424927e-01
1.110993027687072754e-01
-1.035223007202148438e+00
-1.050311565399169922e+00
-4.126901924610137939e-01
5.255809426307678223e-01
-3.153429508209228516e+00
4.616318345069885254e-01
3.546384572982788086e-01
7.160476446151733398e-01
4.609794616699218750e-01
-5.116270184516906738e-01
2.740526795387268066e-01
3.158369064331054688e-01
7.853903174400329590e-01
-1.187441587448120117e+00
-7.647695541381835938e-01
-4.585288465023040771e-01
-6.235840320587158203e-01
-1.962667405605316162e-01
1.570952534675598145e-01
3.069084882736206055e-01
1.278479397296905518e-01
7.033351063728332520e-02
3.391311168670654297e-01
-8.251131176948547363e-01
4.404043555259704590e-01
3.033408820629119873e-01
-1.111841797828674316e+00
-7.249252796173095703e-01
5.025532841682434082e-01
3.346377015113830566e-01
6.469801068305969238e-01
7.827274203300476074e-01
-7.637886703014373779e-02
7.294785380363464355e-01
-1.212983012199401855e+00
1.888658046722412109e+00
-1.298866510391235352e+00
-9.349863529205322266e-01
-8.390372395515441895e-01
1.532417297363281250e+00
3.332148790359497070e-01
9.741051793098449707e-01
-1.526935815811157227e+00
-1.578003913164138794e-01
1.707248091697692871e+00
4.671191871166229248e-01
-1.394340246915817261e-01
9.339124895632266998e-03
-5.256503820419311523e-01
-4.982563555240631104e-01
6.792694330215454102e-01
2.912520170211791992e-01
7.292842119932174683e-02
-9.520978331565856934e-01
4.479020833969116211e-01
6.257649660110473633e-01
1.341032028198242188e+00
-1.202406287193298340e+00
-6.749266386032104492e-01
1.252382040023803711e+00
-9.880948811769485474e-02
-4.183169305324554443e-01
3.099756240844726562e-01
2.714878022670745850e-01
1.042495131492614746e+00
-3.621147274971008301e-01
-3.273825645446777344e-01
-3.777621686458587646e-01
1.745426177978515625e+00
-1.813418388366699219e+00
1.572331935167312622e-01
7.692347764968872070e-01
-1.885806441307067871e+00
-4.397622942924499512e-01
-1.598516106605529785e+00
1.389827251434326172e+00
-1.007684469223022461e+00
1.956927657127380371e+00
1.417529106140136719e+00
1.684339344501495361e-01
-7.995731234550476074e-01
-1.939902752637863159e-01
7.757348567247390747e-02
-2.004546642303466797e+00
-4.245787858963012695e-01
-1.645216345787048340e-01
-9.325967431068420410e-01
1.812907159328460693e-01
1.113960742950439453e+00
-9.573111534118652344e-01
6.948707252740859985e-02
-1.056168079376220703e+00
-3.352943658828735352e-01
6.339809298515319824e-01
-1.479128837585449219e+00
-5.870518833398818970e-02
1.790510565042495728e-01
-1.000335693359375000e+00
4.663563668727874756e-01
5.079738497734069824e-01
2.563117980957031250e+00
2.254154682159423828e+00
1.456741541624069214e-01
1.921528220176696777e+00
1.432087421417236328e-01
-1.649560213088989258e+00
1.148190498352050781e+00
-3.706524670124053955e-01
3.482180833816528320e-01
7.039030790328979492e-01
-8.441375494003295898e-01
9.789428114891052246e-01
-4.344134926795959473e-01
9.489687085151672363e-01
-9.588198065757751465e-01
-4.840492010116577148e-01
-1.920281052589416504e-01
-4.009314179420471191e-01
-1.359883069992065430e+00
1.510024815797805786e-01
8.873351812362670898e-01
-1.745641231536865234e+00
7.468672096729278564e-02
7.487226724624633789e-01
-3.602975904941558838e-01
-1.718611359596252441e+00
5.420532822608947754e-01
4.681948423385620117e-01
9.623224735260009766e-01
3.592450320720672607e-01
-2.276194393634796143e-01
1.202618479728698730e+00
2.844967544078826904e-01
2.744343757629394531e+00
4.931264519691467285e-01
-3.075090944766998291e-01
-3.123748600482940674e-01
3.829734027385711670e-01
1.266710758209228516e+00
2.144127368927001953e+00
-4.833585917949676514e-01
2.006126165390014648e+00
5.959009528160095215e-01
2.351758033037185669e-01
4.021146520972251892e-02
9.001349210739135742e-01
-5.505984425544738770e-01
1.176188707351684570e+00
-4.103805124759674072e-02
4.881509765982627869e-02
2.142274141311645508e+00
9.584625959396362305e-01
2.811808824539184570e+00
-1.407103061676025391e+00
-1.673441529273986816e+00
5.967971086502075195e-01
-1.849938511848449707e+00
-5.156000852584838867e-01
-1.134705305099487305e+00
-1.935356378555297852e+00
-1.303868174552917480e+00
-1.684964746236801147e-01
-6.770923733711242676e-01
3.391291499137878418e-01
1.470553636550903320e+00
7.864427566528320312e-01
-1.985920071601867676e+00
4.856617152690887451e-01
3.919613361358642578e-01
3.005672991275787354e-01
-1.250979900360107422e+00
-1.093519568443298340e+00
1.388544321060180664e+00
2.656333148479461670e-01
1.906100034713745117e+00
-5.626894235610961914e-01
-1.862523913383483887e+00
-1.411600112915039062e+00
8.465351462364196777e-01
-3.879949748516082764e-01
1.242545485496520996e+00
1.611305594444274902e+00
3.763306140899658203e-01
1.131360307335853577e-01
8.015264272689819336e-01
-1.684281080961227417e-01
-2.666230201721191406e+00
-8.299485445022583008e-01
-7.584201097488403320e-01
1.114215373992919922e+00
1.394713997840881348e+00
-5.049101710319519043e-01
-2.635154724121093750e+00
4.699685275554656982e-01
-1.406391978263854980e+00
-6.043982505798339844e+00
-4.128875732421875000e-01
-1.386307120323181152e+00
1.287921309471130371e+00
1.380861759185791016e+00
-1.138725519180297852e+00
-1.309968233108520508e+00
-3.237823545932769775e-01
-1.367415040731430054e-01
-1.462022781372070312e+00
-2.431204766035079956e-01
1.056393623352050781e+00
-6.533870697021484375e-01
2.088356256484985352e+00
-8.855841755867004395e-01
-8.108000159263610840e-01
-2.185337245464324951e-01
8.288356661796569824e-01
2.583401679992675781e+00
-1.034444212913513184e+00
-6.038810685276985168e-02
2.992382049560546875e-01
-1.420471549034118652e+00
5.725295469164848328e-02
-2.221903562545776367e+00
1.544171094894409180e+00
-1.967406719923019409e-01
8.468301296234130859e-01
4.453752040863037109e-01
-1.322016596794128418e+00
-4.282583892345428467e-01
1.367246389389038086e+00
-3.440355956554412842e-01
2.851122379302978516e+00
-3.673814535140991211e-01
2.187931776046752930e+00
-5.918557643890380859e-01
-4.900322854518890381e-01
-2.848597466945648193e-01
-4.609308242797851562e-01
-4.232325553894042969e-01
-1.158794164657592773e+00
1.001711249351501465e+00
-1.090596795082092285e+00
-5.235222578048706055e-01
3.676854968070983887e-01
3.550318777561187744e-01
6.070837974548339844e-01
8.961169719696044922e-01
1.677083373069763184e-01
9.694899916648864746e-01
7.901532053947448730e-01
-1.510630249977111816e+00
-2.212120145559310913e-01
9.697269648313522339e-02
1.848666787147521973e+00
1.438983917236328125e+00
-1.306657791137695312e+00
5.553569793701171875e-01
-1.112707376480102539e+00
2.006543278694152832e-01
1.238978266716003418e+00
5.665716528892517090e-01
-5.274436473846435547e-01
8.475703001022338867e-01
-3.027389049530029297e-01
-8.662017434835433960e-02
1.114863038063049316e+00
4.273340702056884766e-01
-1.855462312698364258e+00
-1.839276313781738281e+00
2.867614626884460449e-01
7.700667381286621094e-01
-2.124449908733367920e-01
6.857840418815612793e-01
-4.574442207813262939e-01
-1.724013686180114746e+00
-6.086679697036743164e-01
-7.791138291358947754e-01
-1.570567637681961060e-01
