9.441741704940795898e-01
6.147031784057617188e-01
9.109750986099243164e-01
-1.380670219659805298e-01
-9.767042994499206543e-01
-1.007561564445495605e+00
9.539881348609924316e-01
6.032684445381164551e-01
-6.155102849006652832e-01
8.294030427932739258e-01
4.599430859088897705e-01
-5.121691897511482239e-02
9.741798639297485352e-01
-3.779272362589836121e-02
-9.476352930068969727e-01
-1.260884523391723633e+00
-1.457864284515380859e+00
-3.472272753715515137e-01
2.169503211975097656e+00
2.757037244737148285e-02
5.083863735198974609e-01
8.362232893705368042e-02
1.117946743965148926e+00
-2.496709823608398438e-01
-6.798078119754791260e-02
-5.819989442825317383e-01
-3.788146674633026123e-01
-2.733265161514282227e-01
-4.445394873619079590e-01
3.042599856853485107e-01
-1.424411296844482422e+00
-2.177178263664245605e-01
-4.397332966327667236e-01
4.766795337200164795e-01
-1.096406459808349609e+00
-8.367636799812316895e-01
-7.807360887527465820e-01
-8.799725770950317383e-01
-6.777328252792358398e-02
1.225711941719055176e+00
-1.215623617172241211e+00
-1.301168650388717651e-01
-1.087677717208862305e+00
6.814840435981750488e-02
5.125781893730163574e-01
-8.633297085762023926e-01
8.078546524047851562e-01
-1.401386499404907227e+00
-8.938588947057723999e-02
-4.340317249298095703e-01
-3.396424651145935059e-01
-7.490041255950927734e-01
-3.816313445568084717e-01
1.246846199035644531e+00
1.204780340194702148e+00
-6.912170648574829102e-01
-4.284466803073883057e-01
-1.076300263404846191e+00
-5.229714512825012207e-01
3.887069225311279297e-02
1.351396560668945312e+00
-6.516129374504089355e-01
1.957638740539550781e+00
1.947534441947937012e+00
-1.142223954200744629e+00
-1.792139530181884766e+00
8.981020450592041016e-01
3.787194192409515381e-01
7.941678762435913086e-01
1.619581103324890137e+00
8.920963406562805176e-01
6.438405513763427734e-01
-8.848699331283569336e-01
-9.454681277275085449e-01
1.370130777359008789e-01
8.396759033203125000e-01
7.777621746063232422e-01
-1.070875599980354309e-01
7.975217700004577637e-01
1.446958184242248535e+00
3.723620176315307617e-01
1.116022229194641113e+00
2.484664469957351685e-01
-5.105232596397399902e-01
-4.978575408458709717e-01
1.457015633583068848e+00
5.482245087623596191e-01
-7.890968918800354004e-01
-7.803831696510314941e-01
-3.112587928771972656e-01
-2.810285612940788269e-02
1.352562308311462402e+00
-7.291165590286254883e-01
9.799785614013671875e-01
1.255802750587463379e+00
-3.195383250713348389e-01
3.476343750953674316e-01
-1.867576837539672852e-01
9.850072264671325684e-01
4.146387279033660889e-01
-2.164874672889709473e-01
-1.293630748987197876e-01
6.005594134330749512e-01
-1.156113967299461365e-01
-2.259390950202941895e-01
4.566566944122314453e-01
-1.213238358497619629e+00
3.527801930904388428e-01
-6.772886961698532104e-02
1.817644238471984863e-01
5.555644035339355469e-01
6.486832499504089355e-01
-1.532719433307647705e-01
-2.256700545549392700e-01
3.156737387180328369e-01
4.500584304332733154e-01
-7.375702857971191406e-01
-1.080534458160400391e+00
5.098510384559631348e-01
7.528513669967651367e-01
-8.588574528694152832e-01
-4.702096879482269287e-01
-1.016635179519653320e+00
5.243898630142211914e-01
-3.249900341033935547e-01
-3.585705161094665527e-02
1.256812930107116699e+00
3.100081682205200195e-01
-7.953517436981201172e-01
-6.775650195777416229e-03
-1.901134997606277466e-01
-5.013533234596252441e-01
1.474111676216125488e-01
7.440791726112365723e-01
-6.344918608665466309e-01
-9.867589473724365234e-01
-5.186861753463745117e-01
-8.455473780632019043e-01
-8.504375219345092773e-01
2.932381331920623779e-01
-7.120019793510437012e-01
-5.036848038434982300e-02
1.428344249725341797e+00
1.198016047477722168e+00
1.966029852628707886e-01
3.535667061805725098e-01
-2.490498572587966919e-01
-4.240956902503967285e-01
-4.896249771118164062e-01
1.238162279129028320e+00
1.100821867585182190e-01
2.411288976669311523e+00
1.445355266332626343e-01
2.107814699411392212e-01
1.124831140041351318e-01
-7.472988963127136230e-01
-1.285530567169189453e+00
-1.215950176119804382e-01
-1.588437706232070923e-02
2.946426868438720703e-01
2.461038678884506226e-01
-5.556346178054809570e-01
-1.904689818620681763e-01
-6.498939394950866699e-01
3.889252245426177979e-01
4.743415117263793945e-01
1.174332797527313232e-01
-2.755616009235382080e-01
2.681762576103210449e-01
1.687033176422119141e-01
-1.213438510894775391e+00
-1.060562491416931152e+00
-1.812778472900390625e+00
7.538444399833679199e-01
-9.492832422256469727e-01
1.000531911849975586e-01
1.148898482322692871e+00
1.768161952495574951e-01
-4.276122450828552246e-01
9.852215051651000977e-01
-2.823116779327392578e-01
-2.158883363008499146e-01
5.249315500259399414e-01
1.547496914863586426e-01
-1.908608198165893555e+00
5.384856462478637695e-01
-7.542100548744201660e-01
1.460140645503997803e-01
-1.050634216517210007e-02
7.114245891571044922e-01
-2.501057088375091553e-01
8.237408846616744995e-02
-2.952984571456909180e-01
5.919240117073059082e-01
-6.088222265243530273e-01
1.343395233154296875e+00
-5.325974225997924805e-01
9.805345535278320312e-01
-3.831594288349151611e-01
-1.618986010551452637e+00
1.564629673957824707e-01
-2.174569517374038696e-01
3.666757256723940372e-04
-5.520928502082824707e-01
1.093641877174377441e+00
-3.280966877937316895e-01
-9.595619887113571167e-02
9.923719167709350586e-01
8.498342633247375488e-01
-1.175312995910644531e+00
-2.357829064130783081e-01
8.708171248435974121e-01
1.334249377250671387e+00
1.138684511184692383e+00
7.909950017929077148e-01
-5.613305568695068359e-01
-1.933931469917297363e+00
-5.930792689323425293e-01
-5.728234648704528809e-01
-1.090987801551818848e+00
4.885795712471008301e-01
1.041344046592712402e+00
-2.708751261234283447e-01
4.553472697734832764e-01
-2.006348133087158203e+00
9.583546519279479980e-01
6.257538199424743652e-01
-7.820286601781845093e-02
-4.840464890003204346e-01
-1.897444248199462891e+00
-5.640616416931152344e-01
-6.729444265365600586e-01
6.916534900665283203e-01
1.148208022117614746e+00
6.495202183723449707e-01
1.950617134571075439e-01
8.712009191513061523e-01
-2.088180333375930786e-01
6.983333230018615723e-01
-1.862614750862121582e-01
8.114768564701080322e-02
-2.048029601573944092e-01
-3.255297541618347168e-01
1.167232915759086609e-01
-7.604832053184509277e-01
-6.605912446975708008e-01
-4.609911739826202393e-01
1.452235221862792969e+00
7.685080766677856445e-01
7.275720238685607910e-01
-1.204551219940185547e+00
-8.144665360450744629e-01
-1.175727605819702148e+00
-1.252314209938049316e+00
1.497231274843215942e-01
-2.454415410757064819e-01
1.129113733768463135e-01
8.517328649759292603e-02
-6.669324636459350586e-01
3.176339864730834961e-01
-5.527448058128356934e-01
3.291737735271453857e-01
6.874803304672241211e-01
-1.051446676254272461e+00
-6.912500262260437012e-01
8.736757636070251465e-01
4.924702048301696777e-01
5.356007814407348633e-01
-1.260255575180053711e-01
2.670857310295104980e-01
1.105520606040954590e+00
2.642157971858978271e-01
-1.091251298785209656e-01
1.141814470291137695e+00
1.516495794057846069e-01
-4.219439029693603516e-01
9.269153475761413574e-01
-7.943939566612243652e-01
4.652129709720611572e-01
-8.130666613578796387e-01
3.811338841915130615e-01
-1.112228870391845703e+00
1.103184461593627930e+00
2.190205156803131104e-01
1.098784089088439941e+00
-3.660556375980377197e-01
8.669530153274536133e-01
3.908008933067321777e-01
1.113979101181030273e+00
3.305234611034393311e-01
-6.772181391716003418e-01
-2.440352439880371094e-01
-9.764505624771118164e-01
3.276793718338012695e+00
-6.125058531761169434e-01
-8.773723840713500977e-01
-1.758412241935729980e+00
-2.975141704082489014e-01
4.360307753086090088e-01
-1.856987327337265015e-01
2.097559124231338501e-01
-3.680013716220855713e-01
5.638720393180847168e-01
4.536739587783813477e-01
-2.001241892576217651e-01
5.016435980796813965e-01
3.173968568444252014e-02
-8.080839365720748901e-02
-1.960772275924682617e-01
1.030928969383239746e+00
-1.262620687484741211e+00
-5.540336966514587402e-01
-3.058249950408935547e-01
4.592197835445404053e-01
-2.677989304065704346e-01
8.229604363441467285e-01
1.000064849853515625e+00
8.094024658203125000e-01
-1.107810065150260925e-01
-2.654704451560974121e-01
-9.505681395530700684e-01
8.347856402397155762e-01
6.268207430839538574e-01
-1.279617309570312500e+00
-5.528181195259094238e-01
-1.041589770466089249e-02
-2.828623354434967041e-01
-7.103890776634216309e-01
-1.702257037162780762e+00
-1.009321436285972595e-01
-6.382826566696166992e-01
-7.901071906089782715e-01
1.155466198921203613e+00
9.317181073129177094e-03
-5.534202326089143753e-03
-1.419997662305831909e-01
-4.603996276855468750e-01
-1.295170634984970093e-01
5.008846521377563477e-01
-6.272224187850952148e-01
-9.907276034355163574e-01
-8.876527547836303711e-01
2.675822973251342773e-01
-2.823552787303924561e-01
-7.840364575386047363e-01
1.369626671075820923e-01
-6.359227895736694336e-01
-6.286015510559082031e-01
-1.656481981277465820e+00
-9.334487318992614746e-01
-8.968392014503479004e-01
-6.096457131206989288e-03
5.621473193168640137e-01
-1.066321849822998047e+00
7.290621846914291382e-02
3.291945457458496094e-01
7.365938425064086914e-01
-1.130849719047546387e+00
-1.038546085357666016e+00
-2.273973673582077026e-01
-1.523663550615310669e-01
-1.074739336967468262e+00
2.869210019707679749e-02
-1.128558278083801270e+00
-1.022195219993591309e+00
6.749318838119506836e-01
3.469983935356140137e-01
1.068683192133903503e-01
-9.063766598701477051e-01
4.772941023111343384e-02
9.039846658706665039e-01
8.205004334449768066e-01
3.602972626686096191e-02
2.030307292938232422e+00
-3.567932546138763428e-01
-2.794128358364105225e-01
5.325102210044860840e-01
-4.449666142463684082e-01
-4.882775247097015381e-01
2.876099050045013428e-01
5.897331833839416504e-01
2.488824129104614258e-01
2.799172401428222656e-01
6.175911426544189453e-01
-1.406892985105514526e-01
1.088657379150390625e+00
-5.762235522270202637e-01
1.664877384901046753e-01
1.869964748620986938e-01
7.606782317161560059e-01
2.210098028182983398e+00
9.566085338592529297e-01
9.044597148895263672e-01
7.813729643821716309e-01
1.024405121803283691e+00
-2.418731003999710083e-01
-2.834768593311309814e-01
-6.780549287796020508e-01
6.711779236793518066e-01
1.131195500493049622e-01
-1.209438085556030273e+00
1.860884428024291992e-01
5.186645388603210449e-01
2.119249552488327026e-01
-1.344561338424682617e+00
2.361173778772354126e-01
2.371776252985000610e-01
4.361439645290374756e-01
-6.941377520561218262e-01
-1.419656753540039062e+00
-1.013453722000122070e+00
1.150495707988739014e-01
-1.227152109146118164e+00
6.966950297355651855e-01
-6.483294963836669922e-01
1.685316205024719238e+00
-3.155843317508697510e-01
-2.645541429519653320e-01
-6.398622989654541016e-01
6.130275726318359375e-01
-8.451074957847595215e-01
-1.198046088218688965e+00
2.370929241180419922e+00
3.524323403835296631e-01
-4.840462505817413330e-01
2.090823948383331299e-01
-2.251896709203720093e-01
-6.131674647331237793e-01
-6.250159740447998047e-01
8.534297347068786621e-01
1.855343133211135864e-01
-9.401609748601913452e-02
1.400618910789489746e+00
-7.330908179283142090e-01
1.154911443591117859e-01
-3.562487363815307617e-01
3.059149384498596191e-01
5.564413070678710938e-01
-8.421202301979064941e-01
6.256207823753356934e-01
-5.190122723579406738e-01
-4.210307300090789795e-01
-5.176021456718444824e-01
4.547027349472045898e-01
-2.096009105443954468e-01
2.644186019897460938e-01
-8.505685925483703613e-01
-4.877462387084960938e-01
1.783409863710403442e-01
-3.574148714542388916e-01
-1.367265224456787109e+00
3.365218639373779297e-01
6.537242531776428223e-01
-4.802955090999603271e-01
5.498339235782623291e-02
9.807193875312805176e-01
1.465863108634948730e+00
1.079005479812622070e+00
-3.473938405513763428e-01
8.662716746330261230e-01
6.773641109466552734e-01
-4.291584491729736328e-01
-1.335422158241271973e+00
6.985168457031250000e-01
-2.752476036548614502e-01
2.722220122814178467e-01
-9.140262603759765625e-01
1.360384076833724976e-01
3.199142590165138245e-02
-1.253109097480773926e+00
-7.025722265243530273e-01
-1.132228970527648926e+00
-2.644731402397155762e-01
2.972708642482757568e-02
-9.970880150794982910e-01
-1.556062847375869751e-01
6.350004673004150391e-01
2.404780834913253784e-01
-6.688857078552246094e-01
-7.820860743522644043e-01
-7.645747661590576172e-01
1.771178245544433594e-01
-1.106495499610900879e+00
-4.678514599800109863e-01
-6.585599482059478760e-02
1.809314042329788208e-01
-7.546802759170532227e-01
-6.737667322158813477e-01
1.186000704765319824e+00
9.929180145263671875e-01
7.149127125740051270e-01
3.791353404521942139e-01
2.540539503097534180e-01
9.370729327201843262e-01
8.271772265434265137e-01
-9.669096469879150391e-01
-5.772065520286560059e-01
-3.442811727523803711e+00
1.242617368698120117e+00
-1.399696320295333862e-01
-6.035535931587219238e-01
7.727506756782531738e-01
-1.919920146465301514e-01
8.942400217056274414e-01
-2.605220973491668701e-01
-4.891747236251831055e-01
1.567332074046134949e-02
-8.262379765510559082e-01
1.116945385932922363e+00
3.474967777729034424e-01
5.352307558059692383e-01
-8.594657182693481445e-01
3.028922379016876221e-01
-6.686490774154663086e-01
5.455142259597778320e-02
-2.977627217769622803e-01
-8.163123130798339844e-01
-7.208082675933837891e-01
9.760792255401611328e-01
-4.003695845603942871e-01
-5.756594538688659668e-01
3.652687072753906250e-01
-1.737349927425384521e-01
-1.733733527362346649e-02
-6.536539196968078613e-01
3.575406968593597412e-01
-1.487571954727172852e+00
-6.365059018135070801e-01
-1.444604396820068359e-01
-5.681641027331352234e-02
-1.365796923637390137e+00
3.563177585601806641e-01
1.229987263679504395e+00
8.600116372108459473e-01
7.036275416612625122e-02
-8.674221634864807129e-01
7.798365354537963867e-01
8.865923881530761719e-01
-2.574950933456420898e+00
-1.327605396509170532e-01
-4.279423952102661133e-01
-3.348480463027954102e-01
-1.328063458204269409e-01
-7.701625823974609375e-01
1.138713717460632324e+00
-8.101847171783447266e-01
5.173094868659973145e-01
1.242108225822448730e+00
-9.040656685829162598e-02
-3.983977735042572021e-01
1.917705982923507690e-01
-9.273792617022991180e-03
4.456650316715240479e-01
-2.034262865781784058e-01
-5.530933141708374023e-01
1.063188791275024414e+00
-1.006812930107116699e+00
8.064469099044799805e-01
-9.729405045509338379e-01
-3.849164843559265137e-01
1.157354593276977539e+00
1.092837691307067871e+00
-7.867780923843383789e-01
2.227131426334381104e-01
-1.756982356309890747e-01
1.057109713554382324e+00
-7.402468472719192505e-03
-5.045310258865356445e-01
1.656997323036193848e+00
-1.562753558158874512e+00
3.122011721134185791e-01
6.404831409454345703e-01
-6.422502398490905762e-01
-3.126130700111389160e-01
-6.651450693607330322e-02
-1.392483353614807129e+00
2.752363085746765137e-01
-4.401755630970001221e-01
7.771275043487548828e-01
-3.384128957986831665e-02
-1.178604960441589355e+00
1.469131588935852051e+00
-3.515439629554748535e-01
-1.907737404108047485e-01
-7.749760150909423828e-01
-6.942934393882751465e-01
-1.478286683559417725e-01
-1.685684680938720703e+00
-6.464689970016479492e-01
-7.638566195964813232e-02
2.349358648061752319e-01
1.423066295683383942e-02
-1.023642942309379578e-01
4.317526519298553467e-01
-3.415387272834777832e-01
1.070574760437011719e+00
6.947088986635208130e-02
-8.334954977035522461e-01
-4.524772167205810547e-01
7.982550561428070068e-02
9.968843460083007812e-01
-1.966951131820678711e+00
9.039385318756103516e-01
9.227600693702697754e-01
5.801039338111877441e-01
-1.089737772941589355e+00
3.696587979793548584e-01
-1.233929753303527832e+00
-4.693718254566192627e-01
1.239045783877372742e-01
-4.868205487728118896e-01
1.569821387529373169e-01
1.535858988761901855e+00
1.875278502702713013e-01
-1.503246188163757324e+00
1.154196560382843018e-01
-3.957288563251495361e-01
-8.070914745330810547e-01
-9.876628965139389038e-02
4.527910649776458740e-01
-9.688684940338134766e-01
8.522711992263793945e-01
-9.400348663330078125e-01
2.762254476547241211e-01
4.075059294700622559e-02
-1.163759455084800720e-01
2.354222834110260010e-01
1.138867437839508057e-01
-5.472984910011291504e-01
-1.101235032081604004e+00
2.966049313545227051e-01
7.800700664520263672e-01
8.042089939117431641e-01
-1.171451658010482788e-01
1.400534391403198242e+00
-1.425225753337144852e-02
4.094626307487487793e-01
-1.057009994983673096e-01
3.560886979103088379e-01
1.350514590740203857e-01
-5.827416777610778809e-01
-6.901952028274536133e-01
-2.934082448482513428e-01
1.892416834831237793e+00
-2.343757450580596924e-02
2.711457252502441406e+00
-6.824570298194885254e-01
8.209940791130065918e-01
9.798166751861572266e-01
6.223786473274230957e-01
6.486970186233520508e-01
-7.125942111015319824e-01
-1.485764384269714355e+00
-1.217508435249328613e+00
2.368715256452560425e-01
-7.947178483009338379e-01
-6.625863909721374512e-01
-1.573732256889343262e+00
8.771014213562011719e-02
-2.898814082145690918e-01
-2.417635172605514526e-01
-2.031628787517547607e-01
-2.177827060222625732e-01
-1.575656652450561523e+00
1.059961840510368347e-01
1.458840489387512207e+00
-1.882485300302505493e-01
1.581943631172180176e-01
-2.069042921066284180e-01
2.114645093679428101e-01
-3.306980729103088379e-01
3.391401171684265137e-01
-6.103800535202026367e-01
9.876825809478759766e-01
3.244267106056213379e-01
-1.428938865661621094e+00
-9.032790660858154297e-01
3.665905892848968506e-01
1.442336201667785645e+00
8.262910842895507812e-01
8.725968003273010254e-01
-9.729295969009399414e-02
8.295922279357910156e-01
1.920669376850128174e-01
-3.251672955229878426e-03
1.456315368413925171e-01
-5.583582445979118347e-03
-1.563618063926696777e+00
-5.787794113159179688e+00
4.991815388202667236e-01
-1.711921811103820801e+00
-3.816866874694824219e-01
8.707504272460937500e-01
5.311018228530883789e-02
-3.318217098712921143e-01
1.424496769905090332e-01
-4.586693644523620605e-01
-2.250394225120544434e-01
-1.249912977218627930e+00
-6.785456538200378418e-01
-7.691885828971862793e-01
-1.307443261146545410e+00
-1.254468798637390137e+00
2.119204998016357422e-01
1.781654730439186096e-02
1.023821234703063965e+00
2.296882152557373047e+00
-4.710519611835479736e-01
-1.273219734430313110e-01
6.247632503509521484e-01
-1.607416123151779175e-01
9.765313565731048584e-02
-5.550806410610675812e-03
-3.221224248409271240e-01
-4.765329062938690186e-01
6.149844527244567871e-01
7.775882482528686523e-01
-8.948973417282104492e-01
-4.018949344754219055e-02
-2.030977755784988403e-01
-1.293890833854675293e+00
-2.915673971176147461e+00
-1.970836520195007324e-01
5.907478928565979004e-01
8.522025495767593384e-02
-4.378958642482757568e-01
-1.279150366783142090e+00
2.453726977109909058e-01
8.321651816368103027e-01
-2.421048842370510101e-02
3.283891081809997559e-01
-1.258650064468383789e+00
-5.564984083175659180e-01
8.750906586647033691e-02
1.208878159523010254e+00
2.017293214797973633e+00
-3.074758350849151611e-01
7.788892388343811035e-01
1.211619615554809570e+00
-2.329617142677307129e-01
-3.179261982440948486e-01
-1.172116518020629883e+00
1.671576201915740967e-01
6.249819397926330566e-01
4.230667650699615479e-01
-9.967179894447326660e-01
6.225212290883064270e-02
-1.499277353286743164e+00
1.244888305664062500e+00
-8.214949965476989746e-01
1.494623869657516479e-01
6.206094622611999512e-01
9.112035632133483887e-01
6.793115288019180298e-02
-1.250819444656372070e+00
1.567924022674560547e-01
-5.182791948318481445e-01
5.667245388031005859e-01
1.112648725509643555e+00
-2.002879977226257324e-01
-1.183995380997657776e-01
1.817791819572448730e+00
6.914265751838684082e-01
8.176882863044738770e-01
3.940648138523101807e-01
-4.182036519050598145e-01
1.043746098875999451e-01
6.124523878097534180e-01
