1.928939968347549438e-01
1.875036239624023438e+00
9.605569839477539062e-01
1.233439370989799500e-01
2.831421196460723877e-01
-5.906960964202880859e-01
-1.581181883811950684e-01
8.746604323387145996e-01
-2.102142333984375000e+00
-1.080051511526107788e-01
1.184628248214721680e+00
3.874387443065643311e-01
6.856744885444641113e-01
5.188549160957336426e-01
-4.689088463783264160e-01
-1.015338301658630371e+00
-4.478299319744110107e-01
-4.387183785438537598e-01
3.101568818092346191e-01
-5.170649290084838867e-01
6.498757004737854004e-01
-3.624479472637176514e-01
8.261007070541381836e-02
-1.659751772880554199e+00
8.052314519882202148e-01
-1.045802116394042969e+00
6.326136738061904907e-02
-5.071396827697753906e-01
-1.958462953567504883e+00
-2.876480519771575928e-01
1.561828553676605225e-01
-5.410584807395935059e-01
-1.151806265115737915e-01
4.919847846031188965e-01
-1.011276364326477051e+00
2.087819129228591919e-01
2.989195287227630615e-02
-2.169169902801513672e+00
-8.515579998493194580e-02
4.030220210552215576e-01
5.417731404304504395e-01
-1.218050241470336914e+00
-1.312515497207641602e+00
-5.891854763031005859e-01
5.488151907920837402e-01
-8.820335268974304199e-01
-9.612486511468887329e-02
-5.833813548088073730e-01
3.352204263210296631e-01
1.259308218955993652e+00
4.804231822490692139e-01
-2.609543204307556152e-01
3.858569264411926270e-01
7.478299140930175781e-01
1.887161135673522949e-01
-6.729663610458374023e-01
4.371143877506256104e-01
-1.200093477964401245e-01
1.602106392383575439e-01
-1.435368776321411133e+00
2.227349430322647095e-01
-2.772848606109619141e-01
-1.138301007449626923e-02
-1.131534576416015625e+00
-4.398094490170478821e-03
-9.819523096084594727e-01
1.078211903572082520e+00
-1.141062378883361816e+00
3.607445061206817627e-01
5.256143212318420410e-01
1.470664620399475098e+00
1.812452375888824463e-01
2.778220474720001221e-01
-9.822616577148437500e-01
3.634987771511077881e-01
-9.921302795410156250e-01
-5.016483068466186523e-01
2.017907202243804932e-01
-1.970912516117095947e-01
5.523870587348937988e-01
4.410304725170135498e-01
3.542691171169281006e-01
-1.017718315124511719e+00
2.010370418429374695e-02
-3.218396008014678955e-02
1.413143396377563477e+00
-1.148251175880432129e+00
-4.810188338160514832e-02
4.969844520092010498e-01
-5.109161734580993652e-01
-2.406195104122161865e-01
-8.616932034492492676e-01
-5.818685889244079590e-01
1.209233760833740234e+00
-8.294091820716857910e-01
4.712817668914794922e-01
8.812282085418701172e-01
1.804532706737518311e-01
8.099657297134399414e-01
-4.464445710182189941e-01
-1.016228079795837402e+00
-2.174732983112335205e-01
6.078696250915527344e-01
-9.634069204330444336e-01
-7.122191190719604492e-01
-2.782393991947174072e-01
-1.324017286300659180e+00
7.445371244102716446e-03
2.094345837831497192e-01
1.677917093038558960e-01
3.002430796623229980e-01
4.637513458728790283e-01
-7.340974211692810059e-01
-1.453921198844909668e-01
-4.714923352003097534e-02
3.607277944684028625e-02
-4.981897175312042236e-01
-1.149721503257751465e+00
-3.073807954788208008e-01
1.594910025596618652e-01
1.077339410781860352e+00
1.430656611919403076e-01
-1.070779800415039062e+00
5.903078317642211914e-01
8.026558756828308105e-01
6.656920909881591797e-01
4.814077019691467285e-01
-1.962798833847045898e-01
-8.259263634681701660e-01
1.659889221191406250e-01
6.897781491279602051e-01
2.668056786060333252e-01
-2.489219009876251221e-01
2.124565988779067993e-01
-1.953875660896301270e+00
8.386147618293762207e-01
4.093494415283203125e-01
-8.091077804565429688e-01
-1.291909217834472656e+00
1.025026142597198486e-01
-1.246278166770935059e+00
1.481510549783706665e-01
8.178814053535461426e-01
3.289083838462829590e-01
-9.956748485565185547e-01
1.143951058387756348e+00
5.590445995330810547e-01
-1.113653182983398438e-01
-1.152148917317390442e-01
-7.219406962394714355e-01
-4.863039553165435791e-01
1.565852165222167969e-01
-1.999656707048416138e-01
-8.594867587089538574e-01
3.099563717842102051e-01
-1.553300023078918457e-01
-8.453780412673950195e-01
-1.009989023208618164e+00
-3.796762228012084961e-01
4.656536281108856201e-01
4.256408810615539551e-01
-1.549443244934082031e+00
1.281096637248992920e-01
-3.652827739715576172e-01
5.974093675613403320e-01
-1.288509607315063477e+00
-3.258466720581054688e-01
-3.137510120868682861e-01
5.287057161331176758e-02
2.619023025035858154e-01
-9.011349081993103027e-01
-1.859944343566894531e+00
-1.211149096488952637e+00
4.836523532867431641e-01
-3.469559252262115479e-01
3.560887575149536133e-01
7.486138939857482910e-01
-1.986731737852096558e-01
-8.552125692367553711e-01
5.190385580062866211e-01
2.446360886096954346e-01
-5.588803291320800781e-01
5.558471083641052246e-01
-3.978177309036254883e-01
1.117278575897216797e+00
-7.232341170310974121e-01
-9.811965227127075195e-01
3.695032298564910889e-01
8.438983559608459473e-01
-8.557894825935363770e-02
6.112414598464965820e-01
-6.371011734008789062e-01
-1.150302171707153320e+00
6.864604949951171875e-01
-1.013462305068969727e+00
9.125451445579528809e-01
1.550068557262420654e-01
-5.631754398345947266e-01
-3.210524022579193115e-01
-5.954288244247436523e-01
3.078174889087677002e-01
-5.069751739501953125e-01
1.225666761398315430e+00
-4.904077351093292236e-01
3.943931162357330322e-01
3.263988718390464783e-02
-9.171927720308303833e-02
9.014004468917846680e-02
1.302655696868896484e+00
-4.415768384933471680e-01
-6.007419228553771973e-01
-1.143355965614318848e-01
9.480759501457214355e-01
-2.568778395652770996e-01
6.845314502716064453e-01
8.358778059482574463e-02
4.077182710170745850e-01
-4.374352693557739258e-01
-1.133789718151092529e-01
-7.669119834899902344e-01
-5.095976591110229492e-01
5.816754102706909180e-01
2.576013207435607910e-01
8.567093014717102051e-01
1.681609451770782471e-02
3.784401416778564453e-01
-1.910645961761474609e-01
-1.136776804924011230e+00
-1.369038939476013184e+00
-1.131623744964599609e+00
5.349399894475936890e-02
-2.048597782850265503e-01
1.675727777183055878e-03
1.188854932785034180e+00
1.175962090492248535e+00
3.528204262256622314e-01
1.621876001358032227e+00
2.869893014430999756e-01
-9.776985049247741699e-01
-2.116087377071380615e-01
1.116734743118286133e+00
-4.929625093936920166e-01
-3.143776953220367432e-01
-9.787962436676025391e-01
-5.462069511413574219e-01
-7.320891618728637695e-01
3.929778039455413818e-01
3.206686079502105713e-01
9.796376228332519531e-01
7.864869832992553711e-01
-1.246594265103340149e-01
-1.006115555763244629e+00
-1.405020952224731445e+00
-6.302365064620971680e-01
3.731856495141983032e-02
-1.278295218944549561e-01
1.094188809394836426e+00
2.238036245107650757e-01
-3.122287094593048096e-01
-1.458412557840347290e-01
6.264512538909912109e-01
7.992368936538696289e-01
2.822608649730682373e-01
-1.230465769767761230e+00
-2.711059451103210449e-01
5.562604665756225586e-01
1.024498343467712402e-01
-2.352967262268066406e-01
3.125851452350616455e-01
4.992393851280212402e-01
6.552296280860900879e-01
9.780791997909545898e-01
-1.208105325698852539e+00
9.304714202880859375e-01
-1.182921409606933594e+00
-1.377218604087829590e+00
-9.388931393623352051e-01
-8.286302089691162109e-01
-6.389757990837097168e-02
2.628363668918609619e-01
-1.966296881437301636e-02
-3.620569407939910889e-01
8.354079723358154297e-01
3.141277730464935303e-01
1.101881384849548340e+00
-8.293993771076202393e-02
-5.927388668060302734e-01
-3.772582709789276123e-01
1.205475449562072754e+00
-2.173551768064498901e-01
-2.203534394502639771e-01
-5.014699697494506836e-01
-1.989578604698181152e-01
1.377012252807617188e+00
-5.504611730575561523e-01
-5.309708118438720703e-01
-1.337735056877136230e+00
6.539649367332458496e-01
-3.441984057426452637e-01
3.866283297538757324e-01
-5.279503464698791504e-01
-7.042618989944458008e-01
5.641886591911315918e-01
9.228208661079406738e-01
1.855451583862304688e+00
1.029537796974182129e+00
4.871351644396781921e-02
-4.232492446899414062e-01
6.985321640968322754e-02
2.858672142028808594e-01
-1.776604294776916504e+00
-4.155624210834503174e-01
-1.227809190750122070e+00
6.701567769050598145e-01
-1.000153124332427979e-01
2.525917589664459229e-01
1.180860877037048340e+00
-1.239061430096626282e-01
6.197903752326965332e-01
-7.675629109144210815e-02
-7.326416969299316406e-01
-1.789495348930358887e-01
1.639536380767822266e+00
-9.880133867263793945e-01
-5.206931829452514648e-01
8.028998970985412598e-01
-1.283628582954406738e+00
2.340590208768844604e-01
-1.102383852005004883e+00
-4.809612333774566650e-01
-1.935445189476013184e+00
-6.319318413734436035e-01
5.697944015264511108e-02
-9.021307826042175293e-01
3.475219756364822388e-02
-1.544279158115386963e-01
4.264004528522491455e-01
-3.132883831858634949e-02
8.948606848716735840e-01
-4.279294908046722412e-01
-8.653552085161209106e-02
3.319598138332366943e-01
3.589175045490264893e-01
8.244840502738952637e-01
-3.470669090747833252e-01
3.559741377830505371e-01
-2.528205513954162598e-03
1.926697045564651489e-01
-1.335064917802810669e-01
-6.473833918571472168e-01
-9.479324333369731903e-03
1.583948582410812378e-01
2.989567816257476807e-01
-1.600483059883117676e-01
-2.964365482330322266e-01
-6.554385423660278320e-01
-7.073546946048736572e-02
-1.571543216705322266e+00
-4.391480684280395508e-01
4.801937639713287354e-01
2.426061183214187622e-01
-5.909285545349121094e-01
-3.748975992202758789e-01
-1.231054306030273438e+00
-1.578468441963195801e+00
7.211539745330810547e-01
6.358245611190795898e-01
-1.011121869087219238e-01
4.009780883789062500e-01
-8.454591035842895508e-01
1.464922279119491577e-01
5.352413654327392578e-01
-1.076194047927856445e+00
8.108558058738708496e-01
-1.924869120121002197e-01
-2.319839969277381897e-02
-3.273039460182189941e-01
5.371273159980773926e-01
-1.241856455802917480e+00
-5.489548444747924805e-01
6.918895840644836426e-01
3.981096148490905762e-01
-3.828265964984893799e-01
-4.634710848331451416e-01
-1.173812150955200195e+00
3.005232810974121094e-01
-5.766103789210319519e-02
-2.577084302902221680e-01
8.981353044509887695e-01
3.733566403388977051e-01
2.849189519882202148e+00
1.190327525138854980e+00
1.759979963302612305e+00
-5.677407383918762207e-01
1.920320749282836914e+00
-2.790153920650482178e-01
-1.234749794006347656e+00
-5.246191024780273438e-01
-4.236775934696197510e-01
-1.620258241891860962e-01
6.105459332466125488e-01
-7.293633222579956055e-01
-2.489857673645019531e-01
2.945476770401000977e-01
-1.216570436954498291e-01
1.107095599174499512e+00
-8.764489293098449707e-01
1.150280833244323730e+00
3.329353332519531250e-01
-3.227750957012176514e-01
-5.511622428894042969e-01
1.560135036706924438e-01
-8.373622894287109375e-01
6.459226608276367188e-01
-1.281375531107187271e-02
1.766248583793640137e+00
-1.573068857192993164e+00
5.582610368728637695e-01
2.527744174003601074e-01
1.901725292205810547e+00
-8.856396079063415527e-01
-1.245131254196166992e+00
1.251692473888397217e-01
1.215111255645751953e+00
-1.532717943191528320e+00
-1.268603503704071045e-01
-2.124582082033157349e-01
-6.082743406295776367e-01
-1.663449883460998535e+00
-1.784517318010330200e-01
-3.287786543369293213e-01
-1.535933166742324829e-01
1.646852135658264160e+00
-6.534935235977172852e-01
-1.881199598312377930e+00
3.567542135715484619e-01
7.419694066047668457e-01
4.629735350608825684e-01
-3.214175701141357422e-01
7.628476023674011230e-01
6.593287587165832520e-01
8.885473608970642090e-01
-8.860526084899902344e-01
-8.884785324335098267e-02
3.912918269634246826e-01
-3.641018867492675781e-01
1.148809939622879028e-01
-1.360573899000883102e-02
3.288146257400512695e-01
-6.049647927284240723e-01
-1.189595580101013184e+00
-3.432349488139152527e-02
1.284962296485900879e+00
5.528357625007629395e-01
-4.201547205448150635e-01
1.750424057245254517e-01
7.257954478263854980e-01
3.857811987400054932e-01
-4.507935047149658203e-01
3.378604650497436523e-01
1.357751131057739258e+00
-8.913853019475936890e-02
1.899619400501251221e-01
7.352448701858520508e-01
2.031615078449249268e-01
4.705574810504913330e-01
1.033666878938674927e-01
-1.814260184764862061e-01
-5.908913016319274902e-01
9.165436029434204102e-02
-3.027948141098022461e-01
1.068203926086425781e+00
-4.633096233010292053e-02
-8.661980628967285156e-01
2.457895278930664062e-01
-2.192241400480270386e-01
1.170033931732177734e+00
-1.010111346840858459e-01
-1.302977323532104492e+00
8.727837204933166504e-01
4.214915931224822998e-01
7.658757567405700684e-01
6.717157363891601562e-01
-2.704561352729797363e-01
1.342247277498245239e-01
-1.002187609672546387e+00
1.414996087551116943e-01
7.472075819969177246e-01
5.343983173370361328e-01
1.024748325347900391e+00
4.467764198780059814e-01
-1.713950484991073608e-01
8.322154879570007324e-01
8.624548912048339844e-01
-1.876397579908370972e-01
3.393807113170623779e-01
9.966935962438583374e-02
-3.377678155899047852e+00
4.746195971965789795e-01
-4.913520812988281250e-01
-1.364416331052780151e-01
2.425983697175979614e-01
-6.726166009902954102e-01
1.130250573158264160e+00
-1.122774958610534668e+00
5.681891441345214844e-01
-1.499958038330078125e-01
-5.006850361824035645e-01
8.193583786487579346e-02
1.096480607986450195e+00
1.436086416244506836e+00
-2.637363672256469727e-01
7.026486396789550781e-01
-4.698304235935211182e-01
1.127937078475952148e+00
1.021558403968811035e+00
-3.681164383888244629e-01
-7.669905424118041992e-01
1.194331169128417969e+00
6.912924349308013916e-02
-4.659075736999511719e-01
-5.389995500445365906e-02
-3.093196749687194824e-01
1.168530061841011047e-01
1.378311514854431152e+00
4.247245788574218750e-01
-6.329431533813476562e-01
4.266146123409271240e-01
1.210404634475708008e+00
-1.329270452260971069e-01
-4.704980850219726562e-01
1.432880759239196777e+00
9.708226323127746582e-01
-1.783782839775085449e-01
6.283237040042877197e-02
-3.393587172031402588e-01
-7.972377538681030273e-01
-3.631486892700195312e-01
-3.048706352710723877e-01
-1.432057172060012817e-01
-8.497430086135864258e-01
1.227851882576942444e-01
-2.227598279714584351e-01
1.301205605268478394e-01
-6.325249373912811279e-02
-8.563671112060546875e-01
9.727461934089660645e-01
-4.721206724643707275e-01
-4.368261694908142090e-01
6.144390702247619629e-01
-3.229299783706665039e-01
-1.843873113393783569e-01
-4.130810499191284180e-01
-4.503524303436279297e-01
4.953100383281707764e-01
2.410860210657119751e-01
-7.012044191360473633e-01
3.439700305461883545e-01
9.827459603548049927e-02
-4.730556607246398926e-01
1.368953704833984375e+00
6.965988278388977051e-01
-3.107637763023376465e-01
-7.625621557235717773e-01
9.243794530630111694e-02
-2.265035957098007202e-01
2.443802058696746826e-01
8.989926576614379883e-01
2.374662876129150391e+00
-1.148131251335144043e+00
1.689238309860229492e+00
3.140555918216705322e-01
3.851920068264007568e-01
-8.482899665832519531e-01
-8.998891711235046387e-01
-7.783287167549133301e-01
1.137220144271850586e+00
1.610349893569946289e+00
8.110678195953369141e-01
2.918877899646759033e-01
-9.182236790657043457e-01
4.203691482543945312e-01
1.028676927089691162e-01
-1.920357197523117065e-01
-7.655249536037445068e-02
3.710405528545379639e-02
-9.433977603912353516e-01
-1.176476359367370605e+00
-9.010306745767593384e-02
2.024046331644058228e-01
2.100091278553009033e-01
-7.609417289495468140e-02
-3.596332967281341553e-01
2.489000111818313599e-01
-5.657984018325805664e-01
5.738138556480407715e-01
5.441620573401451111e-02
2.054889440536499023e+00
4.325954988598823547e-02
-2.640512287616729736e-01
-1.396222591400146484e+00
-9.459505081176757812e-01
4.902611374855041504e-01
5.526491403579711914e-01
4.059764146804809570e-01
-5.399729609489440918e-01
-7.476181387901306152e-01
-7.510948777198791504e-01
-3.348607569932937622e-04
8.219783306121826172e-01
4.406731128692626953e-01
-1.068211317062377930e+00
4.848000407218933105e-01
-1.532107144594192505e-01
-4.510865509510040283e-01
-2.788145840167999268e-01
1.487199068069458008e-01
-1.181581020355224609e+00
7.774595171213150024e-02
2.397585362195968628e-01
1.132889166474342346e-01
-9.291349053382873535e-01
-1.452238321304321289e+00
-5.201799422502517700e-02
-1.530358344316482544e-01
1.048237681388854980e+00
4.620348513126373291e-01
1.076156258583068848e+00
7.320401072502136230e-01
-1.469549059867858887e+00
1.422879546880722046e-01
6.062677502632141113e-01
8.981416225433349609e-01
-2.064298093318939209e-02
6.582908630371093750e-01
-1.139299631118774414e+00
2.502718567848205566e-01
-9.895425438880920410e-01
7.624964118003845215e-01
1.589464545249938965e-01
2.965058088302612305e-01
-5.077621936798095703e-01
-7.977246642112731934e-01
8.625335693359375000e-01
4.407894983887672424e-02
4.078691005706787109e+00
-1.494706869125366211e+00
4.030105769634246826e-01
1.297356247901916504e+00
-1.107270717620849609e+00
-3.350418210029602051e-01
-5.876199007034301758e-01
-8.141943812370300293e-01
1.321864843368530273e+00
3.372060358524322510e-01
-6.175506114959716797e-01
-4.687873423099517822e-01
-1.277606010437011719e+00
1.476343870162963867e+00
4.688026010990142822e-01
-4.762049615383148193e-01
7.348913550376892090e-01
-8.112405240535736084e-02
-8.645910024642944336e-01
5.992087125778198242e-01
9.857344031333923340e-01
-7.083621025085449219e-01
3.130728006362915039e-02
2.209716886281967163e-01
-4.085597991943359375e-01
-1.083471775054931641e+00
2.265705019235610962e-01
4.627162516117095947e-01
1.065672874450683594e+00
8.688312172889709473e-01
-1.695745140314102173e-01
2.772911190986633301e-01
-3.266738057136535645e-01
1.510715007781982422e+00
-1.775952279567718506e-01
-1.056951761245727539e+00
-1.198717832565307617e+00
4.072629287838935852e-02
5.787600278854370117e-01
-1.283527493476867676e+00
4.715341702103614807e-02
2.283338308334350586e-01
-1.244121313095092773e+00
-2.624757051467895508e+00
-5.762755274772644043e-01
-1.507567763328552246e+00
4.936955273151397705e-01
2.884779572486877441e-01
9.782059788703918457e-01
-7.952092289924621582e-01
5.828869342803955078e-01
-6.062057614326477051e-01
1.220069155097007751e-01
-9.653030633926391602e-01
-2.468504309654235840e-01
-1.055664896965026855e+00
-4.269155859947204590e-01
-1.710365891456604004e+00
-1.233680486679077148e+00
1.339613795280456543e-01
-8.694356083869934082e-01
2.057381570339202881e-01
1.304422616958618164e-01
-1.495714068412780762e+00
1.188327074050903320e+00
-1.813488721847534180e+00
-9.069662094116210938e-01
-1.167883038520812988e+00
-5.041624307632446289e-01
-1.241067171096801758e+00
-1.032122731208801270e+00
6.397784948348999023e-01
-1.536988019943237305e+00
1.192629814147949219e+00
9.399086833000183105e-01
3.889589607715606689e-01
-2.238276481628417969e+00
-8.436870574951171875e-01
8.144405484199523926e-01
1.090522646903991699e+00
-1.519296526908874512e+00
-6.381852626800537109e-01
3.894362747669219971e-01
-6.008910536766052246e-01
-1.844644665718078613e+00
2.438197284936904907e-01
-8.006008267402648926e-01
-3.783179223537445068e-01
3.065410852432250977e-01
3.196248039603233337e-02
1.240849018096923828e+00
-6.971357464790344238e-01
1.093294695019721985e-01
5.734489560127258301e-01
-6.117521524429321289e-01
7.464109063148498535e-01
-1.243817090988159180e+00
6.096215844154357910e-01
1.204553842544555664e+00
8.650186061859130859e-01
-1.836241245269775391e+00
8.640773296356201172e-01
1.161943152546882629e-01
1.150451421737670898e+00
-7.925572991371154785e-01
1.018331289291381836e+00
8.902841806411743164e-02
5.412860512733459473e-01
-1.281239688396453857e-01
-1.174895763397216797e+00
2.176949232816696167e-01
1.959433913230895996e+00
-4.320773780345916748e-01
-1.093652769923210144e-01
1.175516322255134583e-01
4.336562454700469971e-01
7.609378099441528320e-01
6.322276592254638672e-02
3.620277941226959229e-01
-1.184332132339477539e+00
2.576362192630767822e-01
2.665185034275054932e-01
1.385745704174041748e-01
