9.764509797096252441e-01
2.644107043743133545e-01
2.137490063905715942e-01
1.918968707323074341e-01
4.008120894432067871e-01
-4.618027508258819580e-01
1.953459978103637695e-01
-2.996027171611785889e-01
-1.005897149443626404e-01
-9.155830144882202148e-01
5.374850034713745117e-01
-8.993648886680603027e-01
-1.704970747232437134e-02
-3.821543455123901367e-01
-7.331473231315612793e-01
-1.145422339439392090e+00
-5.740903615951538086e-01
-1.394321471452713013e-01
2.029020309448242188e+00
-3.574871718883514404e-01
-1.351883411407470703e-01
7.986964583396911621e-01
2.085446357727050781e+00
-1.300128340721130371e+00
3.637207448482513428e-01
-1.034731507301330566e+00
-6.678830981254577637e-01
3.626672551035881042e-02
2.328866571187973022e-01
2.574455142021179199e-01
-1.451323270797729492e+00
2.331115603446960449e-01
-1.209292337298393250e-01
-1.418543159961700439e-01
-8.059076070785522461e-01
2.293157428503036499e-01
3.539613187313079834e-01
-6.762658804655075073e-02
-9.315413236618041992e-02
-4.655981063842773438e-01
-6.640146970748901367e-01
-8.663527369499206543e-01
-5.396937951445579529e-02
8.468238115310668945e-01
1.083806276321411133e+00
9.280729889869689941e-01
-1.848052144050598145e-01
1.756107807159423828e-02
4.065466225147247314e-01
-6.366199254989624023e-01
-3.034229278564453125e-01
-1.388151347637176514e-01
9.928795695304870605e-02
-5.816030502319335938e-01
2.215694785118103027e-01
-1.118072569370269775e-01
-9.055385589599609375e-01
-9.202613681554794312e-02
-8.533751219511032104e-02
1.654290795326232910e+00
9.081716537475585938e-01
-6.390032768249511719e-01
4.055288732051849365e-01
-6.901627779006958008e-01
-5.272544026374816895e-01
-5.961174368858337402e-01
-2.511279582977294922e-01
-7.298188209533691406e-01
1.017545223236083984e+00
3.131529390811920166e-01
6.980792880058288574e-01
8.820651173591613770e-01
-8.821943998336791992e-01
-6.629754304885864258e-01
1.313218101859092712e-02
1.054593443870544434e+00
6.689304709434509277e-01
-2.162432819604873657e-01
4.876206219196319580e-01
6.542875170707702637e-01
7.315562367439270020e-01
5.205031633377075195e-01
-9.409140348434448242e-01
-3.045480847358703613e-01
-1.134152531623840332e+00
7.954596281051635742e-01
-1.410930037498474121e+00
-6.778110861778259277e-01
-6.406564116477966309e-01
-1.196138143539428711e+00
9.568100571632385254e-01
-9.773813486099243164e-01
7.619679719209671021e-02
7.902646064758300781e-01
-8.632820248603820801e-01
7.253004908561706543e-01
8.300312757492065430e-01
1.913445711135864258e+00
-3.468314707279205322e-01
7.718328833580017090e-01
-1.347363829612731934e+00
6.333544254302978516e-01
-2.046635448932647705e-01
-1.384982466697692871e-02
-7.391054630279541016e-01
-2.803572714328765869e-01
-1.001130342483520508e+00
-3.640920519828796387e-01
2.807872295379638672e-01
4.467517435550689697e-01
-5.144715309143066406e-01
8.228180408477783203e-01
-6.130508184432983398e-01
-8.994780778884887695e-01
-3.747982531785964966e-02
6.118881702423095703e-01
3.114132881164550781e-01
-2.298735380172729492e+00
1.680044829845428467e-02
2.568802535533905029e-01
3.721124827861785889e-01
7.646876573562622070e-01
-2.675325274467468262e-01
-4.003958702087402344e-01
2.063740342855453491e-01
-3.619601726531982422e-01
1.333424448966979980e+00
4.845727086067199707e-01
-4.485823959112167358e-02
-3.533481955528259277e-01
4.256618320941925049e-01
-4.174703657627105713e-01
-5.632003545761108398e-01
-4.070810973644256592e-02
-4.851032197475433350e-01
2.286243140697479248e-01
7.147816568613052368e-02
-1.263937473297119141e+00
-4.673678576946258545e-01
3.741073012351989746e-01
-5.662827491760253906e-01
1.329531371593475342e-01
9.265715479850769043e-01
1.716802120208740234e-01
4.116066992282867432e-01
4.148031175136566162e-01
-5.008794069290161133e-01
-3.250135481357574463e-01
-1.320939511060714722e-01
7.491905093193054199e-01
8.507759571075439453e-01
7.346472144126892090e-01
6.402955055236816406e-01
-8.350303173065185547e-01
1.209201574325561523e+00
1.645481884479522705e-01
-1.777697682380676270e+00
-4.352957308292388916e-01
7.838721275329589844e-01
1.550643801689147949e+00
-6.221444532275199890e-02
-1.468962989747524261e-02
3.179324567317962646e-01
-5.615341067314147949e-01
-5.746987462043762207e-01
4.344199597835540771e-01
-4.320727288722991943e-02
-1.672596186399459839e-01
1.043882369995117188e+00
-3.459450602531433105e-01
-3.941125571727752686e-01
-8.569930791854858398e-01
-2.046834230422973633e+00
9.754514694213867188e-01
7.950620055198669434e-01
6.532226502895355225e-02
-6.759396195411682129e-01
5.043727904558181763e-02
-1.052811264991760254e+00
9.843789935111999512e-01
-4.414544254541397095e-02
-5.963177680969238281e-01
-5.443585515022277832e-01
2.922393977642059326e-01
-1.411708116531372070e+00
1.599147915840148926e-02
-4.041840136051177979e-01
8.844084739685058594e-01
8.313163518905639648e-01
3.526528477668762207e-01
-5.857181549072265625e-01
-1.656993627548217773e-01
-8.730663061141967773e-01
-6.764847636222839355e-01
7.187993824481964111e-02
9.725996106863021851e-02
-2.484330683946609497e-01
-7.096390705555677414e-03
-1.672506481409072876e-01
-1.151125073432922363e+00
1.373566508293151855e+00
1.331482291221618652e+00
8.732295632362365723e-01
8.095121383666992188e-01
9.542173892259597778e-02
-7.174487113952636719e-01
2.806067764759063721e-01
-4.553345739841461182e-01
1.993180871009826660e+00
-4.431919157505035400e-01
4.418437182903289795e-01
-1.569517850875854492e-01
6.208917498588562012e-01
1.009277820587158203e+00
-8.101031780242919922e-01
8.116474151611328125e-01
6.566864490509033203e+00
-6.934090256690979004e-01
-6.848535537719726562e-01
-8.298938274383544922e-01
5.481916069984436035e-01
4.165404140949249268e-01
-4.379284381866455078e-02
-7.321324199438095093e-02
-1.255566596984863281e+00
1.315937161445617676e+00
9.269285798072814941e-01
2.131993621587753296e-01
-7.098448872566223145e-01
-2.541212737560272217e-01
-1.057174444198608398e+00
-6.420103907585144043e-01
-6.586390733718872070e-01
6.003964543342590332e-01
-6.708971690386533737e-03
1.198156714439392090e+00
8.147714734077453613e-01
-7.587766647338867188e-01
-4.411749541759490967e-01
6.857562661170959473e-01
-2.641133069992065430e-01
-1.922133713960647583e-01
-8.267526514828205109e-03
2.838892340660095215e-01
-1.190724372863769531e+00
-3.886638209223747253e-02
1.771836876869201660e-01
2.223846036940813065e-03
8.292382955551147461e-01
-3.742434978485107422e-01
4.783897399902343750e-01
-2.504619061946868896e-01
-1.008629892021417618e-02
-1.301578879356384277e+00
-5.504139661788940430e-01
-5.586646124720573425e-02
-5.899642705917358398e-01
-1.139879524707794189e-01
-6.249849796295166016e-01
-1.154535293579101562e+00
-5.732407569885253906e-01
-4.259506464004516602e-01
-2.096235938370227814e-02
-6.530063152313232422e-01
5.860046297311782837e-02
9.953290820121765137e-01
1.213335990905761719e+00
2.944819927215576172e-01
4.319274127483367920e-01
6.953974813222885132e-02
-6.387799233198165894e-02
2.343502044677734375e-01
-2.508100867271423340e-01
-1.110223978757858276e-01
-1.854473501443862915e-01
-3.867917060852050781e-01
5.296721458435058594e-01
4.212682321667671204e-02
5.991044044494628906e-01
-1.026725411415100098e+00
2.215580344200134277e-01
-3.773064911365509033e-01
1.323009133338928223e-01
1.382430553436279297e+00
2.491279989480972290e-01
-7.386325001716613770e-01
5.814364552497863770e-01
3.721113502979278564e-01
-1.328306049108505249e-01
-4.253407418727874756e-01
-1.298453360795974731e-01
-6.230696439743041992e-01
6.106106638908386230e-01
3.050139188766479492e+00
2.269685566425323486e-01
-4.299149215221405029e-01
1.097913861274719238e+00
1.500578671693801880e-01
2.952056229114532471e-01
4.674693346023559570e-01
4.574666917324066162e-02
-1.145005106925964355e+00
6.213492751121520996e-01
-3.224977254867553711e-01
6.782871484756469727e-01
-2.736300826072692871e-01
-1.142497062683105469e-01
-5.809770822525024414e-01
-8.903191685676574707e-01
8.523213267326354980e-01
-1.005694746971130371e+00
-1.079606056213378906e+00
-5.437230467796325684e-01
-1.227129459381103516e+00
-3.091519773006439209e-01
8.831387758255004883e-01
3.340564072132110596e-01
1.929537057876586914e+00
3.890802562236785889e-01
-4.506573081016540527e-01
-1.126965999603271484e+00
9.745332598686218262e-01
7.368518114089965820e-01
-1.072856426239013672e+00
-1.631345599889755249e-01
7.608935832977294922e-01
-8.406968414783477783e-02
-6.777493357658386230e-01
-2.601883709430694580e-01
4.092499017715454102e-01
-2.624917216598987579e-02
-2.771571278572082520e-01
4.747842252254486084e-01
-1.212541311979293823e-01
-6.300809979438781738e-01
-2.475070714950561523e+00
-1.779758557677268982e-02
4.692144989967346191e-01
1.435030698776245117e+00
-4.195432066917419434e-01
2.902531623840332031e-01
-1.008724927902221680e+00
-4.989409148693084717e-01
2.110875844955444336e-01
-5.406327843666076660e-01
8.232927322387695312e-01
-2.465370416641235352e+00
1.732939779758453369e-01
8.504321426153182983e-02
-1.196907758712768555e+00
-1.466513276100158691e+00
-8.819136023521423340e-02
8.243215680122375488e-01
-7.223103642463684082e-01
-2.461079955101013184e-01
-2.357247024774551392e-01
1.932753771543502808e-01
-1.095416784286499023e+00
1.187921687960624695e-01
9.053397178649902344e-01
2.084211856126785278e-01
-2.212500423192977905e-01
-7.548832893371582031e-01
-6.809113025665283203e-01
-9.196079373359680176e-01
-8.791479468345642090e-01
1.393526911735534668e+00
1.473479419946670532e-01
3.242149055004119873e-01
7.848668694496154785e-01
-2.869860231876373291e-01
7.827226519584655762e-01
-6.333954334259033203e-01
8.280372023582458496e-01
-9.238442778587341309e-02
2.782829105854034424e-01
-1.610173583030700684e-01
8.097075042314827442e-04
-1.443825364112854004e+00
4.570330083370208740e-01
3.032793402671813965e-01
4.049941301345825195e-01
-8.126262575387954712e-02
-3.622857630252838135e-01
-1.260871171951293945e+00
-4.468115568161010742e-01
-1.302158683538436890e-01
-3.782441914081573486e-01
4.062131643295288086e-01
3.602452874183654785e-01
9.116971492767333984e-01
8.995038270950317383e-01
1.751042157411575317e-01
-1.539676189422607422e-01
1.057019591331481934e+00
-2.434279173612594604e-01
-2.746398448944091797e-01
2.138481736183166504e-01
-4.741177260875701904e-01
1.840940833091735840e+00
1.062847256660461426e+00
-7.544608116149902344e-01
2.042811661958694458e-01
4.966852366924285889e-01
-4.412053227424621582e-01
-5.353994369506835938e-01
-1.513749361038208008e+00
8.225460350513458252e-02
-9.509133547544479370e-02
-6.207380294799804688e-01
-6.710363626480102539e-01
-6.361644268035888672e-01
-4.100495576858520508e-01
2.723655104637145996e-01
2.020463533699512482e-02
1.669213175773620605e+00
-6.680229902267456055e-01
1.753280460834503174e-01
5.684435367584228516e-01
5.365355610847473145e-01
-8.001223802566528320e-01
-1.709190964698791504e+00
3.578857481479644775e-01
-5.483842492103576660e-01
-9.841355681419372559e-01
3.903696835041046143e-01
-3.072186000645160675e-02
-4.972229301929473877e-01
-4.437374770641326904e-01
-6.315553784370422363e-01
-2.909715771675109863e-01
1.163511991500854492e+00
1.744105696678161621e+00
-3.417645096778869629e-01
1.199742332100868225e-01
1.508073955774307251e-01
2.428134903311729431e-02
1.618410468101501465e+00
7.150707840919494629e-01
6.086712479591369629e-01
3.580731898546218872e-02
-5.591222643852233887e-01
-2.882547974586486816e-01
-3.911832571029663086e-01
2.489267140626907349e-01
-1.599132716655731201e-01
8.053390383720397949e-01
-1.916976571083068848e-01
-8.419172763824462891e-01
-3.607361763715744019e-02
-1.231935098767280579e-01
-2.517517507076263428e-01
-5.057260394096374512e-01
-2.430595010519027710e-01
-7.216892242431640625e-01
-2.287027239799499512e-01
8.777921795845031738e-01
6.505928635597229004e-01
-5.097469687461853027e-01
6.117129325866699219e-01
4.465402960777282715e-01
-4.468629136681556702e-02
-3.600283339619636536e-02
5.525193214416503906e-01
1.202481508255004883e+00
-3.179065883159637451e-01
-5.251824855804443359e-01
-7.989443093538284302e-02
6.695732474327087402e-02
-4.809428155422210693e-01
-4.354547262191772461e-01
-1.163177844136953354e-02
-1.996556818485260010e-01
7.123769521713256836e-01
-5.576595067977905273e-01
1.294060349464416504e-01
8.345322608947753906e-01
-9.161025881767272949e-01
-2.110922336578369141e+00
2.294183075428009033e-01
1.196328401565551758e+00
1.305185072124004364e-02
3.483334183692932129e-01
-1.778216809034347534e-01
-2.613236010074615479e-02
-2.790262550115585327e-02
-1.069520115852355957e+00
-7.209894657135009766e-01
6.472291946411132812e-01
4.626182094216346741e-02
1.142099022865295410e+00
9.279420375823974609e-01
-1.211643069982528687e-01
9.286891222000122070e-01
-8.356980681419372559e-01
9.513906240463256836e-01
-3.591704070568084717e-01
-2.317031383514404297e+00
3.415248095989227295e-01
-9.983945488929748535e-01
-2.501019239425659180e-01
1.002962350845336914e+00
1.960842460393905640e-01
-2.335085868835449219e-01
-9.858608245849609375e-02
-3.839220106601715088e-01
-9.127637147903442383e-01
1.754861697554588318e-02
3.004701435565948486e-01
2.723816633224487305e-01
1.642008684575557709e-02
-4.637005329132080078e-01
-4.564247131347656250e-01
-4.352693855762481689e-01
4.427168667316436768e-01
4.517647325992584229e-01
-1.171996295452117920e-01
1.031686440110206604e-01
4.841889739036560059e-01
-4.641858637332916260e-01
-5.891322493553161621e-01
-5.763126015663146973e-01
-6.709143519401550293e-01
2.997313141822814941e-01
5.594103038311004639e-02
4.844281375408172607e-01
-2.867483854293823242e+00
-1.884135901927947998e-01
1.496888697147369385e-01
-6.822778582572937012e-01
-5.949158072471618652e-01
2.513937652111053467e-01
-9.827080368995666504e-01
1.275635123252868652e+00
-1.142649769783020020e+00
-8.696625232696533203e-01
5.207893848419189453e-01
7.603218406438827515e-02
-1.780992746353149414e+00
-3.378595924004912376e-03
4.988018572330474854e-01
-2.287058830261230469e-01
-6.244094371795654297e-01
6.766076087951660156e-01
4.407234787940979004e-01
-2.020402811467647552e-02
5.835265517234802246e-01
8.726992607116699219e-01
-5.644661188125610352e-01
-4.024539887905120850e-01
3.592036068439483643e-01
-5.531762838363647461e-01
-4.669653475284576416e-01
-1.426867127418518066e+00
5.541962757706642151e-02
8.528880476951599121e-01
-5.363258123397827148e-01
1.034232854843139648e+00
-7.105895876884460449e-02
-2.894569933414459229e-01
7.811637222766876221e-02
8.326725363731384277e-01
-9.217821359634399414e-01
-3.137945532798767090e-01
-8.390328884124755859e-01
1.090297222137451172e+00
-3.277688026428222656e-01
7.956117391586303711e-01
2.244092941284179688e+00
4.644120857119560242e-02
1.427098989486694336e+00
3.918389678001403809e-01
-2.839559912681579590e-01
6.788175106048583984e-01
3.278474509716033936e-01
-5.752238035202026367e-01
-3.521629273891448975e-01
6.965922713279724121e-01
4.123177528381347656e-01
-7.131445407867431641e-01
-5.443572998046875000e-01
1.020055651664733887e+00
-2.968383133411407471e-01
-6.478312015533447266e-01
-5.763825774192810059e-01
-4.310873150825500488e-01
-1.120267510414123535e+00
-6.590126156806945801e-01
-4.074685871601104736e-01
4.121606647968292236e-01
3.342493176460266113e-01
-4.832752048969268799e-01
7.151076197624206543e-01
-6.825860738754272461e-01
-1.325050443410873413e-01
4.198410809040069580e-01
-5.651365220546722412e-02
-7.290163040161132812e-01
5.911918357014656067e-02
-3.035361468791961670e-01
-5.228253602981567383e-01
-3.533381223678588867e-02
3.732082620263099670e-02
1.156360387802124023e+00
-7.893129587173461914e-01
-9.934509992599487305e-01
7.602646946907043457e-02
-4.899045526981353760e-01
-1.209104537963867188e+00
2.781736552715301514e-01
-9.957615137100219727e-01
6.046294569969177246e-01
7.061975002288818359e-01
-1.015298843383789062e+00
-1.237181663513183594e+00
-9.040569663047790527e-01
-8.925399184226989746e-01
-6.862640976905822754e-01
-3.921186923980712891e-01
3.393655121326446533e-01
4.022305011749267578e-01
6.906117796897888184e-01
-8.606057763099670410e-01
-5.662096738815307617e-01
-2.629795670509338379e-01
7.536143064498901367e-01
4.003545343875885010e-01
3.804705291986465454e-02
1.206020116806030273e+00
-1.266079902648925781e+00
-7.516979575157165527e-01
-4.323017001152038574e-01
1.306177377700805664e+00
-5.004706233739852905e-02
1.492239683866500854e-01
-6.402650475502014160e-01
-4.288244247436523438e-02
-6.687082052230834961e-01
-2.576366364955902100e-01
-2.513554692268371582e-01
1.075668096542358398e+00
6.767323017120361328e-01
-6.824597716331481934e-01
6.781935691833496094e-01
-4.481849670410156250e-01
2.249896526336669922e-01
-1.420544028282165527e+00
5.998434498906135559e-03
-9.236784279346466064e-02
-7.929114103317260742e-01
2.283405661582946777e-01
-2.283094227313995361e-01
2.488714158535003662e-01
-5.110186710953712463e-02
3.565879911184310913e-02
-1.263720750808715820e+00
-1.106426835060119629e+00
-4.875163137912750244e-01
5.354530215263366699e-01
-5.193443223834037781e-02
1.969638913869857788e-01
-3.662237226963043213e-01
6.740503311157226562e-01
-6.296025514602661133e-01
-7.778270840644836426e-01
8.382858037948608398e-01
1.369284749031066895e+00
1.947737415321171284e-03
-1.000351160764694214e-01
-7.888877391815185547e-01
-9.686423540115356445e-01
1.064499989151954651e-01
-3.912581205368041992e-01
1.489425748586654663e-01
1.599149823188781738e+00
-8.914952725172042847e-02
-1.616009920835494995e-01
5.799227207899093628e-02
5.611435174942016602e-01
5.687087774276733398e-01
6.909970641136169434e-01
-3.675714731216430664e-01
2.923772037029266357e-01
1.261792302131652832e+00
1.172881852835416794e-02
1.516116317361593246e-02
3.583505153656005859e-01
-1.111875548958778381e-01
-6.016943454742431641e+00
1.107719421386718750e+00
-4.152689278125762939e-01
-9.475202560424804688e-01
1.157379150390625000e+00
5.958650112152099609e-01
-2.765006124973297119e-01
-3.204731047153472900e-01
-1.182654142379760742e+00
8.069639205932617188e-01
7.538077831268310547e-01
2.207837343215942383e+00
6.007910147309303284e-02
-2.908639013767242432e-01
-1.644314169883728027e+00
-2.111505120992660522e-01
-1.583153195679187775e-02
8.819011598825454712e-02
1.937428414821624756e-01
-1.079288125038146973e+00
-3.051289319992065430e+00
4.756349027156829834e-01
-8.981493711471557617e-01
1.911028288304805756e-02
-4.695268869400024414e-01
-1.295668125152587891e+00
-7.364867329597473145e-01
-6.169557571411132812e-02
2.228132486343383789e+00
-1.243550419807434082e+00
-2.599638998508453369e-01
-3.424005508422851562e-01
-3.732726871967315674e-01
2.996922731399536133e-01
-1.040238142013549805e+00
1.008476018905639648e+00
4.399941265583038330e-01
-4.863003194332122803e-01
-8.561789989471435547e-01
6.299356818199157715e-01
5.831227898597717285e-01
-1.347120404243469238e-01
-1.605317741632461548e-01
4.113509654998779297e-01
5.408763289451599121e-01
-2.817229330539703369e-01
1.350928544998168945e+00
6.937001347541809082e-01
4.753392338752746582e-01
-1.216053366661071777e-01
9.986995905637741089e-02
-4.452741146087646484e-02
4.936037063598632812e-01
2.936185300350189209e-01
1.513094902038574219e+00
4.091906547546386719e-01
-4.115642607212066650e-01
-1.538291096687316895e+00
-1.739759743213653564e-01
-1.748107820749282837e-01
-1.152228042483329773e-01
7.638023048639297485e-02
4.714014530181884766e-01
-5.904114246368408203e-01
-4.349475800991058350e-01
1.611793786287307739e-01
-6.790463328361511230e-01
2.961271107196807861e-01
7.105392813682556152e-01
-1.039633274078369141e+00
4.596838057041168213e-01
-2.650695443153381348e-01
1.791872456669807434e-02
1.158344000577926636e-01
-4.517384469509124756e-01
1.544322133064270020e+00
2.483727484941482544e-01
-2.349114865064620972e-01
-1.053816914558410645e+00
3.978787362575531006e-01
