1.876814812421798706e-01
1.139047026634216309e+00
-1.350177228450775146e-01
4.533018767833709717e-01
1.256978392601013184e+00
2.846142649650573730e-01
-7.143840789794921875e-01
-2.711295485496520996e-01
-4.205484390258789062e-01
7.825172543525695801e-01
2.003220021724700928e-01
-9.826173633337020874e-02
4.879725873470306396e-01
1.608414761722087860e-02
7.199669629335403442e-02
-1.155965805053710938e+00
-5.438187122344970703e-01
-5.417186021804809570e-01
6.314317584037780762e-01
-1.365750789642333984e+00
7.547154426574707031e-01
8.951796293258666992e-01
9.766776561737060547e-01
1.428003668785095215e+00
1.266174614429473877e-01
-1.362495899200439453e+00
2.796864509582519531e-01
3.665978312492370605e-01
-7.557174563407897949e-01
8.611848354339599609e-01
8.729262948036193848e-01
-1.331827193498611450e-01
1.831344962120056152e-01
4.732154309749603271e-02
1.944239139556884766e-01
-1.186509490013122559e+00
6.059889197349548340e-01
8.588539958000183105e-01
-8.403524011373519897e-02
-6.396645307540893555e-01
-2.171463668346405029e-01
-5.849029421806335449e-01
-2.172906845808029175e-01
8.391595482826232910e-01
1.022296309471130371e+00
-2.151923030614852905e-01
-1.792750477790832520e+00
-2.223828554153442383e+00
-1.043282747268676758e+00
9.089782238006591797e-01
-5.597541928291320801e-01
7.003194689750671387e-01
-5.856951475143432617e-01
5.947773456573486328e-01
-1.176212280988693237e-01
-1.057881116867065430e+00
-3.509046882390975952e-02
5.562141537666320801e-01
-1.178596075624227524e-02
-9.680973887443542480e-01
1.547998666763305664e+00
-6.193580031394958496e-01
-7.690116763114929199e-01
2.312675863504409790e-01
1.278733164072036743e-01
-1.528596878051757812e+00
-3.916440606117248535e-01
-7.417670488357543945e-01
1.138034939765930176e+00
-2.201639860868453979e-01
-9.169471263885498047e-02
-5.450068786740303040e-02
1.144451573491096497e-01
-4.005773961544036865e-01
5.332707762718200684e-01
1.966556429862976074e+00
-2.374682277441024780e-01
3.152196109294891357e-01
-1.722034364938735962e-01
5.645182132720947266e-01
-5.426957607269287109e-01
1.785291880369186401e-01
-3.554483652114868164e-01
-2.203742861747741699e-01
-9.525080323219299316e-01
3.775007128715515137e-01
-4.502610862255096436e-02
-1.546819329261779785e+00
-5.298662185668945312e-01
-6.834384202957153320e-01
9.697605371475219727e-01
-2.123357772827148438e+00
2.836496233940124512e-01
1.908623576164245605e-01
-1.000505089759826660e+00
1.030645608901977539e+00
8.543211817741394043e-01
6.427857875823974609e-01
-7.283296585083007812e-01
3.947169482707977295e-01
-1.829935908317565918e-01
-5.149328708648681641e-01
2.390563935041427612e-01
-9.455316066741943359e-01
-9.018723368644714355e-01
-1.399812102317810059e+00
1.940670311450958252e-01
1.666080504655838013e-01
-1.335854291915893555e+00
-7.608914375305175781e-02
-3.233230412006378174e-01
1.987092733383178711e+00
5.197435021400451660e-01
6.620796769857406616e-02
4.968188330531120300e-02
6.507841348648071289e-01
-1.878130286931991577e-01
2.856104969978332520e-01
2.459474466741085052e-02
6.576062440872192383e-01
-1.108252525329589844e+00
7.736130952835083008e-01
-2.801085472106933594e+00
4.760843515396118164e-02
-3.753518462181091309e-01
1.718782663345336914e+00
-4.502216875553131104e-01
-7.377572059631347656e-01
3.845233097672462463e-02
-1.297283291816711426e+00
3.812039792537689209e-01
-1.976326555013656616e-01
1.052693948149681091e-01
1.248172968626022339e-01
-1.588014006614685059e+00
-2.596930265426635742e-01
-4.870629310607910156e-01
3.114344775676727295e-01
1.345671415328979492e-01
-3.071348965167999268e-01
-5.750852823257446289e-01
-1.493158817291259766e+00
2.734063863754272461e-01
3.119663298130035400e-01
7.851530909538269043e-01
-8.428165912628173828e-01
3.161966800689697266e-01
4.199537038803100586e-01
7.129492759704589844e-01
-3.822357058525085449e-01
4.571913182735443115e-01
-8.831905126571655273e-01
1.041200757026672363e+00
2.759182453155517578e-01
1.074609637260437012e+00
-3.390482366085052490e-01
-4.924708604812622070e-01
-1.956611126661300659e-01
1.435754895210266113e+00
1.581832766532897949e+00
5.100781917572021484e-01
-8.269760757684707642e-02
-9.505770355463027954e-02
-1.213973999023437500e+00
-6.917656213045120239e-02
-5.136144161224365234e-01
-5.836030840873718262e-02
-3.661901354789733887e-01
5.464517474174499512e-01
9.352708607912063599e-02
-1.100754439830780029e-01
-1.795027136802673340e+00
-1.484226822853088379e+00
9.664075374603271484e-01
-6.798626780509948730e-01
-3.751819729804992676e-01
3.481450378894805908e-01
-3.871262669563293457e-01
-8.790403008460998535e-01
1.024831414222717285e+00
4.153262376785278320e-01
8.608033061027526855e-01
7.250587455928325653e-03
3.448745906352996826e-01
-9.705039858818054199e-01
-6.731730103492736816e-01
-7.833271026611328125e-01
1.003741696476936340e-01
6.783620119094848633e-01
4.483434855937957764e-01
-1.854152232408523560e-01
2.046767771244049072e-01
-1.404584497213363647e-01
-3.612975776195526123e-01
1.360937833786010742e+00
1.042049646377563477e+00
-3.113135099411010742e-01
1.063648536801338196e-01
1.921098232269287109e+00
1.024326384067535400e-01
4.639334976673126221e-01
-5.799501761794090271e-02
7.184048891067504883e-01
1.580287814140319824e+00
1.047694206237792969e+00
2.824925482273101807e-01
5.598200857639312744e-02
-1.197714209556579590e-01
2.007475644350051880e-01
-2.085854411125183105e-01
-6.539112925529479980e-01
1.460924595594406128e-01
-1.384313553571701050e-01
-2.116287201642990112e-01
1.910198092460632324e+00
1.756642460823059082e-01
1.263108015060424805e+00
-5.033964514732360840e-01
-8.164697289466857910e-01
1.816669404506683350e-01
5.958776473999023438e-01
-1.906080842018127441e-01
6.044451594352722168e-01
7.428122758865356445e-01
-5.215487480163574219e-01
3.273938298225402832e-01
-9.779427200555801392e-02
-9.351785778999328613e-01
-1.187046766281127930e-01
2.534333169460296631e-01
-1.344699263572692871e+00
-3.756929636001586914e-01
8.126618862152099609e-01
-3.707205876708030701e-02
8.688645958900451660e-01
6.134056448936462402e-01
-3.710744082927703857e-01
-1.573162078857421875e+00
-4.768100008368492126e-02
1.014452695846557617e+00
2.419587522745132446e-01
-3.503057956695556641e-01
-7.403922080993652344e-01
5.789282917976379395e-01
-6.988233327865600586e-01
-1.467508673667907715e-01
6.268531084060668945e-01
-7.127904295921325684e-01
7.030484676361083984e-01
1.072505950927734375e+00
1.674187630414962769e-01
2.939880192279815674e-01
2.029782682657241821e-01
-6.886705160140991211e-01
4.099370241165161133e-01
1.575787067413330078e+00
9.496697783470153809e-01
-1.197031617164611816e+00
-1.556859493255615234e+00
-4.371075332164764404e-01
-4.002735912799835205e-01
3.455910682678222656e-01
3.474222123622894287e-01
1.334953308105468750e-01
-2.176780253648757935e-01
5.928834676742553711e-01
2.095124423503875732e-01
1.179142713546752930e+00
-5.369571447372436523e-01
-1.433216929435729980e+00
-6.737657636404037476e-02
-7.912280559539794922e-01
7.588511705398559570e-01
1.059460565447807312e-01
-1.243496298789978027e+00
-8.598260879516601562e-01
-6.941750049591064453e-01
7.982515096664428711e-01
-7.261011004447937012e-01
1.207428336143493652e+00
5.606129169464111328e-01
2.173244655132293701e-01
6.937838159501552582e-03
9.303749799728393555e-01
8.923348188400268555e-01
-3.671384155750274658e-01
1.752198114991188049e-02
-5.498527884483337402e-01
7.383397817611694336e-01
-1.718001842498779297e+00
-6.146891117095947266e-01
-1.152383804321289062e+00
-5.786609277129173279e-02
-1.326057314872741699e+00
-3.011860847473144531e-01
-2.044434547424316406e-01
1.254452586174011230e+00
7.247167825698852539e-01
1.286504983901977539e+00
-2.690891623497009277e-01
-4.395296573638916016e-01
-1.386059045791625977e+00
6.307910680770874023e-01
-8.921140432357788086e-01
6.390218138694763184e-01
-2.209767997264862061e-01
3.638522922992706299e-01
-5.411979556083679199e-01
1.022647142410278320e+00
-8.027319610118865967e-02
-4.275082945823669434e-01
1.518886089324951172e-01
-5.800281167030334473e-01
-4.206607341766357422e-01
-2.594680190086364746e-01
-6.048766374588012695e-01
-2.600422799587249756e-01
3.908698558807373047e-01
8.283184170722961426e-01
7.052776813507080078e-01
3.186278641223907471e-01
5.471096634864807129e-01
1.297243475914001465e+00
-3.777821362018585205e-01
-5.699386596679687500e-01
-5.469169467687606812e-02
-3.671340644359588623e-01
5.804981589317321777e-01
-5.141586065292358398e-01
-2.274011969566345215e-01
-7.685106396675109863e-01
-6.978011727333068848e-01
2.033184766769409180e-01
-1.197087645530700684e+00
3.464560508728027344e-01
1.418302059173583984e+00
-1.164944410324096680e+00
-3.463245928287506104e-01
4.879574775695800781e-01
2.815774977207183838e-01
-1.218259260058403015e-01
2.719225548207759857e-02
-3.426124155521392822e-01
-5.221303701400756836e-01
-1.518783450126647949e+00
4.715862572193145752e-01
-5.217927694320678711e-01
-3.775681853294372559e-01
-6.314145028591156006e-02
-3.044215217232704163e-02
-1.147579789161682129e+00
1.969567984342575073e-01
3.066372275352478027e-01
-1.588729500770568848e+00
1.973552703857421875e-01
-1.050047039985656738e+00
-2.227892875671386719e-01
4.087923467159271240e-01
3.336797654628753662e-02
2.790300408378243446e-03
3.638296127319335938e-01
4.858008623123168945e-01
-1.825910806655883789e-01
6.483011245727539062e-01
5.800086259841918945e-01
-7.721512764692306519e-02
-5.216602087020874023e-01
1.393277287483215332e+00
-7.116957902908325195e-01
7.920760661363601685e-02
8.900084495544433594e-01
6.214444637298583984e-01
-1.022278070449829102e+00
7.461056113243103027e-01
-1.591201305389404297e+00
7.266833782196044922e-01
-1.842386722564697266e-01
9.910930991172790527e-01
5.069881081581115723e-01
-1.065191149711608887e+00
-4.084353148937225342e-02
-4.301924258470535278e-02
1.558452397584915161e-01
2.759105563163757324e-01
-2.694166898727416992e-01
-6.449015140533447266e-01
-4.182075262069702148e-01
-7.238097190856933594e-01
9.149536490440368652e-01
7.229882478713989258e-01
8.563516736030578613e-01
-1.172508969902992249e-01
4.945012629032135010e-01
2.541491203010082245e-02
-3.920852020382881165e-02
8.123365044593811035e-02
-9.937977045774459839e-02
-5.098502635955810547e-01
7.065825462341308594e-01
3.161607980728149414e-01
8.920035958290100098e-01
-5.151597857475280762e-01
-4.501131549477577209e-02
3.890788257122039795e-01
-1.045771121978759766e+00
6.522392630577087402e-01
-6.946924924850463867e-01
-8.121169805526733398e-01
8.989157527685165405e-02
3.990165591239929199e-01
-7.403282523155212402e-01
-1.081780552864074707e+00
-2.490717917680740356e-01
3.985321223735809326e-01
9.211429357528686523e-01
1.015692591667175293e+00
-1.575541496276855469e-01
-2.199404686689376831e-01
4.829502701759338379e-01
6.736568212509155273e-01
4.023733437061309814e-01
-1.197342753410339355e+00
-3.967917561531066895e-01
5.132636427879333496e-01
-2.548775076866149902e-01
1.053844928741455078e+00
-7.785435914993286133e-01
-8.281209319829940796e-02
-2.391055822372436523e-01
-1.245184183120727539e+00
7.830603122711181641e-01
7.134743034839630127e-02
1.821987032890319824e+00
-4.478819668292999268e-01
-2.959962189197540283e-01
4.901312887668609619e-01
2.719145715236663818e-01
1.055907249450683594e+00
7.376167923212051392e-02
8.649292588233947754e-01
-1.318147778511047363e-01
2.720346748828887939e-01
8.745779991149902344e-01
-2.443024516105651855e-01
-1.212159246206283569e-01
-7.994962334632873535e-01
3.731621801853179932e-01
-4.859662652015686035e-01
-7.033935785293579102e-01
-1.179596900939941406e+00
-7.355449795722961426e-01
-7.743624448776245117e-01
5.551269650459289551e-01
-3.165446817874908447e-01
-8.248125314712524414e-01
9.823741018772125244e-02
1.436641693115234375e+00
4.536941945552825928e-01
-4.879763722419738770e-01
-3.545231521129608154e-01
4.531822800636291504e-01
6.258094906806945801e-01
2.474776841700077057e-02
3.092364966869354248e-01
2.986330091953277588e-01
-4.628618359565734863e-01
2.336206883192062378e-01
9.608088135719299316e-01
-1.057436704635620117e+00
9.503784775733947754e-01
6.263758540153503418e-01
4.821749171242117882e-04
-3.900042474269866943e-01
-6.619231309741735458e-03
-3.771122097969055176e-01
-3.410687670111656189e-02
5.349532365798950195e-01
-7.595705986022949219e-01
-6.473858952522277832e-01
5.291981697082519531e-01
6.697922348976135254e-01
-1.770423203706741333e-01
2.470264434814453125e-01
-6.132051944732666016e-01
-2.415491044521331787e-01
5.441891551017761230e-01
-2.236970067024230957e-01
-8.496125936508178711e-01
-7.398251909762620926e-03
9.101335406303405762e-01
1.084147572517395020e+00
1.339072346687316895e+00
-1.975917071104049683e-01
1.277008056640625000e+00
-1.205640792846679688e+00
1.550272554159164429e-01
-8.592354655265808105e-01
-2.586473941802978516e+00
-7.506913542747497559e-01
1.147102117538452148e-01
7.123655080795288086e-02
2.390603572130203247e-01
6.893971562385559082e-01
4.124961793422698975e-01
-8.387022614479064941e-01
1.911754608154296875e-01
1.031850576400756836e+00
7.337031960487365723e-01
4.997581243515014648e-01
2.917374968528747559e-01
-1.112019717693328857e-01
-2.001848816871643066e-02
4.061452448368072510e-01
-6.878892183303833008e-01
4.458287358283996582e-01
-1.611640453338623047e-01
-1.785481333732604980e+00
-7.736603617668151855e-01
6.215326786041259766e-01
1.980484277009963989e-01
1.484384983777999878e-01
-1.984501838684082031e+00
-4.638744890689849854e-01
4.865518212318420410e-01
-6.778172403573989868e-02
-5.258611440658569336e-01
-1.218019485473632812e+00
3.723300695419311523e-01
-2.247639894485473633e-01
-1.799913406372070312e+00
8.573120236396789551e-01
-1.069075465202331543e+00
1.391705989837646484e+00
3.280557096004486084e-01
-3.401912748813629150e-01
-1.640613198280334473e+00
-4.764131307601928711e-01
-9.788832068443298340e-02
-2.137927055358886719e+00
-5.242100954055786133e-01
1.167296528816223145e+00
8.648798465728759766e-01
-2.940917760133743286e-02
-7.121304869651794434e-01
1.547615528106689453e+00
-5.162873491644859314e-02
3.092592358589172363e-01
1.731287717819213867e+00
-8.131328821182250977e-01
4.909109175205230713e-01
8.241789788007736206e-02
-6.440876722335815430e-01
-9.490063190460205078e-01
-1.407751560211181641e+00
6.059612631797790527e-01
1.172196507453918457e+00
-1.386979274684563279e-04
-3.464354574680328369e-01
-1.486611217260360718e-01
-8.640817403793334961e-01
8.821448087692260742e-01
1.178507685661315918e+00
-2.445594817399978638e-01
-2.582236528396606445e-01
-7.431939840316772461e-01
-3.779788911342620850e-01
7.672793269157409668e-01
-1.934371292591094971e-01
1.397167086601257324e+00
4.963746368885040283e-01
-1.068362712860107422e+00
1.549028456211090088e-01
1.110650971531867981e-01
-8.083375096321105957e-01
9.694142937660217285e-01
-3.785702586174011230e-01
2.186517417430877686e-01
-3.129432722926139832e-02
-5.521171092987060547e-01
-1.725240349769592285e+00
8.996188044548034668e-01
9.481158256530761719e-01
2.760426700115203857e-01
7.371514439582824707e-01
-4.676907062530517578e-01
-3.414293006062507629e-02
-1.090609312057495117e+00
5.277670621871948242e-01
4.144578278064727783e-01
9.009584039449691772e-02
7.900156974792480469e-01
5.890265703201293945e-01
9.223429113626480103e-02
2.254581451416015625e-01
-1.966313123703002930e-01
-1.980227470397949219e+00
5.342202782630920410e-01
-4.731948375701904297e-01
4.520627558231353760e-01
4.084656834602355957e-01
4.152305126190185547e-01
-1.372819304466247559e+00
2.684531509876251221e-01
2.874014973640441895e-01
-1.373838424682617188e+00
-1.797929108142852783e-01
-1.990677863359451294e-01
-6.679118275642395020e-01
-1.230126380920410156e+00
4.958318471908569336e-01
-3.226715922355651855e-01
-4.568507373332977295e-01
4.129561185836791992e-01
5.360741615295410156e-01
-2.507343530654907227e+00
-4.549893736839294434e-01
-3.920913338661193848e-01
-5.934833884239196777e-01
-1.250734776258468628e-01
1.104588992893695831e-02
1.563665121793746948e-01
9.651040434837341309e-01
-1.009845137596130371e+00
-1.275110960006713867e+00
4.752912223339080811e-01
9.892244935035705566e-01
-1.843740195035934448e-01
5.942900180816650391e-01
1.215545535087585449e+00
5.823772549629211426e-01
1.076809525489807129e+00
-6.972866058349609375e-01
9.484373927116394043e-01
1.651646733283996582e+00
-5.610467791557312012e-01
-1.129703164100646973e+00
4.007157981395721436e-01
-7.191318273544311523e-01
9.640911221504211426e-01
-1.116522997617721558e-01
2.599256336688995361e-01
-1.111608505249023438e+00
-2.583386301994323730e-01
4.982883930206298828e-01
-2.513373494148254395e-01
2.012518167495727539e+00
-9.746333360671997070e-01
-1.217336654663085938e-01
2.933449149131774902e-01
4.886430799961090088e-01
-6.249677762389183044e-02
1.032214760780334473e+00
-1.354080319404602051e+00
1.835609912872314453e+00
-6.913267374038696289e-01
-1.533104538917541504e+00
2.429388016462326050e-01
-6.700456738471984863e-01
-1.051411852240562439e-01
5.172892808914184570e-01
-2.086315862834453583e-02
-1.075149103999137878e-01
1.818376630544662476e-01
4.176265299320220947e-01
4.159557223320007324e-01
6.220266222953796387e-01
6.701799035072326660e-01
6.823230385780334473e-01
-5.521985515952110291e-02
-4.135833084583282471e-01
-1.683818817138671875e+00
3.123362660408020020e-01
-3.355047106742858887e-01
9.575406908988952637e-01
1.090864896774291992e+00
-1.217624425888061523e+00
-6.535247564315795898e-01
-4.173642992973327637e-01
-5.660350322723388672e-01
3.599929511547088623e-01
1.433428764343261719e+00
-6.564549803733825684e-01
-1.026901006698608398e-01
4.187281429767608643e-01
4.287703931331634521e-01
6.739853024482727051e-01
-2.304792404174804688e+00
-1.147084236145019531e-01
-6.237893581390380859e+00
3.372592628002166748e-01
-1.198306918144226074e+00
-1.552535295486450195e-01
-5.657081604003906250e-01
-3.329787552356719971e-01
-1.201931476593017578e+00
5.436252355575561523e-01
1.341268420219421387e-01
1.681862622499465942e-01
-2.996943295001983643e-01
-3.856626451015472412e-01
-3.072395324707031250e-01
-1.463300943374633789e+00
-1.661134362220764160e+00
2.240372449159622192e-01
3.094334006309509277e-01
-1.934889554977416992e-01
1.696059465408325195e+00
-3.278830051422119141e-01
-1.968192934989929199e+00
-7.304716110229492188e-02
-8.689185380935668945e-01
-2.031753540039062500e+00
-1.206863522529602051e+00
2.010049223899841309e-01
8.020493388175964355e-02
2.952458560466766357e-01
2.212067127227783203e+00
-6.713614463806152344e-01
3.565332591533660889e-01
-7.300007939338684082e-01
5.768033266067504883e-01
2.854495942592620850e-01
2.026075497269630432e-02
-4.360912144184112549e-01
9.070969223976135254e-01
-5.579622387886047363e-01
-1.819608807563781738e+00
-6.081660836935043335e-02
4.165642559528350830e-01
-7.357607483863830566e-01
4.075700044631958008e-01
-9.546928405761718750e-01
-1.114199236035346985e-01
9.646958112716674805e-01
6.922438740730285645e-01
1.658526301383972168e+00
2.614707313477993011e-02
9.091313481330871582e-01
7.227827608585357666e-02
-5.609018206596374512e-01
4.891569018363952637e-01
-9.625046253204345703e-01
-6.660866141319274902e-01
8.667585849761962891e-01
7.046666145324707031e-01
-2.213916033506393433e-01
2.923003733158111572e-01
-2.332487106323242188e-01
-8.551976084709167480e-01
-3.882550895214080811e-01
8.215726613998413086e-01
-7.529758810997009277e-01
4.119955897331237793e-01
-2.886107861995697021e-01
-3.101716041564941406e-01
-5.236680507659912109e-01
-1.739234209060668945e+00
-7.560097575187683105e-01
-1.187644958496093750e+00
1.099756956100463867e-01
1.563696622848510742e+00
-3.683120906352996826e-01
3.828530609607696533e-01
4.146576672792434692e-02
1.330324888229370117e+00
-5.634951591491699219e-01
3.618722856044769287e-01
-7.259784936904907227e-01
