8.680583238601684570e-01
1.479589700698852539e+00
5.561429858207702637e-01
5.832084640860557556e-02
2.199010550975799561e-01
-5.163639783859252930e-01
-1.186765357851982117e-01
-3.688749074935913086e-01
-1.261460065841674805e+00
2.228545397520065308e-01
2.265552803874015808e-02
-6.300591230392456055e-01
1.110952496528625488e+00
3.689997196197509766e-01
1.914073824882507324e-01
-1.215293407440185547e+00
4.362468421459197998e-01
-6.407473683357238770e-01
-7.570349574089050293e-01
2.242094874382019043e-01
3.621375262737274170e-01
-8.905783295631408691e-01
6.186550259590148926e-01
1.352945417165756226e-01
1.044196963310241699e+00
-7.690041661262512207e-01
3.116104006767272949e-01
1.191879868507385254e+00
-8.300316929817199707e-01
6.891605854034423828e-01
-1.912156701087951660e+00
1.930703073740005493e-01
-8.292290568351745605e-02
-4.120613336563110352e-01
-6.201215982437133789e-01
-8.480257391929626465e-01
-8.784745633602142334e-02
-1.183482289314270020e+00
-3.353633731603622437e-02
-2.511894106864929199e-01
-6.578506827354431152e-01
-5.664922595024108887e-01
-1.863338202238082886e-01
-9.276732206344604492e-01
4.862750768661499023e-01
-3.121199607849121094e-01
-1.092229366302490234e+00
-9.151999354362487793e-01
-3.830381333827972412e-01
1.334039449691772461e+00
2.192861437797546387e-01
-8.465207815170288086e-01
1.090928390622138977e-01
1.014194250106811523e+00
1.237405538558959961e+00
-7.892179489135742188e-01
2.778427600860595703e-01
-1.128411069512367249e-01
6.212831735610961914e-01
-8.043124079704284668e-01
2.174828529357910156e+00
2.740168571472167969e-01
1.090381741523742676e+00
-6.135886907577514648e-01
3.786177039146423340e-01
-5.968853235244750977e-01
-8.283926844596862793e-01
8.061154186725616455e-02
8.651762008666992188e-01
-7.778733372688293457e-01
7.772529721260070801e-01
3.319601342082023621e-02
-2.671571262180805206e-02
-1.297784209251403809e+00
-3.538272976875305176e-01
1.238830983638763428e-01
-2.925784885883331299e-01
-3.059420287609100342e-01
-1.018230438232421875e+00
6.597489714622497559e-01
3.219332098960876465e-01
3.338244557380676270e-02
-1.550671815872192383e+00
1.774313151836395264e-01
-3.220731019973754883e-01
8.801850676536560059e-01
-6.454083919525146484e-01
1.004695594310760498e-01
-1.177365303039550781e+00
-1.104222461581230164e-01
-6.655911207199096680e-01
-8.161344528198242188e-01
-4.811977744102478027e-01
8.542782664299011230e-01
-1.009699344635009766e+00
-4.248839318752288818e-01
-8.082318305969238281e-01
-7.065476477146148682e-02
-1.461361765861511230e+00
4.850875735282897949e-01
6.306234598159790039e-01
-5.598632097244262695e-01
1.297402143478393555e+00
-2.566076815128326416e-01
-2.474973917007446289e+00
-9.566555172204971313e-02
-1.896064519882202148e+00
6.746904850006103516e-01
-3.469069600105285645e-01
-9.755190014839172363e-01
6.076464429497718811e-02
-1.301688551902770996e-01
-8.002114295959472656e-01
-1.014824151992797852e+00
-7.363098263740539551e-01
-1.792535781860351562e-01
-7.792620062828063965e-01
-1.750037908554077148e+00
6.907265186309814453e-01
6.440686583518981934e-01
1.267113834619522095e-01
1.933005809783935547e+00
-8.193998336791992188e-01
-5.355010554194450378e-02
3.302450180053710938e-01
-2.682542614638805389e-02
1.163771986961364746e+00
1.873271465301513672e-01
-1.133751943707466125e-01
-7.666650414466857910e-01
7.637722492218017578e-01
-1.671278357505798340e+00
3.563517332077026367e-01
7.973951101303100586e-01
-5.933533906936645508e-01
6.124039292335510254e-01
7.208628654479980469e-01
-9.383882284164428711e-01
-3.469677865505218506e-01
-8.433002978563308716e-03
-5.174314975738525391e-01
-3.261970877647399902e-01
3.138412535190582275e-01
8.729690909385681152e-01
-4.592901766300201416e-01
2.989813089370727539e-01
1.650638431310653687e-01
-3.660595417022705078e-01
-8.007624000310897827e-02
1.437745173461735249e-03
-6.026452407240867615e-02
7.062552571296691895e-01
9.031341969966888428e-02
2.768085105344653130e-03
7.338091135025024414e-01
-1.046612620353698730e+00
-1.742252111434936523e+00
-7.599043846130371094e-01
8.977512270212173462e-02
5.477110669016838074e-02
-4.797747731208801270e-01
-3.100680410861968994e-01
-7.469478845596313477e-01
-4.561807215213775635e-01
-1.180293932557106018e-01
4.947623908519744873e-01
-6.707333922386169434e-01
7.533602714538574219e-01
1.984873712062835693e-01
5.015908479690551758e-01
2.742175459861755371e-01
5.579774975776672363e-01
-1.184311747550964355e+00
1.227046847343444824e+00
1.080427408218383789e+00
1.667233705520629883e-01
8.512660861015319824e-01
2.906843423843383789e-01
-4.333797693252563477e-01
5.892183184623718262e-01
-3.661013543605804443e-01
-9.300757646560668945e-01
3.119513951241970062e-02
-2.606844902038574219e-01
1.092787742614746094e+00
-9.829466938972473145e-01
-7.970088720321655273e-01
-2.818095982074737549e-01
-1.902429461479187012e-01
3.427535295486450195e-01
6.935001015663146973e-01
-4.126187264919281006e-01
3.092172183096408844e-02
7.805209755897521973e-01
-1.124600648880004883e+00
-3.406916856765747070e-01
-7.015280127525329590e-01
1.776648521423339844e+00
3.333709239959716797e-01
-1.259626507759094238e+00
-6.278774142265319824e-01
6.132805347442626953e-01
5.741674900054931641e-01
-6.693596839904785156e-01
1.584962725639343262e+00
-1.271137595176696777e-01
9.341085553169250488e-01
-1.270448565483093262e+00
1.948740184307098389e-01
-1.150835156440734863e+00
1.113613128662109375e+00
3.640088811516761780e-02
6.855337619781494141e-01
3.487522900104522705e-02
-1.558338701725006104e-01
5.870880484580993652e-01
2.495375633239746094e+00
-4.319318830966949463e-01
-1.281156420707702637e+00
-3.750469386577606201e-01
2.831417024135589600e-01
8.035432100296020508e-01
-4.791664481163024902e-01
1.139331221580505371e+00
2.262907028198242188e-01
4.456501305103302002e-01
3.782157897949218750e-01
-1.729462444782257080e-01
2.586484849452972412e-01
-6.383104324340820312e-01
-1.002169623970985413e-01
3.222770690917968750e-01
4.905033111572265625e-01
-4.307741224765777588e-01
-6.583228111267089844e-01
1.212791800498962402e-01
1.447293996810913086e+00
2.003518640995025635e-01
-9.706624746322631836e-01
-6.313512325286865234e-01
3.092023730278015137e-01
-4.824943840503692627e-01
-1.594309926033020020e+00
1.424091905355453491e-01
-7.108313590288162231e-02
6.216038018465042114e-03
5.895027518272399902e-01
1.095864415168762207e+00
1.313709497451782227e+00
4.444844424724578857e-01
-8.052029460668563843e-02
-1.443994998931884766e+00
-1.197822570800781250e+00
-8.567016571760177612e-02
8.967400193214416504e-01
-4.016917943954467773e-01
3.451213836669921875e-01
-8.434808254241943359e-01
-1.448753595352172852e+00
-2.736488282680511475e-01
6.836712956428527832e-01
1.120398402214050293e+00
9.741090536117553711e-01
-6.925863027572631836e-01
-8.633657097816467285e-01
3.033878505229949951e-01
-1.176888048648834229e-01
1.903283238410949707e+00
1.841050744056701660e+00
-1.811751723289489746e-01
5.012255907058715820e-01
8.783780932426452637e-01
-1.494194846600294113e-02
8.662823438644409180e-01
-1.075468361377716064e-01
-2.967085838317871094e-01
7.961456179618835449e-01
-1.176719784736633301e+00
3.311445116996765137e-01
-9.398943185806274414e-02
-4.103607535362243652e-01
-1.072636485099792480e+00
9.535900354385375977e-01
1.404986619949340820e+00
3.239836394786834717e-01
-2.585822045803070068e-01
-6.188021302223205566e-01
-3.688727021217346191e-01
-2.320109903812408447e-01
-6.696259975433349609e-01
-1.211616158485412598e+00
-4.598796069622039795e-01
-3.223149478435516357e-01
-8.928671479225158691e-01
4.872651994228363037e-01
-3.822489678859710693e-01
-2.318183705210685730e-02
1.459176689386367798e-01
5.921680331230163574e-01
7.691650837659835815e-02
-5.959389209747314453e-01
-1.339005231857299805e+00
-1.866403520107269287e-01
7.794805765151977539e-01
-1.231052055954933167e-01
2.602295279502868652e-01
-2.743741571903228760e-01
-3.692876994609832764e-01
2.903308868408203125e-01
8.506863713264465332e-01
-1.250031709671020508e+00
-1.136517763137817383e+00
-1.976108253002166748e-01
3.819881081581115723e-01
3.257984519004821777e-01
6.655966639518737793e-01
1.544002443552017212e-01
8.886246681213378906e-01
4.290848672389984131e-01
-7.024610787630081177e-02
-1.305658817291259766e+00
-5.688201785087585449e-01
1.026095986366271973e+00
-2.977530658245086670e-01
3.589639067649841309e-01
1.172816634178161621e+00
-7.299506664276123047e-01
-3.667614459991455078e-01
-4.478188455104827881e-01
-2.243427485227584839e-01
-4.966781437397003174e-01
-1.575870513916015625e-01
6.738576889038085938e-01
1.581494361162185669e-01
-2.574378550052642822e-01
-2.327124215662479401e-02
4.670153930783271790e-02
-1.130994915962219238e+00
1.189229965209960938e+00
-4.543733000755310059e-01
5.084972977638244629e-01
-8.596693724393844604e-02
2.009247541427612305e-01
1.684253960847854614e-01
-5.367214977741241455e-02
5.959165692329406738e-01
-8.455022573471069336e-01
1.776963621377944946e-01
1.354959607124328613e-01
1.576540619134902954e-01
-1.174748301506042480e+00
-8.958463072776794434e-01
2.273213863372802734e-01
9.154238104820251465e-01
-4.434306323528289795e-01
-5.705764293670654297e-01
-1.612777948379516602e+00
-4.870749413967132568e-01
-9.667488932609558105e-02
8.461219668388366699e-01
-1.061159744858741760e-01
-5.733373761177062988e-01
1.042449355125427246e+00
-1.333859920501708984e+00
-1.093220412731170654e-01
-5.305725336074829102e-01
4.862208068370819092e-01
3.788258731365203857e-01
-3.327386081218719482e-02
7.486589550971984863e-01
8.286219835281372070e-01
6.826890110969543457e-01
-6.008036732673645020e-01
5.077826976776123047e-01
-7.042941451072692871e-02
-4.775885120034217834e-02
3.732629120349884033e-01
-6.259064674377441406e-01
1.801068335771560669e-01
2.690203785896301270e-01
3.543070256710052490e-01
1.896720826625823975e-01
4.496665000915527344e-01
4.356121644377708435e-02
-3.447072803974151611e-01
8.394436240196228027e-01
4.473626315593719482e-01
1.357178688049316406e-01
7.775160074234008789e-01
3.853202760219573975e-01
3.216511249542236328e+00
-6.328373551368713379e-01
5.398407205939292908e-02
7.032670378684997559e-01
1.206413030624389648e+00
6.230692267417907715e-01
-4.119522273540496826e-01
3.182820677757263184e-01
3.063845038414001465e-01
8.723184466361999512e-01
-5.441183447837829590e-01
-1.345945000648498535e+00
-1.308695762418210506e-03
-1.217042922973632812e+00
-1.917241811752319336e-01
-1.095491290092468262e+00
4.238646030426025391e-01
-2.061686217784881592e-01
9.969525784254074097e-02
-2.132444679737091064e-01
-1.451297551393508911e-01
-3.393612504005432129e-01
-6.982014179229736328e-01
7.087244093418121338e-02
9.073316305875778198e-02
1.563554048538208008e+00
6.603233814239501953e-01
2.666912078857421875e-01
-5.438342690467834473e-01
9.213029146194458008e-01
1.793706864118576050e-01
-5.714071393013000488e-01
1.290165185928344727e+00
5.310530662536621094e-01
-1.383271694183349609e+00
6.640514731407165527e-01
7.085182070732116699e-01
2.589292526245117188e-01
-2.009397149085998535e-01
-1.069844126701354980e+00
-7.673399448394775391e-01
-2.101165652275085449e-01
2.681827172636985779e-02
7.021065801382064819e-02
-1.308117032051086426e+00
1.153687119483947754e+00
6.175202727317810059e-01
3.505313694477081299e-01
4.152888357639312744e-01
8.438295722007751465e-01
2.089074999094009399e-01
-6.798809766769409180e-01
-3.426454588770866394e-02
-8.709620833396911621e-01
-5.956174433231353760e-02
-6.247052550315856934e-01
7.990095615386962891e-01
1.895324140787124634e-01
-7.665119767189025879e-01
-6.529718041419982910e-01
-1.174368262290954590e+00
-9.940873384475708008e-01
1.537680745124816895e+00
-5.611237287521362305e-01
-5.244789123535156250e-01
-7.682031393051147461e-01
9.064362645149230957e-01
-3.187297880649566650e-01
-2.480070590972900391e-01
6.293098926544189453e-01
1.341953635215759277e+00
-7.058805227279663086e-01
-2.880451269447803497e-03
7.337959408760070801e-01
-2.460395097732543945e-01
-7.347244620323181152e-01
4.460475146770477295e-01
2.711630761623382568e-01
-5.823245644569396973e-01
3.638475835323333740e-01
4.017882049083709717e-02
9.331570863723754883e-01
-2.858215011656284332e-02
-5.918654799461364746e-01
1.658543758094310760e-02
4.333343729376792908e-02
4.315771162509918213e-01
-4.269896447658538818e-01
-1.289422631263732910e+00
3.604851067066192627e-01
-2.073814123868942261e-01
1.135884046554565430e+00
-4.754154384136199951e-01
1.720350265502929688e+00
7.035820931196212769e-02
-2.023499459028244019e-02
1.164507985115051270e+00
-1.126339673995971680e+00
7.684984803199768066e-01
5.756544470787048340e-01
1.846474409103393555e-01
5.942954421043395996e-01
-5.256937742233276367e-01
1.662955284118652344e-01
-4.929082393646240234e-01
3.236733078956604004e-01
-1.387138366699218750e+00
-2.405141353607177734e+00
-4.887328296899795532e-02
-5.942799448966979980e-01
-2.583063542842864990e-01
-7.317705750465393066e-01
-3.383821249008178711e-02
7.538688182830810547e-02
-1.596594095230102539e+00
-1.056785345077514648e+00
-2.044094502925872803e-01
-3.192591071128845215e-01
3.756416738033294678e-01
-3.200495541095733643e-01
4.574307799339294434e-01
-7.732076048851013184e-01
-4.273132979869842529e-02
1.770579218864440918e-01
3.237797319889068604e-02
2.609924077987670898e-01
-3.099580705165863037e-01
-1.921122819185256958e-01
-1.893915832042694092e-01
7.274571657180786133e-01
-3.828086555004119873e-01
-5.412082076072692871e-01
-1.486297965049743652e+00
-3.367294371128082275e-01
2.717741727828979492e-01
-1.075989902019500732e-01
-2.211393117904663086e+00
-2.206746488809585571e-02
-2.002860158681869507e-01
-1.877689480781555176e+00
6.509755253791809082e-01
1.505187273025512695e+00
1.879167109727859497e-01
-9.642846882343292236e-02
-5.173926353454589844e-01
-4.683815836906433105e-01
3.850813210010528564e-02
1.480260044336318970e-01
-1.197502136230468750e+00
-3.047452121973037720e-02
5.504318475723266602e-01
-7.115269452333450317e-02
-3.985780775547027588e-01
-8.132705688476562500e-01
8.582802861928939819e-02
7.648880481719970703e-01
8.307217955589294434e-01
3.650546371936798096e-01
-8.173311352729797363e-01
4.704167544841766357e-01
-2.149807959794998169e-01
-1.760425604879856110e-02
4.428176879882812500e-01
-5.412493944168090820e-01
1.164097711443901062e-01
1.070480346679687500e+00
4.611539840698242188e-01
1.485030949115753174e-01
-3.757211863994598389e-01
-9.092867970466613770e-01
1.361410498619079590e+00
1.208241820335388184e+00
-1.445902585983276367e+00
3.934853971004486084e-01
-1.972476989030838013e-01
-2.604761421680450439e-01
-3.878603279590606689e-01
1.628938436508178711e+00
1.981251835823059082e+00
3.447763323783874512e-01
-3.485859930515289307e-01
1.049223065376281738e+00
-7.909747958183288574e-01
-1.785819768905639648e+00
-1.602758616209030151e-01
-7.227352261543273926e-01
-7.968283891677856445e-01
-1.775787770748138428e-01
-2.595769166946411133e-01
-3.620085120201110840e-01
-5.276199579238891602e-01
1.147442698478698730e+00
1.404460191726684570e+00
8.395101428031921387e-01
-2.797033488750457764e-01
1.056957058608531952e-02
-9.799188375473022461e-01
-1.043550729751586914e+00
-7.006915807723999023e-01
7.330272197723388672e-01
5.364428758621215820e-01
-6.512638926506042480e-01
-1.230858936905860901e-01
6.651648283004760742e-01
-9.833944439888000488e-01
-6.293257474899291992e-01
3.470191657543182373e-01
-6.205221414566040039e-01
1.155914306640625000e+00
-5.072373151779174805e-01
2.428078800439834595e-01
-1.509425759315490723e+00
-2.028382010757923126e-02
-5.606231093406677246e-01
7.327852845191955566e-01
-1.215111970901489258e+00
-7.107894420623779297e-01
-4.679668545722961426e-01
-7.498654127120971680e-01
4.038384854793548584e-01
2.350172549486160278e-01
7.644760608673095703e-01
6.776741147041320801e-01
-4.668973386287689209e-01
-2.250321656465530396e-01
-2.585664689540863037e-01
-6.435537934303283691e-01
-2.873129546642303467e-01
2.022709846496582031e+00
7.577493190765380859e-01
3.492863178253173828e-01
7.703681588172912598e-01
-1.360653162002563477e+00
5.133020281791687012e-01
-5.740705877542495728e-02
6.720072031021118164e-01
8.020849227905273438e-01
7.915788292884826660e-01
1.725597500801086426e+00
-1.433919429779052734e+00
3.048717677593231201e-01
1.346225142478942871e+00
-1.933502256870269775e-01
5.656717419624328613e-01
7.422810792922973633e-01
-1.006947994232177734e+00
-2.514960169792175293e-01
-5.258430242538452148e-01
-2.593991532921791077e-02
5.509847998619079590e-01
1.477518200874328613e+00
-3.436531126499176025e-01
-9.936345815658569336e-01
2.344936430454254150e-01
2.929553687572479248e-01
3.991716861724853516e+00
-1.768389701843261719e+00
8.553185462951660156e-01
1.373913049697875977e+00
1.228792905807495117e+00
-6.829225420951843262e-01
-2.997920811176300049e-01
-6.985130906105041504e-01
-1.060069575905799866e-01
7.047893404960632324e-01
-1.403997838497161865e-01
-4.398438930511474609e-01
-1.115407109260559082e+00
7.623278349637985229e-02
1.976433992385864258e+00
6.773316860198974609e-01
-5.194903165102005005e-02
5.727092623710632324e-01
-1.470167487859725952e-01
-9.794536828994750977e-01
5.491064190864562988e-01
7.893040180206298828e-01
2.393480837345123291e-01
-6.840861439704895020e-01
-2.083673775196075439e-01
-5.556756258010864258e-01
2.389341220259666443e-02
-3.391235321760177612e-02
4.702960550785064697e-01
1.092838048934936523e+00
-9.182838797569274902e-01
-2.355343103408813477e-01
-2.704890072345733643e-01
7.222989201545715332e-01
-1.259748935699462891e+00
9.593368768692016602e-01
7.856801748275756836e-01
-5.814933180809020996e-01
6.947456002235412598e-01
-5.172363519668579102e-01
-9.206625819206237793e-02
-5.635845661163330078e-01
-5.407214760780334473e-01
-2.674423933029174805e+00
4.332750141620635986e-01
-1.075500369071960449e+00
1.227079555392265320e-01
6.983948349952697754e-01
-5.938442349433898926e-01
7.813287377357482910e-01
7.630640864372253418e-01
-7.208321690559387207e-01
8.574038147926330566e-01
-1.245459675788879395e+00
8.588516116142272949e-01
-3.531042858958244324e-02
3.383076563477516174e-02
-7.843110561370849609e-01
-1.958478055894374847e-02
5.300109982490539551e-01
2.420114874839782715e-01
-4.785054922103881836e-02
-1.107452362775802612e-01
-2.274276971817016602e+00
-4.074778854846954346e-01
1.784719675779342651e-01
-8.885530829429626465e-01
-2.203803882002830505e-02
-9.521420001983642578e-01
-7.452204823493957520e-01
-9.435468912124633789e-02
-2.346993535757064819e-01
-1.004868268966674805e+00
4.129120409488677979e-01
-7.771910429000854492e-01
-6.655571460723876953e-01
1.203458309173583984e+00
-1.683596819639205933e-01
-7.530751228332519531e-01
4.697391390800476074e-01
-8.317031264305114746e-01
-3.357618153095245361e-01
-1.120888665318489075e-01
3.228887617588043213e-01
-7.615584135055541992e-01
4.014801979064941406e-02
-1.129077076911926270e+00
-1.233330488204956055e+00
1.320969462394714355e+00
5.455518364906311035e-01
1.199905395507812500e+00
-7.588168382644653320e-01
3.126447498798370361e-01
4.777577221393585205e-01
5.166509374976158142e-02
-7.911044955253601074e-01
-1.414843201637268066e+00
1.679855823516845703e+00
1.731305599212646484e+00
-6.510112285614013672e-01
-9.728251099586486816e-01
1.124873906373977661e-01
-1.223831057548522949e+00
1.691183090209960938e+00
-4.959947168827056885e-01
2.266473919153213501e-01
5.346537232398986816e-01
-5.871952176094055176e-01
-9.700057506561279297e-01
-1.080749258399009705e-01
1.845950245857238770e+00
6.704082489013671875e-01
9.816656112670898438e-01
-5.012677907943725586e-01
1.145204082131385803e-01
6.382935047149658203e-01
1.286757707595825195e+00
5.345658659934997559e-01
2.666956186294555664e-01
1.163132190704345703e+00
-3.340237438678741455e-01
-4.376382231712341309e-01
1.260500252246856689e-01
