-1.212351843714714050e-01
6.610098481178283691e-02
-8.795549869537353516e-01
7.261451333761215210e-02
-2.417617440223693848e-01
5.138080939650535583e-02
1.469547003507614136e-01
-8.779124617576599121e-01
-2.103725261986255646e-02
-1.220177412033081055e+00
-6.797783970832824707e-01
-3.914020955562591553e-02
4.649694263935089111e-01
-3.894111886620521545e-02
3.458046317100524902e-01
-1.729403257369995117e+00
2.270309478044509888e-01
1.513395309448242188e+00
-1.455933928489685059e+00
9.595376253128051758e-01
2.361337095499038696e-01
6.422768831253051758e-01
1.987109780311584473e-01
-1.373660802841186523e+00
-6.883277893066406250e-01
-4.870366454124450684e-01
8.266895310953259468e-04
5.684118270874023438e-01
-1.000857472419738770e+00
5.376973152160644531e-01
-1.451143622398376465e+00
-9.267032146453857422e-02
-1.929536581039428711e+00
-2.313751876354217529e-01
-1.117773652076721191e+00
-8.734582066535949707e-01
4.959924817085266113e-01
-1.531440258026123047e+00
-6.296819448471069336e-02
1.308118939399719238e+00
1.561120748519897461e-01
-7.834162116050720215e-01
1.815200299024581909e-01
4.320792555809020996e-01
-4.070357084274291992e-01
2.816717922687530518e-01
1.377629160881042480e+00
-3.619388863444328308e-02
1.721311509609222412e-01
1.532292723655700684e+00
6.479005217552185059e-01
-2.930808961391448975e-01
-7.421026825904846191e-01
-5.006318688392639160e-01
1.565283417701721191e+00
-6.906125545501708984e-01
5.438916087150573730e-01
-2.816059589385986328e-01
-1.709899157285690308e-01
1.983727455139160156e+00
1.679733395576477051e+00
-5.964961051940917969e-01
6.544906497001647949e-01
5.070836544036865234e-01
-2.406205683946609497e-01
-6.595818996429443359e-01
-1.063390612602233887e+00
-1.291491627693176270e+00
1.893842071294784546e-01
-1.071573853492736816e+00
-1.024343252182006836e+00
1.340903043746948242e+00
-1.363410204648971558e-01
-9.953358769416809082e-01
9.204754233360290527e-01
1.090894460678100586e+00
8.020938634872436523e-01
2.093882858753204346e-01
6.977221965789794922e-01
-4.909894466400146484e-01
-4.383349418640136719e-01
-2.892486155033111572e-01
-2.439057111740112305e+00
6.231895834207534790e-02
3.652808070182800293e-01
1.152419090270996094e+00
-6.696330904960632324e-01
-1.071771144866943359e+00
-1.382740736007690430e+00
-2.784391939640045166e-01
3.590438663959503174e-01
-2.149083137512207031e+00
-6.023675203323364258e-01
1.676080346107482910e+00
-1.612898707389831543e+00
4.800511896610260010e-01
-8.571678400039672852e-02
-5.613455176353454590e-01
-1.311331868171691895e+00
-2.815571427345275879e-01
-1.215175390243530273e+00
-1.505466341972351074e+00
5.692570805549621582e-01
5.323283672332763672e-01
-2.838498950004577637e-01
-5.453129410743713379e-01
-2.392233014106750488e-01
1.253257036209106445e+00
-7.896161824464797974e-02
7.783697247505187988e-01
1.211111471056938171e-01
-2.473180294036865234e-01
-6.960977911949157715e-01
6.308001279830932617e-01
1.323068886995315552e-01
5.966268777847290039e-01
9.752612560987472534e-02
-2.588521003723144531e+00
6.514454483985900879e-01
6.099324226379394531e-01
3.896281421184539795e-01
1.415769696235656738e+00
-1.046281933784484863e+00
2.135812044143676758e-01
7.657780647277832031e-01
4.311338365077972412e-01
1.511829614639282227e+00
3.650048077106475830e-01
-2.653600871562957764e-01
-1.178578138351440430e-01
1.006400227546691895e+00
-8.566073179244995117e-01
6.589586734771728516e-01
-1.914394497871398926e+00
-2.859399467706680298e-02
4.240297973155975342e-01
2.819001488387584686e-02
-1.303731679916381836e+00
-7.801008224487304688e-01
9.358922839164733887e-01
-1.195338487625122070e+00
-8.331448435783386230e-01
1.714658260345458984e+00
7.039953470230102539e-01
1.539826869964599609e+00
-9.696087837219238281e-01
-7.545624375343322754e-01
-4.576801657676696777e-01
-9.949917793273925781e-01
2.984847314655780792e-02
1.087175369262695312e+00
6.130441427230834961e-01
1.192004561424255371e+00
-1.503155827522277832e+00
4.037689268589019775e-01
-2.017643302679061890e-01
-3.076116740703582764e-01
5.609814524650573730e-01
-7.247298359870910645e-01
1.479380965232849121e+00
1.332247257232666016e-01
8.868339061737060547e-01
4.030910134315490723e-02
-9.044796228408813477e-01
2.458926588296890259e-01
-1.051890730857849121e+00
4.493083655834197998e-01
1.498830318450927734e-01
6.407444477081298828e-01
1.223255023360252380e-01
7.055334448814392090e-01
-4.327221810817718506e-01
-1.863801360130310059e+00
2.856324017047882080e-01
-1.858503520488739014e-01
-7.421242594718933105e-01
-1.193599868565797806e-02
7.973911762237548828e-01
-1.494496941566467285e+00
1.007246136665344238e+00
-3.632498085498809814e-01
-2.257891416549682617e+00
3.399256169795989990e-01
1.334531784057617188e+00
4.108225703239440918e-01
9.170267581939697266e-01
-1.286731362342834473e+00
1.035625785589218140e-01
5.146051570773124695e-02
1.258144736289978027e+00
-1.391408443450927734e-01
-1.804669760167598724e-02
-1.494480762630701065e-02
1.259794712066650391e+00
-1.359645724296569824e+00
-4.414658844470977783e-01
-6.507700085639953613e-01
2.948226034641265869e-02
-9.740569591522216797e-01
-7.646163105964660645e-01
-2.732455134391784668e-01
7.636703550815582275e-02
-7.542437911033630371e-01
-1.844838857650756836e+00
6.110132485628128052e-02
3.612842857837677002e-01
5.318358540534973145e-01
-6.745327711105346680e-01
1.158227562904357910e+00
-6.105304956436157227e-01
-7.901471853256225586e-02
1.626270562410354614e-01
9.063636660575866699e-01
1.683592200279235840e-01
8.877812027931213379e-01
7.245629429817199707e-01
-3.007149696350097656e-01
-2.527493424713611603e-02
-8.877935409545898438e-01
7.717151641845703125e-01
-6.661619991064071655e-02
1.240834832191467285e+00
-2.368254214525222778e-01
1.121490597724914551e+00
-3.756134212017059326e-01
-5.768849253654479980e-01
2.203610166907310486e-02
8.514771461486816406e-01
4.496100842952728271e-01
-6.768003106117248535e-01
5.360575318336486816e-01
-7.188705801963806152e-01
-1.447670936584472656e+00
6.610903888940811157e-02
7.765780091285705566e-01
1.617590337991714478e-01
1.219617962837219238e+00
8.242262005805969238e-01
-7.399327158927917480e-01
-8.612058311700820923e-02
9.090676307678222656e-01
-8.918889164924621582e-01
-9.654657840728759766e-01
1.117535710334777832e+00
-8.410100936889648438e-01
3.244995772838592529e-01
1.905749887228012085e-01
1.969934701919555664e+00
5.503327250480651855e-01
-5.783203840255737305e-01
4.427394866943359375e-01
-1.318490862846374512e+00
-5.204500555992126465e-01
-1.140742182731628418e+00
3.927051126956939697e-01
-6.845130920410156250e-01
-3.162539899349212646e-01
4.802609980106353760e-01
1.381132245063781738e+00
-9.822667241096496582e-01
5.475648678839206696e-03
-8.990490436553955078e-01
5.700272917747497559e-01
-1.429446339607238770e-01
-5.800439119338989258e-01
1.015691876411437988e+00
1.373371839523315430e+00
1.050639972090721130e-01
1.905390501022338867e+00
8.862158283591270447e-03
1.605363368988037109e+00
-1.985867619514465332e-01
-1.731672644615173340e+00
1.880139708518981934e-01
-1.502997428178787231e-01
2.110603570938110352e+00
1.200491547584533691e+00
-6.180779337882995605e-01
-3.112020194530487061e-01
-3.029646575450897217e-01
3.075294792652130127e-01
-1.470777988433837891e+00
-4.794017598032951355e-02
6.569662690162658691e-01
9.117128252983093262e-01
3.557074442505836487e-02
6.803535223007202148e-01
4.083971083164215088e-01
1.447920322418212891e+00
3.253917098045349121e-01
-8.917171955108642578e-01
-2.336175367236137390e-02
7.611422538757324219e-01
3.208914995193481445e+00
1.310222387313842773e+00
-9.459182024002075195e-01
-1.531530022621154785e-01
1.553293168544769287e-01
1.607488393783569336e-01
-4.586438238620758057e-01
-5.231737494468688965e-01
-9.068165421485900879e-01
6.948238611221313477e-01
-4.605948030948638916e-01
-1.202703714370727539e+00
-1.484110653400421143e-01
3.732165396213531494e-01
-5.641346424818038940e-02
5.907197594642639160e-01
-1.243283152580261230e-01
-6.107450127601623535e-01
-1.074964523315429688e+00
-7.015260457992553711e-01
8.819519542157649994e-03
-1.905861496925354004e+00
-8.345105051994323730e-01
4.416262507438659668e-01
1.576041728258132935e-01
8.460733294486999512e-01
-1.440188527107238770e+00
-3.290431797504425049e-01
4.689647853374481201e-01
-9.549685120582580566e-01
5.757865682244300842e-02
-2.820111513137817383e-01
3.925256431102752686e-01
-1.356075406074523926e+00
-4.125545024871826172e-01
-7.905657291412353516e-01
5.960410833358764648e-01
-1.122386693954467773e+00
8.988469243049621582e-01
-9.402575492858886719e-01
-2.511049211025238037e-01
-3.699010014533996582e-01
-1.172253787517547607e-01
-1.631212420761585236e-02
2.529608607292175293e-01
5.283373594284057617e-01
-1.527903079986572266e+00
5.907511115074157715e-01
1.146261692047119141e+00
-3.991280198097229004e-01
5.585571527481079102e-01
3.624845147132873535e-01
-2.882412075996398926e-01
-9.386237859725952148e-01
-3.334109485149383545e-01
-3.136779665946960449e-01
-1.057319998741149902e+00
-1.584229946136474609e+00
-1.087352409958839417e-01
5.449772477149963379e-01
-3.588896989822387695e-01
-7.099388837814331055e-01
-1.068131923675537109e-01
-6.967402696609497070e-01
-1.090640306472778320e+00
-3.995885550975799561e-01
9.188950657844543457e-01
5.063469335436820984e-02
-1.144116997718811035e+00
-1.450953930616378784e-01
-3.935342133045196533e-01
-8.042191863059997559e-01
-8.895336836576461792e-02
1.168820977210998535e+00
3.228468075394630432e-02
-6.723710298538208008e-01
-3.894225507974624634e-02
1.373868823051452637e+00
5.569820404052734375e-01
5.148053765296936035e-01
1.427882909774780273e+00
-3.515048010740429163e-04
5.650741048157215118e-03
-1.833203434944152832e-01
-1.037257671356201172e+00
-9.371032714843750000e-01
1.363683700561523438e+00
1.412712216377258301e+00
1.229500174522399902e+00
-7.978614419698715210e-02
-8.851158618927001953e-01
-5.499605536460876465e-01
-3.594328463077545166e-01
-2.983599901199340820e-01
-7.555711865425109863e-01
8.741894364356994629e-01
1.869329094886779785e+00
1.254364132881164551e+00
-1.159863397479057312e-01
1.561337709426879883e+00
2.992632389068603516e-01
6.032777428627014160e-01
2.613312304019927979e-01
-2.155441284179687500e+00
3.364973701536655426e-03
-1.563812494277954102e-01
9.003301858901977539e-01
-7.850213050842285156e-01
1.984124034643173218e-01
4.185343980789184570e-01
6.472290158271789551e-01
3.871568739414215088e-01
2.804401144385337830e-02
-5.793359279632568359e-01
2.092504203319549561e-01
2.106821723282337189e-02
-5.961706638336181641e-01
-4.836522042751312256e-01
-3.499033451080322266e-01
-3.209053575992584229e-01
-2.363475710153579712e-01
-9.547739028930664062e-01
1.208060741424560547e+00
-9.314572811126708984e-01
6.679497361183166504e-01
-2.248952686786651611e-01
1.276727169752120972e-01
-1.934916675090789795e-01
-8.775309324264526367e-01
9.042863845825195312e-01
8.189183473587036133e-01
-1.039701819419860840e+00
-4.919416084885597229e-02
2.049788534641265869e-01
8.125311732292175293e-01
-1.663058809936046600e-02
-1.280016303062438965e+00
2.711468040943145752e-01
-6.528017520904541016e-01
4.357884824275970459e-01
-8.864678144454956055e-01
6.226668953895568848e-01
6.653255224227905273e-01
9.115126729011535645e-01
7.293738126754760742e-01
-2.659048438072204590e-01
-9.686579704284667969e-01
1.409718990325927734e-01
6.493926644325256348e-01
-2.344191968441009521e-01
8.133807778358459473e-01
3.338670730590820312e-02
-6.102172136306762695e-01
3.865813016891479492e-01
-6.271265745162963867e-01
3.649134635925292969e-01
-1.238515496253967285e+00
2.396279480308294296e-03
5.323788151144981384e-02
5.911999940872192383e-01
-7.982494831085205078e-01
-3.657593950629234314e-02
3.370675444602966309e-01
1.924869418144226074e-01
1.634753823280334473e+00
-8.372072577476501465e-01
-1.989508271217346191e-01
-6.022735834121704102e-01
-5.796173214912414551e-01
-2.756795585155487061e-01
-4.106905758380889893e-01
1.319571852684020996e+00
-6.570692658424377441e-01
-3.658454120159149170e-01
9.135053157806396484e-01
-9.622337818145751953e-01
-1.250663876533508301e+00
-2.791700363159179688e-01
-1.147091746330261230e+00
-6.588419079780578613e-01
-3.227819502353668213e-01
-8.465460538864135742e-01
5.817414075136184692e-02
-2.632926404476165771e-01
3.721707463264465332e-01
-6.871171593666076660e-01
5.765821337699890137e-01
6.164026260375976562e-01
6.905849575996398926e-01
-2.237145155668258667e-01
3.478966951370239258e-01
4.688245356082916260e-01
-1.650284081697463989e-01
-6.514634490013122559e-01
3.945938050746917725e-01
2.924681305885314941e-01
3.227988490834832191e-03
1.161306500434875488e-01
1.283551812171936035e+00
1.370185971260070801e+00
1.154988646507263184e+00
4.339814782142639160e-01
5.283132195472717285e-01
-2.559357583522796631e-01
-2.743216276168823242e+00
4.112849533557891846e-01
4.997366964817047119e-01
6.086406111717224121e-01
-3.734926581382751465e-01
-6.877847909927368164e-01
1.876213908195495605e+00
6.807287689298391342e-03
-5.756960511207580566e-01
-1.176881641149520874e-01
5.448545813560485840e-01
-9.121915102005004883e-01
-5.772356986999511719e-01
6.995368003845214844e-01
-2.619694769382476807e-01
6.378220319747924805e-01
5.519139170646667480e-01
4.230823740363121033e-02
-1.974030435085296631e-01
-6.610705256462097168e-01
1.104517817497253418e+00
8.606550693511962891e-01
4.345330297946929932e-01
3.950843513011932373e-01
3.541077673435211182e-02
-1.235105991363525391e+00
-8.790095895528793335e-02
-1.624365568161010742e+00
-3.687992691993713379e-01
-9.348369240760803223e-01
3.504708707332611084e-01
-4.820081889629364014e-01
-8.622094392776489258e-01
-2.832928001880645752e-01
1.050709336996078491e-01
5.408224463462829590e-01
-3.944301605224609375e-01
-3.148982524871826172e-01
-8.469304442405700684e-01
8.382574319839477539e-01
-1.069098711013793945e+00
1.242236420512199402e-01
-2.534606754779815674e-01
1.838940978050231934e+00
8.975800871849060059e-01
-1.001002311706542969e+00
4.551188945770263672e-01
9.715965986251831055e-01
-3.801772892475128174e-01
4.369780123233795166e-01
1.755996346473693848e-01
-2.689721584320068359e-01
-1.829381436109542847e-01
-4.680978953838348389e-01
4.282845854759216309e-01
-1.300087094306945801e+00
-1.076059818267822266e+00
1.996338129043579102e+00
1.090805172920227051e+00
5.976062417030334473e-01
5.123174190521240234e-01
1.322926521301269531e+00
-3.930482566356658936e-01
-8.608872294425964355e-01
2.951302528381347656e+00
-5.004973337054252625e-02
-4.767987132072448730e-02
-4.983268082141876221e-01
-2.381497621536254883e-01
-5.413076877593994141e-01
3.477012217044830322e-01
-8.319359272718429565e-02
1.926517486572265625e-01
9.227020740509033203e-01
1.019519209861755371e+00
-2.689549624919891357e-01
-8.690884709358215332e-01
5.633662641048431396e-02
-8.243009448051452637e-02
-4.865343272686004639e-01
-5.192090943455696106e-02
8.521310687065124512e-01
-1.195544153451919556e-01
-9.339211583137512207e-01
9.455255866050720215e-01
3.178977370262145996e-01
4.235478043556213379e-01
-8.144604563713073730e-01
-6.805873662233352661e-02
-9.831601977348327637e-01
-9.736539721488952637e-01
1.545328348875045776e-01
-1.303627371788024902e+00
-3.662504553794860840e-01
5.443799495697021484e-01
2.382711470127105713e-01
-1.192998737096786499e-01
7.443044781684875488e-01
-1.325838804244995117e+00
9.931995719671249390e-02
1.335618734359741211e+00
4.002949297428131104e-01
7.624924778938293457e-01
-2.192885875701904297e-01
-7.865507006645202637e-01
-1.085451245307922363e+00
1.317503571510314941e+00
4.015234112739562988e-01
-2.272886782884597778e-01
4.325197041034698486e-01
-1.408116340637207031e+00
-6.449962854385375977e-01
2.400285005569458008e-01
5.773169454187154770e-03
4.497558176517486572e-01
2.476287260651588440e-02
7.648034095764160156e-01
-2.552252531051635742e+00
1.010311126708984375e+00
1.697260886430740356e-01
-6.496537923812866211e-01
7.501342296600341797e-01
8.367300778627395630e-02
-3.357275724411010742e-01
-2.644093036651611328e-01
-6.065393686294555664e-01
4.697194397449493408e-01
5.283341556787490845e-02
-8.313599973917007446e-02
1.074079275131225586e+00
6.863312125205993652e-01
2.624214589595794678e-01
-1.195076465606689453e+00
-9.489557743072509766e-01
1.630592644214630127e-01
-8.206251859664916992e-01
1.257403731346130371e+00
3.825811743736267090e-01
-2.734732031822204590e-01
-1.026200532913208008e+00
-3.490215837955474854e-01
1.446423888206481934e+00
5.635414123535156250e-01
1.529655218124389648e+00
6.224977374076843262e-01
-9.543412327766418457e-01
2.038671731948852539e+00
3.262295424938201904e-01
5.154640674591064453e-01
-4.704349339008331299e-01
-5.362979769706726074e-01
6.775375604629516602e-01
-1.863790601491928101e-01
4.295205771923065186e-01
-3.758206367492675781e-01
-1.531796574592590332e+00
-4.021765887737274170e-01
1.370133310556411743e-01
-8.031668663024902344e-01
-4.575401842594146729e-01
-6.684424877166748047e-01
7.057611644268035889e-02
-1.661125659942626953e+00
-5.062792301177978516e-01
3.560766577720642090e-01
1.357386261224746704e-01
5.000478625297546387e-01
-2.789886593818664551e-01
3.791577219963073730e-01
7.398355603218078613e-01
-4.494619667530059814e-01
3.907489478588104248e-01
1.324858218431472778e-01
-5.272687673568725586e-01
3.981627523899078369e-01
-1.000908374786376953e+00
1.354196548461914062e+00
4.724010229110717773e-01
-6.774562597274780273e-01
-7.370334267616271973e-01
-3.227192163467407227e-01
1.102448463439941406e+00
6.438411474227905273e-01
2.503933310508728027e-01
-1.172576308250427246e+00
-2.662412524223327637e-01
-3.253373801708221436e-01
-8.806501030921936035e-01
3.714265227317810059e-01
1.461134254932403564e-01
1.415744662284851074e+00
-7.281636238098144531e+00
-9.610099792480468750e-01
-5.817617177963256836e-01
-6.613135337829589844e-01
1.449685931205749512e+00
-1.082517504692077637e+00
-5.288298130035400391e-01
1.525793671607971191e+00
4.129243195056915283e-01
-1.310125350952148438e+00
-1.641829907894134521e-01
1.518550753593444824e+00
-1.645274460315704346e-02
-9.847823381423950195e-01
-1.676360487937927246e+00
1.374582290649414062e+00
1.239176511764526367e+00
4.905553162097930908e-01
3.041369438171386719e+00
-3.171291649341583252e-01
-3.188774347305297852e+00
1.518341898918151855e+00
-1.697715818881988525e-01
1.030595660209655762e+00
-3.132415115833282471e-01
2.351680248975753784e-01
7.746143341064453125e-01
3.775461018085479736e-01
9.181103110313415527e-01
-7.760554552078247070e-01
-1.102403998374938965e+00
-1.696472764015197754e+00
-1.988620519638061523e+00
1.039750456809997559e+00
-1.644042283296585083e-01
-3.281815350055694580e-01
1.007995486259460449e+00
7.525946944952011108e-02
1.658933013677597046e-01
-1.233518362045288086e+00
9.156789183616638184e-01
3.062989711761474609e-01
-7.791067957878112793e-01
-1.880201578140258789e+00
-3.686761856079101562e-01
3.936598300933837891e-01
6.122212409973144531e-01
1.181000396609306335e-01
-2.823932170867919922e-01
4.537113010883331299e-01
-1.406808048486709595e-01
1.238885045051574707e+00
-1.294117331504821777e+00
-4.685646891593933105e-01
3.806868791580200195e-01
2.345957994461059570e+00
-8.136450052261352539e-01
-1.856865048408508301e+00
-3.477853834629058838e-01
-4.712646454572677612e-02
5.163439512252807617e-01
-1.511339247226715088e-01
1.207315176725387573e-01
2.050625532865524292e-01
-1.668833047151565552e-01
-8.316854387521743774e-02
-1.162731289863586426e+00
-2.412968575954437256e-01
1.631513684988021851e-01
-1.460843533277511597e-01
-4.937823712825775146e-01
1.835298687219619751e-01
1.108474880456924438e-01
-5.246446728706359863e-01
6.917322874069213867e-01
1.168716907501220703e+00
-2.324252128601074219e-01
-6.316481828689575195e-01
-4.335765838623046875e-01
2.348573356866836548e-01
