4.371086955070495605e-01
1.718753457069396973e+00
1.130566954612731934e+00
-2.640967667102813721e-01
-1.380854725837707520e+00
-1.052563786506652832e+00
-1.251807808876037598e+00
1.603457480669021606e-01
-9.980510473251342773e-01
-7.397759705781936646e-02
3.802726864814758301e-01
-5.116682052612304688e-01
1.615807056427001953e+00
-6.731414198875427246e-01
8.917466551065444946e-02
-7.651177048683166504e-01
1.425924338400363922e-02
9.145960956811904907e-02
-1.067604869604110718e-01
6.603769659996032715e-01
8.388714790344238281e-01
5.041152238845825195e-01
-2.196824252605438232e-01
-1.278144836425781250e+00
-6.997553259134292603e-02
-1.147259116172790527e+00
7.721639871597290039e-01
-4.702401533722877502e-02
-1.950201988220214844e+00
-2.226521493867039680e-03
-8.969643712043762207e-01
1.092035889625549316e+00
-1.298535227775573730e+00
1.237411975860595703e+00
-7.185820341110229492e-01
1.053716301918029785e+00
-7.868126034736633301e-01
-3.254445791244506836e+00
-6.311229616403579712e-02
4.703618586063385010e-01
-1.392533183097839355e-01
-4.304311871528625488e-01
5.716931819915771484e-02
-6.471604108810424805e-01
7.271146774291992188e-02
4.097008146345615387e-03
1.148918271064758301e+00
-3.257773220539093018e-01
-1.153023600578308105e+00
5.043860077857971191e-01
-1.384144425392150879e-01
-6.013216376304626465e-01
1.427496433258056641e+00
5.600263178348541260e-02
4.903700947761535645e-01
2.444039583206176758e-01
-1.833515763282775879e-01
-6.751773357391357422e-01
-1.060518264770507812e+00
6.991731468588113785e-03
-2.062294006347656250e+00
-3.640055954456329346e-01
1.302326172590255737e-01
-7.924908995628356934e-01
1.034212470054626465e+00
-1.798549890518188477e+00
3.483580350875854492e-01
-2.481627762317657471e-01
9.089591354131698608e-02
1.401765942573547363e-01
3.945596218109130859e-01
3.601993620395660400e-01
-4.771470129489898682e-01
-1.644795656204223633e+00
1.088181138038635254e+00
-6.939094066619873047e-01
-9.738346934318542480e-01
-3.134919106960296631e-01
5.216346979141235352e-01
1.038628935813903809e+00
5.064103603363037109e-01
6.206656098365783691e-01
-1.912182211875915527e+00
-1.494756937026977539e-01
-1.260759949684143066e+00
8.156674504280090332e-01
-1.041736841201782227e+00
-4.932163357734680176e-01
1.178233250975608826e-01
-6.711707115173339844e-01
-7.481232285499572754e-01
-6.193879619240760803e-02
-5.251809358596801758e-01
9.192375540733337402e-01
3.709440231323242188e-01
7.385953068733215332e-01
-3.963520526885986328e-01
1.690684705972671509e-01
1.728656649589538574e+00
7.060254812240600586e-01
-2.002018451690673828e+00
-9.785894751548767090e-01
1.786145865917205811e-01
-8.847714662551879883e-01
-7.562304735183715820e-01
1.748425215482711792e-01
2.819418720901012421e-02
1.155369639396667480e+00
9.634342789649963379e-01
-7.521557211875915527e-01
7.408581376075744629e-01
4.213972985744476318e-01
-7.855747342109680176e-01
-6.994947791099548340e-01
1.036049246788024902e+00
-1.503269523382186890e-01
-3.740762174129486084e-01
3.859241008758544922e-01
-1.015247344970703125e+00
2.315606921911239624e-01
-6.149118542671203613e-01
2.183355242013931274e-01
-4.103027582168579102e-01
9.614951014518737793e-01
4.295184314250946045e-01
1.303174972534179688e+00
2.252472877502441406e+00
-7.065850496292114258e-02
-9.559690356254577637e-01
-6.320587396621704102e-01
1.400076746940612793e-01
-3.058303594589233398e-01
8.347592502832412720e-02
-2.525595575571060181e-02
-2.515441417694091797e+00
9.152063727378845215e-02
3.527223765850067139e-01
-1.184606671333312988e+00
-3.896110653877258301e-01
3.613150715827941895e-01
-1.243986725807189941e+00
1.032236099243164062e+00
1.335731387138366699e+00
7.092365622520446777e-01
-1.333420991897583008e+00
6.806963682174682617e-01
4.422711730003356934e-01
-5.913951992988586426e-01
7.430543899536132812e-01
4.522039890289306641e-01
-8.210718035697937012e-01
7.948219776153564453e-01
4.822902679443359375e-01
-1.449087500572204590e+00
1.299799919128417969e+00
-7.374083995819091797e-01
-1.332296371459960938e+00
-1.208769083023071289e-01
-3.438485860824584961e-01
4.383627176284790039e-01
5.952033400535583496e-01
-9.859831929206848145e-01
2.669953703880310059e-01
-5.369634032249450684e-01
1.079952239990234375e+00
-3.361777663230895996e-01
1.957130283117294312e-01
9.227033257484436035e-01
-8.692387938499450684e-01
1.688406802713871002e-02
-1.121002435684204102e+00
-1.777833461761474609e+00
-4.110870659351348877e-01
8.932963609695434570e-01
8.590365201234817505e-02
-2.824900746345520020e-01
4.193729162216186523e-01
1.791603416204452515e-01
-3.017848730087280273e-01
1.425163745880126953e+00
-7.134768962860107422e-01
-1.026242017745971680e+00
-9.505762159824371338e-02
-6.450638175010681152e-01
5.514505505561828613e-01
-2.805388569831848145e-01
-3.147599101066589355e-01
1.117552518844604492e-01
1.178321599960327148e+00
-7.857666909694671631e-02
-1.550999581813812256e-01
1.850524544715881348e-01
-1.174807846546173096e-01
1.478662341833114624e-01
-1.733583688735961914e+00
9.295953810214996338e-02
9.060295224189758301e-01
3.373893201351165771e-01
-1.277845263481140137e+00
-5.502580404281616211e-01
1.080957278609275818e-01
2.217689603567123413e-01
4.213280975818634033e-02
-1.097359418869018555e+00
9.829214215278625488e-01
-5.769722461700439453e-01
1.353151164948940277e-02
1.291360259056091309e-01
1.527359843254089355e+00
-1.420417547225952148e+00
-3.774582743644714355e-01
8.774937130510807037e-03
1.060898900032043457e+00
1.143111109733581543e+00
-1.512948274612426758e+00
1.558957934379577637e+00
-2.527422428131103516e+00
-6.392284631729125977e-01
-1.182641267776489258e+00
-1.301790714263916016e+00
-1.198144480586051941e-01
-4.767548441886901855e-01
-2.921705543994903564e-01
-6.215936541557312012e-01
-3.277817070484161377e-01
-2.349747866392135620e-01
3.957696259021759033e-01
-1.013572573661804199e+00
-5.712948441505432129e-01
-1.985146284103393555e+00
4.189911484718322754e-01
1.387906372547149658e-01
-7.556524872779846191e-01
7.213670015335083008e-01
5.962960124015808105e-01
9.381127953529357910e-01
1.115877866744995117e+00
8.565969467163085938e-01
-1.359634041786193848e+00
-5.647781863808631897e-02
9.468996524810791016e-01
-5.901663899421691895e-01
1.235689595341682434e-01
6.384230852127075195e-01
-7.346680164337158203e-01
-1.117735147476196289e+00
-4.921473562717437744e-01
5.284255743026733398e-01
8.502472043037414551e-01
9.903005957603454590e-01
-2.299043983221054077e-01
-1.060734391212463379e+00
-4.931672215461730957e-01
3.257414996623992920e-01
-5.555025339126586914e-01
-3.593464791774749756e-01
9.639844298362731934e-01
-3.357647359371185303e-02
6.353663206100463867e-01
-2.128953635692596436e-01
-4.532384574413299561e-01
8.895102739334106445e-01
-4.807444512844085693e-01
-1.271069645881652832e+00
-5.287112593650817871e-01
1.206843137741088867e+00
1.092640280723571777e+00
-8.495762348175048828e-01
1.918645620346069336e+00
5.661923289299011230e-01
1.533260703086853027e+00
4.924621284008026123e-01
-4.678656458854675293e-01
4.232593625783920288e-02
-6.876655220985412598e-01
-6.611475348472595215e-01
1.288104414939880371e+00
-2.677905261516571045e-01
3.171977996826171875e-01
6.909198313951492310e-02
5.965546369552612305e-01
-2.608463764190673828e-01
1.500585794448852539e+00
8.990350365638732910e-01
1.000541925430297852e+00
6.593356728553771973e-01
-2.760973572731018066e-01
3.174822926521301270e-01
-7.339004278182983398e-01
-1.718099564313888550e-01
-6.971468329429626465e-01
-1.497520506381988525e-01
1.181337952613830566e+00
1.613933682441711426e+00
-5.246942043304443359e-01
7.894878089427947998e-02
-1.384412646293640137e-01
-1.455385535955429077e-01
-2.190643399953842163e-01
1.973513513803482056e-01
-8.977543711662292480e-01
-5.919811725616455078e-01
5.436049103736877441e-01
1.099881082773208618e-01
7.624880075454711914e-01
-3.002966642379760742e-01
-9.267443418502807617e-01
-1.692694664001464844e+00
1.986128687858581543e+00
2.669729590415954590e-01
-1.759061813354492188e+00
1.716438382863998413e-01
-8.919979929924011230e-01
9.601441025733947754e-01
1.220333799719810486e-01
9.112731218338012695e-01
7.812702059745788574e-01
-2.824423834681510925e-02
1.101268768310546875e+00
-1.897835433483123779e-01
-7.723317295312881470e-02
-4.918596744537353516e-01
1.742003679275512695e+00
-1.569836586713790894e-01
-7.564357519149780273e-01
1.001978993415832520e+00
-1.913269907236099243e-01
-6.274762749671936035e-01
-2.268012523651123047e+00
-5.992261767387390137e-01
-2.248189926147460938e+00
-9.113321304321289062e-01
-8.099192976951599121e-01
-4.493261501193046570e-02
3.025878369808197021e-01
1.637073010206222534e-01
-2.468513995409011841e-01
1.482352763414382935e-01
1.146965026855468750e+00
-8.577981591224670410e-01
-1.260404139757156372e-01
-8.421882390975952148e-01
1.403386831283569336e+00
-5.705457925796508789e-01
-2.497736066579818726e-01
-5.436828136444091797e-01
-1.066002607345581055e+00
9.906147718429565430e-01
-7.046670913696289062e-01
3.570899963378906250e-01
-1.210497543215751648e-01
-9.673926830291748047e-01
-9.493418037891387939e-02
-1.948817849159240723e+00
-3.232508301734924316e-01
-5.204615592956542969e-01
-8.336086869239807129e-01
-9.383341670036315918e-01
5.474225282669067383e-01
9.400963187217712402e-01
5.844739675521850586e-01
-1.092724353075027466e-01
-7.820066213607788086e-01
1.101500317454338074e-01
-1.924648761749267578e+00
3.484925031661987305e-01
2.095489501953125000e+00
7.192389667034149170e-02
-1.009007766842842102e-01
-1.793275624513626099e-01
1.617258787155151367e+00
6.678467988967895508e-01
-1.425811886787414551e+00
7.201486080884933472e-02
-1.418536424636840820e+00
1.086044669151306152e+00
1.447350680828094482e-01
7.864146232604980469e-01
-1.316562443971633911e-01
-2.802684009075164795e-01
1.652972459793090820e+00
6.989332437515258789e-01
-1.330784320831298828e+00
-1.545026898384094238e+00
-1.022129178047180176e+00
-2.481146156787872314e-01
-1.192880988121032715e+00
-3.164058625698089600e-01
2.059600502252578735e-01
5.072784051299095154e-02
2.504601001739501953e+00
1.241084218025207520e+00
1.662988662719726562e+00
-6.422885060310363770e-01
1.021042227745056152e+00
-3.159504234790802002e-01
-1.114063262939453125e+00
-1.231800675392150879e+00
1.581099182367324829e-01
6.262333989143371582e-01
4.029056057333946228e-03
-7.782218456268310547e-01
6.174128651618957520e-01
-6.292454004287719727e-01
8.267252445220947266e-01
2.547473907470703125e-01
2.330010235309600830e-01
4.724900722503662109e-01
6.090325713157653809e-01
-1.293577551841735840e+00
-1.136994004249572754e+00
-1.017150044441223145e+00
-1.457861214876174927e-01
1.064535751938819885e-01
-6.240173578262329102e-01
1.524276137351989746e+00
-9.118626713752746582e-01
5.513200759887695312e-01
-6.473945379257202148e-01
9.860756993293762207e-01
-4.841904342174530029e-01
-4.494416713714599609e-01
3.565747737884521484e-01
6.332749128341674805e-01
-5.000012516975402832e-01
8.992466330528259277e-02
5.058466196060180664e-01
-5.245167613029479980e-01
-1.578533530235290527e+00
-9.687010049819946289e-01
-5.645871162414550781e-01
-3.957590758800506592e-01
6.312593817710876465e-01
-1.103580117225646973e+00
-7.675235867500305176e-01
1.752529889345169067e-01
1.540397107601165771e-01
1.629959940910339355e-01
1.942737251520156860e-01
9.462310075759887695e-01
8.017290383577346802e-02
1.297778129577636719e+00
-1.634920477867126465e+00
1.289844512939453125e-01
7.863867878913879395e-01
3.482532799243927002e-01
-1.275334209203720093e-01
4.814532697200775146e-01
1.216127395629882812e+00
1.206500455737113953e-01
-6.554961204528808594e-01
3.868070542812347412e-01
2.266982555389404297e+00
-1.270604878664016724e-01
5.036110058426856995e-02
-2.496080845594406128e-02
1.216268777847290039e+00
-2.260784059762954712e-01
-4.904772043228149414e-01
-5.226547718048095703e-01
8.920235633850097656e-01
4.889205992221832275e-01
-2.260509580373764038e-01
-1.139384973794221878e-02
-4.449124038219451904e-01
-8.398781418800354004e-01
7.588946819305419922e-01
8.922007083892822266e-01
5.988425612449645996e-01
8.146400451660156250e-01
1.055884838104248047e+00
1.681028366088867188e+00
1.353768110275268555e-01
-1.823327243328094482e-01
-2.096231132745742798e-01
-3.986629843711853027e-01
1.346025943756103516e+00
-3.828892111778259277e-01
-4.251824021339416504e-01
1.316076278686523438e+00
5.786317586898803711e-01
1.344899058341979980e+00
-1.770300567150115967e-01
-9.420592337846755981e-02
-1.421497166156768799e-01
-2.970522940158843994e-01
8.441707491874694824e-01
-9.442704170942306519e-02
-3.260742407292127609e-03
3.489680588245391846e-01
8.335571885108947754e-01
5.731209516525268555e-01
7.590975761413574219e-01
8.919230103492736816e-02
-2.371717453002929688e+00
-6.650221347808837891e-02
-5.440313816070556641e-01
-3.564306974411010742e+00
7.847729921340942383e-01
-8.638737797737121582e-01
-1.044763207435607910e+00
1.404224395751953125e+00
-1.208129078149795532e-01
1.159728646278381348e+00
-9.856768846511840820e-01
4.170964360237121582e-01
3.640519082546234131e-01
-8.738207817077636719e-01
-6.820802092552185059e-01
4.478595256805419922e-01
1.490358561277389526e-01
-7.387256622314453125e-01
1.873344033956527710e-01
5.347813367843627930e-01
1.467184424400329590e+00
5.873327255249023438e-01
-1.004770398139953613e+00
2.598312199115753174e-01
7.032607793807983398e-01
-1.503320932388305664e-01
-7.945112586021423340e-01
1.816742420196533203e-01
-6.812440752983093262e-01
1.179693415760993958e-01
7.980285286903381348e-01
7.579873204231262207e-01
-9.223180413246154785e-01
7.619784474372863770e-01
9.131364822387695312e-01
-1.302272439002990723e+00
-1.606064796447753906e+00
7.250767350196838379e-01
1.577597856521606445e+00
-3.871529698371887207e-01
3.254739642143249512e-01
-7.899399995803833008e-01
-2.866401076316833496e-01
5.261605381965637207e-01
8.955647945404052734e-01
5.144764184951782227e-01
-4.422253370285034180e-01
-7.301735877990722656e-02
-1.930182099342346191e+00
-1.804460436105728149e-01
3.338430449366569519e-02
-5.083467960357666016e-01
1.327152967453002930e+00
1.304643601179122925e-02
-2.690978050231933594e-01
1.264982223510742188e+00
-6.598424911499023438e-01
-1.318669557571411133e+00
-6.073824167251586914e-01
-4.018189907073974609e-01
7.183800935745239258e-01
-8.065761625766754150e-02
-5.638970136642456055e-01
6.389092803001403809e-01
-7.583538889884948730e-01
3.258312344551086426e-01
1.299349904060363770e+00
1.505957603454589844e+00
-4.136863946914672852e-01
2.593719661235809326e-01
-5.017923116683959961e-01
-3.495593070983886719e-01
1.527394205331802368e-01
6.098559498786926270e-01
1.792179346084594727e+00
-5.990908145904541016e-01
6.577800512313842773e-01
5.200864076614379883e-01
-1.480062752962112427e-01
-7.715406417846679688e-01
-8.784221410751342773e-01
-1.626196503639221191e+00
7.274345159530639648e-01
1.016675472259521484e+00
1.009961843490600586e+00
9.641397744417190552e-02
-7.518846392631530762e-01
3.290894329547882080e-01
2.070927768945693970e-01
-9.023175239562988281e-01
-2.873417139053344727e-01
-5.109872221946716309e-01
-7.059492468833923340e-01
-5.658728480339050293e-01
4.065640270709991455e-02
1.112529397010803223e+00
5.777680873870849609e-01
-1.997776031494140625e-01
-1.904975295066833496e+00
1.047690272331237793e+00
-2.374847084283828735e-01
8.422388434410095215e-01
7.568434476852416992e-01
4.591927528381347656e-01
-9.691399335861206055e-01
3.418848812580108643e-01
-1.704917997121810913e-01
-8.552539348602294922e-01
-7.065076380968093872e-02
3.484666943550109863e-01
3.197780847549438477e-01
5.419230461120605469e-01
-2.198129594326019287e-01
-1.061970353126525879e+00
-1.059644818305969238e+00
9.196385741233825684e-01
-2.494407743215560913e-01
-5.640072226524353027e-01
4.874770939350128174e-01
4.512130916118621826e-01
-4.724120795726776123e-01
-3.823060989379882812e-01
-2.758786082267761230e-02
1.447105705738067627e-01
-6.118742823600769043e-01
-1.427989006042480469e-01
-9.010553956031799316e-01
-1.140072226524353027e+00
-1.311569213867187500e+00
-2.632997930049896240e-01
-9.731895327568054199e-01
1.003345131874084473e+00
3.617655634880065918e-01
7.038046121597290039e-01
1.876946985721588135e-01
-2.085886001586914062e+00
1.783590316772460938e+00
1.101299285888671875e+00
7.598387598991394043e-01
-6.835193186998367310e-02
-3.439065814018249512e-01
6.904373168945312500e-01
6.559169888496398926e-01
1.163312569260597229e-01
1.653470247983932495e-01
2.537246942520141602e-01
-9.165519475936889648e-02
-3.803733587265014648e-01
-1.132151842117309570e+00
1.324615597724914551e+00
9.017251133918762207e-01
5.402046203613281250e+00
-1.914947271347045898e+00
1.363572776317596436e-01
6.927321553230285645e-01
-9.079554080963134766e-01
-5.151714682579040527e-01
5.139208398759365082e-03
-1.330792546272277832e+00
-3.338747024536132812e-01
5.361582636833190918e-01
-9.623306393623352051e-01
1.037702802568674088e-02
-2.467116713523864746e-01
7.192409634590148926e-01
-5.009585618972778320e-02
-1.588692218065261841e-01
7.509002685546875000e-01
1.566906094551086426e+00
6.073373556137084961e-01
-2.274934202432632446e-01
1.083917021751403809e+00
-1.382597804069519043e+00
9.449746608734130859e-01
1.179395150393247604e-02
-1.756278991699218750e+00
-1.173035144805908203e+00
6.864640116691589355e-01
1.101670622825622559e+00
1.831546545028686523e+00
1.234591841697692871e+00
-1.191492199897766113e+00
-4.410605430603027344e-01
-6.551564931869506836e-01
1.827497482299804688e+00
-7.062806487083435059e-01
2.969627380371093750e-01
-3.475357890129089355e-01
-5.469298362731933594e-01
3.092138767242431641e-01
-4.834905564785003662e-01
-1.524680018424987793e+00
-2.488393634557723999e-01
-1.746740341186523438e+00
-3.228615045547485352e+00
-2.173571884632110596e-01
-9.192131161689758301e-01
1.317754864692687988e+00
4.731633663177490234e-01
3.104665875434875488e-01
1.037137135863304138e-01
-1.362425982952117920e-01
3.379780948162078857e-01
-2.442875355482101440e-01
-1.065349459648132324e+00
-5.025739073753356934e-01
-1.542337775230407715e+00
-1.094864130020141602e+00
-1.465833902359008789e+00
-1.176411733031272888e-01
-4.090178012847900391e-01
-6.978525966405868530e-02
1.313688278198242188e+00
-5.857668071985244751e-02
-2.600710153579711914e+00
3.563655614852905273e-01
-9.463486671447753906e-01
-6.621785759925842285e-01
-2.967864274978637695e-01
-1.232319250702857971e-01
-3.975606858730316162e-01
4.393504559993743896e-02
8.399718999862670898e-01
-9.852423071861267090e-01
5.031402111053466797e-01
2.709949016571044922e+00
-8.207792788743972778e-02
-1.065999984741210938e+00
-5.976978540420532227e-01
2.674697935581207275e-01
7.145138978958129883e-01
-4.016425311565399170e-01
-1.287263274192810059e+00
9.397671222686767578e-01
-2.524881064891815186e-01
-6.536319851875305176e-01
4.785553514957427979e-01
-8.687351942062377930e-01
-1.941362857818603516e+00
4.926027357578277588e-01
8.952556848526000977e-01
4.587848186492919922e-01
-9.108808040618896484e-01
2.919923365116119385e-01
7.385491728782653809e-01
-4.617263674736022949e-01
-5.687873363494873047e-01
-9.262995123863220215e-01
9.521646499633789062e-01
1.461211442947387695e+00
1.075279235839843750e+00
-1.553808808326721191e+00
-1.305347830057144165e-01
-8.724833726882934570e-01
9.176465272903442383e-01
-8.674525022506713867e-01
3.134421706199645996e-01
-1.538126468658447266e-01
4.969661533832550049e-01
1.634682416915893555e-01
9.078945964574813843e-02
-4.902362227439880371e-01
1.873018741607666016e+00
-2.956593632698059082e-01
-5.082185268402099609e-01
1.216167807579040527e-01
7.642410695552825928e-02
4.631842076778411865e-01
8.093790411949157715e-01
-4.694081544876098633e-01
-3.295290470123291016e-01
1.374182254076004028e-01
-2.341724559664726257e-02
8.049913048744201660e-01
