1.542962908744812012e+00
-2.259378135204315186e-01
4.276709258556365967e-01
-1.702996850013732910e+00
-4.620402306318283081e-02
-4.887459874153137207e-01
-3.232633173465728760e-01
-1.042375445365905762e+00
-3.925465345382690430e-01
-8.895610570907592773e-01
-2.334904670715332031e-01
-1.107660531997680664e+00
-2.663915157318115234e-01
-7.702343463897705078e-01
-5.127094984054565430e-01
-1.466895818710327148e+00
-7.355403900146484375e-02
4.205839037895202637e-01
-1.222524881362915039e+00
-5.713918209075927734e-01
1.417006134986877441e+00
-1.374299675226211548e-01
7.116727232933044434e-01
-4.249374866485595703e-01
-9.106959402561187744e-02
-1.313801169395446777e+00
6.602091193199157715e-01
-1.985430568456649780e-01
-1.209314703941345215e+00
5.763179063796997070e-01
-2.757716178894042969e+00
-9.681323170661926270e-02
2.455951571464538574e-01
-2.349718511104583740e-01
-1.057212710380554199e+00
3.375807106494903564e-01
1.660650670528411865e-01
-1.739473104476928711e+00
-4.349920153617858887e-02
7.391887158155441284e-02
-5.783250927925109863e-01
-1.107083916664123535e+00
-1.022763997316360474e-01
6.533213257789611816e-01
1.871270388364791870e-01
7.242341637611389160e-01
2.826645672321319580e-01
-4.397953152656555176e-01
-4.605656862258911133e-02
5.710875988006591797e-01
-3.482274115085601807e-01
-7.468505501747131348e-01
-7.208050489425659180e-01
-8.393326401710510254e-02
2.746314406394958496e-01
-7.882390618324279785e-01
-2.558417320251464844e-01
4.081647396087646484e-01
1.386038661003112793e-01
-6.112461686134338379e-01
8.916359543800354004e-01
-9.349629282951354980e-02
-1.164047956466674805e+00
-3.340559005737304688e-01
-4.835544824600219727e-01
-1.429653644561767578e+00
-2.146397233009338379e-01
7.148889899253845215e-01
2.701871395111083984e-01
5.673577189445495605e-01
5.534231066703796387e-01
7.493814080953598022e-02
-2.787343263626098633e-01
-1.179491996765136719e+00
1.361473798751831055e+00
1.310261368751525879e+00
-2.306276261806488037e-01
4.063444137573242188e-01
3.964677155017852783e-01
3.386489152908325195e-01
2.461104989051818848e-01
3.659846186637878418e-01
-1.485211730003356934e+00
-4.123533368110656738e-01
7.113552838563919067e-02
2.515234649181365967e-01
-6.580190062522888184e-01
-1.665953099727630615e-01
-4.222447872161865234e-01
5.650877952575683594e-01
5.186642408370971680e-01
-1.359002351760864258e+00
-1.650585770606994629e+00
9.256990551948547363e-01
-3.256651163101196289e-01
4.556924998760223389e-01
-1.471306085586547852e-01
7.236063480377197266e-01
7.648837566375732422e-01
7.171921730041503906e-01
-8.197169899940490723e-01
-9.309442639350891113e-01
3.198756277561187744e-01
-1.339328885078430176e+00
-1.283911108970642090e+00
-8.853878974914550781e-01
-1.002865791320800781e+00
9.994083046913146973e-01
4.970160722732543945e-01
-1.217610955238342285e+00
3.676338493824005127e-01
-8.866879343986511230e-01
-2.063240259885787964e-01
-5.037266612052917480e-01
3.026083707809448242e-01
-8.109872937202453613e-01
-8.773965835571289062e-01
-1.889680027961730957e+00
-1.276384890079498291e-01
9.529904127120971680e-01
-1.413083523511886597e-01
7.631901502609252930e-01
-1.852767944335937500e+00
2.742735445499420166e-01
-1.395765841007232666e-01
-5.590258911252021790e-02
1.403399467468261719e+00
5.504952669143676758e-01
-5.279016494750976562e-01
-1.053909540176391602e+00
-2.777849733829498291e-01
-8.769990801811218262e-01
-5.711278319358825684e-02
-1.198041215538978577e-01
-3.217824697494506836e-01
3.005411103367805481e-02
1.168312788009643555e+00
4.885910078883171082e-03
-3.223161995410919189e-01
3.820993304252624512e-01
6.243911385536193848e-01
-1.135177612304687500e+00
-8.155584335327148438e-02
8.817542791366577148e-01
-4.560647904872894287e-01
7.402183413505554199e-01
-3.129872083663940430e-01
-1.448886513710021973e+00
4.455063641071319580e-01
-1.033833622932434082e+00
6.351740956306457520e-01
2.767660655081272125e-02
1.587874814867973328e-02
-5.495461821556091309e-01
8.311086893081665039e-01
-7.328138947486877441e-01
-1.018681526184082031e+00
-1.476457715034484863e-01
6.549385935068130493e-02
5.353900194168090820e-01
1.208953499794006348e+00
-4.028646349906921387e-01
-1.983965933322906494e-01
-6.736795306205749512e-01
-7.032676935195922852e-01
-5.523162484169006348e-01
-5.485736131668090820e-01
-3.567966222763061523e-01
5.223349928855895996e-01
8.006368875503540039e-01
1.403268575668334961e-01
-9.686377048492431641e-01
-1.515538454055786133e+00
-7.622707635164260864e-02
-1.171432018280029297e+00
4.002333879470825195e-01
2.426547557115554810e-01
4.846458435058593750e-01
-6.633881926536560059e-01
8.886856436729431152e-01
-7.479142546653747559e-01
-9.529391527175903320e-01
-1.466114401817321777e+00
-8.109737932682037354e-02
3.634034395217895508e-01
4.300697445869445801e-01
9.327971935272216797e-02
9.175708889961242676e-01
6.877429485321044922e-01
-1.420477181673049927e-01
7.952098846435546875e-01
2.163218893110752106e-02
1.908511519432067871e-01
4.358307272195816040e-02
-5.151352882385253906e-01
-1.177592754364013672e+00
2.494380623102188110e-01
1.275802373886108398e+00
-5.877029895782470703e-01
-1.573236137628555298e-01
1.344527304172515869e-01
7.423421740531921387e-01
-2.556533217430114746e-01
-9.552454948425292969e-01
3.637277185916900635e-01
2.192229479551315308e-01
9.413766860961914062e-01
-1.340679526329040527e+00
1.555687665939331055e+00
-7.657068371772766113e-01
7.527216076850891113e-01
-4.195153247565031052e-03
1.044745445251464844e+00
-2.097413390874862671e-01
2.710793912410736084e-01
2.212981283664703369e-01
-2.365413188934326172e+00
7.087705135345458984e-01
-2.152653634548187256e-01
4.238276481628417969e-01
-3.175699114799499512e-01
3.658247888088226318e-01
3.579663932323455811e-01
8.255174160003662109e-01
5.549955368041992188e-01
1.613761931657791138e-01
1.040125370025634766e+00
3.135891854763031006e-01
2.111568450927734375e-01
-6.469256877899169922e-01
-2.510482370853424072e-01
6.773260235786437988e-02
-7.984024286270141602e-01
3.680483400821685791e-01
2.974357604980468750e-01
8.896710276603698730e-01
5.761175751686096191e-01
2.160420864820480347e-01
-9.471362233161926270e-01
-2.187548726797103882e-01
-2.103633284568786621e-01
2.450109124183654785e-01
9.268362522125244141e-01
-3.782396018505096436e-01
-7.198572158813476562e-01
5.317785143852233887e-01
5.175759792327880859e-01
4.197968542575836182e-01
1.460243105888366699e+00
3.997295498847961426e-01
1.052377104759216309e+00
-1.267547369003295898e+00
-2.021558761596679688e+00
-9.028489589691162109e-01
5.928326249122619629e-01
-7.763213664293289185e-02
3.807270824909210205e-01
-1.148964762687683105e+00
2.657188475131988525e-01
-8.349056541919708252e-02
2.713984064757823944e-02
4.261979367583990097e-03
1.368952989578247070e+00
6.022489443421363831e-02
-1.508715152740478516e-01
1.120057702064514160e+00
5.403705835342407227e-01
4.864808022975921631e-01
1.057093143463134766e+00
4.631776809692382812e-01
4.807244837284088135e-01
2.508196234703063965e-01
-8.895401358604431152e-01
-7.264656573534011841e-02
-4.747391343116760254e-01
-1.655095964670181274e-01
5.942645072937011719e-01
1.222831457853317261e-01
2.844729274511337280e-02
-3.424575552344322205e-02
2.441734373569488525e-01
-1.334912180900573730e+00
-8.471841365098953247e-02
8.626661300659179688e-01
6.029452681541442871e-01
6.201105564832687378e-02
2.508663237094879150e-01
-3.423935472965240479e-01
5.713853240013122559e-01
-8.978625535964965820e-01
-1.014204025268554688e+00
5.831285715103149414e-01
-3.938819169998168945e-01
1.944479703903198242e+00
1.181294083595275879e+00
-5.884009003639221191e-01
-1.578213214874267578e+00
-5.628826022148132324e-01
6.667936593294143677e-02
-6.635765433311462402e-01
8.034455180168151855e-01
-3.689519464969635010e-01
7.649843115359544754e-03
4.994984269142150879e-01
-1.576310098171234131e-01
6.222192570567131042e-02
-3.845706582069396973e-01
-5.272583961486816406e-01
1.554664224386215210e-02
6.185815334320068359e-01
-1.419446229934692383e+00
-3.793940842151641846e-01
-7.271061837673187256e-02
-2.335302531719207764e-01
-1.204634428024291992e+00
3.839825987815856934e-01
2.652289811521768570e-03
9.642530679702758789e-01
-6.228998899459838867e-01
-1.094821095466613770e+00
3.748991191387176514e-01
-1.076542258262634277e+00
9.223165512084960938e-01
-5.825744867324829102e-01
-2.040980756282806396e-02
2.830788791179656982e-01
3.543524444103240967e-01
-8.641955256462097168e-01
5.137168169021606445e-01
1.284715652465820312e+00
-1.114564776420593262e+00
-1.217456310987472534e-01
1.410214543342590332e+00
-2.370042502880096436e-01
1.240263223648071289e+00
-7.198677659034729004e-01
-6.284679174423217773e-01
1.122625917196273804e-01
3.837668299674987793e-01
-1.248602867126464844e+00
9.657149314880371094e-01
1.834504753351211548e-01
1.032208055257797241e-01
-4.827149510383605957e-01
-4.318552911281585693e-01
1.832620948553085327e-01
-1.159767627716064453e+00
3.654983341693878174e-01
-1.223417446017265320e-01
-5.937174558639526367e-01
-4.904645681381225586e-01
-1.648883074522018433e-01
5.309901013970375061e-02
-3.798552751541137695e-01
-5.288126468658447266e-01
-7.172429561614990234e-01
1.081561297178268433e-01
-8.372492194175720215e-01
-5.041556954383850098e-01
4.972386360168457031e-01
-3.866453766822814941e-01
1.347968429327011108e-01
9.180241823196411133e-01
-8.820110559463500977e-01
-1.287615299224853516e+00
5.589826107025146484e-01
1.516838431358337402e+00
1.590624928474426270e+00
-4.626579284667968750e-01
7.780968546867370605e-01
9.198966622352600098e-01
9.867241978645324707e-01
-9.320968985557556152e-01
8.124054670333862305e-01
-9.009972214698791504e-01
-4.323719143867492676e-01
1.653566002845764160e+00
-1.141093000769615173e-01
-1.108182311058044434e+00
8.008713126182556152e-01
8.788684606552124023e-01
4.910978078842163086e-01
-1.244441628456115723e+00
1.053722128272056580e-01
-9.919760823249816895e-01
8.244122266769409180e-01
1.184367239475250244e-01
-2.510100044310092926e-02
3.442219495773315430e-01
1.350975990295410156e+00
2.635414898395538330e-01
5.322837233543395996e-01
1.666615962982177734e+00
-1.296003222465515137e+00
-1.947607100009918213e-01
9.022226929664611816e-01
-8.990303277969360352e-01
-1.164494633674621582e+00
1.966141581535339355e+00
4.244490861892700195e-01
5.846125483512878418e-01
-7.959955334663391113e-01
-5.691295862197875977e-01
-3.671965003013610840e-01
1.063001006841659546e-01
-2.894033491611480713e-01
-1.681179255247116089e-01
-4.986427426338195801e-01
-4.529837965965270996e-01
-5.998300015926361084e-02
2.005431652069091797e-01
-9.077645540237426758e-01
9.411824941635131836e-01
-5.430863499641418457e-01
1.818587034940719604e-01
1.674489617347717285e+00
-1.003651991486549377e-01
5.935953259468078613e-01
-4.160694777965545654e-01
7.019694447517395020e-01
-9.251357913017272949e-01
-6.008627414703369141e-01
1.188949227333068848e+00
7.660481929779052734e-01
-5.227108597755432129e-01
5.544256567955017090e-01
2.035168170928955078e+00
7.095679044723510742e-01
-8.792620301246643066e-01
-1.790085285902023315e-01
-6.033773422241210938e-01
7.493609786033630371e-01
1.098109364509582520e+00
-5.322509407997131348e-01
-7.788558006286621094e-01
5.412355065345764160e-01
2.061101347208023071e-01
9.446573257446289062e-01
1.131376102566719055e-01
6.501325964927673340e-01
6.794391274452209473e-01
1.756912097334861755e-02
6.185905076563358307e-03
1.496433913707733154e-01
-2.267860025167465210e-01
-1.110206723213195801e+00
1.063907504081726074e+00
-2.937290966510772705e-01
-4.134670197963714600e-01
-8.720997571945190430e-01
1.029391661286354065e-01
1.746576130390167236e-01
1.215251069515943527e-02
-8.139905333518981934e-01
-3.889454305171966553e-01
1.360699236392974854e-01
-1.628236770629882812e-01
-3.370112776756286621e-01
-2.077801227569580078e-01
-3.911916911602020264e-01
4.264116287231445312e-01
5.553942918777465820e-01
-3.040743172168731689e-01
4.356200993061065674e-01
6.830040216445922852e-01
-1.082221508026123047e+00
5.893298387527465820e-01
1.333487391471862793e+00
2.756852507591247559e-01
-1.461074352264404297e+00
-1.056093096733093262e+00
-2.326660454273223877e-01
-2.894412577152252197e-01
-5.186945796012878418e-01
4.540216028690338135e-01
7.442780137062072754e-01
1.263393044471740723e+00
1.667127758264541626e-01
-8.614852428436279297e-01
-7.001220434904098511e-02
1.186803817749023438e+00
9.082037955522537231e-03
5.130025744438171387e-01
-1.213271021842956543e-01
8.098104000091552734e-01
7.346047163009643555e-01
-6.272219121456146240e-02
-8.266178369522094727e-01
1.635849848389625549e-02
2.917550802230834961e-01
-1.398859266191720963e-02
7.428987026214599609e-01
1.860431730747222900e-01
1.063666701316833496e+00
-5.541632175445556641e-01
5.301795601844787598e-01
-7.311077117919921875e-01
-1.896870493888854980e+00
-3.822821974754333496e-01
2.857310771942138672e-01
-8.904969692230224609e-01
9.389459341764450073e-02
-1.103136539459228516e+00
1.079855203628540039e+00
-8.681759834289550781e-01
1.976955309510231018e-02
-1.001467257738113403e-01
-4.296687543392181396e-01
6.217213347554206848e-02
9.140582680702209473e-01
1.018996834754943848e+00
5.116320252418518066e-01
1.257955551147460938e+00
1.580846428871154785e+00
1.199049353599548340e+00
4.986754655838012695e-01
-1.063489198684692383e+00
-2.594902217388153076e-01
1.113297104835510254e+00
-4.014299511909484863e-01
-3.924024999141693115e-01
-6.168844103813171387e-01
-2.015576362609863281e-01
-8.971272706985473633e-01
1.779481172561645508e-01
9.727044105529785156e-01
-1.517284512519836426e+00
1.909585110843181610e-02
-7.849469780921936035e-03
-5.354293584823608398e-01
-4.490816891193389893e-01
8.716971874237060547e-01
5.120306015014648438e-01
-5.367322564125061035e-01
8.964461088180541992e-01
-8.651245236396789551e-01
-7.165839076042175293e-01
-4.856576621532440186e-01
-1.247090935707092285e+00
-1.748659275472164154e-02
6.117524504661560059e-01
4.153983592987060547e-01
-6.499037146568298340e-01
7.057162523269653320e-01
1.832091808319091797e-01
-1.439812541007995605e+00
7.769746184349060059e-01
9.255883097648620605e-01
-8.866877555847167969e-01
5.611168742179870605e-01
-6.631050705909729004e-01
4.090258851647377014e-02
8.093268871307373047e-01
-8.544103503227233887e-01
2.191411972045898438e+00
2.302619628608226776e-02
8.226764798164367676e-01
-6.417471766471862793e-01
-7.278792858123779297e-01
-9.859957545995712280e-02
2.955618798732757568e-01
1.470782011747360229e-01
6.410461068153381348e-01
-1.056385159492492676e+00
-3.441222012042999268e-01
3.474931120872497559e-01
1.021877676248550415e-01
1.674689412117004395e+00
1.083462357521057129e+00
-2.719974219799041748e-01
2.171125859022140503e-01
7.918938994407653809e-01
5.421235784888267517e-02
-2.069949358701705933e-01
-5.473312735557556152e-01
-1.120144248008728027e+00
-8.900164961814880371e-01
7.383589148521423340e-01
3.976759500801563263e-03
-5.867731571197509766e-01
5.703476816415786743e-02
8.573108911514282227e-01
-6.518872380256652832e-01
7.982806563377380371e-01
-1.886163949966430664e-01
-3.507756590843200684e-01
-3.416136801242828369e-01
-1.830366015434265137e+00
-9.001207947731018066e-01
-4.607994556427001953e-01
-8.024270534515380859e-01
1.264697194099426270e+00
5.235362052917480469e-01
2.150497585535049438e-01
-7.794388532638549805e-01
-1.901344209909439087e-02
-1.737644970417022705e-01
1.018723130226135254e+00
-2.643366158008575439e-01
7.318939566612243652e-01
1.532065421342849731e-01
-1.084759473800659180e+00
-6.226158142089843750e-01
3.007361888885498047e-01
3.694051504135131836e-01
-9.265474677085876465e-01
-9.156932830810546875e-01
-1.475799679756164551e+00
-7.412028908729553223e-01
9.497182369232177734e-01
2.175288200378417969e-01
-4.656585156917572021e-01
-9.715702533721923828e-01
4.675399661064147949e-01
-1.062091067433357239e-01
-4.186590015888214111e-01
-3.512801229953765869e-01
-3.228600323200225830e-01
9.203154444694519043e-01
9.411501139402389526e-02
-7.042846083641052246e-01
2.701597213745117188e-01
-5.793538689613342285e-01
-5.750814080238342285e-01
8.219534754753112793e-01
3.647966086864471436e-01
-5.708820652216672897e-03
-3.089212775230407715e-01
6.528837680816650391e-01
-5.322543978691101074e-01
3.031225204467773438e-01
5.934709310531616211e-01
2.031395882368087769e-01
4.212691187858581543e-01
1.196250244975090027e-01
-9.900091886520385742e-01
-6.462197303771972656e-01
-1.326472312211990356e-01
9.024258702993392944e-02
-6.934130787849426270e-01
5.054769515991210938e-01
-4.571694433689117432e-01
-1.010250568389892578e+00
1.269661426544189453e+00
1.352772712707519531e+00
1.287079095840454102e+00
-3.928159475326538086e-01
4.094111621379852295e-01
-1.103430315852165222e-01
-2.704444527626037598e-01
4.205675125122070312e-01
1.747625321149826050e-01
2.492905259132385254e-01
4.933311343193054199e-01
1.300491571426391602e+00
2.646425068378448486e-01
1.034504473209381104e-01
-1.183649063110351562e+00
8.169571757316589355e-01
4.264205992221832275e-01
-1.973433732986450195e+00
5.198493599891662598e-01
1.053919792175292969e+00
-1.420016407966613770e+00
-4.978237152099609375e-01
2.692269384860992432e-01
-2.153244018554687500e-01
9.812422394752502441e-01
-1.588598936796188354e-01
5.277527570724487305e-01
-5.861031413078308105e-01
2.995766103267669678e-01
1.492942869663238525e-01
6.689683794975280762e-01
2.380694448947906494e-01
3.687653243541717529e-01
-1.136657238006591797e+00
-1.080018162727355957e+00
-5.071101784706115723e-01
-5.127711892127990723e-01
-1.969415396451950073e-01
-3.075402081012725830e-01
-6.044771075248718262e-01
4.202782511711120605e-01
-6.293820142745971680e-01
6.160337924957275391e-01
-1.960188299417495728e-01
-4.868963360786437988e-01
-2.222288131713867188e+00
1.690178960561752319e-01
-1.127780079841613770e+00
8.100921660661697388e-02
7.942054271697998047e-01
2.826274633407592773e-01
-2.813063189387321472e-02
1.654738038778305054e-01
-7.459178566932678223e-01
-3.178084492683410645e-01
2.069884985685348511e-01
3.852943480014801025e-01
9.223218560218811035e-01
-1.615772128105163574e+00
-4.270654916763305664e-01
7.419316768646240234e-01
5.485559105873107910e-01
7.386557459831237793e-01
8.278988599777221680e-01
-2.000648826360702515e-01
-4.192103862762451172e+00
4.564430415630340576e-01
-6.815558075904846191e-01
-1.330687254667282104e-01
-2.310696095228195190e-01
-1.490107417106628418e+00
-1.341580390930175781e+00
7.268612384796142578e-01
2.475687861442565918e-01
-4.853122532367706299e-01
-1.779617071151733398e-01
6.726165860891342163e-02
-1.338922858238220215e+00
1.817440629005432129e+00
-5.146604776382446289e-01
8.296371698379516602e-01
1.391589641571044922e+00
-3.964673280715942383e-01
-1.248700976371765137e+00
-7.995521426200866699e-01
-4.382110238075256348e-01
-4.627432227134704590e-01
2.109843492507934570e-01
-9.568750858306884766e-01
-9.143659472465515137e-01
5.825684666633605957e-01
2.309966683387756348e-01
4.510320723056793213e-01
5.073978900909423828e-01
-1.939550787210464478e-01
-1.981719732284545898e-01
-5.593694448471069336e-01
9.865968823432922363e-01
-1.597552895545959473e+00
3.034639358520507812e-01
1.418813228607177734e+00
-3.623083531856536865e-01
-6.003287434577941895e-01
-6.061750650405883789e-01
-6.583503484725952148e-01
7.798669934272766113e-01
7.002456784248352051e-01
5.094165205955505371e-01
-1.488703191280364990e-01
1.901732236146926880e-01
-8.540158271789550781e-01
-4.509927034378051758e-01
3.374295234680175781e-01
5.966987609863281250e-01
3.005539178848266602e-01
8.546667695045471191e-01
1.118363499641418457e+00
-1.433651149272918701e-01
2.842923998832702637e-01
-4.776529669761657715e-01
1.193882226943969727e+00
-1.649151556193828583e-02
-7.488325238227844238e-01
1.722774207592010498e-01
-6.840269565582275391e-01
