-1.718578100204467773e+00
6.470897793769836426e-01
-7.238480448722839355e-01
-2.945716142654418945e+00
3.387880623340606689e-01
6.038984060287475586e-01
8.933865427970886230e-01
-3.488942980766296387e-01
9.021266102790832520e-01
1.338402509689331055e+00
1.525617122650146484e+00
-7.632455229759216309e-01
-4.811955690383911133e-01
-9.261068189516663551e-04
1.858924031257629395e+00
-2.032082796096801758e+00
-2.355030775070190430e+00
1.323186308145523071e-01
2.843510806560516357e-01
6.080835461616516113e-01
1.339920997619628906e+00
-8.100681900978088379e-01
2.868740856647491455e-01
1.736930131912231445e+00
-5.386037379503250122e-02
-5.396695137023925781e-01
9.182480573654174805e-01
-9.667127132415771484e-01
-6.145599484443664551e-01
1.442810893058776855e+00
-4.880047142505645752e-01
1.277766704559326172e+00
-7.700391411781311035e-01
2.432978749275207520e-01
1.032552480697631836e+00
5.693423748016357422e-02
-5.363005399703979492e-01
-4.537418186664581299e-01
8.916745334863662720e-02
8.990213871002197266e-01
1.196381330490112305e+00
-1.192121505737304688e+00
2.007091790437698364e-01
6.869970560073852539e-01
-9.212521314620971680e-01
9.936522245407104492e-01
9.216178953647613525e-02
3.658950030803680420e-01
-8.946253061294555664e-01
-2.609506547451019287e-01
8.842235803604125977e-01
7.403611540794372559e-01
-7.438063025474548340e-01
-1.023125171661376953e+00
-2.726248502731323242e+00
-1.122306585311889648e+00
1.538324594497680664e+00
-1.226841449737548828e+00
-8.325456380844116211e-01
-3.946368396282196045e-01
-4.257508218288421631e-01
-1.368785947561264038e-01
-4.491530358791351318e-01
1.078218460083007812e+00
-5.018146038055419922e-01
-3.016307651996612549e-01
-9.392346739768981934e-01
1.872426271438598633e+00
-1.093368411064147949e+00
-5.237840414047241211e-01
-1.708395361900329590e+00
-1.936681747436523438e+00
-1.597592473030090332e+00
-2.437162548303604126e-01
2.166170358657836914e+00
-1.042162060737609863e+00
-4.925130903720855713e-01
-1.550403475761413574e+00
8.600527048110961914e-01
2.319872856140136719e+00
1.169260367751121521e-01
1.659971475601196289e-01
3.465939462184906006e-01
-1.295801848173141479e-01
1.988117843866348267e-01
-1.755699068307876587e-01
-5.140712261199951172e-01
-3.565412759780883789e-02
2.188358753919601440e-01
6.963641047477722168e-01
-3.572704195976257324e-01
-9.449304342269897461e-01
8.689852803945541382e-02
8.750175833702087402e-01
-3.763353824615478516e-01
-1.817548751831054688e+00
-3.680114746093750000e-01
-1.192321538925170898e+00
-9.637498259544372559e-01
1.815270543098449707e+00
-1.144777178764343262e+00
-7.098215222358703613e-01
-4.042434692382812500e-01
1.537499725818634033e-01
-3.037500381469726562e-01
-1.159622311592102051e+00
-1.490874886512756348e+00
-8.246417641639709473e-01
4.065878093242645264e-01
-6.519006490707397461e-01
7.073087692260742188e-01
7.021264731884002686e-02
-1.736568927764892578e+00
-9.536330699920654297e-01
1.504392176866531372e-01
-1.016027092933654785e+00
5.010690093040466309e-01
-2.102243423461914062e+00
3.903191685676574707e-01
2.039210349321365356e-01
1.922825872898101807e-01
-1.154025942087173462e-01
-3.079545021057128906e+00
-7.560953497886657715e-01
6.830261647701263428e-02
8.298630714416503906e-01
1.659120172262191772e-01
-7.436473965644836426e-01
7.756702899932861328e-01
-8.276367560029029846e-03
1.516362071037292480e+00
-9.955407381057739258e-01
6.494838744401931763e-02
3.932861983776092529e-01
3.396266996860504150e-01
-3.622174263000488281e-01
3.465565443038940430e-01
2.687646746635437012e-01
7.087594270706176758e-01
8.225756883621215820e-01
-1.443901896476745605e+00
1.789641380310058594e-01
1.425309658050537109e+00
6.410135626792907715e-01
7.960160821676254272e-02
-1.030832715332508087e-02
1.486338019371032715e+00
1.149333953857421875e+00
-4.679687619209289551e-01
1.638175606727600098e+00
7.836052179336547852e-01
-6.811435222625732422e-01
7.402079105377197266e-01
-1.352491855621337891e+00
9.702003598213195801e-01
-2.566509246826171875e-01
1.091825366020202637e+00
9.138345718383789062e-01
-1.443962156772613525e-01
-7.284677773714065552e-02
9.880988001823425293e-01
-5.212982296943664551e-01
-7.129233479499816895e-01
-1.004739642143249512e+00
-5.429631471633911133e-01
-8.528526872396469116e-02
-6.936478018760681152e-01
9.617116451263427734e-01
9.312422573566436768e-02
7.693195939064025879e-01
-1.066751241683959961e+00
-1.252788424491882324e+00
4.384883344173431396e-01
8.347107172012329102e-01
-2.409688234329223633e+00
6.459791064262390137e-01
-4.357258975505828857e-01
-7.952828705310821533e-02
2.183373719453811646e-01
9.995408058166503906e-01
2.719359099864959717e-01
2.895382642745971680e-01
8.973049521446228027e-01
-2.364805638790130615e-01
1.542074322700500488e+00
-1.700141191482543945e+00
-6.696487069129943848e-01
7.322022914886474609e-01
9.786285161972045898e-01
-8.056071996688842773e-01
-9.287613630294799805e-01
8.398902416229248047e-01
-5.614046379923820496e-02
1.276039242744445801e+00
-7.061702013015747070e-01
-9.858457446098327637e-01
1.766704916954040527e-01
5.057634115219116211e-01
4.749814271926879883e-01
-9.679827690124511719e-01
3.505504457280039787e-03
-3.772585093975067139e-01
1.414462566375732422e+00
6.297180652618408203e-01
-6.515550017356872559e-01
1.211779713630676270e+00
-2.447112463414669037e-02
-5.510357022285461426e-01
-6.003115773200988770e-01
-3.568497896194458008e-01
-2.398571014404296875e+00
-1.598085999488830566e+00
2.038876771926879883e+00
-6.264542937278747559e-01
8.563992381095886230e-01
1.313066601753234863e+00
3.783565163612365723e-01
-5.617892742156982422e-01
-1.423088550567626953e+00
-9.701716154813766479e-02
1.352465271949768066e+00
1.308306932449340820e+00
-2.481569051742553711e-01
-1.422264218330383301e+00
3.437066972255706787e-01
1.550997853279113770e+00
6.180996894836425781e-01
-6.019027829170227051e-01
4.858334660530090332e-01
-1.102958083152770996e+00
7.249764204025268555e-01
3.192819654941558838e-01
-1.739133119583129883e+00
3.724117875099182129e-01
1.236134886741638184e+00
8.428173661231994629e-01
-2.642812430858612061e-01
3.954237103462219238e-01
1.259480237960815430e+00
1.382734924554824829e-01
-6.674441695213317871e-01
-5.661314725875854492e-01
-1.622618317604064941e+00
1.272835373878479004e+00
-1.885048627853393555e+00
-1.257649660110473633e+00
2.499972730875015259e-01
1.489175319671630859e+00
4.717568159103393555e-01
-6.746895313262939453e-01
8.580989241600036621e-01
-3.760935366153717041e-01
1.184007048606872559e+00
-1.546910703182220459e-01
-1.293705701828002930e+00
3.845193982124328613e-02
-5.181061029434204102e-01
1.300941824913024902e+00
1.519803047180175781e+00
2.027520418167114258e+00
-7.920806407928466797e-01
-1.431854128837585449e+00
-1.183219194412231445e+00
-4.601629078388214111e-01
7.913449406623840332e-01
1.387430787086486816e+00
1.043949365615844727e+00
1.352500021457672119e-01
4.732769489288330078e+00
-3.023597598075866699e-01
-5.819216743111610413e-02
1.094609498977661133e+00
3.005962371826171875e-01
3.202857375144958496e-01
-2.519896328449249268e-01
2.028091192245483398e+00
8.939244151115417480e-01
-9.927044510841369629e-01
-9.827370047569274902e-01
-1.456654906272888184e+00
-4.054848849773406982e-01
1.655537751503288746e-03
7.629826664924621582e-01
-1.252054572105407715e-01
3.413625061511993408e-01
1.918810307979583740e-01
9.334562420845031738e-01
1.519840955734252930e+00
-3.817485570907592773e-01
5.948724746704101562e-01
1.714444756507873535e+00
5.544436573982238770e-01
1.960647463798522949e+00
2.203236341476440430e+00
1.168928220868110657e-01
7.703950256109237671e-02
-6.323530673980712891e-01
-7.017848491668701172e-01
-1.612862706184387207e+00
-1.605914711952209473e+00
8.256740123033523560e-02
-1.994583487510681152e+00
7.215266227722167969e-01
7.615299522876739502e-02
7.337984442710876465e-01
6.771579384803771973e-01
2.524213552474975586e+00
-2.001008749008178711e+00
6.388683104887604713e-04
-1.464009881019592285e+00
1.106613993644714355e+00
4.579209089279174805e-01
3.208015859127044678e-01
2.044858932495117188e+00
-1.046505451202392578e+00
-8.604916334152221680e-01
9.336454868316650391e-01
5.523746013641357422e-01
1.097139596939086914e+00
-2.393997460603713989e-01
-1.381528496742248535e+00
-2.891662716865539551e-01
1.132479868829250336e-02
8.183173537254333496e-01
-4.860885143280029297e-01
7.390094920992851257e-03
-6.158188581466674805e-01
-6.182889342308044434e-01
8.040414452552795410e-01
2.401975870132446289e+00
-2.353081941604614258e+00
-2.660026252269744873e-01
2.066813707351684570e-01
3.322978019714355469e-01
5.053696036338806152e-01
-1.108932495117187500e+00
-6.134244799613952637e-01
1.968088448047637939e-01
1.204886317253112793e+00
-8.474990725517272949e-02
4.286385476589202881e-01
-1.908473074436187744e-01
-8.667173385620117188e-01
-3.401225507259368896e-01
-8.449036478996276855e-01
-2.000873565673828125e+00
-3.951918482780456543e-01
1.707761138677597046e-01
-4.257360398769378662e-01
4.144516587257385254e-01
-4.569970369338989258e-01
5.550053119659423828e-01
-2.264742702245712280e-01
-4.497885406017303467e-01
6.479180455207824707e-01
-8.123618364334106445e-01
1.844567179679870605e+00
-3.746116459369659424e-01
8.887100815773010254e-01
-1.348295956850051880e-01
1.790923774242401123e-01
6.637490391731262207e-01
-4.030394852161407471e-01
-8.112316727638244629e-01
1.782486796379089355e+00
-5.916700959205627441e-01
1.076952576637268066e+00
-6.548219919204711914e-01
-9.334210306406021118e-02
1.186385154724121094e+00
3.067525103688240051e-02
8.015260696411132812e-01
4.380122125148773193e-01
-1.897621005773544312e-01
-9.117376208305358887e-01
-1.300193309783935547e+00
-5.785880088806152344e-01
3.448078632354736328e-01
-4.475219249725341797e-01
-1.752880960702896118e-02
1.172676444053649902e+00
1.005676865577697754e+00
2.369272559881210327e-01
-8.553919792175292969e-01
1.486074179410934448e-01
3.260163590312004089e-02
1.567330956459045410e+00
-1.561155200004577637e+00
6.211818456649780273e-01
1.185600161552429199e+00
1.973341464996337891e+00
1.109156847000122070e+00
8.476031422615051270e-01
-1.399901866912841797e+00
1.387345939874649048e-01
-1.129338219761848450e-01
-1.926527500152587891e+00
1.837880462408065796e-01
-5.658189058303833008e-01
-4.295725226402282715e-01
5.711967349052429199e-01
-7.843667864799499512e-01
-5.689452886581420898e-01
-7.550325989723205566e-02
-1.362815499305725098e+00
3.134140372276306152e-01
-1.701170325279235840e+00
1.135915994644165039e+00
2.676626145839691162e-01
-1.426535367965698242e+00
-1.386762976646423340e+00
9.861944913864135742e-01
5.749212503433227539e-01
-7.136670351028442383e-01
-9.017823338508605957e-01
-2.400931715965270996e-02
-4.704916477203369141e-01
-3.662077710032463074e-02
-2.171662807464599609e+00
1.380718350410461426e+00
-9.025182723999023438e-01
-5.382633209228515625e-01
-5.378556847572326660e-01
-1.374515295028686523e+00
3.065951466560363770e-01
3.754301667213439941e-01
-1.246797561645507812e+00
-3.179283579811453819e-03
-1.204246401786804199e+00
-1.744295835494995117e+00
2.454224377870559692e-01
2.998265670612454414e-03
5.294820666313171387e-01
-2.726601600646972656e+00
1.715184092521667480e+00
-1.289582729339599609e+00
-2.064412683248519897e-01
1.790321022272109985e-01
-4.302980303764343262e-01
-2.161183208227157593e-01
-1.533027172088623047e+00
-2.890818119049072266e-01
-3.936877250671386719e-01
-1.941165804862976074e+00
1.435096263885498047e+00
4.261399209499359131e-01
4.660489857196807861e-01
2.340356826782226562e+00
8.338539004325866699e-01
-1.923076957464218140e-01
5.576912760734558105e-01
4.220291078090667725e-01
1.034318730235099792e-01
-2.832539379596710205e-01
1.070235013961791992e+00
1.744228452444076538e-01
-8.928461074829101562e-01
-2.285554260015487671e-01
-4.265987575054168701e-01
1.142811298370361328e+00
1.341958284378051758e+00
-2.492307424545288086e-01
-1.135198473930358887e+00
-4.251262545585632324e-01
-5.290539264678955078e-01
-1.089012920856475830e-01
2.123745381832122803e-01
-1.119895815849304199e+00
9.891448616981506348e-01
6.860309243202209473e-01
1.915729939937591553e-01
-7.848666310310363770e-01
-5.249434709548950195e-01
-7.605487108230590820e-02
-1.033028841018676758e+00
-3.220347166061401367e-01
-3.764804005622863770e-01
1.683012723922729492e+00
5.698966383934020996e-01
7.099401354789733887e-01
-4.691165685653686523e-01
1.639556765556335449e+00
-3.938314318656921387e-01
-1.672474861145019531e+00
-4.159776866436004639e-01
-6.928105950355529785e-01
-3.960665762424468994e-01
-1.111945390701293945e+00
2.768300473690032959e-01
-1.368618607521057129e-01
2.015458643436431885e-01
5.908229351043701172e-01
1.084453105926513672e+00
-5.123495459556579590e-01
-2.772642374038696289e-01
1.229753121733665466e-01
-1.325662732124328613e+00
-1.364074468612670898e+00
1.353222876787185669e-01
3.766855001449584961e-01
8.243519067764282227e-01
-5.908752679824829102e-01
-1.015034437179565430e+00
1.678034812211990356e-01
-1.915944516658782959e-01
-9.114798903465270996e-01
-6.355103254318237305e-01
-1.955280452966690063e-01
1.833110302686691284e-01
1.517533540725708008e+00
1.685473918914794922e-01
-1.754041671752929688e+00
5.565966963768005371e-01
-5.287671089172363281e-01
-6.814501881599426270e-01
-1.763803601264953613e+00
-5.592488050460815430e-01
2.319450974464416504e-01
-1.179261952638626099e-01
6.932278275489807129e-01
5.689764618873596191e-01
-8.421707153320312500e-02
-1.615578770637512207e+00
5.349225830286741257e-03
7.171379774808883667e-02
-6.832342147827148438e-01
-1.751943469047546387e+00
-8.154700994491577148e-01
5.963858962059020996e-01
-1.570391774177551270e+00
-1.542585939168930054e-01
-7.612064480781555176e-01
3.325971066951751709e-01
7.715907692909240723e-01
1.264798045158386230e+00
1.391603350639343262e-01
2.393864393234252930e-01
-8.176773786544799805e-01
5.138508081436157227e-01
-2.130141973495483398e+00
9.908284544944763184e-01
3.323146700859069824e-01
-7.040894031524658203e-01
-1.235738769173622131e-01
4.436347782611846924e-01
8.413839936256408691e-01
6.321117281913757324e-01
3.257288336753845215e-01
-9.647884964942932129e-01
3.202070593833923340e-01
-1.609214305877685547e+00
2.211805284023284912e-01
-1.968452334403991699e+00
1.617333441972732544e-01
1.982509613037109375e+00
1.081928491592407227e+00
1.367635250091552734e+00
1.675876736640930176e+00
7.892801761627197266e-01
-1.591104865074157715e+00
-9.796481132507324219e-01
8.668714165687561035e-01
-6.676093935966491699e-01
4.425854384899139404e-01
3.185345605015754700e-02
-1.217097043991088867e+00
2.858378291130065918e-01
-4.425811767578125000e-01
1.246019601821899414e+00
-1.828825235366821289e+00
5.440729483962059021e-02
3.125061988830566406e-01
-2.861727178096771240e-01
6.848270893096923828e-01
-5.158935785293579102e-01
2.098839759826660156e+00
-1.381448268890380859e+00
2.968622744083404541e-01
-4.259908795356750488e-01
-7.966292500495910645e-01
-1.840581178665161133e+00
7.448533773422241211e-01
-7.156873941421508789e-01
4.550375044345855713e-01
-8.546096682548522949e-01
-1.771228462457656860e-01
-9.161107540130615234e-01
-8.699483871459960938e-01
1.317121267318725586e+00
-8.766506612300872803e-02
8.127632737159729004e-01
8.165711164474487305e-01
1.190612077713012695e+00
-3.859803676605224609e-01
1.517528653144836426e+00
-3.866121470928192139e-01
1.917446851730346680e+00
9.797742962837219238e-01
7.120954245328903198e-02
1.041326999664306641e+00
-1.038394212722778320e+00
-1.322431683540344238e+00
1.765312790870666504e+00
1.038651943206787109e+00
7.148424386978149414e-01
-5.702847838401794434e-01
4.953830242156982422e-01
-9.175939559936523438e-01
-4.133754372596740723e-01
1.376283288002014160e+00
5.579414963722229004e-01
1.156266093254089355e+00
-1.484315544366836548e-01
2.136656045913696289e+00
-2.376075983047485352e+00
9.854114800691604614e-02
-8.288925886154174805e-01
-3.972221910953521729e-01
1.042374491691589355e+00
3.349500000476837158e-01
2.685530185699462891e-01
-2.227237522602081299e-01
1.802078187465667725e-01
5.625536441802978516e-01
8.723000884056091309e-01
7.025506496429443359e-01
8.686066269874572754e-01
1.085785746574401855e+00
-5.099716186523437500e-01
-1.513646721839904785e+00
-5.299368873238563538e-02
-2.135187864303588867e+00
-7.805415987968444824e-01
-1.043048501014709473e-02
4.582593739032745361e-01
-6.152076721191406250e-01
1.762076281011104584e-02
-1.079627573490142822e-01
7.362101078033447266e-01
-6.625669598579406738e-01
1.317930459976196289e+00
1.145384430885314941e+00
4.811198711395263672e-01
3.034286499023437500e-01
-2.071793973445892334e-01
5.982099175453186035e-01
-3.805512785911560059e-01
7.215409278869628906e-01
7.194839715957641602e-01
-4.807905554771423340e-01
1.358694732189178467e-01
1.425729751586914062e+00
-1.499324202537536621e+00
-2.428592443466186523e-01
-3.646643161773681641e-01
1.391494393348693848e+00
-3.384685814380645752e-01
7.769863009452819824e-01
-7.360763549804687500e-01
-7.925116419792175293e-01
1.588179767131805420e-01
-1.038902640342712402e+00
1.098433256149291992e+00
1.994212716817855835e-02
-8.851782679557800293e-01
2.643034458160400391e+00
2.089955329895019531e+00
1.074782609939575195e+00
-3.406408131122589111e-01
-9.562962055206298828e-01
-9.087890386581420898e-01
1.263700485229492188e+00
-3.143003880977630615e-01
2.357026100158691406e+00
5.097525715827941895e-01
1.273737549781799316e+00
1.302086263895034790e-01
8.781311511993408203e-01
3.202107846736907959e-01
-1.602236509323120117e+00
-1.516001105308532715e+00
-8.903510570526123047e-01
1.734204590320587158e-02
1.370944499969482422e+00
-7.259098887443542480e-01
5.985623002052307129e-01
-6.982260942459106445e-02
4.053941369056701660e-01
-5.127818107604980469e+00
-5.479226112365722656e-01
-1.701064944267272949e+00
-1.806283593177795410e+00
2.044204473495483398e+00
-1.827449947595596313e-01
-2.595218718051910400e-01
6.799374222755432129e-01
-9.838098287582397461e-01
-4.499387145042419434e-01
6.258440017700195312e-01
7.188134789466857910e-01
-4.487008750438690186e-01
9.376154094934463501e-02
1.725685894489288330e-01
-3.250354230403900146e-01
9.088310599327087402e-01
-4.484962821006774902e-01
3.816612005233764648e+00
-4.926702082157135010e-01
-2.420899868011474609e+00
2.537312746047973633e+00
9.252471923828125000e-01
1.790110826492309570e+00
-6.813482642173767090e-01
5.376694202423095703e-01
-6.555694341659545898e-01
2.428211688995361328e+00
-3.773759305477142334e-01
-2.315185815095901489e-01
1.839780360460281372e-01
4.919232428073883057e-01
-2.715716361999511719e+00
9.761077165603637695e-01
1.138245224952697754e+00
7.779312729835510254e-01
5.914185047149658203e-01
6.296744942665100098e-02
-1.679995536804199219e+00
-6.275517344474792480e-01
1.136344909667968750e+00
-9.939649701118469238e-02
2.560724914073944092e-01
-2.641256809234619141e+00
-1.559453725814819336e+00
-1.021397352218627930e+00
1.221367001533508301e+00
4.359880462288856506e-02
-2.509661614894866943e-01
-3.379589021205902100e-01
1.157828807830810547e+00
1.050973176956176758e+00
-8.546411991119384766e-01
-4.967570304870605469e-01
1.365528345108032227e+00
1.753759860992431641e+00
-6.752266883850097656e-01
3.160232445225119591e-03
1.171082377433776855e+00
-2.168623954057693481e-01
6.047989130020141602e-01
-1.016401529312133789e+00
2.600595057010650635e-01
-1.514426916837692261e-01
5.607232451438903809e-02
8.010304570198059082e-01
-2.372853279113769531e+00
-4.017555713653564453e-01
-1.518396615982055664e+00
-2.914487421512603760e-01
-1.874067783355712891e+00
2.508015334606170654e-01
-6.894565820693969727e-01
-1.255804151296615601e-01
-3.169542253017425537e-01
1.522308230400085449e+00
-1.546697139739990234e+00
4.435213506221771240e-01
-4.137151241302490234e-01
1.619972944259643555e+00
