1.316466569900512695e+00
1.017863512039184570e+00
5.394266247749328613e-01
-7.606486678123474121e-01
-1.594810187816619873e-01
-7.839291691780090332e-01
-6.983555555343627930e-01
-9.227143228054046631e-02
-1.194250822067260742e+00
2.792028244584798813e-03
3.032665252685546875e-01
-8.532264828681945801e-01
1.477842181921005249e-01
-2.631080150604248047e-01
3.714530169963836670e-01
3.869374692440032959e-01
-2.123319357633590698e-01
-4.818077683448791504e-01
4.441573321819305420e-01
-3.951126039028167725e-01
3.367908298969268799e-01
-5.710445642471313477e-01
7.399858832359313965e-01
-6.023303270339965820e-01
4.161510765552520752e-01
-3.627051711082458496e-01
-1.049602270126342773e+00
-1.938965320587158203e-01
-1.511090636253356934e+00
3.483197987079620361e-01
-4.899112880229949951e-01
4.875704646110534668e-01
-6.950413584709167480e-01
1.665700227022171021e-01
-2.622723877429962158e-01
5.385947972536087036e-02
-5.665873289108276367e-01
-2.267319440841674805e+00
-2.555746212601661682e-02
-4.906791076064109802e-02
-1.501345634460449219e+00
-1.295260429382324219e+00
-1.251633912324905396e-01
-2.617210149765014648e-01
7.359810918569564819e-02
2.950145006179809570e-01
1.464494913816452026e-01
3.130766153335571289e-01
-4.367682039737701416e-01
1.631261348724365234e+00
-1.274283409118652344e+00
-6.092435717582702637e-01
7.664374709129333496e-01
6.401438713073730469e-01
-7.973469495773315430e-01
-4.187215268611907959e-01
2.212308049201965332e-01
5.690935850143432617e-01
7.304431200027465820e-01
-4.892257153987884521e-01
-3.679491877555847168e-01
-7.752670645713806152e-01
1.616768002510070801e+00
-9.867844581604003906e-01
8.762962222099304199e-01
-1.057645559310913086e+00
4.115692079067230225e-01
-6.010238528251647949e-01
1.227080345153808594e+00
-1.241312265396118164e+00
-4.905483722686767578e-01
1.174434185028076172e+00
-1.102083921432495117e+00
-8.251343965530395508e-01
-3.643746078014373779e-01
1.943454444408416748e-01
3.530253171920776367e-01
1.154661625623703003e-01
-1.423624008893966675e-01
1.267975568771362305e+00
-1.049781292676925659e-01
-2.027563899755477905e-01
-2.052939653396606445e+00
-5.774921178817749023e-02
-1.049373984336853027e+00
6.719522923231124878e-02
-8.575047850608825684e-01
-9.321412444114685059e-01
-7.195969820022583008e-01
-2.970651388168334961e-01
-8.656296730041503906e-01
-5.968979001045227051e-01
-7.936767935752868652e-01
1.670153856277465820e+00
-1.177344657480716705e-02
6.694167256355285645e-01
5.545935630798339844e-01
3.506185114383697510e-01
1.914483867585659027e-02
1.839528977870941162e-01
1.199187263846397400e-01
4.310323894023895264e-01
-2.192983180284500122e-01
-3.953849077224731445e-01
-1.730968594551086426e+00
7.008808851242065430e-01
-1.097313165664672852e+00
7.899177074432373047e-01
1.888751834630966187e-01
-1.018191218376159668e+00
7.719381451606750488e-01
8.518151044845581055e-01
-1.590932607650756836e+00
-9.263008832931518555e-01
-7.009322643280029297e-01
1.531422287225723267e-01
-1.733856946229934692e-01
-6.965450197458267212e-02
7.391581535339355469e-01
5.832692384719848633e-01
7.761663943529129028e-02
1.146099567413330078e+00
-1.396360278129577637e+00
4.410322010517120361e-02
4.758100509643554688e-01
1.676330715417861938e-01
1.028837680816650391e+00
5.043532252311706543e-01
-6.064207553863525391e-01
-5.101197957992553711e-01
4.429869949817657471e-01
-6.939332485198974609e-01
5.035352706909179688e-01
-7.234828472137451172e-01
-1.556482076644897461e+00
1.704974919557571411e-01
1.726797223091125488e-02
-5.598770976066589355e-01
-8.488334417343139648e-01
5.121546387672424316e-01
-7.948923110961914062e-02
1.544238477945327759e-01
1.139931082725524902e+00
-1.711560487747192383e-01
-1.064662814140319824e+00
1.865635216236114502e-01
4.218373596668243408e-01
-1.307678222656250000e+00
1.874589920043945312e-01
-5.625314712524414062e-01
5.426349639892578125e-01
-2.697573415935039520e-02
3.317323327064514160e-01
-7.037141919136047363e-01
1.368388056755065918e+00
-1.475467532873153687e-01
-1.443377614021301270e+00
-3.948501944541931152e-01
-2.851608991622924805e-01
5.567694902420043945e-01
8.295056819915771484e-01
-2.664470970630645752e-01
1.235030889511108398e+00
-6.568661890923976898e-03
2.602393329143524170e-01
-1.194556355476379395e+00
-1.611228346824645996e+00
-4.720436781644821167e-02
-2.315874211490154266e-02
5.740305781364440918e-01
-1.247255325317382812e+00
-1.677587866783142090e+00
-1.978475332260131836e+00
2.047313928604125977e+00
-3.104517757892608643e-01
5.636614561080932617e-01
5.188704729080200195e-01
-1.245720237493515015e-01
-4.520037472248077393e-01
1.245170354843139648e+00
-7.825008034706115723e-01
-1.185381054878234863e+00
-4.535393714904785156e-01
-5.698853135108947754e-01
1.402612090110778809e+00
6.922470033168792725e-02
-6.906942129135131836e-01
2.807499170303344727e-01
1.554685235023498535e+00
-2.466969788074493408e-01
-9.264916777610778809e-01
2.091842889785766602e-01
3.526232391595840454e-02
6.262520551681518555e-01
-6.160717010498046875e-01
-5.132338404655456543e-02
-9.321759343147277832e-01
-3.285073116421699524e-02
4.719673097133636475e-01
4.451239109039306641e-01
-3.265615180134773254e-02
1.297860264778137207e+00
1.565984964370727539e+00
-6.081926226615905762e-01
7.023935317993164062e-01
-1.027424216270446777e+00
-3.668736219406127930e-01
-1.177407145500183105e+00
8.478575348854064941e-01
-3.558327853679656982e-01
-3.986324369907379150e-02
-9.064949750900268555e-01
1.094974517822265625e+00
-1.905696652829647064e-02
-8.325074911117553711e-01
4.121516942977905273e-01
-1.400694608688354492e+00
-7.212160825729370117e-01
-9.681339263916015625e-01
8.448359370231628418e-01
6.972202658653259277e-02
2.853766083717346191e-01
1.031908631324768066e+00
4.815685451030731201e-01
6.225444078445434570e-01
-3.293881937861442566e-02
8.212532997131347656e-01
-8.715329170227050781e-01
-1.940906494855880737e-01
-3.169251680374145508e-01
-8.957545161247253418e-01
-1.533632576465606689e-01
2.985700778663158417e-02
8.442077636718750000e-01
1.464702785015106201e-01
8.989010006189346313e-02
3.823236525058746338e-01
-4.915156364440917969e-01
-7.941499352455139160e-01
-3.069960474967956543e-01
5.830904841423034668e-01
2.204414643347263336e-02
-9.790099859237670898e-01
-1.916886270046234131e-01
-8.026996254920959473e-01
1.110340803861618042e-01
-6.024367809295654297e-01
3.138049542903900146e-01
9.527123719453811646e-02
-1.083863258361816406e+00
-3.645901679992675781e-01
-3.143911659717559814e-01
4.316907376050949097e-02
-4.898980259895324707e-01
6.116465926170349121e-01
-2.977871596813201904e-01
1.293700814247131348e+00
1.676291078329086304e-01
-2.543820142745971680e-01
3.262896239757537842e-01
9.432744234800338745e-02
-7.597236633300781250e-01
4.595977365970611572e-01
-5.198941826820373535e-01
-1.509554862976074219e+00
-4.537704866379499435e-03
8.354281783103942871e-01
-5.644708275794982910e-01
2.946780920028686523e+00
1.278979778289794922e+00
-1.209459453821182251e-01
1.269195914268493652e+00
4.231594502925872803e-01
1.632813811302185059e+00
-7.699413895606994629e-01
5.403009653091430664e-01
3.983334824442863464e-02
-7.474594712257385254e-01
3.379327654838562012e-01
-6.559283137321472168e-01
6.655917316675186157e-02
-6.012294292449951172e-01
9.809972047805786133e-01
5.092560648918151855e-01
6.650444269180297852e-01
1.280753761529922485e-01
1.769311875104904175e-01
7.240671515464782715e-01
-5.744973421096801758e-01
-5.532099008560180664e-01
-1.749466657638549805e+00
1.386024057865142822e-01
4.688525795936584473e-01
-1.801497817039489746e+00
7.188363075256347656e-01
-5.934870839118957520e-01
-4.582084417343139648e-01
-1.143906414508819580e-01
6.497977375984191895e-01
7.981100678443908691e-02
2.491243481636047363e-01
-1.053431391716003418e+00
6.880626082420349121e-01
4.957026839256286621e-01
1.441493749618530273e+00
2.321036010980606079e-01
9.455736875534057617e-01
-1.712925136089324951e-01
4.316213130950927734e-01
-4.827605485916137695e-01
-1.111826181411743164e+00
-6.932872533798217773e-01
-3.122594058513641357e-01
-1.302686482667922974e-01
-1.086113691329956055e+00
4.659389257431030273e-01
1.727906107902526855e+00
3.341002166271209717e-01
8.753620386123657227e-01
1.363561898469924927e-01
-2.299298048019409180e-01
1.825449466705322266e-01
1.378125071525573730e+00
-1.573546081781387329e-01
-6.870118975639343262e-01
1.101046800613403320e+00
-4.814966619014739990e-01
-2.767992615699768066e-01
-4.931047558784484863e-01
1.361324071884155273e+00
8.840820193290710449e-01
-2.778975367546081543e-01
1.271579265594482422e+00
5.151748657226562500e-02
6.740257143974304199e-01
-5.181713104248046875e-01
-4.928200542926788330e-01
-1.196176290512084961e+00
1.709314107894897461e+00
-3.616106510162353516e-01
5.574172139167785645e-01
-6.104555130004882812e-01
3.367525339126586914e-01
4.804966971278190613e-02
-2.553122639656066895e-01
7.870758175849914551e-01
-2.008893489837646484e+00
4.866545796394348145e-01
-1.364230155944824219e+00
-5.144882202148437500e-01
-7.237975001335144043e-01
-2.912025749683380127e-01
7.098332643508911133e-01
-6.650994420051574707e-01
-4.371036291122436523e-01
1.430139690637588501e-01
-3.491547405719757080e-01
-1.218320727348327637e+00
5.759347677230834961e-01
8.043429851531982422e-01
8.625692874193191528e-02
-9.097391963005065918e-01
2.294025570154190063e-01
-9.703453779220581055e-01
-1.147600293159484863e+00
2.414702475070953369e-01
2.038443803787231445e+00
8.699133396148681641e-01
5.901055335998535156e-01
3.480922877788543701e-01
9.678615927696228027e-01
-3.893058374524116516e-02
-1.099304556846618652e+00
1.782480597496032715e+00
5.817747116088867188e-01
1.446674168109893799e-01
1.680716127157211304e-01
-5.843283534049987793e-01
2.133604884147644043e-01
1.712589263916015625e-01
1.009778618812561035e+00
1.100305557250976562e+00
2.330677509307861328e-01
9.517214298248291016e-01
-6.565145254135131836e-01
1.982790827751159668e-01
-7.488665580749511719e-01
-8.125450015068054199e-01
1.325361013412475586e+00
-2.068781107664108276e-02
2.264198541641235352e+00
1.385199189186096191e+00
4.853706657886505127e-01
-3.815052211284637451e-01
1.327898859977722168e+00
2.073322236537933350e-01
-2.840089201927185059e-01
1.714442670345306396e-01
-2.825241386890411377e-01
1.064233779907226562e+00
-6.582198292016983032e-02
-1.059018015861511230e+00
4.196368455886840820e-01
-1.155656814575195312e+00
-9.679871797561645508e-01
5.549536347389221191e-01
-3.166002631187438965e-01
2.509537041187286377e-01
2.886192202568054199e-01
-7.782033681869506836e-01
-9.186208248138427734e-01
3.357193470001220703e-01
-1.342483878135681152e+00
6.681216359138488770e-01
1.349029093980789185e-01
1.567342519760131836e+00
1.542665213346481323e-01
2.502502501010894775e-01
-6.154718399047851562e-01
1.290203094482421875e+00
-7.850711941719055176e-01
-1.256892442703247070e+00
3.927913904190063477e-01
8.103669285774230957e-01
-9.230726957321166992e-01
2.629362344741821289e-01
-9.019567966461181641e-01
-3.764350116252899170e-01
-1.231590986251831055e+00
-6.829947829246520996e-01
-7.647687792778015137e-01
1.242855548858642578e+00
1.450419545173645020e+00
-1.572760939598083496e+00
-8.252811431884765625e-01
2.007872015237808228e-01
1.192068338394165039e+00
5.341976881027221680e-01
5.188499093055725098e-01
2.586612999439239502e-01
1.042764425277709961e+00
1.044631123542785645e+00
-1.095743298530578613e+00
6.021816730499267578e-01
3.993550539016723633e-01
-7.524312138557434082e-01
-2.532175779342651367e-01
4.077527672052383423e-02
-3.040267229080200195e-01
-1.030626296997070312e+00
-8.748679161071777344e-01
-1.009935140609741211e+00
6.958263367414474487e-02
-7.981604337692260742e-01
-1.070306897163391113e+00
-5.802774429321289062e-01
5.886343121528625488e-01
2.853823006153106689e-01
3.851675987243652344e-01
-1.319338917732238770e+00
1.487921237945556641e+00
2.489296197891235352e-01
-2.157852500677108765e-01
-3.904546201229095459e-01
-8.497045636177062988e-01
-8.681631088256835938e-01
-2.321054190397262573e-01
3.373955190181732178e-01
-9.672297239303588867e-01
3.026214838027954102e-01
-2.875401973724365234e-01
5.598897933959960938e-01
-9.089378118515014648e-01
2.907163798809051514e-01
-7.763179391622543335e-02
3.392428457736968994e-01
3.411157727241516113e-01
-2.785574793815612793e-01
-1.105790257453918457e+00
1.831006765365600586e+00
7.376348376274108887e-01
-7.645683735609054565e-02
-1.147161245346069336e+00
6.909599155187606812e-02
1.020179688930511475e-01
-2.531037330627441406e-01
-6.479083746671676636e-02
3.178975284099578857e-01
5.606231093406677246e-01
9.323940426111221313e-02
6.772653758525848389e-02
1.439596533775329590e+00
3.852838873863220215e-01
9.215440154075622559e-01
-1.873480558395385742e+00
1.045574992895126343e-01
-2.000559329986572266e+00
-3.319039821624755859e+00
1.871100068092346191e-01
-6.883623003959655762e-01
1.749905496835708618e-01
1.445369571447372437e-01
-1.428922891616821289e+00
7.229235172271728516e-01
-1.581466078758239746e+00
6.903668045997619629e-01
-2.603918612003326416e-01
-2.128307521343231201e-02
-3.781763613224029541e-01
1.336045026779174805e+00
1.060260415077209473e+00
1.764842309057712555e-02
9.409958720207214355e-01
2.585467696189880371e-01
8.326705098152160645e-01
8.230360150337219238e-01
-1.243540048599243164e+00
-8.580960333347320557e-02
1.076504886150360107e-01
-6.053902506828308105e-01
-7.980271577835083008e-01
-7.198152542114257812e-01
-6.122607588768005371e-01
-6.807661652565002441e-01
-4.844963550567626953e-03
5.862794518470764160e-01
-5.326745510101318359e-01
-1.875012516975402832e-01
5.902825593948364258e-01
-8.344598412513732910e-01
-7.427258491516113281e-01
9.244982600212097168e-01
1.018750905990600586e+00
-4.252519905567169189e-01
-3.699339032173156738e-01
-1.467597365379333496e+00
-1.218632698059082031e+00
1.537477374076843262e-01
-9.408107995986938477e-01
-1.565988361835479736e-01
-7.378718256950378418e-01
6.477182507514953613e-01
-4.406020641326904297e-01
-1.830906718969345093e-01
1.232711911201477051e+00
-6.297597289085388184e-01
4.934162795543670654e-01
-7.250948995351791382e-02
-3.705590069293975830e-01
6.223396062850952148e-01
-8.316345810890197754e-01
-4.021257162094116211e-01
-9.110972881317138672e-01
-4.281722903251647949e-01
6.696588993072509766e-01
6.672138571739196777e-01
-3.057410418987274170e-01
9.613565206527709961e-01
-7.532112598419189453e-01
-6.044937372207641602e-01
-2.563717961311340332e-02
1.411881566047668457e+00
-1.327646970748901367e+00
2.967058122158050537e-01
-9.718436002731323242e-01
-6.513255834579467773e-01
9.772153496742248535e-01
1.917831063270568848e+00
1.863406538963317871e+00
-3.980895578861236572e-01
9.410531520843505859e-01
-5.584539175033569336e-01
1.018578857183456421e-01
-8.885508179664611816e-01
-7.211846113204956055e-01
-7.095966339111328125e-01
-4.615797474980354309e-02
4.704150259494781494e-01
8.191336989402770996e-01
-5.161165595054626465e-01
-8.985729217529296875e-01
3.247839808464050293e-01
9.048868715763092041e-02
-2.319969087839126587e-01
1.087621092796325684e+00
1.279468238353729248e-01
-9.624882936477661133e-01
-1.078431487083435059e+00
-1.416817545890808105e+00
-1.013374626636505127e-01
3.430289626121520996e-01
-2.321740239858627319e-01
-6.229699254035949707e-01
5.598844885826110840e-01
1.451315432786941528e-01
-4.946804940700531006e-01
8.225443959236145020e-02
1.033447623252868652e+00
4.193227887153625488e-01
2.387480586767196655e-01
1.486886441707611084e-01
-1.919251322746276855e+00
4.104784131050109863e-01
1.947684586048126221e-01
1.833024740219116211e+00
-1.200476288795471191e+00
-5.333713889122009277e-01
-1.274793148040771484e+00
-4.840116500854492188e-01
1.437956929206848145e+00
2.105879634618759155e-01
-1.104574322700500488e+00
8.533773422241210938e-01
4.946812093257904053e-01
-1.229493260383605957e+00
-3.240063190460205078e-01
3.050510883331298828e-01
-1.656123280525207520e+00
1.634014129638671875e+00
2.359859049320220947e-01
1.485615968704223633e-01
6.288132071495056152e-01
-1.685555696487426758e+00
-3.033123910427093506e-01
-4.190059900283813477e-01
1.604749917984008789e+00
1.579112559556961060e-01
6.879768371582031250e-01
5.319085717201232910e-01
-1.836147069931030273e+00
1.739557743072509766e+00
1.016607806086540222e-01
6.692178845405578613e-01
6.431205272674560547e-01
-7.919866591691970825e-02
-7.094557285308837891e-01
3.279993683099746704e-02
2.311382740736007690e-01
-1.118644252419471741e-01
8.557541966438293457e-01
-3.906808495521545410e-01
5.168527364730834961e-01
-7.991976141929626465e-01
1.124243021011352539e+00
-3.817609548568725586e-01
4.417695522308349609e+00
-1.404682874679565430e+00
4.162606596946716309e-01
4.528034925460815430e-01
-5.843215584754943848e-01
-8.533425331115722656e-01
-5.695559456944465637e-02
-2.132204622030258179e-01
7.500550746917724609e-01
4.955753386020660400e-01
-3.045032918453216553e-01
-3.754618763923645020e-01
-1.045795083045959473e+00
9.186785221099853516e-01
6.982575058937072754e-01
1.054721847176551819e-01
-2.430157214403152466e-01
6.470702290534973145e-01
-6.367364525794982910e-01
6.080513596534729004e-01
9.779552817344665527e-01
4.843992590904235840e-01
3.837526738643646240e-01
-4.349259734153747559e-01
-2.056148052215576172e+00
-5.263138413429260254e-01
-3.924458920955657959e-01
8.434034585952758789e-01
1.211874604225158691e+00
1.403680205345153809e+00
-1.335019990801811218e-02
-4.562554657459259033e-01
-2.573843300342559814e-01
1.053825974464416504e+00
-3.548393845558166504e-01
5.536950230598449707e-01
-3.417907953262329102e-01
-7.383078336715698242e-01
4.374738335609436035e-01
-1.465455651283264160e+00
-2.466875016689300537e-01
-9.021397829055786133e-01
-1.484923124313354492e+00
-1.711066722869873047e+00
8.122963309288024902e-01
-4.714969694614410400e-01
-4.198542833328247070e-01
-6.144511699676513672e-02
-3.058465719223022461e-01
8.556287884712219238e-01
6.317417621612548828e-01
-3.120846115052700043e-03
5.249232649803161621e-01
-6.269306540489196777e-01
1.368619203567504883e+00
2.711123228073120117e-01
-3.624519705772399902e-01
-9.869833588600158691e-01
-4.677010700106620789e-02
7.232292294502258301e-01
3.628681004047393799e-01
7.033731341361999512e-01
-1.202831566333770752e-01
-1.654153227806091309e+00
-1.427773684263229370e-01
4.190880060195922852e-02
-5.835855603218078613e-01
-1.172075033187866211e+00
-6.234956979751586914e-01
-1.808289766311645508e+00
-2.849109172821044922e-01
3.148664832115173340e-01
-1.005693793296813965e+00
7.650921344757080078e-01
-6.212530136108398438e-01
-1.025900959968566895e+00
6.409626007080078125e-01
-3.408125340938568115e-01
1.642413377761840820e+00
2.994447052478790283e-01
2.155716903507709503e-02
-3.210332095623016357e-01
8.294635415077209473e-01
5.382702946662902832e-01
-2.961926162242889404e-01
1.440714001655578613e-01
-1.258656978607177734e+00
-3.297075033187866211e-01
-1.887867413461208344e-02
9.059281349182128906e-01
1.200295925140380859e+00
3.127275407314300537e-01
2.609516680240631104e-01
9.542381167411804199e-01
4.271677136421203613e-01
7.888242006301879883e-01
-1.386246681213378906e+00
-2.076521068811416626e-01
1.301236033439636230e+00
7.434681057929992676e-02
-6.208967566490173340e-01
2.817241251468658447e-01
-5.776267647743225098e-01
1.151571869850158691e+00
-4.403395354747772217e-01
1.513731598854064941e+00
-3.903755843639373779e-01
-6.698615550994873047e-01
3.947987258434295654e-01
-1.277695775032043457e+00
8.579807877540588379e-01
-3.684687018394470215e-01
-8.840579986572265625e-01
1.155246973037719727e+00
1.865825653076171875e-01
2.271666973829269409e-01
1.416283845901489258e-01
1.851899623870849609e-01
5.794836878776550293e-01
7.645072937011718750e-01
1.174620464444160461e-01
-4.250797331333160400e-01
-2.105162292718887329e-01
