1.767135262489318848e+00
-2.700865566730499268e-01
2.600623369216918945e-01
-9.910005331039428711e-01
1.199551448225975037e-01
-6.432291269302368164e-01
7.354393601417541504e-01
-5.247929692268371582e-01
-1.143827363848686218e-01
6.390647590160369873e-02
1.182154536247253418e+00
-7.965337038040161133e-01
-3.530113399028778076e-02
-1.352747231721878052e-01
-8.307090401649475098e-01
3.257319331169128418e-01
-7.709301114082336426e-01
-3.776978552341461182e-01
-7.345328480005264282e-02
-4.863931983709335327e-02
-4.910803437232971191e-01
-6.620659828186035156e-01
1.026857718825340271e-01
-6.376746296882629395e-01
1.050138473510742188e-01
-1.131418868899345398e-01
-1.552894949913024902e+00
-5.496429204940795898e-01
-3.403899073600769043e-01
-5.905739217996597290e-02
-1.840895861387252808e-01
1.527407616376876831e-01
-7.765621542930603027e-01
2.095656841993331909e-01
1.763639450073242188e-01
-4.817340373992919922e-01
5.019596815109252930e-01
-1.520248532295227051e+00
6.856311112642288208e-02
-2.885875524953007698e-03
-9.854814410209655762e-01
-1.177747845649719238e+00
-1.272677034139633179e-01
-1.474884629249572754e+00
5.779360532760620117e-01
-9.521030783653259277e-01
-4.035400152206420898e-01
8.429148793220520020e-01
6.456287503242492676e-01
-4.352328181266784668e-01
-9.530746340751647949e-01
-4.232206642627716064e-01
1.710909605026245117e-01
-7.443048954010009766e-01
-9.791401028633117676e-01
2.520409822463989258e-01
-4.003164768218994141e-01
-2.001432627439498901e-01
9.340693950653076172e-01
5.436806082725524902e-01
6.400400400161743164e-01
4.859867319464683533e-02
1.661008954048156738e+00
-8.533490300178527832e-01
7.712233066558837891e-01
-5.980336666107177734e-01
5.673650503158569336e-01
-1.022838950157165527e+00
-4.169231057167053223e-01
1.415978670120239258e+00
7.535755634307861328e-01
1.175664305686950684e+00
-6.774199008941650391e-01
1.311614364385604858e-01
-4.104467928409576416e-01
-7.098403573036193848e-01
6.496897339820861816e-01
1.802137345075607300e-01
-9.381567239761352539e-01
5.531092286109924316e-01
-1.283914446830749512e+00
-1.538177967071533203e+00
-1.798131227493286133e+00
-8.272089958190917969e-01
-1.812837421894073486e-01
1.384681165218353271e-01
-8.161507844924926758e-01
-3.207087516784667969e-01
-4.083451330661773682e-01
8.855842798948287964e-02
6.502554416656494141e-01
-6.144698858261108398e-01
-8.966248035430908203e-01
7.733256220817565918e-01
-4.673011898994445801e-01
1.551141262054443359e+00
3.050441741943359375e-01
1.153370738029479980e+00
-1.244796156883239746e+00
1.187703490257263184e+00
-6.383464932441711426e-01
5.722895264625549316e-01
3.306465148925781250e-01
-1.734267920255661011e-01
9.229149669408798218e-02
-7.337495684623718262e-01
-7.242911458015441895e-01
6.207160949707031250e-01
5.013661980628967285e-01
-5.169212818145751953e-01
5.203465819358825684e-01
1.423879861831665039e+00
-2.675150334835052490e-01
4.992958307266235352e-01
-2.127902396023273468e-02
4.875862598419189453e-01
4.524454474449157715e-01
1.037984967231750488e+00
-1.704187393188476562e-01
3.764816522598266602e-01
-8.641512393951416016e-01
-2.208381891250610352e-02
-1.576032876968383789e+00
5.797618627548217773e-01
4.333438873291015625e-01
8.092727065086364746e-01
1.353387087583541870e-01
7.664401531219482422e-01
-9.864123463630676270e-01
-9.927739948034286499e-02
2.362563759088516235e-01
-7.427470088005065918e-01
-2.013598084449768066e-01
-3.697426319122314453e-01
-7.065041065216064453e-01
8.412746787071228027e-01
1.779454499483108521e-01
-2.026069909334182739e-01
3.447087854146957397e-02
2.014300376176834106e-01
4.806363210082054138e-02
-6.354936957359313965e-01
1.016559481620788574e+00
-4.419949650764465332e-01
-5.559664368629455566e-01
4.384794831275939941e-01
-5.268822908401489258e-01
-9.447135925292968750e-01
9.890383481979370117e-01
-5.800749063491821289e-01
5.007168650627136230e-01
-1.235224485397338867e+00
-1.669866889715194702e-01
-2.843039631843566895e-01
3.553301468491554260e-02
-7.575342655181884766e-01
1.581761538982391357e-01
-1.834885478019714355e-01
8.148528337478637695e-01
9.373832941055297852e-01
9.377988427877426147e-02
7.027946114540100098e-01
9.943162202835083008e-01
1.035959199070930481e-01
2.050928920507431030e-01
-2.198346406221389771e-01
-1.727862358093261719e-01
1.299379318952560425e-01
1.624946475028991699e+00
1.833031475543975830e-01
2.478244453668594360e-01
-1.072808861732482910e+00
-1.075097560882568359e+00
5.861113071441650391e-01
4.312081634998321533e-01
-2.106999903917312622e-01
8.934181332588195801e-01
-2.282238453626632690e-01
-9.025571942329406738e-01
1.804056882858276367e+00
-6.953480839729309082e-01
9.401351809501647949e-01
-8.442708849906921387e-01
-2.068083286285400391e-01
1.405912995338439941e+00
2.898506522178649902e-01
-6.985654234886169434e-01
1.805240988731384277e+00
1.476160883903503418e+00
2.677935957908630371e-01
2.916957437992095947e-01
2.413222044706344604e-01
-1.044421643018722534e-01
2.164519950747489929e-02
-2.702464163303375244e-01
-6.629807949066162109e-01
-9.029837250709533691e-01
5.834357142448425293e-01
3.721614181995391846e-01
5.880594253540039062e-02
7.858234643936157227e-01
3.915652334690093994e-01
1.831745028495788574e+00
-2.623381316661834717e-01
-8.001071810722351074e-01
-5.769541263580322266e-01
8.627250790596008301e-01
-1.174581170082092285e+00
1.277314424514770508e+00
9.339241385459899902e-01
1.397231668233871460e-01
-4.621728658676147461e-01
7.794643938541412354e-02
2.804251313209533691e-01
5.647059679031372070e-01
1.324202060699462891e+00
5.388818979263305664e-01
6.470803022384643555e-01
3.801630139350891113e-01
-2.330907732248306274e-01
8.161545991897583008e-01
7.982117533683776855e-01
4.091502428054809570e-01
1.112565994262695312e+00
4.573168456554412842e-01
1.387349069118499756e-01
4.288420975208282471e-01
2.680502459406852722e-02
-6.171561479568481445e-01
1.833821237087249756e-01
-2.297420613467693329e-02
-1.430025815963745117e+00
-1.644560575485229492e+00
1.240921765565872192e-01
5.488985776901245117e-01
-1.184783801436424255e-01
-4.787228107452392578e-01
-1.511598467826843262e+00
-8.621009588241577148e-01
7.524104118347167969e-01
5.801486372947692871e-01
-3.557338118553161621e-01
-1.159815907478332520e+00
3.082610964775085449e-01
-3.028765022754669189e-01
-1.843632459640502930e-01
6.655977368354797363e-01
-5.762019753456115723e-01
6.916652619838714600e-02
-4.177823662757873535e-01
2.036263942718505859e-01
-5.784216523170471191e-01
4.058516919612884521e-01
-1.090096950531005859e+00
1.006764650344848633e+00
-8.077238202095031738e-01
-1.701133698225021362e-01
-5.620620399713516235e-02
-1.103386163711547852e+00
7.088209688663482666e-02
2.129391878843307495e-01
-4.278956949710845947e-01
8.865476250648498535e-01
-1.347251176834106445e+00
-5.860201716423034668e-01
1.230004876852035522e-01
8.832233399152755737e-02
8.344010710716247559e-01
1.894816905260086060e-01
1.749935626983642578e+00
8.028835058212280273e-01
1.540810912847518921e-01
-5.345104932785034180e-01
-2.932966351509094238e-01
-7.238178253173828125e-01
7.926096320152282715e-01
9.440012574195861816e-01
-1.919103972613811493e-02
1.298567771911621094e+00
-2.200495749711990356e-01
5.509589314460754395e-01
-1.259886741638183594e+00
9.155336022377014160e-01
3.725355267524719238e-01
2.014434337615966797e-01
-2.848109602928161621e-01
4.405817091464996338e-01
1.095793098211288452e-01
-4.433146417140960693e-01
-5.507758259773254395e-01
-7.305472493171691895e-01
3.623699024319648743e-02
6.569877862930297852e-01
-2.890718936920166016e+00
7.692528367042541504e-01
6.515406370162963867e-01
-1.242873743176460266e-01
4.756137356162071228e-02
5.103162676095962524e-02
1.647599935531616211e-01
-4.304694533348083496e-01
-9.061365127563476562e-01
7.842028737068176270e-01
-4.216021299362182617e-01
3.377058506011962891e-01
1.329557895660400391e-01
-3.313713371753692627e-01
4.161390662193298340e-01
-9.772560559213161469e-03
-3.906445503234863281e-01
-5.855040550231933594e-01
5.042717456817626953e-01
-1.676518917083740234e-01
-1.007359996438026428e-01
3.578130006790161133e-01
8.819483220577239990e-02
5.177255868911743164e-01
1.117972493171691895e+00
-8.101689815521240234e-01
5.997441411018371582e-01
-4.316685795783996582e-01
7.424216270446777344e-01
1.044532179832458496e+00
-7.215062379837036133e-01
6.408799886703491211e-01
-5.994080007076263428e-02
3.996359407901763916e-01
1.112055853009223938e-01
3.679119050502777100e-01
1.197647452354431152e+00
1.898272931575775146e-01
3.935952484607696533e-01
1.903154373168945312e+00
3.449827730655670166e-01
6.207244396209716797e-01
-6.404523849487304688e-01
-1.174162849783897400e-01
3.178794384002685547e-01
1.829819679260253906e+00
-1.960849910974502563e-01
2.663395106792449951e-01
-3.601010143756866455e-01
7.477402687072753906e-02
2.367464303970336914e-01
-2.370316535234451294e-01
6.681402325630187988e-01
-1.085252285003662109e+00
-2.104316204786300659e-01
-7.587617635726928711e-01
-1.053543806076049805e+00
-2.848577201366424561e-01
-9.633562564849853516e-01
-7.816010713577270508e-01
-9.060654044151306152e-01
-5.862502455711364746e-01
7.166348695755004883e-01
-1.440971493721008301e+00
-3.098016977310180664e-01
3.429541885852813721e-01
1.213205695152282715e+00
2.764032920822501183e-03
-8.069952726364135742e-01
-7.341060638427734375e-01
-6.638441681861877441e-01
3.812686204910278320e-01
6.072446107864379883e-01
9.221140742301940918e-01
6.324914097785949707e-01
4.009727835655212402e-01
-4.456770792603492737e-02
1.655082404613494873e-01
1.043903708457946777e+00
2.138216793537139893e-01
2.632835805416107178e-01
7.698838412761688232e-02
-3.348551392555236816e-01
8.034399151802062988e-01
6.972558051347732544e-02
-1.273407816886901855e+00
-1.377994716167449951e-01
7.296122908592224121e-01
1.855058193206787109e+00
3.559786677360534668e-01
1.107425093650817871e-01
-4.980363845825195312e-01
-4.110682308673858643e-01
-9.595648050308227539e-01
-9.769501090049743652e-01
1.449948787689208984e+00
1.106179118156433105e+00
-2.495935410261154175e-01
7.402309775352478027e-01
5.494975447654724121e-01
-6.770284771919250488e-01
9.607049077749252319e-02
-2.278722971677780151e-01
-3.309794142842292786e-02
1.421115994453430176e-01
1.398386657238006592e-01
1.832747817039489746e+00
-1.874321550130844116e-01
-7.423795461654663086e-01
6.025310754776000977e-01
1.883267015218734741e-01
6.847618222236633301e-01
2.907228767871856689e-01
-1.245989352464675903e-01
-7.703742980957031250e-01
-1.188856288790702820e-01
-1.820500642061233521e-01
4.797922968864440918e-01
-6.857427954673767090e-01
-1.790439486503601074e-01
7.100801467895507812e-01
5.398834347724914551e-01
6.711081266403198242e-01
-6.625902652740478516e-01
-1.683693677186965942e-01
-9.361976385116577148e-01
4.937452971935272217e-01
6.222290396690368652e-01
-8.597772717475891113e-01
-3.330116868019104004e-01
-2.496179938316345215e-01
-8.601511120796203613e-01
6.270613670349121094e-01
-1.853361845016479492e+00
8.630104362964630127e-02
-1.324637889862060547e+00
-4.700647890567779541e-01
5.544196367263793945e-01
1.131052374839782715e+00
6.839616298675537109e-01
-6.824522018432617188e-01
-7.653205394744873047e-01
-2.548671960830688477e-01
5.629144906997680664e-01
-2.285744696855545044e-01
-1.795826256275177002e-01
6.595256328582763672e-01
6.767254471778869629e-01
-1.037057638168334961e+00
-6.242830157279968262e-01
4.054105281829833984e-01
-6.127098575234413147e-02
-5.922563672065734863e-01
6.646604537963867188e-01
7.345182299613952637e-01
-4.491250813007354736e-01
-2.893916964530944824e-01
-9.919146895408630371e-01
2.423779368400573730e-01
9.301235079765319824e-01
-8.908391594886779785e-01
-7.634494304656982422e-01
3.234697505831718445e-02
2.224164962768554688e+00
-2.365483939647674561e-01
-9.020108729600906372e-02
-1.276339031755924225e-02
2.198124378919601440e-01
1.120382666587829590e+00
5.315354210324585438e-04
-1.132143065333366394e-01
6.661736369132995605e-01
-1.098414883017539978e-01
2.509018480777740479e-01
7.052752375602722168e-01
-1.022149205207824707e+00
7.760723680257797241e-02
-8.490831851959228516e-01
7.555146813392639160e-01
-9.758326411247253418e-01
-8.412566781044006348e-01
3.642542064189910889e-01
-2.661496400833129883e-01
5.959595441818237305e-01
-4.341517388820648193e-02
-4.679655730724334717e-01
1.162227690219879150e-01
-4.984245002269744873e-01
4.294927418231964111e-01
4.380376636981964111e-02
9.387049823999404907e-02
3.544436097145080566e-01
7.153674960136413574e-01
4.407313466072082520e-01
-6.854251027107238770e-01
1.638861298561096191e-01
2.950710952281951904e-01
6.553109884262084961e-01
4.788418114185333252e-01
-9.688079357147216797e-01
6.096735000610351562e-01
-7.276526093482971191e-01
-1.027576208114624023e+00
-1.921652317047119141e+00
-2.973360061645507812e+00
1.292590610682964325e-02
-1.746670901775360107e-01
6.059227585792541504e-01
6.265680491924285889e-02
-9.221515059471130371e-01
4.994731247425079346e-01
-8.579036593437194824e-01
1.019521236419677734e+00
-9.743408113718032837e-02
-4.238118529319763184e-01
2.050108760595321655e-01
6.201384067535400391e-01
-1.096854209899902344e-01
5.283366441726684570e-01
-6.257342100143432617e-01
6.284522265195846558e-02
-1.338645666837692261e-01
6.416978836059570312e-01
-1.367239505052566528e-01
-7.674834728240966797e-01
5.401577353477478027e-01
-9.464892148971557617e-01
6.472642421722412109e-01
-1.689107656478881836e+00
-2.367698699235916138e-01
-2.957042157649993896e-01
6.544502824544906616e-02
-5.267963930964469910e-02
5.520861968398094177e-02
-2.230137288570404053e-01
8.248193860054016113e-01
1.252876818180084229e-01
1.088174711912870407e-02
9.386374950408935547e-01
7.862372994422912598e-01
2.885777354240417480e-01
1.007151324301958084e-02
-3.739643096923828125e-01
-1.151899218559265137e+00
9.870449304580688477e-01
-2.696799755096435547e+00
5.325469374656677246e-01
-1.070420026779174805e+00
-1.468834429979324341e-01
8.592038415372371674e-03
3.488682508468627930e-01
6.131234765052795410e-01
-1.588585972785949707e-01
1.192602142691612244e-02
-3.239813446998596191e-02
-4.275519549846649170e-01
1.471696943044662476e-01
-1.001907046884298325e-02
-2.443238645792007446e-01
-9.387282729148864746e-01
-6.058946847915649414e-01
-2.052657008171081543e-01
2.544635534286499023e-01
6.465266942977905273e-01
4.006732404232025146e-01
-2.541737258434295654e-01
-7.523247599601745605e-01
6.514511108398437500e-01
1.350801467895507812e+00
-8.537018895149230957e-01
4.923107326030731201e-01
-6.448339223861694336e-01
-3.431602418422698975e-01
8.723424673080444336e-01
1.420922756195068359e+00
1.703419089317321777e+00
-1.131528377532958984e+00
-6.607394814491271973e-01
-7.271080613136291504e-01
-1.789450526237487793e+00
6.112705469131469727e-01
-1.503762509673833847e-02
-7.993025779724121094e-01
8.149313926696777344e-01
-8.008674979209899902e-01
1.212779805064201355e-01
-5.420489907264709473e-01
-1.247960090637207031e+00
6.831774711608886719e-01
4.665150642395019531e-01
6.910420488566160202e-03
-1.509464234113693237e-01
-1.055734276771545410e+00
1.099743470549583435e-01
-3.660589158535003662e-01
-4.897818565368652344e-01
-9.389259815216064453e-01
6.071975827217102051e-01
5.706879124045372009e-02
2.509983777999877930e-01
-3.993172198534011841e-02
-6.612043976783752441e-01
-3.411207348108291626e-02
-4.316773414611816406e-01
-1.146513223648071289e+00
3.045862615108489990e-01
6.969192624092102051e-01
-5.514940619468688965e-01
1.115352287888526917e-01
9.429609775543212891e-01
9.359897375106811523e-01
-5.924893617630004883e-01
-5.694304108619689941e-01
4.870142340660095215e-01
-3.801748454570770264e-01
1.125912517309188843e-01
5.939278006553649902e-01
-1.514238476753234863e+00
3.943761065602302551e-02
-2.437284588813781738e-01
-2.652018368244171143e-01
-1.317561268806457520e-01
1.573940217494964600e-01
2.616273760795593262e-01
4.536993335932493210e-03
3.738621175289154053e-01
3.613427281379699707e-01
-6.214140653610229492e-01
5.493966937065124512e-01
-1.834135770797729492e+00
-1.812812089920043945e-01
-3.111032247543334961e-01
8.697772622108459473e-01
-4.081722199916839600e-01
2.124663256108760834e-02
5.154740214347839355e-01
-5.466006398200988770e-01
-3.765687644481658936e-01
-3.717804849147796631e-01
4.678786098957061768e-01
1.064167976379394531e+00
4.042083621025085449e-01
-6.227642893791198730e-01
-1.000470399856567383e+00
-5.807347297668457031e-01
-2.458315044641494751e-01
1.837803572416305542e-01
-1.021830663084983826e-01
3.226709961891174316e-01
-3.494952023029327393e-01
3.411446511745452881e-01
-7.265768051147460938e-01
2.269835710525512695e+00
1.290990561246871948e-01
4.937945902347564697e-01
3.905647993087768555e-01
-1.840902566909790039e-01
-1.123452782630920410e+00
-2.293300926685333252e-01
-8.792433887720108032e-02
4.820660650730133057e-01
5.827118754386901855e-01
-1.603588312864303589e-01
-1.018072962760925293e+00
-1.525294184684753418e+00
4.254090189933776855e-01
2.590086162090301514e-01
-9.381951391696929932e-02
3.463535308837890625e-01
4.353118836879730225e-01
-8.090126514434814453e-01
4.172102510929107666e-01
5.500193834304809570e-01
1.195925921201705933e-01
1.077760100364685059e+00
-2.299690097570419312e-01
-4.856257736682891846e-01
-2.965909540653228760e-01
2.873365879058837891e-01
-7.702085375785827637e-01
1.490947008132934570e+00
2.012834250926971436e-01
2.070094645023345947e-01
6.979537010192871094e-01
-5.359446406364440918e-01
4.762195050716400146e-01
6.066998243331909180e-01
6.799506396055221558e-02
1.964405179023742676e-01
7.045505642890930176e-01
8.716013431549072266e-01
-5.995605587959289551e-01
-7.444119453430175781e-01
-1.361399650573730469e+00
-7.436622977256774902e-01
-1.095241189002990723e+00
3.848759531974792480e-01
-3.755751848220825195e-01
1.218917034566402435e-02
-2.567679286003112793e-01
7.306340932846069336e-01
1.111600041389465332e+00
8.887121081352233887e-01
-6.504360437393188477e-01
-1.448200792074203491e-01
4.622389376163482666e-01
6.873897314071655273e-01
3.216146230697631836e-01
2.555162906646728516e-01
-1.885827064514160156e+00
3.953102510422468185e-03
1.460871845483779907e-01
-6.751586794853210449e-01
-2.747900318354368210e-03
4.022984206676483154e-01
-1.040694117546081543e+00
5.295577645301818848e-01
1.205524504184722900e-01
-1.047753572463989258e+00
1.120816916227340698e-01
-1.081481933593750000e+00
-3.062776565551757812e+00
8.031359910964965820e-01
1.262225769460201263e-02
-5.574600100517272949e-01
3.347981870174407959e-01
5.598192214965820312e-01
3.975164145231246948e-02
-1.076427340507507324e+00
-3.435938358306884766e-01
2.373726516962051392e-01
4.167106747627258301e-01
6.210752129554748535e-01
-8.179158568382263184e-01
8.190231323242187500e-01
-7.186095118522644043e-01
2.198838815093040466e-02
2.803542613983154297e-01
2.522355914115905762e-01
5.585808753967285156e-01
-5.080159306526184082e-01
8.637081086635589600e-02
-6.720899790525436401e-02
2.953355908393859863e-01
7.010921835899353027e-01
-4.066992998123168945e-01
1.280196160078048706e-01
6.384350657463073730e-01
-1.406543850898742676e+00
-4.009702205657958984e-01
1.063745617866516113e+00
8.009280562400817871e-01
-1.496028155088424683e-01
-6.938633322715759277e-01
8.519726395606994629e-01
1.045893669128417969e+00
-5.308356881141662598e-01
-4.826779291033744812e-02
3.741096556186676025e-01
-1.696398138999938965e+00
-4.486523568630218506e-01
-1.590236067771911621e+00
4.609955549240112305e-01
-1.678120732307434082e+00
-8.232143521308898926e-01
-2.422051876783370972e-01
-7.276017963886260986e-02
-3.733927607536315918e-01
-4.333059787750244141e-01
4.182632863521575928e-01
7.380087971687316895e-01
3.345781862735748291e-01
1.922882720828056335e-02
5.506297349929809570e-01
2.219749242067337036e-01
