-1.169336736202239990e-01
8.544928431510925293e-01
-4.123430550098419189e-01
3.076366782188415527e-01
2.157547976821660995e-03
3.019088804721832275e-01
-5.148591399192810059e-01
-9.973787069320678711e-01
-3.668360114097595215e-01
-9.002016186714172363e-01
-4.107834100723266602e-01
-4.685983657836914062e-01
2.977922558784484863e-01
1.634717136621475220e-01
4.756778478622436523e-01
-1.773640990257263184e+00
-4.712511599063873291e-01
8.249160051345825195e-01
-1.912536382675170898e+00
1.145075440406799316e+00
6.972599774599075317e-02
8.050898909568786621e-01
-1.309781819581985474e-01
-7.839490771293640137e-01
-7.909470796585083008e-01
-2.680989205837249756e-01
-4.173336550593376160e-02
5.132122039794921875e-01
-7.860779762268066406e-01
6.123436689376831055e-01
-1.334704995155334473e+00
3.571512997150421143e-01
-1.587934732437133789e+00
4.615466576069593430e-03
-1.028694987297058105e+00
-8.023740053176879883e-01
7.195484638214111328e-02
-1.756984472274780273e+00
-4.227565601468086243e-02
1.402739286422729492e+00
-3.152508735656738281e-01
-1.096416950225830078e+00
2.117147669196128845e-04
-4.771377146244049072e-02
-4.629826843738555908e-01
4.282861948013305664e-01
1.191693663597106934e+00
4.827972352504730225e-01
7.418497204780578613e-01
1.293377995491027832e+00
3.777239918708801270e-01
-6.910443902015686035e-01
-1.008109927177429199e+00
-6.512993574142456055e-01
1.532685756683349609e+00
-4.447310864925384521e-01
4.139335751533508301e-01
-4.288694635033607483e-02
3.006075918674468994e-01
2.294196844100952148e+00
1.526021122932434082e+00
-2.969098985195159912e-01
1.211319565773010254e+00
7.402234077453613281e-01
1.475687921047210693e-01
-8.252088427543640137e-01
-1.021179914474487305e+00
-9.822937846183776855e-01
1.119125008583068848e+00
-8.625902533531188965e-01
-1.155368566513061523e+00
1.722686529159545898e+00
9.883279353380203247e-02
-1.071964263916015625e+00
1.125743746757507324e+00
6.774533390998840332e-01
4.543874859809875488e-01
3.570622503757476807e-01
4.257705211639404297e-01
7.215706259012222290e-02
1.923371404409408569e-01
1.809774190187454224e-01
-2.305236816406250000e+00
5.878776684403419495e-02
7.826508879661560059e-01
6.826339364051818848e-01
-6.094792485237121582e-01
-1.003873705863952637e+00
-1.557375073432922363e+00
-4.546044021844863892e-02
4.345619119703769684e-03
-1.726666927337646484e+00
-9.082921743392944336e-01
1.839858770370483398e+00
-1.039142608642578125e+00
5.810375213623046875e-01
2.240841509774327278e-03
-2.634442448616027832e-01
-1.438320994377136230e+00
-4.333022534847259521e-01
-1.476141333580017090e+00
-1.018565773963928223e+00
1.068001985549926758e+00
6.110352873802185059e-01
-1.927947849035263062e-01
-6.006082296371459961e-01
-5.358970165252685547e-01
1.865122199058532715e+00
3.888737559318542480e-01
1.200583651661872864e-01
-1.203440651297569275e-01
-1.815355271100997925e-01
-3.391233980655670166e-01
2.767379581928253174e-01
9.811768680810928345e-02
4.617525637149810791e-01
5.400063097476959229e-02
-2.306384325027465820e+00
9.974038600921630859e-01
7.454020380973815918e-01
3.931260108947753906e-01
1.665352582931518555e+00
-1.693193554878234863e+00
8.367174863815307617e-01
6.425601243972778320e-01
-2.620053663849830627e-02
1.861589550971984863e+00
3.551452755928039551e-01
-5.735147595405578613e-01
-5.297339558601379395e-01
1.150436639785766602e+00
-1.105836629867553711e+00
4.961613416671752930e-01
-2.173169612884521484e+00
-2.655635178089141846e-01
4.514856934547424316e-01
-1.291266530752182007e-01
-1.390692710876464844e+00
-1.162425398826599121e+00
9.739508032798767090e-01
-1.797789573669433594e+00
-1.358275532722473145e+00
2.166624546051025391e+00
9.861630201339721680e-01
1.182863593101501465e+00
-8.283298611640930176e-01
-9.704918265342712402e-01
-1.554730057716369629e+00
-8.946883082389831543e-01
-1.693883687257766724e-01
7.217760086059570312e-01
2.976969778537750244e-01
1.098744750022888184e+00
-1.549883842468261719e+00
5.585878491401672363e-01
-6.251401305198669434e-01
-1.124886751174926758e+00
5.265547633171081543e-01
-1.123178124427795410e+00
1.201583385467529297e+00
1.702966690063476562e-01
9.111968278884887695e-01
-2.460119873285293579e-01
-4.099828898906707764e-01
8.860766887664794922e-02
-1.088886737823486328e+00
4.674340486526489258e-01
-8.745770901441574097e-03
6.655181944370269775e-02
3.828824684023857117e-02
6.641143560409545898e-01
-3.605641126632690430e-01
-2.294262886047363281e+00
4.320759177207946777e-01
3.163822889328002930e-01
-8.412884473800659180e-01
-2.082928866147994995e-01
6.136183813214302063e-02
-1.606854915618896484e+00
6.552756428718566895e-01
-5.153169855475425720e-02
-2.821377038955688477e+00
1.820065453648567200e-02
1.001182317733764648e+00
2.265174686908721924e-01
9.637859463691711426e-01
-1.134584188461303711e+00
-1.695118546485900879e-01
4.556830599904060364e-02
1.716291427612304688e+00
-1.361618191003799438e-01
-1.097951903939247131e-01
2.546231150627136230e-01
9.625532627105712891e-01
-1.422964692115783691e+00
-4.906534254550933838e-01
-7.186724543571472168e-01
5.938469767570495605e-01
-1.207223534584045410e+00
-9.556913375854492188e-01
-8.070015311241149902e-01
-2.797075510025024414e-01
-6.610814929008483887e-01
-1.623086571693420410e+00
5.161678791046142578e-01
7.368105649948120117e-01
1.420292258262634277e-01
-1.109208822250366211e+00
1.382952690124511719e+00
-1.311592459678649902e+00
-5.819057822227478027e-01
2.392892092466354370e-01
8.167951703071594238e-01
3.564508855342864990e-01
1.204677700996398926e+00
-4.723386093974113464e-02
5.910940170288085938e-01
-2.516747415065765381e-01
-7.588344216346740723e-01
1.063320517539978027e+00
1.287181824445724487e-01
9.874435067176818848e-01
-5.656301975250244141e-03
1.546889543533325195e+00
-2.614173293113708496e-01
-5.290150642395019531e-01
5.816458538174629211e-02
2.839645743370056152e-01
8.217627406120300293e-01
-2.388546317815780640e-01
2.559074461460113525e-01
-2.961773276329040527e-01
-1.440656185150146484e+00
3.080775737762451172e-01
5.938632488250732422e-01
3.071118593215942383e-01
1.322966814041137695e+00
1.037618637084960938e+00
-1.075390100479125977e+00
-6.779470443725585938e-01
8.720902204513549805e-01
-6.874338388442993164e-01
-1.214912056922912598e+00
8.163280487060546875e-01
-1.036016821861267090e+00
3.525760173797607422e-01
-1.937163174152374268e-01
1.904187798500061035e+00
1.033909678459167480e+00
-6.531342864036560059e-02
5.419272184371948242e-01
-1.217920780181884766e+00
-1.464757680892944336e+00
-1.105359196662902832e+00
4.262554049491882324e-01
-2.542982995510101318e-01
-3.692034184932708740e-01
1.340940892696380615e-01
1.167918443679809570e+00
-8.827437758445739746e-01
-4.914205893874168396e-02
-7.409865409135818481e-02
1.028449058532714844e+00
7.337471842765808105e-02
-8.084197044372558594e-01
7.254380583763122559e-01
9.759562015533447266e-01
-1.777800768613815308e-01
1.473469018936157227e+00
-3.069868311285972595e-03
1.528540968894958496e+00
2.832456529140472412e-01
-1.865557312965393066e+00
2.374951094388961792e-01
-9.202051162719726562e-02
1.604428648948669434e+00
1.273539543151855469e+00
-4.370723664760589600e-01
-1.266616135835647583e-01
-6.353379040956497192e-02
8.588463664054870605e-01
-1.879714846611022949e+00
4.376359283924102783e-02
1.324452519416809082e+00
8.572493195533752441e-01
-3.546955287456512451e-01
-6.143301352858543396e-02
4.934210479259490967e-01
1.299572229385375977e+00
2.096467316150665283e-01
-1.054167270660400391e+00
-3.319092094898223877e-01
7.120356559753417969e-01
3.223396778106689453e+00
1.681101202964782715e+00
-9.806403517723083496e-01
3.626865744590759277e-01
8.786124736070632935e-02
5.038634538650512695e-01
3.459006547927856445e-02
-2.019584923982620239e-01
-8.201599121093750000e-01
3.037260770797729492e-01
-4.156952500343322754e-01
-1.146545171737670898e+00
1.874595731496810913e-01
6.107965707778930664e-01
-1.671834886074066162e-01
8.506836891174316406e-01
-1.230104863643646240e-01
-8.843094110488891602e-01
-1.279594898223876953e+00
-4.970120191574096680e-01
2.650834023952484131e-01
-1.716101408004760742e+00
-4.081087112426757812e-01
5.777314901351928711e-01
3.530150055885314941e-01
6.849679946899414062e-01
-1.484631657600402832e+00
-3.552127480506896973e-01
1.621671169996261597e-01
-7.613084912300109863e-01
4.194175899028778076e-01
4.302995279431343079e-02
2.771500945091247559e-01
-5.090321898460388184e-01
-2.060186564922332764e-01
-5.896664857864379883e-01
4.408525228500366211e-01
-8.178852200508117676e-01
7.527150511741638184e-01
-5.084132552146911621e-01
-1.788071841001510620e-01
-2.137506194412708282e-02
-1.606411486864089966e-01
-2.782044112682342529e-01
-3.410461172461509705e-02
1.010532736778259277e+00
-1.720181703567504883e+00
8.736185431480407715e-01
6.944316625595092773e-01
-5.335930585861206055e-01
8.568043112754821777e-01
2.705236375331878662e-01
-1.830632239580154419e-01
-1.226028680801391602e+00
-1.741523146629333496e-01
-3.857780992984771729e-01
-1.353333711624145508e+00
-1.513610482215881348e+00
-2.549608349800109863e-01
5.440905094146728516e-01
-3.050886988639831543e-01
-9.246056079864501953e-01
-2.926589250564575195e-01
-7.016335129737854004e-01
-9.627789258956909180e-01
-2.473679371178150177e-02
9.307580590248107910e-01
-9.950274229049682617e-02
-1.522115230560302734e+00
1.833032816648483276e-01
-3.527041375637054443e-01
-9.119166731834411621e-01
6.735737323760986328e-01
1.133809328079223633e+00
1.399492025375366211e-01
-3.263095915317535400e-01
2.297689169645309448e-01
1.461797952651977539e+00
1.003291487693786621e+00
1.110020160675048828e+00
1.264860987663269043e+00
-3.802635669708251953e-01
-1.598733663558959961e-01
4.403594732284545898e-01
-1.119764208793640137e+00
-9.690287709236145020e-01
1.779349803924560547e+00
1.963381171226501465e+00
1.088782429695129395e+00
9.653496742248535156e-02
-1.027747988700866699e+00
5.723190307617187500e-02
-3.192682266235351562e-01
-3.228428661823272705e-01
-5.727700591087341309e-01
7.840970158576965332e-01
1.390209436416625977e+00
1.726728916168212891e+00
2.204022854566574097e-01
1.091991066932678223e+00
8.596343398094177246e-01
2.815760672092437744e-01
5.745162963867187500e-01
-2.000887870788574219e+00
2.273248285055160522e-01
-3.154926374554634094e-02
9.665851593017578125e-01
-6.073634624481201172e-01
1.778621822595596313e-01
5.192624926567077637e-01
8.271875977516174316e-01
5.153292417526245117e-01
-1.163490861654281616e-01
-4.377634525299072266e-01
-9.185217320919036865e-02
2.794786095619201660e-01
-6.182230114936828613e-01
-1.191457509994506836e-01
-2.618568576872348785e-02
-7.944734692573547363e-01
-6.889581680297851562e-02
-5.664448142051696777e-01
9.564036130905151367e-01
-9.476283192634582520e-01
1.077363848686218262e+00
-3.757735490798950195e-01
4.844876527786254883e-01
-5.480545759201049805e-01
-5.240072011947631836e-01
3.996936678886413574e-01
4.310276508331298828e-01
-1.180520534515380859e+00
-3.722386062145233154e-01
7.083097100257873535e-01
4.690653681755065918e-01
-7.852438837289810181e-02
-1.359257102012634277e+00
9.215983003377914429e-02
-8.803750872611999512e-01
8.008274435997009277e-01
-7.746335268020629883e-01
5.334806442260742188e-01
5.014581680297851562e-01
1.021456718444824219e+00
1.053656101226806641e+00
-5.121498703956604004e-01
-9.891006946563720703e-01
9.237211942672729492e-02
3.645331263542175293e-01
-9.301285147666931152e-01
8.181456923484802246e-01
3.299941420555114746e-01
-9.005956649780273438e-01
-1.586417406797409058e-01
-1.033250331878662109e+00
1.462952047586441040e-01
-1.283561825752258301e+00
-4.832870066165924072e-01
-2.715382575988769531e-01
2.711108922958374023e-01
-6.038308739662170410e-01
9.119538217782974243e-02
3.976281583309173584e-01
5.283459424972534180e-01
1.928964018821716309e+00
-3.536528646945953369e-01
-4.000751376152038574e-01
-9.681771993637084961e-01
-1.371873497962951660e+00
-5.274085402488708496e-01
-3.241225183010101318e-01
1.195003628730773926e+00
-9.685603976249694824e-01
-4.577053487300872803e-01
1.127740383148193359e+00
-7.743778228759765625e-01
-8.054121732711791992e-01
-2.921906113624572754e-01
-6.315649747848510742e-01
-6.644914746284484863e-01
-6.182752251625061035e-01
-5.776816010475158691e-01
-1.972599178552627563e-01
-1.732161343097686768e-01
1.948587149381637573e-01
-1.125022888183593750e+00
5.420053005218505859e-01
1.184113383293151855e+00
4.690754413604736328e-01
-5.336993932723999023e-01
3.044916689395904541e-01
6.238420009613037109e-01
4.895706474781036377e-01
-7.178626656532287598e-01
3.745492398738861084e-01
1.710847020149230957e-01
1.427171528339385986e-01
-4.730521738529205322e-01
1.786297559738159180e+00
1.520373940467834473e+00
9.748566150665283203e-01
4.764633178710937500e-01
7.488523721694946289e-01
-5.346976518630981445e-01
-2.555278062820434570e+00
6.406210064888000488e-01
4.656411409378051758e-01
9.405689835548400879e-01
-4.337419569492340088e-02
-8.014394044876098633e-01
1.232484340667724609e+00
6.270051235333085060e-04
-7.619424462318420410e-01
-1.846221387386322021e-01
1.261411756277084351e-01
-5.286240577697753906e-01
-4.756857752799987793e-01
9.879657626152038574e-01
-2.278931885957717896e-01
9.764091968536376953e-01
3.852362632751464844e-01
-8.422937989234924316e-02
2.289554625749588013e-01
-7.023348808288574219e-01
3.989976048469543457e-01
1.279263734817504883e+00
-1.849259585142135620e-01
-1.046088635921478271e-01
1.338846143335103989e-02
-1.286679983139038086e+00
-4.314930438995361328e-01
-1.220577359199523926e+00
-1.567890122532844543e-02
-1.266955852508544922e+00
2.726703137159347534e-02
-1.879478991031646729e-01
-8.819454312324523926e-01
-9.873082041740417480e-01
6.482574343681335449e-01
3.642405569553375244e-01
-3.155949115753173828e-01
-2.189568430185317993e-01
-4.386466145515441895e-01
5.525702238082885742e-01
-1.361885309219360352e+00
-5.350717902183532715e-01
1.270952075719833374e-01
2.339711427688598633e+00
9.622687697410583496e-01
-9.889419078826904297e-01
8.554979562759399414e-01
8.263832330703735352e-01
-2.785514891147613525e-01
8.290758132934570312e-01
-2.643443942070007324e-01
2.300321012735366821e-01
-2.744385302066802979e-01
-6.953108310699462891e-01
8.908954858779907227e-01
-1.366258382797241211e+00
-1.448280930519104004e+00
1.576942920684814453e+00
1.005136609077453613e+00
8.927634358406066895e-01
2.812643051147460938e-01
1.100503802299499512e+00
-1.548634916543960571e-01
-9.997685551643371582e-01
2.806397914886474609e+00
1.618687435984611511e-02
-1.088384017348289490e-01
-1.172736063599586487e-01
-7.298454642295837402e-01
-5.281053185462951660e-01
6.006662249565124512e-01
-3.155713528394699097e-02
5.587453842163085938e-01
1.286979317665100098e+00
1.261144042015075684e+00
-3.162613809108734131e-01
-9.784867167472839355e-01
2.752619385719299316e-01
1.284311562776565552e-01
-8.940280079841613770e-01
4.311608970165252686e-01
5.274594426155090332e-01
1.304514855146408081e-01
-6.176068186759948730e-01
1.175180912017822266e+00
-3.842131495475769043e-01
9.952996969223022461e-01
-1.332262158393859863e+00
-3.226653337478637695e-01
-7.416775226593017578e-01
-9.940204024314880371e-01
2.534972876310348511e-02
-1.229987859725952148e+00
-1.187853664159774780e-01
4.082209169864654541e-01
4.081460833549499512e-01
-2.852306365966796875e-01
1.543286144733428955e-01
-6.178410649299621582e-01
-8.180516958236694336e-02
8.315115571022033691e-01
1.162424236536026001e-01
1.405161738395690918e+00
-2.629511356353759766e-01
-1.137802243232727051e+00
-1.380374670028686523e+00
5.243282914161682129e-01
5.617463588714599609e-01
-7.433141469955444336e-01
2.126243859529495239e-01
-1.379767775535583496e+00
-5.342662334442138672e-01
1.485893875360488892e-01
-1.224861592054367065e-01
3.930240869522094727e-01
6.257564574480056763e-02
9.474492073059082031e-01
-2.633272886276245117e+00
9.857854843139648438e-01
2.328145503997802734e-01
-6.733965277671813965e-01
-1.894564181566238403e-01
-1.150973737239837646e-01
-2.776532173156738281e-01
4.130222201347351074e-01
-6.798391342163085938e-01
4.334498047828674316e-01
-3.572626113891601562e-01
5.393297672271728516e-01
8.665086627006530762e-01
1.288741469383239746e+00
4.350278899073600769e-02
-1.658040046691894531e+00
-4.876488745212554932e-01
6.233658194541931152e-01
-8.599418401718139648e-01
1.256663799285888672e+00
3.887771368026733398e-01
-5.166686773300170898e-01
-1.740761518478393555e+00
2.478335499763488770e-01
9.575343132019042969e-01
8.114776611328125000e-01
1.553500771522521973e+00
1.409353911876678467e-01
-1.237144589424133301e+00
1.827040553092956543e+00
5.581821203231811523e-01
1.876154243946075439e-01
-5.038691759109497070e-01
-1.759239584207534790e-01
1.058631777763366699e+00
-4.422060847282409668e-01
-1.169712468981742859e-01
2.152892649173736572e-01
-1.642983198165893555e+00
-2.711226642131805420e-01
2.620367705821990967e-01
-4.342712461948394775e-01
-6.181487441062927246e-01
-7.725529074668884277e-01
5.053791999816894531e-01
-1.891464591026306152e+00
-1.616156399250030518e-01
5.236079692840576172e-01
4.490550458431243896e-01
6.988358497619628906e-01
-1.066731661558151245e-01
5.270892977714538574e-01
4.563517868518829346e-01
1.195889618247747421e-02
1.760486215353012085e-01
-4.471267163753509521e-01
-1.182258129119873047e+00
1.812404766678810120e-02
-9.796416759490966797e-01
9.034551382064819336e-01
-2.937459051609039307e-01
-4.798160195350646973e-01
-8.444848060607910156e-01
-2.902042865753173828e-01
9.448705911636352539e-01
7.031090855598449707e-01
5.113064646720886230e-01
-1.207370519638061523e+00
8.324803638970479369e-05
-4.224722087383270264e-01
-1.202566623687744141e+00
4.579189717769622803e-01
9.214612841606140137e-01
1.071563005447387695e+00
-6.824188232421875000e+00
-5.128354430198669434e-01
9.133000671863555908e-02
-4.318376481533050537e-01
1.787926435470581055e+00
-8.190355896949768066e-01
-7.435086369514465332e-01
1.392851114273071289e+00
5.599253773689270020e-01
-9.170665740966796875e-01
-3.703174591064453125e-01
1.217548489570617676e+00
3.648435473442077637e-01
-8.693903088569641113e-01
-1.682524561882019043e+00
1.672105669975280762e+00
2.146555185317993164e+00
7.548161149024963379e-01
1.789940953254699707e+00
-2.567914128303527832e-01
-2.397185325622558594e+00
1.511961579322814941e+00
-9.285492300987243652e-01
1.587320566177368164e+00
-3.616943061351776123e-01
9.457228332757949829e-02
5.806778073310852051e-01
2.900594770908355713e-01
1.138425230979919434e+00
-7.650083899497985840e-01
-6.894420385360717773e-01
-1.347009778022766113e+00
-2.000319480895996094e+00
1.100680351257324219e+00
8.447565883398056030e-02
-2.632316648960113525e-01
3.685170710086822510e-01
8.940294384956359863e-02
2.869292534887790680e-02
-1.189249515533447266e+00
1.867508649826049805e+00
-2.039171010255813599e-02
-7.240682244300842285e-01
-1.418669104576110840e+00
-3.691754043102264404e-01
7.586419582366943359e-02
5.597559213638305664e-01
3.417067825794219971e-01
-4.569192230701446533e-01
3.216346204280853271e-01
2.863240540027618408e-01
1.320626139640808105e+00
-9.275978207588195801e-01
-2.768904566764831543e-01
5.069481581449508667e-02
2.433150053024291992e+00
-6.804589033126831055e-01
-1.606945037841796875e+00
-5.322766900062561035e-01
3.915695846080780029e-01
6.625794768333435059e-01
6.762085109949111938e-02
-1.934060901403427124e-01
-8.362678438425064087e-02
-3.445172011852264404e-01
-1.095218360424041748e-01
-1.228530883789062500e+00
-1.816189289093017578e-01
7.004159688949584961e-01
-7.180649638175964355e-01
-9.636846184730529785e-01
2.879205942153930664e-01
1.174734458327293396e-01
-2.820260822772979736e-01
3.843549489974975586e-01
5.997338891029357910e-01
-1.251342594623565674e-01
-5.881353020668029785e-01
-4.014547765254974365e-01
-7.644017040729522705e-02
