5.152756571769714355e-01
1.315683960914611816e+00
9.417149424552917480e-01
-1.796841621398925781e-02
-4.060305953025817871e-01
-2.546429634094238281e-02
-4.565407037734985352e-01
-8.318319320678710938e-01
-2.618029415607452393e-01
2.603754214942455292e-02
1.082310199737548828e+00
-3.704586923122406006e-01
7.031813859939575195e-01
-8.373187780380249023e-01
-7.027317285537719727e-01
-1.175433397293090820e+00
-2.579410374164581299e-01
9.444813132286071777e-01
1.478882074356079102e+00
-5.890066027641296387e-01
9.176100492477416992e-01
2.475737780332565308e-01
1.379721760749816895e-01
-1.517800539731979370e-01
1.721183806657791138e-01
-6.345582008361816406e-01
7.639473080635070801e-01
-6.351431012153625488e-01
-2.009592771530151367e+00
5.311137437820434570e-02
-7.223853468894958496e-01
-6.623880565166473389e-02
-6.356772184371948242e-01
4.563499689102172852e-01
-9.842224121093750000e-01
-5.072271227836608887e-01
-9.891197681427001953e-01
-1.225549340248107910e+00
-1.404421925544738770e-01
1.338244557380676270e+00
-8.431182503700256348e-01
-3.876014351844787598e-01
-4.243308603763580322e-01
-5.278220176696777344e-01
-7.709261178970336914e-01
-2.171066403388977051e-01
-1.667275652289390564e-02
-3.832894563674926758e-01
-3.405887261033058167e-02
-8.818575739860534668e-02
-8.670454621315002441e-01
2.891708314418792725e-01
7.372121810913085938e-01
6.581345200538635254e-01
5.062283873558044434e-01
-7.657058238983154297e-01
-6.405494809150695801e-01
-1.183160066604614258e+00
1.973009407520294189e-01
6.001958847045898438e-01
6.362051367759704590e-01
-7.224426865577697754e-01
1.530726671218872070e+00
7.713801264762878418e-01
-1.152803301811218262e+00
-9.631184339523315430e-01
4.701182544231414795e-01
-1.912241727113723755e-01
-1.526477187871932983e-02
6.011754646897315979e-02
-2.226565629243850708e-01
5.157012343406677246e-01
-3.992158770561218262e-01
-8.530040979385375977e-01
-4.405803978443145752e-01
1.106832385063171387e+00
4.017557799816131592e-01
-2.566651403903961182e-01
2.148867398500442505e-01
4.827396273612976074e-01
3.783410191535949707e-01
-2.504959143698215485e-02
4.858298227190971375e-02
7.344710230827331543e-01
-3.218141496181488037e-01
1.235931038856506348e+00
-6.393159627914428711e-01
-1.506914347410202026e-01
-4.956198632717132568e-01
-3.436910212039947510e-01
-1.005525350570678711e+00
3.224426805973052979e-01
-2.269790321588516235e-01
1.122955918312072754e+00
8.536161780357360840e-01
-4.508434236049652100e-01
6.159271001815795898e-01
6.307926177978515625e-01
5.921220183372497559e-01
3.275969065725803375e-03
-1.160696387290954590e+00
-1.631381213665008545e-01
-6.215191483497619629e-01
1.398509293794631958e-01
-5.861722826957702637e-01
5.474662780761718750e-01
-9.073947668075561523e-01
1.350684881210327148e+00
3.482310473918914795e-01
-8.277201652526855469e-01
-1.021063089370727539e+00
1.560933589935302734e+00
-3.132666051387786865e-01
-1.056393980979919434e+00
-6.356927752494812012e-02
2.296224981546401978e-01
-1.335415393114089966e-01
-1.611014485359191895e+00
-1.860664933919906616e-01
7.448206543922424316e-01
-2.844085395336151123e-01
6.219493746757507324e-01
-1.030643701553344727e+00
-1.816823035478591919e-01
8.096759915351867676e-01
-1.430992037057876587e-01
1.401312947273254395e+00
9.209738373756408691e-01
-1.114169001579284668e+00
-6.593471020460128784e-02
9.464117884635925293e-01
1.552043259143829346e-01
6.463064551353454590e-01
-4.112473428249359131e-01
-8.261675238609313965e-01
-7.610769867897033691e-01
-3.392947614192962646e-01
-1.057451844215393066e+00
8.272588253021240234e-02
-2.996398136019706726e-02
-1.077304482460021973e+00
-5.007131695747375488e-01
8.517413735389709473e-01
7.144167423248291016e-01
6.387604773044586182e-02
2.353235334157943726e-01
3.106133341789245605e-01
3.252218961715698242e-01
-1.006806492805480957e+00
-1.757721006870269775e-01
-2.830703854560852051e-01
6.110643744468688965e-01
-1.464528441429138184e-01
2.216077893972396851e-01
2.053936123847961426e-01
-5.773833394050598145e-02
-1.391717791557312012e+00
-4.702192246913909912e-01
-1.088513374328613281e+00
2.495503127574920654e-01
5.693485140800476074e-01
-1.023647665977478027e+00
8.804984688758850098e-01
-6.479228734970092773e-01
4.469846785068511963e-01
5.860248208045959473e-01
8.949721604585647583e-02
-3.477671444416046143e-01
4.122262001037597656e-01
-4.471741244196891785e-02
-3.597490787506103516e-01
-1.510995507240295410e+00
-1.607774615287780762e+00
1.380231142044067383e+00
1.458535939455032349e-01
1.054325461387634277e+00
1.237567305564880371e+00
-3.510153591632843018e-01
-5.777726769447326660e-01
8.402109742164611816e-01
-8.360163569450378418e-01
-3.751434683799743652e-01
3.643614649772644043e-01
7.090881466865539551e-01
6.313976645469665527e-01
3.280470669269561768e-01
-8.551477789878845215e-01
-6.604017317295074463e-02
-9.613684564828872681e-02
4.880698919296264648e-01
-4.906771481037139893e-01
-3.419789373874664307e-01
-8.496116846799850464e-02
-7.246308326721191406e-01
-1.167771816253662109e-01
-2.305676788091659546e-01
-6.751926243305206299e-02
1.690795868635177612e-01
7.835093885660171509e-02
-1.619050502777099609e+00
6.491078734397888184e-01
-1.905608773231506348e-01
9.160596132278442383e-01
-2.313699722290039062e-01
-1.832673400640487671e-01
6.027539074420928955e-02
8.458935469388961792e-02
8.646163940429687500e-01
1.481967091560363770e+00
-1.077913641929626465e+00
-7.986534833908081055e-01
4.887020289897918701e-01
1.516463756561279297e+00
8.260942101478576660e-01
-1.246211752295494080e-01
1.184474945068359375e+00
1.246742963790893555e+00
-4.252156615257263184e-01
-5.545894503593444824e-01
-8.659852743148803711e-01
-1.642007380723953247e-01
-1.143526285886764526e-01
-9.265111386775970459e-02
-4.678078889846801758e-01
-1.135259032249450684e+00
3.493775725364685059e-01
2.578517496585845947e-01
-1.415671706199645996e-01
-7.400394678115844727e-01
-6.811036467552185059e-01
3.132487833499908447e-01
-2.565776929259300232e-02
-1.064814925193786621e-01
8.849757313728332520e-01
9.841514229774475098e-01
5.836091041564941406e-01
7.880448698997497559e-01
1.119204014539718628e-01
-5.611819028854370117e-01
-4.691965878009796143e-01
3.746247589588165283e-01
-1.336410760879516602e+00
-6.343261003494262695e-01
3.006529621779918671e-02
-2.432727366685867310e-01
-1.909256875514984131e-01
-3.545343875885009766e-01
4.893195033073425293e-01
9.473999738693237305e-01
5.270709469914436340e-02
-1.169233024120330811e-01
-8.245764970779418945e-01
-1.019550561904907227e+00
-1.515266001224517822e-01
-2.538157626986503601e-02
-2.511531114578247070e-01
-4.279408752918243408e-01
-2.529839240014553070e-02
2.111139446496963501e-01
-1.043750047683715820e+00
-7.231072783470153809e-01
4.548405706882476807e-01
2.680180966854095459e-02
-4.255006313323974609e-01
3.294211626052856445e-01
4.274390935897827148e-01
-1.082977876067161560e-01
7.818117737770080566e-01
1.949417889118194580e-01
-6.413718312978744507e-02
1.201368093490600586e+00
-7.964564561843872070e-01
7.794424295425415039e-01
2.078564465045928955e-01
-6.295343637466430664e-01
-1.710739135742187500e+00
6.987493634223937988e-01
-5.892639979720115662e-02
-1.403005868196487427e-01
-6.397700905799865723e-01
5.244193673133850098e-01
-6.320652961730957031e-01
6.741176247596740723e-01
4.425271749496459961e-01
1.288925051689147949e+00
1.106047071516513824e-02
-1.183803915977478027e+00
-1.716626435518264771e-01
-1.041754409670829773e-01
-1.655492633581161499e-01
-1.188705682754516602e+00
-6.289769411087036133e-01
-8.670573234558105469e-01
1.808016419410705566e+00
3.198087215423583984e-01
-3.969505727291107178e-01
-1.603285521268844604e-01
1.986267119646072388e-01
-5.417675971984863281e-01
1.158275008201599121e-01
-3.483321368694305420e-01
-1.199578166007995605e+00
1.367204785346984863e+00
3.815459907054901123e-01
3.557148948311805725e-02
-4.909430071711540222e-02
1.981997042894363403e-01
-1.400941491127014160e+00
2.324465848505496979e-02
8.046177774667739868e-02
-8.549255132675170898e-01
2.345232479274272919e-02
-6.088718175888061523e-01
1.760818719863891602e+00
-1.860012650489807129e+00
5.558497905731201172e-01
-1.425466500222682953e-02
1.264986991882324219e+00
6.303955316543579102e-01
-3.434773981571197510e-01
-1.771099120378494263e-01
1.874287724494934082e-01
2.620715141296386719e+00
-7.156556844711303711e-01
-2.493164092302322388e-01
-3.363175094127655029e-01
-5.115807652473449707e-01
-4.407786726951599121e-01
-6.712947040796279907e-02
-6.038638949394226074e-01
-1.671424865722656250e+00
-5.692136883735656738e-01
2.824560105800628662e-01
-6.273151934146881104e-02
7.881622761487960815e-02
-3.109591901302337646e-01
2.130122035741806030e-01
-7.386187314987182617e-01
7.755360007286071777e-01
-6.644773483276367188e-01
2.837230265140533447e-01
-1.477113246917724609e+00
-2.100977152585983276e-01
-3.570282831788063049e-02
-7.166876792907714844e-01
2.269051969051361084e-01
-1.093194007873535156e+00
-2.723748683929443359e-01
-4.630831480026245117e-01
1.788425892591476440e-01
-4.588166475296020508e-01
-1.134445071220397949e-01
9.963617324829101562e-01
-8.139544129371643066e-01
-5.408764481544494629e-01
-5.567419901490211487e-02
2.887162268161773682e-01
-1.344496369361877441e+00
-6.392843723297119141e-01
4.846080243587493896e-01
-2.527669668197631836e-01
-1.491267204284667969e+00
-6.190175935626029968e-02
-3.169591128826141357e-01
-1.348819017410278320e+00
-7.407178282737731934e-01
1.624196529388427734e+00
4.120880961418151855e-01
-3.043336272239685059e-01
4.056655988097190857e-02
2.286323457956314087e-01
1.550373673439025879e+00
-1.693518519401550293e+00
1.478856563568115234e+00
-1.966471225023269653e-01
-5.595191121101379395e-01
2.412375807762145996e-02
-4.246979951858520508e-01
-1.678193449974060059e+00
4.481456577777862549e-01
-1.327914297580718994e-01
4.480617642402648926e-01
2.095631659030914307e-01
1.515946388244628906e-01
-1.207897186279296875e+00
-1.239642128348350525e-01
-6.094645261764526367e-01
-1.072320461273193359e+00
2.286761403083801270e-01
7.646769285202026367e-01
-5.835278034210205078e-01
1.050292849540710449e+00
1.068715572357177734e+00
1.093500375747680664e+00
4.798784255981445312e-01
1.076736673712730408e-01
-9.517835378646850586e-01
-8.186121582984924316e-01
-4.370129406452178955e-01
9.780698418617248535e-01
-2.287603616714477539e-01
-1.439450979232788086e+00
2.068337351083755493e-01
9.537542611360549927e-02
-9.861021041870117188e-01
3.157253861427307129e-01
-5.596590042114257812e-01
1.972007304430007935e-01
5.703199505805969238e-01
-7.742531299591064453e-01
-7.954627871513366699e-01
-1.440194845199584961e-01
1.116272360086441040e-01
-3.428118526935577393e-01
2.153034061193466187e-01
2.090940475463867188e+00
3.004975020885467529e-01
3.884093835949897766e-02
-2.372552305459976196e-01
4.126200973987579346e-01
-1.272746086120605469e+00
-1.237221002578735352e+00
7.735351324081420898e-01
4.209247529506683350e-01
-1.221951842308044434e+00
-2.161487638950347900e-01
-6.869459748268127441e-01
-3.977294564247131348e-01
-6.255902647972106934e-01
1.788775771856307983e-01
-3.046091794967651367e-01
2.810467183589935303e-01
7.435235381126403809e-01
-1.457705855369567871e+00
-1.727552562952041626e-01
5.721160769462585449e-01
2.831192687153816223e-02
1.799926519393920898e+00
-1.123377084732055664e-01
5.391438007354736328e-01
1.120473444461822510e-01
-4.430362954735755920e-02
2.650998830795288086e-01
-3.729953765869140625e-01
1.477021127939224243e-01
-9.238657355308532715e-01
-3.444647490978240967e-01
4.683643113821744919e-03
2.076860219240188599e-01
-3.243270516395568848e-01
9.755971282720565796e-02
-2.995744645595550537e-01
-2.977437674999237061e-01
7.306884527206420898e-01
2.110252380371093750e-01
-1.964197754859924316e-01
2.203193426132202148e+00
4.669427573680877686e-01
-1.175425797700881958e-01
4.110629856586456299e-01
-3.890126645565032959e-01
6.715613007545471191e-01
4.041811823844909668e-02
5.241883397102355957e-01
-8.623463660478591919e-02
4.406491294503211975e-02
-7.637006044387817383e-01
-5.134793519973754883e-01
-5.696251988410949707e-01
1.326799243688583374e-01
-1.729295700788497925e-01
-7.916988804936408997e-03
-6.149939298629760742e-01
4.415056705474853516e-01
-5.609465837478637695e-01
1.202265098690986633e-01
1.257076978683471680e+00
1.106292724609375000e+00
-1.696478486061096191e+00
-3.669291138648986816e-01
-2.579531073570251465e-01
2.993741538375616074e-03
3.523348569869995117e-01
-6.364464163780212402e-01
5.897083878517150879e-01
2.539642155170440674e-01
-8.310187608003616333e-02
-8.490639328956604004e-01
1.112919807434082031e+00
6.193907856941223145e-01
-5.475780367851257324e-01
6.122665405273437500e-01
-2.011648118495941162e-01
2.778538167476654053e-01
-7.122277617454528809e-01
-4.066599607467651367e-01
3.127118349075317383e-01
-3.159174919128417969e+00
2.661307454109191895e-01
2.424436621367931366e-02
2.392565459012985229e-01
2.417753040790557861e-01
6.827425956726074219e-01
1.012873888015747070e+00
-1.623913496732711792e-01
9.841526150703430176e-01
-3.692107275128364563e-02
-1.229620128870010376e-01
3.186456859111785889e-01
8.994727134704589844e-01
5.496450662612915039e-01
-1.909826099872589111e-01
-5.270981192588806152e-01
-4.616367816925048828e-01
8.943251967430114746e-01
1.756849586963653564e-01
-3.276146054267883301e-01
-2.515019178390502930e-01
1.030084371566772461e+00
-5.042811036109924316e-01
-1.396084129810333252e-01
-3.237773776054382324e-01
-6.140598058700561523e-01
2.576098740100860596e-01
1.306431442499160767e-01
7.781589627265930176e-01
-5.266709923744201660e-01
2.782241106033325195e-01
6.142539381980895996e-01
-3.818328976631164551e-01
4.456972330808639526e-02
1.023587465286254883e+00
1.049717068672180176e+00
8.465164154767990112e-02
5.405119061470031738e-01
-3.176359236240386963e-01
-2.986889183521270752e-01
1.573165208101272583e-01
-1.556118018925189972e-03
8.205954432487487793e-01
2.503230571746826172e-01
2.477999776601791382e-01
-1.818566918373107910e-01
-1.092337727546691895e+00
6.554710268974304199e-01
-7.951284050941467285e-01
1.042246460914611816e+00
6.951187252998352051e-01
-3.130946159362792969e-01
-9.568940997123718262e-01
-2.050536917522549629e-03
9.815840423107147217e-02
-6.589028835296630859e-01
-4.612981975078582764e-01
6.346818208694458008e-01
9.005691409111022949e-01
-2.178067117929458618e-01
6.696906685829162598e-01
-1.305174708366394043e+00
1.770561747252941132e-02
1.325308322906494141e+00
8.428181409835815430e-01
-5.163349509239196777e-01
2.760895192623138428e-01
-1.569194912910461426e+00
7.742413282394409180e-01
-1.294281147420406342e-02
-9.934255480766296387e-02
1.768518447875976562e+00
-7.830886244773864746e-01
2.723815739154815674e-01
7.788480520248413086e-01
1.361836642026901245e-01
1.920112371444702148e-01
-2.708995640277862549e-01
-5.187084078788757324e-01
9.021577239036560059e-01
4.447797536849975586e-01
5.550593137741088867e-01
-1.711815148591995239e-01
-9.388737678527832031e-01
1.057737469673156738e+00
5.255881547927856445e-01
1.405989080667495728e-01
3.296746909618377686e-01
-1.000606298446655273e+00
-1.070836067199707031e+00
-8.268366456031799316e-01
-9.197229743003845215e-01
6.396890282630920410e-01
1.119524240493774414e-01
-1.573237329721450806e-01
-6.778657436370849609e-02
-5.228789448738098145e-01
6.480737924575805664e-01
1.723090261220932007e-01
-4.308651387691497803e-01
-3.070504367351531982e-01
-1.241025254130363464e-01
5.804375410079956055e-01
7.281515598297119141e-01
-2.429780215024948120e-01
1.572040282189846039e-02
1.169005870819091797e+00
3.096783161163330078e-01
-1.227536439895629883e+00
-1.995459794998168945e-01
-1.317240715026855469e+00
-7.565536499023437500e-01
2.679504454135894775e-01
-3.029129207134246826e-01
1.818079203367233276e-01
-7.315067201852798462e-02
-5.371220707893371582e-01
-1.112505435943603516e+00
-5.373449921607971191e-01
-1.600978970527648926e-01
-8.166981339454650879e-01
2.961049675941467285e-01
-3.754366934299468994e-01
-1.109982252120971680e+00
-7.638085484504699707e-01
-9.716893434524536133e-01
-3.096475601196289062e-01
-1.431041061878204346e-01
3.448046147823333740e-01
4.902981519699096680e-01
-2.627126574516296387e-01
-9.709496051073074341e-03
-7.510938644409179688e-01
-1.294486671686172485e-01
7.831909060478210449e-01
1.034868001937866211e+00
9.793165922164916992e-01
8.381471037864685059e-01
-7.969579696655273438e-01
-4.851947724819183350e-01
-3.699810206890106201e-01
6.467273831367492676e-02
4.717394113540649414e-01
3.967757821083068848e-01
6.540288329124450684e-01
-5.339085459709167480e-01
9.427304863929748535e-01
5.158548951148986816e-01
3.884812831878662109e+00
-9.928553104400634766e-01
-4.214050471782684326e-01
7.973992228507995605e-01
-1.528969883918762207e+00
6.125904321670532227e-01
6.008166670799255371e-01
-4.715943336486816406e-01
9.218752384185791016e-02
1.171338632702827454e-01
-3.452903032302856445e-01
-1.418029189109802246e+00
-1.308745980262756348e+00
-1.784995496273040771e-01
4.575375914573669434e-01
5.510933399200439453e-01
-1.119067594408988953e-01
7.615702152252197266e-01
5.925475955009460449e-01
-2.835862040519714355e-01
1.125659465789794922e+00
-3.616357967257499695e-02
3.010152094066143036e-02
-2.474811524152755737e-01
-2.084522992372512817e-01
-2.084453701972961426e-01
8.509369492530822754e-01
-4.517732262611389160e-01
7.714142799377441406e-01
1.525009274482727051e+00
-6.439924836158752441e-01
-7.002493739128112793e-01
-3.427491188049316406e-01
-6.629258990287780762e-01
1.376063674688339233e-01
6.368083953857421875e-01
-9.237352013587951660e-01
2.509760558605194092e-01
1.934211887419223785e-02
-3.187840282917022705e-01
-7.880766391754150391e-01
-5.806457400321960449e-01
-5.982726812362670898e-01
-6.773643970489501953e+00
-4.501657485961914062e-01
-9.450075626373291016e-01
-1.550648808479309082e-01
5.108509063720703125e-01
1.004509687423706055e+00
-1.235498309135437012e+00
2.806208431720733643e-01
2.014590799808502197e-01
1.461891680955886841e-01
-7.311016321182250977e-01
6.395453810691833496e-01
-4.722780734300613403e-02
-1.044718265533447266e+00
-2.351664304733276367e+00
2.727505266666412354e-01
-1.403304189443588257e-01
7.808074355125427246e-01
7.403119802474975586e-01
-1.169303655624389648e+00
-1.295468091964721680e+00
4.508680105209350586e-01
5.026999115943908691e-02
-8.241478204727172852e-01
7.486517429351806641e-01
-3.537398874759674072e-01
-1.067519307136535645e+00
-2.952993512153625488e-01
4.447347521781921387e-01
-8.209957480430603027e-01
2.122595161199569702e-01
8.684130907058715820e-01
-1.036035567522048950e-01
-9.269327521324157715e-01
-1.022778868675231934e+00
1.268948554992675781e+00
8.912085890769958496e-01
-3.658648431301116943e-01
7.378662377595901489e-02
3.793657422065734863e-01
4.977443516254425049e-01
-4.441987872123718262e-01
4.156291782855987549e-01
-8.771054744720458984e-01
7.696030735969543457e-01
1.446257978677749634e-01
6.612371206283569336e-01
1.999829292297363281e+00
5.144534111022949219e-01
5.333598852157592773e-01
6.866958737373352051e-01
8.601079583168029785e-01
9.734664559364318848e-01
-1.842378079891204834e-01
1.187026262283325195e+00
1.090986490249633789e+00
2.877885997295379639e-01
-8.461994528770446777e-01
-2.860101759433746338e-01
-1.359624981880187988e+00
1.165226459503173828e+00
-2.329422831535339355e-01
1.959458142518997192e-01
-3.558709621429443359e-01
1.037327527999877930e+00
-3.336199522018432617e-01
-1.852951496839523315e-01
1.092153787612915039e-01
5.948322415351867676e-01
2.549382448196411133e-01
-1.147897988557815552e-01
1.790916770696640015e-01
2.806836962699890137e-01
9.607578516006469727e-01
2.980149351060390472e-02
3.537820577621459961e-01
-9.562342166900634766e-01
3.941489756107330322e-01
-1.542154431343078613e+00
-3.168844282627105713e-01
