-7.415317296981811523e-01
2.938448786735534668e-01
-2.943628430366516113e-01
-8.333783745765686035e-01
-6.360751390457153320e-01
-3.308160603046417236e-01
1.053184390068054199e+00
6.807900220155715942e-02
-1.127388477325439453e+00
2.457336634397506714e-01
5.123471617698669434e-01
-7.576074004173278809e-01
-4.110729098320007324e-01
-6.403933763504028320e-01
-5.247406363487243652e-01
-1.089378833770751953e+00
-7.841299772262573242e-01
1.764823496341705322e-01
5.892806053161621094e-01
3.250575959682464600e-01
-2.779388986527919769e-02
-6.352350115776062012e-01
8.259187936782836914e-01
-1.384862899780273438e+00
-1.530208468437194824e+00
6.319867819547653198e-02
8.588817119598388672e-01
-9.705423116683959961e-01
-1.386662125587463379e+00
9.551571607589721680e-01
-1.399777770042419434e+00
1.162747979164123535e+00
-8.543415367603302002e-02
-3.984870910644531250e-01
6.619881391525268555e-01
-3.995046913623809814e-01
-6.833049654960632324e-01
-9.020876288414001465e-01
-6.594108790159225464e-02
1.056295156478881836e+00
-1.664026737213134766e+00
-9.130752086639404297e-01
-9.641326963901519775e-02
5.026562213897705078e-01
9.622402191162109375e-01
-2.737441658973693848e-01
6.088376641273498535e-01
-5.282843112945556641e-01
-1.906801313161849976e-01
-7.455847412347793579e-02
-2.797577977180480957e-01
1.657257080078125000e-01
8.513446450233459473e-01
-6.683586835861206055e-01
-8.342321962118148804e-02
8.703476786613464355e-01
3.114813566207885742e-01
1.695669889450073242e-01
2.251463681459426880e-01
9.002135694026947021e-02
9.752997756004333496e-01
-2.643969058990478516e-01
1.153090238571166992e+00
-1.243398785591125488e+00
2.949594557285308838e-01
-7.300912141799926758e-01
1.673845760524272919e-02
-5.755529552698135376e-02
-8.187551498413085938e-01
-1.873433947563171387e+00
6.271479725837707520e-01
5.485991835594177246e-01
6.684284210205078125e-01
9.875224232673645020e-01
1.261145949363708496e+00
2.699916251003742218e-02
5.676020681858062744e-02
-1.055832281708717346e-01
7.397632002830505371e-01
3.483859598636627197e-01
-1.087814807891845703e+00
4.773558080196380615e-01
-1.336636900901794434e+00
-3.845021128654479980e-01
-5.908219218254089355e-01
8.347705602645874023e-01
-1.645948439836502075e-01
-6.692965626716613770e-01
-1.120609164237976074e+00
6.556727737188339233e-02
-8.066577911376953125e-01
-2.485228061676025391e+00
-6.850636601448059082e-01
5.657424926757812500e-01
-2.189492583274841309e-01
-3.699236512184143066e-01
6.503697037696838379e-01
3.197146654129028320e-01
8.249826431274414062e-01
1.908720433712005615e-01
-1.627518236637115479e-01
-4.077503979206085205e-01
-4.258048534393310547e-01
-2.390335500240325928e-01
-7.806677222251892090e-01
-1.669378727674484253e-01
-1.299113151617348194e-03
8.517971634864807129e-01
5.256131887435913086e-01
1.479909569025039673e-01
3.331929445266723633e-02
6.375461220741271973e-01
1.692213863134384155e-01
-3.641335070133209229e-01
-2.515868246555328369e-01
4.311864674091339111e-01
-3.661731481552124023e-01
-1.596495151519775391e+00
-5.321243405342102051e-01
9.869603514671325684e-01
-4.205813109874725342e-01
1.320822119712829590e+00
-2.278643369674682617e+00
-5.071443915367126465e-01
-5.351283550262451172e-01
1.118336200714111328e+00
1.136224865913391113e+00
-8.524655699729919434e-01
-2.090647816658020020e-01
-1.092517137527465820e+00
5.649753287434577942e-02
-3.228256851434707642e-02
1.383751511573791504e+00
-2.247189044952392578e+00
1.163004398345947266e+00
-3.926758766174316406e-01
8.854653239250183105e-01
-1.274854898452758789e+00
3.214782848954200745e-02
-3.351701796054840088e-01
-1.718410134315490723e+00
1.004741191864013672e+00
-9.402000904083251953e-02
-2.595431804656982422e-01
1.413294434547424316e+00
6.706968545913696289e-01
1.797143340110778809e+00
1.582677602767944336e+00
3.287061452865600586e-01
4.222961664199829102e-01
4.753776788711547852e-01
-3.397966921329498291e-01
2.084154784679412842e-01
-5.148749947547912598e-01
8.846152424812316895e-01
-7.302364706993103027e-01
2.675698399543762207e-01
-9.884469956159591675e-02
2.490441650152206421e-01
8.029394745826721191e-01
-6.115115284919738770e-01
-7.064183708280324936e-03
3.825655579566955566e-01
-1.632575869560241699e+00
2.001416832208633423e-01
-3.227220773696899414e-01
-1.170247435569763184e+00
-2.798458635807037354e-01
9.090600013732910156e-01
-6.109673976898193359e-01
-6.278245449066162109e-01
-1.417082428932189941e+00
-2.018384456634521484e+00
5.238589644432067871e-01
7.525130361318588257e-02
1.792723238468170166e-01
-2.210758328437805176e-01
-2.764079570770263672e-01
-7.171375211328268051e-03
1.087231874465942383e+00
6.686118245124816895e-01
-8.822158575057983398e-01
1.799281984567642212e-01
-9.625484943389892578e-01
1.079992175102233887e+00
-8.672310113906860352e-01
-1.215202927589416504e+00
7.378259897232055664e-01
8.491881936788558960e-02
-6.182881072163581848e-03
-2.901198863983154297e-01
9.034323096275329590e-01
-6.835751980543136597e-02
3.927343711256980896e-02
-3.451950550079345703e-01
-4.295445233583450317e-02
-8.062576651573181152e-01
3.479214906692504883e-01
-1.050705432891845703e+00
-9.295230507850646973e-01
-2.047045528888702393e-01
1.308280825614929199e-01
5.488935112953186035e-01
-2.706922888755798340e-01
9.211087971925735474e-02
-1.452427506446838379e-01
-2.065879106521606445e-01
-1.030900795012712479e-02
1.421373963356018066e+00
6.563667058944702148e-01
-5.780771374702453613e-01
-2.187114208936691284e-01
6.140298843383789062e-01
-4.003731906414031982e-02
-9.164018034934997559e-01
7.021179795265197754e-01
-4.741711616516113281e-01
-4.478451311588287354e-01
-1.483834147453308105e+00
2.036246508359909058e-01
-2.848932743072509766e-01
9.349496364593505859e-01
3.535916209220886230e-01
-8.919675946235656738e-01
6.214869618415832520e-01
-9.081082046031951904e-02
-5.875679254531860352e-01
4.791313111782073975e-01
-4.786810278892517090e-01
-5.105901956558227539e-01
1.017663776874542236e-01
-1.068192958831787109e+00
-1.646218419075012207e+00
4.459781944751739502e-01
1.290775179862976074e+00
1.009672284126281738e-01
9.359211921691894531e-01
-4.361951947212219238e-01
1.070720672607421875e+00
6.283003687858581543e-01
3.771910965442657471e-01
-1.785736918449401855e+00
-1.203680396080017090e+00
1.121296525001525879e+00
-6.618016958236694336e-01
5.726730227470397949e-01
2.282381057739257812e-01
8.680044412612915039e-01
3.739893808960914612e-02
-5.902090668678283691e-01
9.803209453821182251e-02
-1.621643662452697754e+00
5.005222558975219727e-01
-1.291395545005798340e+00
-2.504521608352661133e-01
6.908043026924133301e-01
1.510273218154907227e+00
4.256927371025085449e-01
5.344726443290710449e-01
-2.415521442890167236e-02
-2.851768136024475098e-01
6.093300580978393555e-01
-1.680229902267456055e+00
2.885988950729370117e-01
-5.663365125656127930e-01
6.286738514900207520e-01
7.502124309539794922e-01
3.212128281593322754e-01
2.129107713699340820e+00
-4.249972701072692871e-01
3.937343955039978027e-01
9.940377473831176758e-01
-5.532303452491760254e-01
6.417562961578369141e-01
-2.959829568862915039e-01
1.413341760635375977e+00
-1.090018987655639648e+00
-2.954890727996826172e-01
-8.917427062988281250e-01
-4.378951191902160645e-01
8.492210507392883301e-01
-6.969791650772094727e-01
-4.945476651191711426e-01
1.281706988811492920e-01
7.147181630134582520e-01
-4.940007627010345459e-01
5.900948643684387207e-01
-8.841223716735839844e-01
-7.380446195602416992e-01
-4.914129972457885742e-01
-1.078623771667480469e+00
-8.714097142219543457e-01
4.157957434654235840e-01
2.551442861557006836e+00
-2.751795351505279541e-01
-9.910245537757873535e-01
5.882083177566528320e-01
-3.876279592514038086e-01
8.769755810499191284e-02
-1.615654349327087402e+00
-2.807691693305969238e-01
-2.875615358352661133e-01
1.151787042617797852e+00
-2.652898430824279785e-01
7.405200004577636719e-01
8.215760588645935059e-01
3.583705127239227295e-01
4.479934573173522949e-01
-8.649258017539978027e-01
-6.393054127693176270e-01
-5.867865681648254395e-01
-1.263773739337921143e-01
8.097359538078308105e-02
9.737472534179687500e-01
-6.772493720054626465e-01
-3.405785560607910156e-01
6.851761341094970703e-01
-4.339876174926757812e-01
7.316400408744812012e-01
-1.979717165231704712e-01
-1.262588739395141602e+00
-1.647256612777709961e-01
7.347634434700012207e-01
-1.064832448959350586e+00
-6.631495356559753418e-01
9.003192931413650513e-02
-5.264385417103767395e-02
-2.060454607009887695e+00
-1.059982776641845703e+00
1.201228976249694824e+00
-1.195029735565185547e+00
-1.098661422729492188e-01
-2.830194495618343353e-02
-4.063596725463867188e-01
-3.536960482597351074e-01
-6.846236586570739746e-01
3.710961639881134033e-01
-5.213300585746765137e-01
1.249979257583618164e+00
1.331757307052612305e-01
-2.784251570701599121e-01
7.399829030036926270e-01
3.122258484363555908e-01
-5.615476965904235840e-01
5.934875607490539551e-01
2.616678737103939056e-02
3.343063592910766602e-01
4.305537045001983643e-01
-7.235704660415649414e-01
-2.737238407135009766e-01
1.757638156414031982e-01
6.101100444793701172e-01
-1.023485511541366577e-01
1.221240878105163574e+00
-6.542877554893493652e-01
-1.332099318504333496e+00
-5.702086687088012695e-01
-6.681351065635681152e-01
-4.589223265647888184e-01
1.018240690231323242e+00
3.787083178758621216e-02
8.602987527847290039e-01
-8.366732597351074219e-01
5.737949609756469727e-01
2.051447480916976929e-01
-1.359370470046997070e+00
-8.700765669345855713e-02
2.545509934425354004e-01
5.802832841873168945e-01
-1.756370365619659424e-01
-7.964533567428588867e-01
1.245097637176513672e+00
-1.152181625366210938e-01
6.805526018142700195e-01
1.810503005981445312e-01
-6.567221879959106445e-01
-1.507099390029907227e+00
-4.667846262454986572e-01
-8.517273068428039551e-01
-3.596316576004028320e-01
8.879772424697875977e-01
8.065362572669982910e-01
5.647201538085937500e-01
-5.069863200187683105e-01
-4.965193569660186768e-01
-1.085512161254882812e+00
-5.762423872947692871e-01
-1.069742679595947266e+00
1.769703507423400879e+00
7.031437158584594727e-01
1.514137506484985352e+00
5.689930915832519531e-01
4.781419336795806885e-01
-1.034252405166625977e+00
-1.209753528237342834e-01
-8.319127559661865234e-02
-1.207454562187194824e+00
-7.239111065864562988e-01
-4.497321546077728271e-01
4.297797381877899170e-01
-6.603145003318786621e-01
-1.339969132095575333e-02
8.421894162893295288e-02
-6.956525146961212158e-02
-6.150527000427246094e-01
1.952878683805465698e-01
-1.641726255416870117e+00
2.197956591844558716e-01
-7.801714539527893066e-01
-1.429190397262573242e+00
-3.280745148658752441e-01
-4.275929927825927734e-01
-1.920987367630004883e-01
7.749731838703155518e-02
1.699174046516418457e-01
1.367340803146362305e+00
6.787176728248596191e-01
3.696300387382507324e-01
-1.431678891181945801e+00
1.463034510612487793e+00
-1.489282965660095215e+00
-2.542241811752319336e-01
-7.040152549743652344e-01
6.337612867355346680e-02
-2.658982276916503906e-01
4.315951764583587646e-01
-6.463943719863891602e-01
5.879868268966674805e-01
-4.563588798046112061e-01
-5.391042828559875488e-01
6.742922067642211914e-01
4.033961594104766846e-01
9.484219551086425781e-01
-1.023083686828613281e+00
5.037370920181274414e-01
1.976044774055480957e+00
-5.800508856773376465e-01
3.160845637321472168e-01
3.454807996749877930e-01
6.733949184417724609e-01
4.894575774669647217e-01
-2.133421301841735840e-01
2.909851372241973877e-01
6.056362986564636230e-01
2.225066423416137695e-01
7.120912671089172363e-01
1.044078946113586426e+00
-8.126635849475860596e-02
-3.609661012887954712e-02
-6.064091995358467102e-02
-4.778090715408325195e-01
1.267217636108398438e+00
-8.207715153694152832e-01
-3.083886206150054932e-01
-2.861362099647521973e-01
-6.570845246315002441e-01
1.483425498008728027e-01
5.341987609863281250e-01
-1.534514546394348145e+00
8.338137865066528320e-01
-4.809488356113433838e-02
1.099937915802001953e+00
-5.878925696015357971e-02
-2.543858587741851807e-01
9.371913671493530273e-01
-2.327375710010528564e-01
-9.058330655097961426e-01
2.608013451099395752e-01
1.068157479166984558e-01
6.413804888725280762e-01
-1.774861812591552734e-01
6.796703934669494629e-01
3.868255317211151123e-01
1.004654526710510254e+00
-1.904273390769958496e+00
4.118768274784088135e-01
5.540843605995178223e-01
-2.878064215183258057e-01
-2.443517893552780151e-01
8.164539933204650879e-01
3.305459320545196533e-01
2.146408110857009888e-01
-1.191183567047119141e+00
1.190456032752990723e+00
8.547965437173843384e-02
-6.959448456764221191e-01
-1.182980895042419434e+00
-8.528676629066467285e-02
7.524130344390869141e-01
3.158127963542938232e-01
-6.283621788024902344e-01
8.575342893600463867e-01
5.018424391746520996e-01
3.572089970111846924e-01
2.729009091854095459e-01
5.557310581207275391e-01
-8.115311861038208008e-01
-2.563478946685791016e+00
-9.180595725774765015e-02
3.189664185047149658e-01
-1.073484897613525391e+00
9.150273352861404419e-02
-2.693038582801818848e-01
3.856577277183532715e-01
-5.107585191726684570e-01
4.276783168315887451e-01
1.499815285205841064e-01
-2.982765138149261475e-01
-4.298555552959442139e-01
4.724110960960388184e-01
5.958918333053588867e-01
-5.978920459747314453e-01
1.596652150154113770e+00
2.159663587808609009e-01
-1.118828579783439636e-01
1.174145698547363281e+00
-2.281481474637985229e-01
9.441684484481811523e-01
2.472020238637924194e-01
3.762203156948089600e-01
7.295572012662887573e-02
1.317175507545471191e+00
-1.580829501152038574e+00
-1.227288484573364258e+00
-2.686235308647155762e-01
2.052460052073001862e-02
-1.015156030654907227e+00
9.778702259063720703e-01
4.096953570842742920e-01
-1.530765533447265625e+00
1.698659658432006836e-01
-2.836686670780181885e-01
4.432337284088134766e-01
-6.203651428222656250e-01
-4.738713055849075317e-02
6.221442222595214844e-01
5.499667525291442871e-01
-5.286533236503601074e-01
2.874709963798522949e-01
-2.817482054233551025e-01
2.162937521934509277e-01
1.347491145133972168e+00
-5.680388808250427246e-01
-5.885141491889953613e-01
-6.240785121917724609e-01
-7.764367461204528809e-01
3.457459211349487305e-01
1.722036749124526978e-01
6.427099108695983887e-01
4.692424535751342773e-01
5.987306237220764160e-01
2.893754541873931885e-01
-9.936967492103576660e-01
-1.064840793609619141e+00
5.762172937393188477e-01
9.954078793525695801e-01
1.353792786598205566e+00
1.464511990547180176e+00
-1.016286537051200867e-01
1.341424882411956787e-01
3.656032085418701172e-01
9.161826968193054199e-01
-7.409511804580688477e-01
4.248446822166442871e-01
-5.765352845191955566e-01
1.357562780380249023e+00
1.242934167385101318e-01
-2.406925857067108154e-01
1.161787986755371094e+00
-1.351069092750549316e+00
1.890744566917419434e-01
-9.367268085479736328e-01
5.632877349853515625e-01
4.516838788986206055e-01
-7.756389975547790527e-01
1.104855239391326904e-01
8.885958790779113770e-01
-1.088482439517974854e-01
-2.159024238586425781e+00
-4.614864289760589600e-02
-1.846382141113281250e+00
6.458352208137512207e-01
1.143962740898132324e+00
9.851540625095367432e-02
-2.288593947887420654e-01
6.501544117927551270e-01
9.204597026109695435e-02
-1.087266921997070312e+00
-5.528831481933593750e-01
-8.127924799919128418e-02
-3.169850111007690430e-01
-2.277246862649917603e-01
-3.111870586872100830e-01
3.178785741329193115e-01
6.769935786724090576e-02
-1.154709219932556152e+00
5.479213595390319824e-01
-5.535848140716552734e-01
1.723874688148498535e+00
1.134122312068939209e-01
4.178822040557861328e-01
-5.624976754188537598e-01
-5.457983016967773438e-01
1.612476825714111328e+00
-1.331724524497985840e-01
-1.648813337087631226e-01
2.708231210708618164e-01
-1.174364566802978516e+00
-7.541343569755554199e-01
7.498581409454345703e-01
2.689727544784545898e-01
5.488176345825195312e-01
1.130552515387535095e-01
-2.290858328342437744e-01
-2.888438224792480469e+00
1.192470043897628784e-01
8.007649183273315430e-01
-3.353584706783294678e-01
2.520754337310791016e-01
4.441977441310882568e-01
4.651395380496978760e-01
-5.335477367043495178e-02
-4.879426658153533936e-01
-2.983652651309967041e-01
-8.118133991956710815e-02
9.413299560546875000e-01
1.075153112411499023e+00
-1.700334697961807251e-01
5.279736518859863281e-01
-5.364513397216796875e-01
-2.429111003875732422e-01
4.798286408185958862e-02
1.156308650970458984e+00
2.504856586456298828e-01
1.619825959205627441e+00
5.624793171882629395e-01
-1.617930680513381958e-01
-4.316251352429389954e-02
1.088761910796165466e-01
1.039268255233764648e+00
7.750962972640991211e-01
-5.860846042633056641e-01
4.153587520122528076e-01
1.243506312370300293e+00
2.101736664772033691e-01
9.602446556091308594e-01
-1.479503393173217773e+00
5.988592505455017090e-01
8.216839432716369629e-01
1.358724087476730347e-01
-2.640979290008544922e-01
3.858507573604583740e-01
-3.690905570983886719e-01
-8.179922699928283691e-01
1.849081814289093018e-01
-6.370084285736083984e-01
9.268616139888763428e-02
-2.983149588108062744e-01
1.752599775791168213e-01
-1.157927036285400391e+00
-1.773917824029922485e-01
-6.454430222511291504e-01
2.290777266025543213e-01
-7.070444226264953613e-01
-4.672200381755828857e-01
7.167133092880249023e-01
4.326837360858917236e-01
1.086923927068710327e-01
-1.687472164630889893e-01
1.936791241168975830e-01
1.328544914722442627e-01
6.982136964797973633e-01
-7.011220455169677734e-01
1.213578820228576660e+00
5.949321985244750977e-01
-1.137138724327087402e+00
-6.836415529251098633e-01
4.981660842895507812e-01
7.583313584327697754e-01
1.358919739723205566e-01
-6.656885892152786255e-02
-8.496542572975158691e-01
8.952634781599044800e-02
2.397199720144271851e-01
4.564732611179351807e-01
-7.590880393981933594e-01
-2.202227413654327393e-01
8.265121579170227051e-01
-6.744311809539794922e+00
-3.240920901298522949e-01
-1.873944997787475586e+00
-1.404968053102493286e-01
1.918110609054565430e+00
-4.572919309139251709e-01
-8.796272277832031250e-01
7.002385258674621582e-01
-1.006928563117980957e+00
-6.169282793998718262e-01
5.771740078926086426e-01
2.015109300613403320e+00
1.857048422098159790e-01
-1.022800803184509277e+00
-1.273655176162719727e+00
-4.651989638805389404e-01
5.014636516571044922e-01
4.503195583820343018e-01
2.160439968109130859e+00
2.225843816995620728e-01
-2.463906049728393555e+00
1.238541960716247559e+00
9.536363482475280762e-01
-2.998570501804351807e-01
-3.397868871688842773e-01
6.694561839103698730e-01
1.846448183059692383e-01
3.191108405590057373e-01
1.039827227592468262e+00
-1.647604107856750488e-01
-5.234580039978027344e-01
-1.657010316848754883e+00
-1.151479482650756836e+00
2.190521717071533203e+00
-6.068597435951232910e-01
5.398450493812561035e-01
4.259334802627563477e-01
-5.074791237711906433e-02
-4.443323314189910889e-01
2.286885827779769897e-01
-1.048711776733398438e+00
-2.491479665040969849e-01
1.629834026098251343e-01
-2.462010383605957031e+00
7.180430889129638672e-01
-6.527621299028396606e-02
8.783710598945617676e-01
-1.049009084701538086e+00
-2.027714699506759644e-01
-5.100246667861938477e-01
-1.661703884601593018e-01
6.251553893089294434e-01
-2.606187760829925537e-01
-5.935258865356445312e-01
2.439792633056640625e+00
1.564001321792602539e+00
-2.640153467655181885e-01
-1.281762003898620605e+00
1.788839459419250488e+00
-9.886741638183593750e-01
-3.668214380741119385e-01
-2.868179976940155029e-01
3.485740348696708679e-02
1.214982151985168457e+00
6.720754504203796387e-01
-1.400293707847595215e-01
-9.103317260742187500e-01
4.517993628978729248e-01
1.338912725448608398e+00
-6.401410102844238281e-01
-1.562872648239135742e+00
-2.461212128400802612e-01
6.442031860351562500e-01
-3.987362682819366455e-01
-7.102142274379730225e-02
1.136587381362915039e+00
-5.720319151878356934e-01
-4.919017478823661804e-02
-4.449486732482910156e-01
-3.710819184780120850e-01
