-3.247411549091339111e-01
6.565655022859573364e-02
8.898998498916625977e-01
-8.841533064842224121e-01
6.405225396156311035e-01
-1.548144817352294922e+00
5.284323096275329590e-01
2.612360008060932159e-02
-1.155108571052551270e+00
3.477156460285186768e-01
2.995166778564453125e-01
-2.345627248287200928e-01
2.053892314434051514e-01
-3.545852378010749817e-02
-3.227258324623107910e-01
-5.442901849746704102e-01
-1.217183828353881836e+00
4.974813759326934814e-01
2.603809535503387451e-01
6.150062680244445801e-01
2.810423970222473145e-01
1.738184839487075806e-01
-6.801199316978454590e-01
1.262099266052246094e+00
-6.036623716354370117e-01
3.564060330390930176e-01
2.380422502756118774e-01
-1.022611141204833984e+00
-1.813881397247314453e+00
7.980026006698608398e-01
-5.163927674293518066e-01
6.463437080383300781e-01
-7.225811481475830078e-01
3.102526664733886719e-01
-6.213260889053344727e-01
-1.015151023864746094e+00
-2.284856699407100677e-02
-2.168492078781127930e+00
-6.208127737045288086e-02
6.708360314369201660e-01
-6.701539158821105957e-01
-1.269277572631835938e+00
-2.551891654729843140e-02
6.054553389549255371e-01
4.501079320907592773e-01
-4.973541796207427979e-01
-7.883073389530181885e-02
-5.985718369483947754e-01
-1.431081414222717285e+00
-1.026404976844787598e+00
-5.150876045227050781e-01
1.100273951888084412e-01
8.153187632560729980e-01
-6.671692132949829102e-01
3.189839720726013184e-01
-1.011015176773071289e+00
-5.163069963455200195e-01
-6.054332852363586426e-01
-1.934865564107894897e-01
-1.295006752014160156e+00
-1.969463586807250977e+00
-1.088518857955932617e+00
1.427044987678527832e+00
-2.705027759075164795e-01
3.027048148214817047e-02
-4.632179737091064453e-01
-7.184781432151794434e-01
-5.948251858353614807e-02
-3.846503198146820068e-01
-1.623159527778625488e+00
3.716975748538970947e-01
-4.701545536518096924e-01
3.626325130462646484e-01
-6.439203023910522461e-01
1.346253037452697754e+00
-6.320880055427551270e-01
3.120876550674438477e-01
3.072030544281005859e-01
8.131513372063636780e-03
8.533619642257690430e-01
1.767136529088020325e-02
3.457821905612945557e-01
1.543823629617691040e-01
2.570379078388214111e-01
-4.579278528690338135e-01
3.964444994926452637e-01
-1.707931756973266602e+00
-4.563618004322052002e-01
1.034196699038147926e-03
5.160393714904785156e-01
7.135840654373168945e-01
1.044457107782363892e-01
-2.202891111373901367e+00
1.876916527748107910e+00
-5.764491558074951172e-01
1.791688203811645508e-01
5.278621315956115723e-01
-3.714981675148010254e-01
1.173985004425048828e+00
6.516177058219909668e-01
-1.744594812393188477e+00
-8.929431438446044922e-02
1.009778857231140137e+00
1.377086520195007324e+00
-1.159018874168395996e+00
2.552992701530456543e-01
-6.182372942566871643e-02
-4.080940783023834229e-01
1.313740372657775879e+00
-2.142529726028442383e+00
-4.262829124927520752e-01
1.273035258054733276e-01
9.217239916324615479e-02
-8.017256855964660645e-01
-5.274546742439270020e-01
1.226519227027893066e+00
-8.836332559585571289e-01
-1.626896739006042480e+00
-2.050674200057983398e+00
8.402078151702880859e-01
-1.319834709167480469e+00
6.328914761543273926e-01
-2.736939191818237305e+00
6.666072010993957520e-01
4.835608005523681641e-01
-7.231910824775695801e-01
7.519002556800842285e-01
-5.126407146453857422e-01
-8.706117272377014160e-01
1.247851729393005371e+00
3.235556483268737793e-01
6.841939687728881836e-01
5.453133583068847656e-01
9.838812351226806641e-01
-1.605515599250793457e+00
-9.674785733222961426e-01
5.502803921699523926e-01
-6.991357803344726562e-01
5.073098838329315186e-02
6.751635670661926270e-01
-4.730011522769927979e-01
1.545930147171020508e+00
3.213240802288055420e-01
1.577172875404357910e+00
-4.661335051059722900e-01
6.152502298355102539e-01
-2.757347524166107178e-01
-9.326106905937194824e-01
8.166043162345886230e-01
1.617491841316223145e-01
-3.375458717346191406e-01
5.487318038940429688e-01
1.638732105493545532e-01
-2.784296870231628418e-01
6.573018431663513184e-01
-5.390220880508422852e-02
4.757753014564514160e-01
1.673513650894165039e-01
-1.897888183593750000e-01
7.820653319358825684e-01
7.148913145065307617e-01
-3.683855533599853516e-01
8.090642690658569336e-01
-1.068954110145568848e+00
1.652299165725708008e-01
-1.931018382310867310e-02
-9.108939766883850098e-01
5.491579174995422363e-01
-3.629348874092102051e-01
2.374343387782573700e-02
-5.191019773483276367e-01
5.277166962623596191e-01
-1.685557723045349121e+00
5.164895057678222656e-01
-7.350242137908935547e-01
-1.362126767635345459e-01
2.429439574480056763e-01
-1.489103317260742188e+00
-4.553824663162231445e-02
2.050189733505249023e+00
-3.155449926853179932e-01
-1.646025180816650391e+00
1.598802447319030762e+00
-4.537669122219085693e-01
2.363192737102508545e-01
-2.402772754430770874e-02
-1.844473838806152344e+00
7.262254953384399414e-01
-4.207448661327362061e-01
7.966115474700927734e-01
-4.107342660427093506e-02
9.734570384025573730e-01
-8.064827322959899902e-02
7.403697371482849121e-01
-6.517615914344787598e-01
2.380228936672210693e-01
-3.459989130496978760e-01
7.424904406070709229e-02
-1.115113258361816406e+00
-1.516981601715087891e+00
4.562056958675384521e-01
-4.032859951257705688e-02
8.551581501960754395e-01
6.874951720237731934e-01
-5.493231415748596191e-01
3.844380974769592285e-01
7.026603221893310547e-01
1.493692874908447266e+00
8.627695441246032715e-01
-4.731577038764953613e-01
5.036263167858123779e-02
-2.152955532073974609e-01
7.683322429656982422e-01
3.267342150211334229e-01
-1.848047614097595215e+00
1.051278710365295410e+00
-9.922325015068054199e-01
-9.613478779792785645e-01
-7.132748365402221680e-01
-8.609158396720886230e-01
-2.672469988465309143e-02
5.343378186225891113e-01
-1.456442922353744507e-01
4.218137860298156738e-01
2.348039746284484863e-01
9.549427032470703125e-01
-1.655844002962112427e-01
-6.949440836906433105e-01
-1.026180386543273926e+00
-1.202572822570800781e+00
1.460759043693542480e-01
-9.607065916061401367e-01
-2.417542695999145508e+00
4.855638444423675537e-01
2.101121187210083008e+00
5.341751575469970703e-01
4.278274774551391602e-01
-1.405070275068283081e-01
5.781334042549133301e-01
5.403148531913757324e-01
-1.827426075935363770e+00
-8.197407126426696777e-01
-9.332236647605895996e-02
8.687685132026672363e-01
-1.964460372924804688e+00
-4.373718500137329102e-01
2.436516582965850830e-01
3.674094080924987793e-01
1.123618125915527344e+00
7.828054428100585938e-01
-9.592483043670654297e-01
-1.362383842468261719e+00
-1.189664363861083984e+00
4.946820139884948730e-01
-2.114828675985336304e-01
-7.778355479240417480e-02
5.731685757637023926e-01
6.480619311332702637e-02
3.251617848873138428e-01
-1.748570442199707031e+00
-5.964498519897460938e-01
8.703222870826721191e-02
3.652247190475463867e-01
-6.187205910682678223e-01
1.533048033714294434e+00
4.620009660720825195e-01
9.939484596252441406e-01
6.853687167167663574e-01
1.941404938697814941e+00
5.941410660743713379e-01
8.478672504425048828e-01
1.167455315589904785e+00
7.970820665359497070e-01
2.915921509265899658e-01
-1.164537310600280762e+00
1.177732050418853760e-01
1.237451136112213135e-01
-1.267886519432067871e+00
-6.454857587814331055e-01
-9.892328381538391113e-01
4.602562487125396729e-01
8.847009390592575073e-02
-1.129379868507385254e+00
-1.545511037111282349e-01
-3.995875120162963867e-01
-6.994114518165588379e-01
3.555935919284820557e-01
8.059251904487609863e-01
-6.095336675643920898e-01
1.117099225521087646e-01
-5.993884801864624023e-01
-3.341981172561645508e-01
-1.962392777204513550e-01
4.043707847595214844e+00
-4.558215737342834473e-01
-8.233183622360229492e-01
-1.746192455291748047e+00
-1.270924329757690430e+00
5.445192456245422363e-01
8.789824247360229492e-01
-1.088909357786178589e-01
-1.071502923965454102e+00
3.591451346874237061e-01
-1.504791617393493652e+00
-1.838951706886291504e+00
1.141907721757888794e-01
4.403635263442993164e-01
5.655599832534790039e-01
9.605246782302856445e-01
-2.024941891431808472e-01
-4.838006198406219482e-01
6.234388947486877441e-01
-3.605995476245880127e-01
-1.212629318237304688e+00
4.221595525741577148e-01
-1.695587784051895142e-01
-8.247434496879577637e-01
8.005127310752868652e-01
4.123079478740692139e-01
2.964133024215698242e-01
2.553994767367839813e-02
1.086870789527893066e+00
1.638793945312500000e+00
-1.524578690528869629e+00
-1.265578150749206543e+00
5.278709530830383301e-01
-5.279200077056884766e-01
-1.223865270614624023e+00
-1.980150699615478516e+00
2.466141805052757263e-02
-4.983274638652801514e-01
-2.099728435277938843e-01
3.922042548656463623e-01
1.000399589538574219e+00
-1.416372805833816528e-01
-8.716725707054138184e-01
-8.105394244194030762e-01
-7.156430929899215698e-02
8.013249635696411133e-01
-1.111555695533752441e+00
1.262079924345016479e-01
-8.590082526206970215e-01
1.764146327972412109e+00
-3.520320951938629150e-01
-9.742632508277893066e-01
8.431122899055480957e-01
9.380728602409362793e-01
3.446404337882995605e-01
-6.561691761016845703e-01
8.286973237991333008e-01
-3.208855688571929932e-01
-4.604776501655578613e-01
2.606403529644012451e-01
-1.741426110267639160e+00
-9.728423357009887695e-01
-5.212947130203247070e-01
3.487583100795745850e-01
1.642363518476486206e-01
-3.924789726734161377e-01
4.827643185853958130e-02
-3.995966315269470215e-01
8.359706997871398926e-01
-4.557000845670700073e-02
-1.869004219770431519e-02
-2.605023086071014404e-01
-1.178692221641540527e+00
7.709345817565917969e-01
9.896637797355651855e-01
7.657517194747924805e-01
-8.743406534194946289e-01
-4.099469184875488281e-01
5.779236555099487305e-01
-1.077685952186584473e+00
3.341549932956695557e-01
-5.338889956474304199e-01
3.205348923802375793e-02
-6.950075626373291016e-01
2.435247749090194702e-01
-7.052568197250366211e-01
2.895367443561553955e-01
1.005839228630065918e+00
-9.551245570182800293e-01
9.057307243347167969e-01
-1.242149472236633301e+00
-7.994191348552703857e-02
-6.725250482559204102e-01
-1.020962834358215332e+00
-8.586154580116271973e-01
-5.793752074241638184e-01
1.216904997825622559e+00
6.359087824821472168e-01
1.983353644609451294e-01
9.070520997047424316e-01
-9.603360891342163086e-01
7.215707898139953613e-01
-4.200632870197296143e-01
3.240633904933929443e-01
-2.164647430181503296e-01
-3.740233480930328369e-01
9.102840423583984375e-01
-2.473987936973571777e-01
4.487185478210449219e-01
3.704095631837844849e-02
5.507619380950927734e-01
1.001909822225570679e-01
6.576155424118041992e-01
-1.381655812263488770e+00
9.444237351417541504e-01
3.154988214373588562e-02
6.609163284301757812e-01
-9.934973120689392090e-01
5.683315917849540710e-02
-4.482420682907104492e-01
-1.930192410945892334e-01
-1.889089941978454590e-01
4.134981632232666016e-01
5.704247206449508667e-02
-2.096168249845504761e-01
-1.078961372375488281e+00
5.199499130249023438e-01
-1.755397200584411621e+00
-2.486118555068969727e+00
-3.326718509197235107e-01
-3.842684626579284668e-01
4.571276903152465820e-01
2.525958716869354248e-01
-9.436468482017517090e-01
-1.409504115581512451e-01
-9.276144504547119141e-01
-9.599086642265319824e-01
-3.452676832675933838e-01
4.662418067455291748e-01
1.848034501075744629e+00
-5.897566676139831543e-01
1.326909065246582031e+00
1.902575194835662842e-01
3.691519796848297119e-01
1.308216094970703125e+00
9.411001950502395630e-02
2.715106010437011719e-01
-2.886824607849121094e-01
-8.155317902565002441e-01
-1.742179393768310547e+00
9.346256852149963379e-01
2.766074053943157196e-02
1.530207097530364990e-01
5.694318413734436035e-01
3.902300074696540833e-02
5.153680443763732910e-01
5.831755995750427246e-01
1.101849317550659180e+00
6.663992404937744141e-01
-1.990789175033569336e-02
-1.051974892616271973e+00
1.255891680717468262e+00
-7.441045045852661133e-01
1.182480335235595703e+00
-1.280268192291259766e+00
-1.395558357238769531e+00
1.021396875381469727e+00
5.220221877098083496e-01
5.768657922744750977e-01
-3.064199090003967285e-01
6.039546132087707520e-01
4.801822081208229065e-02
-2.348136156797409058e-01
-2.222860306501388550e-01
-1.396437585353851318e-01
-3.210319578647613525e-01
5.250151753425598145e-01
6.827089190483093262e-01
1.579842209815979004e+00
6.361777782440185547e-01
1.161228179931640625e+00
-4.676787257194519043e-01
5.681496858596801758e-02
-8.233039081096649170e-02
8.969825506210327148e-01
2.149188071489334106e-01
6.442720293998718262e-01
7.404925227165222168e-01
1.033112525939941406e+00
-8.684495687484741211e-01
2.763197720050811768e-01
-8.144600391387939453e-01
-7.186560630798339844e-01
-3.655950129032135010e-01
5.046476721763610840e-01
7.753436565399169922e-01
3.176769614219665527e-01
1.211845278739929199e+00
1.280716657638549805e+00
9.206697344779968262e-03
-5.976615548133850098e-01
-9.900909066200256348e-01
-5.154503583908081055e-01
1.061083078384399414e+00
-3.000068426132202148e+00
8.721458911895751953e-01
-3.369687199592590332e-01
-3.360207974910736084e-01
1.013626575469970703e+00
-9.113438129425048828e-01
3.866933584213256836e-01
-1.490099634975194931e-02
-1.556686609983444214e-01
-2.644325196743011475e-01
-8.135927319526672363e-01
-1.738215327262878418e+00
3.796897828578948975e-01
-9.074859619140625000e-01
-1.044921502470970154e-01
-3.958777189254760742e-01
-3.231986165046691895e-01
1.439266651868820190e-01
2.195724725723266602e+00
-1.064147353172302246e+00
1.175318241119384766e+00
-5.432832986116409302e-02
-1.680397868156433105e+00
-7.351604700088500977e-01
2.544791400432586670e-01
3.432517945766448975e-01
-5.786387324333190918e-01
1.682076975703239441e-02
5.673927664756774902e-01
-1.639962047338485718e-01
-7.538425326347351074e-01
4.497729241847991943e-04
-1.225648760795593262e+00
-6.486466526985168457e-01
3.813693523406982422e-01
1.224498987197875977e+00
4.805293381214141846e-01
1.140165805816650391e+00
-6.508286595344543457e-01
1.241413727402687073e-01
9.404253363609313965e-01
9.659162163734436035e-01
-7.136018276214599609e-01
9.874036908149719238e-01
1.402676403522491455e-01
-9.492781162261962891e-01
4.176716208457946777e-01
-1.281803846359252930e-02
1.273627758026123047e+00
-1.987933367490768433e-01
-7.284969687461853027e-01
-7.400825619697570801e-01
3.404829800128936768e-01
-1.007519736886024475e-01
4.314491897821426392e-02
-9.191265106201171875e-01
3.568066358566284180e-01
1.411263644695281982e-01
1.615359544754028320e+00
3.022283017635345459e-01
7.828377932310104370e-02
-5.140354633331298828e-01
1.537156850099563599e-01
4.649859666824340820e-01
1.192459344863891602e+00
-5.923789143562316895e-01
1.298795044422149658e-01
-2.799588739871978760e-01
2.310381084680557251e-02
1.290319323539733887e+00
-7.191992998123168945e-01
1.085813283920288086e+00
-2.064949423074722290e-01
7.956362962722778320e-01
-3.721673190593719482e-01
-4.655302166938781738e-01
4.050584137439727783e-01
-1.994396686553955078e+00
-1.086612269282341003e-01
-9.410163760185241699e-01
7.270859479904174805e-01
-3.288792669773101807e-01
-5.453734397888183594e-01
-6.989180445671081543e-01
7.526236176490783691e-01
9.481818079948425293e-01
-2.580497972667217255e-02
-1.382565498352050781e+00
-3.799970448017120361e-01
-6.903290152549743652e-01
-9.699454307556152344e-01
-1.010656803846359253e-01
-4.293278977274894714e-02
-2.792187631130218506e-01
-5.031782761216163635e-02
4.295631349086761475e-01
1.105074763298034668e+00
9.924931526184082031e-01
5.305066704750061035e-01
5.906640291213989258e-01
-4.583011269569396973e-01
3.237454891204833984e-01
-4.644868373870849609e-01
-6.337770223617553711e-01
1.170663952827453613e+00
7.712504863739013672e-01
4.516784548759460449e-01
3.443576693534851074e-01
-1.043245434761047363e+00
4.016717374324798584e-01
-1.432265281677246094e+00
-5.861542224884033203e-01
-4.222148656845092773e-01
4.754786789417266846e-01
-9.732639193534851074e-01
-3.475875258445739746e-01
1.075608968734741211e+00
-1.841874361038208008e+00
3.973413407802581787e-01
6.935956329107284546e-02
-5.080484226346015930e-02
-8.750815391540527344e-01
-7.147784829139709473e-01
-5.416634082794189453e-01
-4.209628403186798096e-01
-4.117423295974731445e-01
-1.360894739627838135e-02
-4.855875968933105469e-01
-1.103460043668746948e-01
1.769145488739013672e+00
-2.925473824143409729e-02
1.343088150024414062e-01
-3.606303334236145020e-01
5.706214308738708496e-01
1.604737788438796997e-01
2.102946519851684570e+00
-1.375590711832046509e-01
1.425721883773803711e+00
-3.366227746009826660e-01
1.063417792320251465e+00
4.646452069282531738e-01
1.161087632179260254e+00
-9.733058214187622070e-01
4.016027599573135376e-02
-2.078872472047805786e-01
-2.179696559906005859e-01
6.024442315101623535e-01
7.535149455070495605e-01
3.540624141693115234e+00
-1.304791450500488281e+00
6.048380136489868164e-01
6.398631334304809570e-01
-1.244392633438110352e+00
-4.867731630802154541e-01
3.891141414642333984e-01
-1.410580039024353027e+00
-4.709626436233520508e-01
8.929187059402465820e-01
5.622769594192504883e-01
9.707614779472351074e-01
1.370689749717712402e+00
1.321247518062591553e-01
-1.902888655662536621e+00
9.742771387100219727e-01
8.875895738601684570e-01
1.096665263175964355e+00
3.356458842754364014e-01
-4.479843676090240479e-01
1.229485630989074707e+00
2.089702486991882324e-01
9.444856047630310059e-01
3.997437357902526855e-01
-1.789844751358032227e+00
-1.133515357971191406e+00
6.274390220642089844e-01
-1.404153704643249512e+00
1.624121785163879395e+00
2.018654823303222656e+00
-7.093173861503601074e-01
4.720049202442169189e-01
3.512181341648101807e-01
-6.553770303726196289e-01
-1.274017572402954102e+00
-4.522374570369720459e-01
-1.154177546501159668e+00
9.287451505661010742e-01
8.602298498153686523e-01
5.760470628738403320e-01
-1.034786105155944824e+00
-6.080376505851745605e-01
-9.619587063789367676e-01
-5.068753719329833984e+00
3.107447922229766846e-01
-1.892653107643127441e+00
4.812881350517272949e-01
1.530780792236328125e+00
6.189788579940795898e-01
-8.280342817306518555e-01
3.051423132419586182e-01
4.040251076221466064e-01
-8.195599913597106934e-01
-5.840928852558135986e-02
9.240387082099914551e-01
-5.341394543647766113e-01
4.834180474281311035e-01
-2.222929000854492188e-01
-8.262826204299926758e-01
-3.945004660636186600e-03
-8.061325550079345703e-02
1.147452473640441895e+00
3.525671064853668213e-01
-1.586256474256515503e-01
6.109845638275146484e-01
-1.830228567123413086e-01
3.956434130668640137e-01
-1.357854962348937988e+00
1.339043080806732178e-01
-2.295034751296043396e-02
3.831332921981811523e-02
1.668703556060791016e-01
-1.253678083419799805e+00
-8.850414752960205078e-01
1.101687550544738770e+00
-3.607495427131652832e-01
1.488119721412658691e+00
1.144863247871398926e+00
2.300744056701660156e+00
-8.005873858928680420e-02
-2.869963347911834717e-01
2.066941559314727783e-01
6.596224904060363770e-01
6.398649215698242188e-01
-4.492819011211395264e-01
6.923740506172180176e-01
-1.027817249298095703e+00
1.028160974383354187e-01
3.481485247611999512e-01
2.900241017341613770e-01
4.878377318382263184e-01
-1.550107151269912720e-01
6.761837601661682129e-01
6.898043155670166016e-01
8.457003831863403320e-01
-3.160542845726013184e-01
-9.633436799049377441e-01
2.248470783233642578e+00
1.716417670249938965e+00
6.138546466827392578e-01
-1.213867425918579102e+00
9.226549863815307617e-01
-5.409370660781860352e-01
6.029818058013916016e-01
5.201046466827392578e-01
-2.638046443462371826e-01
6.134545803070068359e-01
9.177779555320739746e-01
-7.339692711830139160e-01
-5.368491411209106445e-01
-1.840397529304027557e-02
2.536071300506591797e+00
-1.340530872344970703e+00
-1.915932416915893555e+00
3.042207062244415283e-01
-4.147823154926300049e-01
4.005716741085052490e-01
1.300493925809860229e-01
-3.874516785144805908e-01
-2.142264604568481445e+00
-8.775842189788818359e-02
-3.372894823551177979e-01
-5.119282007217407227e-01
