1.212487220764160156e+00
7.382852435111999512e-01
6.907129287719726562e-02
-7.375621795654296875e-01
3.763908147811889648e-01
-4.769554138183593750e-01
-4.367032274603843689e-02
1.694273054599761963e-01
-4.308202862739562988e-01
-9.716396778821945190e-02
4.605686664581298828e-01
-4.522141218185424805e-01
-1.065005585551261902e-01
-8.936563134193420410e-02
-2.969458699226379395e-01
-1.467344045639038086e+00
2.776043117046356201e-01
1.384347200393676758e+00
-2.002321630716323853e-01
-3.899257481098175049e-01
-2.944908477365970612e-02
1.060570716857910156e+00
2.084903001785278320e+00
3.961565196514129639e-01
1.528598815202713013e-01
-1.614688515663146973e+00
7.588173151016235352e-01
-9.281978756189346313e-02
8.736346364021301270e-01
1.726137846708297729e-01
-2.371500253677368164e+00
1.234675720334053040e-01
-7.540702223777770996e-01
1.374521017074584961e+00
1.769417226314544678e-01
-9.709673933684825897e-03
1.082451790571212769e-01
-2.172987721860408783e-02
-6.685480475425720215e-02
-5.779001116752624512e-01
-2.274453163146972656e+00
-1.030452132225036621e+00
1.700409501791000366e-02
9.939306974411010742e-02
-2.033002972602844238e-01
-4.310693144798278809e-01
-9.825599938631057739e-02
-1.119860529899597168e+00
-6.335005164146423340e-01
1.638567447662353516e-01
3.498541414737701416e-01
9.680240154266357422e-01
-8.143866062164306641e-01
-1.375625133514404297e+00
-6.212189793586730957e-01
2.984548211097717285e-01
1.579035371541976929e-01
5.543659925460815430e-01
4.685078561305999756e-01
9.705194830894470215e-01
6.004421710968017578e-01
-8.829991817474365234e-01
7.991542220115661621e-01
-1.352402687072753906e+00
7.828569412231445312e-01
-5.928146839141845703e-01
-1.222436666488647461e+00
5.390661358833312988e-01
-5.822575688362121582e-01
-9.187873005867004395e-01
-2.471521496772766113e-01
1.951427012681961060e-01
-5.457836389541625977e-01
-3.896394073963165283e-01
9.772220999002456665e-02
-6.658796668052673340e-01
6.388416290283203125e-01
2.666111588478088379e-01
1.880050182342529297e+00
5.702556967735290527e-01
-2.496368139982223511e-01
-2.948987782001495361e-01
-1.724520921707153320e+00
-3.249207139015197754e-01
-5.751801133155822754e-01
8.881409764289855957e-01
-1.805364489555358887e+00
-5.867556929588317871e-01
-1.113301038742065430e+00
-3.204922080039978027e-01
-1.112975835800170898e+00
-6.850011944770812988e-01
-1.569757312536239624e-01
3.408076167106628418e-01
-3.849504292011260986e-01
4.684966206550598145e-01
8.329088091850280762e-01
1.470340609550476074e+00
-1.943069547414779663e-01
8.893217444419860840e-01
9.713613428175449371e-03
-1.017962813377380371e+00
9.464540332555770874e-02
6.704561710357666016e-01
1.195524781942367554e-01
-3.454411625862121582e-01
-5.032037496566772461e-01
4.480835795402526855e-02
-5.254373699426651001e-02
9.249833226203918457e-01
4.391371309757232666e-01
1.377404332160949707e-01
-1.791182756423950195e+00
2.384056150913238525e-02
-2.262975424528121948e-01
-1.247437953948974609e+00
-3.506158590316772461e-01
-1.521332740783691406e+00
-3.789651989936828613e-01
7.867621779441833496e-01
-7.028749585151672363e-01
-6.008701324462890625e-01
-2.944242238998413086e+00
5.288234949111938477e-01
5.601925253868103027e-01
4.388177990913391113e-01
1.569601148366928101e-01
-6.001051068305969238e-01
-4.232294559478759766e-01
-6.428385376930236816e-01
5.445803403854370117e-01
-1.477311253547668457e+00
4.389327168464660645e-01
-1.230602622032165527e+00
7.187986969947814941e-01
-4.858016371726989746e-01
6.271462440490722656e-01
-1.866373777389526367e+00
-5.997932553291320801e-01
1.677778810262680054e-01
-3.339636325836181641e-01
6.368366479873657227e-01
9.337496757507324219e-01
8.199748396873474121e-01
7.931681275367736816e-01
5.448274686932563782e-02
-3.609203398227691650e-01
5.069960951805114746e-01
-2.342195361852645874e-01
-6.658123731613159180e-01
9.423524141311645508e-01
-9.506405591964721680e-01
4.357264637947082520e-01
5.741528272628784180e-01
5.800984501838684082e-01
-8.047407269477844238e-01
-3.125231862068176270e-01
1.336775779724121094e+00
-7.708902955055236816e-01
2.881695032119750977e-01
2.512788176536560059e-01
8.327285200357437134e-02
-7.358809113502502441e-01
-1.424926042556762695e+00
-9.896830916404724121e-01
-5.504899024963378906e-01
-2.602896392345428467e-01
-3.008016943931579590e-01
2.378604859113693237e-01
-2.175258249044418335e-01
-6.994329094886779785e-01
-7.591260075569152832e-01
-1.143720746040344238e+00
6.101512908935546875e-01
4.518452882766723633e-01
-1.946152150630950928e-01
-4.099827408790588379e-01
-8.785835653543472290e-02
-9.596607089042663574e-01
6.867811083793640137e-01
-8.591472506523132324e-01
-4.100402593612670898e-01
2.168586999177932739e-01
5.727021098136901855e-01
3.852815628051757812e-01
-9.012080430984497070e-01
2.050382643938064575e-01
1.093573123216629028e-01
-3.449596464633941650e-01
-4.260629415512084961e-02
-9.745118618011474609e-01
2.232559770345687866e-01
5.467121005058288574e-01
-1.324067860841751099e-01
-5.563540458679199219e-01
8.015690445899963379e-01
7.379787564277648926e-01
-3.437066674232482910e-01
-2.489190846681594849e-01
3.313027918338775635e-01
-1.102320253849029541e-01
6.765413284301757812e-01
8.061098456382751465e-01
-7.476066946983337402e-01
1.988642215728759766e-01
2.188162803649902344e-01
-1.117517650127410889e-01
-2.804736793041229248e-01
-1.074836924672126770e-01
7.648988366127014160e-01
2.753837704658508301e-01
1.023703694343566895e+00
3.323182463645935059e-01
-1.969339698553085327e-01
-4.709405004978179932e-01
1.068166375160217285e+00
3.047397732734680176e-01
-4.033694863319396973e-01
-9.931926131248474121e-01
-8.629864454269409180e-02
-8.626161813735961914e-01
5.099242329597473145e-01
-2.363424450159072876e-01
2.098966538906097412e-01
-1.049537181854248047e+00
-1.816969364881515503e-01
8.859674334526062012e-01
3.571017384529113770e-01
-8.497093319892883301e-01
-4.843311011791229248e-01
5.108357667922973633e-01
-8.431414365768432617e-01
-8.607133626937866211e-01
8.654455542564392090e-01
5.460486412048339844e-01
3.765809237957000732e-01
-2.345033138990402222e-01
-2.253554463386535645e-01
1.065421462059020996e+00
8.680148124694824219e-01
-4.556153342127799988e-02
-1.374302268028259277e+00
-3.533598780632019043e-02
6.955472230911254883e-01
-1.532565832138061523e+00
-6.601482033729553223e-01
-1.213020011782646179e-01
5.941869616508483887e-01
8.736392855644226074e-01
5.846197009086608887e-01
-2.117398977279663086e-01
7.442340999841690063e-02
7.230968028306961060e-02
-3.950960189104080200e-02
1.245966076850891113e+00
3.313325941562652588e-01
-7.938632369041442871e-02
-4.176120758056640625e-01
-3.634079694747924805e-01
-8.022259473800659180e-01
-7.648239135742187500e-01
2.149402350187301636e-01
-1.017143607139587402e+00
-3.010957734659314156e-03
4.587139785289764404e-01
9.823045134544372559e-01
5.846546292304992676e-01
-1.932693272829055786e-01
4.563968181610107422e+00
-8.619079589843750000e-01
1.198401093482971191e+00
6.189166307449340820e-01
-7.319419384002685547e-01
9.011267423629760742e-01
-9.636222124099731445e-01
1.206866979598999023e+00
9.087577462196350098e-02
-5.598518848419189453e-01
-3.074104189872741699e-01
-9.820279479026794434e-02
-9.473785758018493652e-02
2.186600416898727417e-01
7.422740459442138672e-01
6.406930685043334961e-01
-4.454575851559638977e-02
-1.278517723083496094e+00
2.006482034921646118e-01
-8.173251152038574219e-01
9.355951547622680664e-01
-5.912594199180603027e-01
3.155254945158958435e-02
-3.731166720390319824e-01
1.103448629379272461e+00
3.038058519363403320e+00
1.138023361563682556e-01
6.263346672058105469e-01
-4.482963979244232178e-01
1.775135517120361328e+00
-1.563559472560882568e-01
-2.516615867614746094e+00
4.212637245655059814e-01
-1.411060690879821777e+00
1.507242679595947266e+00
4.331775009632110596e-01
-1.837577372789382935e-01
-6.986822187900543213e-02
-4.927495121955871582e-01
-5.844497680664062500e-01
2.825952768325805664e-01
5.257487893104553223e-01
1.724556684494018555e-01
4.848001003265380859e-01
-2.485826611518859863e-01
-3.471436500549316406e-01
-3.590570092201232910e-01
6.785001605749130249e-02
3.881080150604248047e-01
4.316221475601196289e-01
1.210727810859680176e+00
6.036128997802734375e-01
-9.922633171081542969e-01
-2.151489853858947754e-01
5.672907829284667969e-01
-2.481750994920730591e-01
7.260261178016662598e-01
4.561204314231872559e-01
-6.006708145141601562e-01
-6.720721125602722168e-01
-2.487212866544723511e-01
1.793843150138854980e+00
-8.490471839904785156e-01
-4.669044017791748047e-01
9.100328087806701660e-01
6.862508058547973633e-01
3.191381096839904785e-01
-3.464574813842773438e-01
-7.443104386329650879e-01
-2.148910760879516602e-01
1.249262332916259766e+00
-7.538264393806457520e-01
3.987977802753448486e-01
2.859003543853759766e-01
1.280868172645568848e+00
-7.716696858406066895e-01
-2.950775027275085449e-01
1.837413907051086426e-01
-1.932694315910339355e+00
-7.802758812904357910e-01
7.303716540336608887e-01
-3.329432010650634766e-01
-1.026425361633300781e+00
-5.785011649131774902e-01
-2.855265140533447266e-01
-5.750863552093505859e-01
-2.241594642400741577e-01
-4.862451255321502686e-01
1.296018004417419434e+00
-9.581529498100280762e-01
-2.712419033050537109e-01
2.835666537284851074e-01
-3.675146102905273438e-01
-2.372837215662002563e-01
-9.674491733312606812e-02
6.599820256233215332e-01
6.245244145393371582e-01
-6.047070622444152832e-01
2.358152717351913452e-02
-9.770806878805160522e-03
-1.815265566110610962e-01
1.876009553670883179e-01
2.450224459171295166e-01
1.114045262336730957e+00
3.634935319423675537e-01
-1.030613780021667480e-01
9.989376068115234375e-01
1.061171144247055054e-01
-3.319374620914459229e-01
1.079745173454284668e+00
-9.837744832038879395e-01
1.376796662807464600e-01
-6.233120560646057129e-01
2.185158282518386841e-01
4.538931846618652344e-01
-1.692109555006027222e-01
-8.421028852462768555e-01
-4.534514844417572021e-01
3.908214867115020752e-01
-1.157942771911621094e+00
1.006354093551635742e+00
9.519628435373306274e-02
-8.893806934356689453e-01
-9.047308564186096191e-01
1.379676461219787598e+00
-7.254814505577087402e-01
2.649126946926116943e-01
-7.979806661605834961e-01
-1.868425488471984863e+00
5.256490707397460938e-01
3.539364635944366455e-01
5.300038680434226990e-02
-5.162728950381278992e-02
-6.784929335117340088e-02
-1.465836018323898315e-01
-6.663738489151000977e-01
-9.881944656372070312e-01
1.611760973930358887e+00
-2.516927719116210938e-01
-8.006464242935180664e-01
-6.235194206237792969e-01
-9.135485887527465820e-01
-4.887272417545318604e-01
-8.926935195922851562e-01
-8.055255413055419922e-01
3.592861890792846680e-01
3.150412142276763916e-01
1.763667583465576172e+00
1.255920886993408203e+00
-9.700880050659179688e-01
-2.486297488212585449e-01
4.945065975189208984e-01
-6.732771396636962891e-01
-9.142013192176818848e-01
1.122194647789001465e+00
-2.007376402616500854e-01
-2.110680639743804932e-01
-1.392607809975743294e-03
-4.191880524158477783e-01
4.364275634288787842e-01
-5.310571193695068359e-01
-2.132455408573150635e-01
8.987341076135635376e-03
3.622389137744903564e-01
4.795978963375091553e-01
-1.122436285018920898e+00
6.198031306266784668e-01
9.480693936347961426e-01
-5.844402313232421875e-01
1.269640307873487473e-02
4.957043826580047607e-01
5.350064020603895187e-03
-4.315842390060424805e-01
7.325334548950195312e-01
-3.082256913185119629e-01
3.493858873844146729e-01
3.217989802360534668e-01
6.837942600250244141e-01
5.867150425910949707e-01
-8.776503801345825195e-01
-3.377752602100372314e-01
-1.070159196853637695e+00
-7.931321263313293457e-01
4.684130474925041199e-02
-2.065121978521347046e-01
-2.897589802742004395e-01
4.717288315296173096e-01
-7.245172560214996338e-02
-5.206675529479980469e-01
6.583920717239379883e-01
5.830787420272827148e-01
1.192049145698547363e+00
-3.597979843616485596e-01
-4.947040975093841553e-01
-1.747746914625167847e-01
2.516691386699676514e-01
9.497884511947631836e-01
-9.019230604171752930e-01
-3.746212720870971680e-01
1.667594075202941895e+00
-5.295139551162719727e-01
-5.738713741302490234e-01
-5.415612459182739258e-01
8.399468064308166504e-01
-1.005836129188537598e+00
9.866681098937988281e-01
1.767500787973403931e-01
3.993904292583465576e-01
1.848152875900268555e-01
-1.390513032674789429e-01
-7.733239531517028809e-01
1.413230419158935547e+00
1.468952655792236328e+00
1.293197512626647949e+00
-9.983541965484619141e-01
-3.234050571918487549e-01
-1.862570643424987793e-01
5.752061605453491211e-01
-5.108903050422668457e-01
-2.288406044244766235e-01
8.690937161445617676e-01
8.647274971008300781e-01
-7.680181264877319336e-01
1.280384778976440430e+00
2.186227142810821533e-01
8.845232129096984863e-01
-2.924470901489257812e-01
-2.597236260771751404e-02
-2.499947398900985718e-01
-2.341374635696411133e+00
9.631491266191005707e-03
2.479721754789352417e-01
-1.152713317424058914e-02
1.703935712575912476e-01
3.670370876789093018e-01
2.076501101255416870e-01
4.812560677528381348e-01
-1.118237495422363281e+00
-5.883073806762695312e-01
-3.940236270427703857e-01
1.529099792242050171e-02
2.790649831295013428e-01
-1.352083921432495117e+00
-1.206855297088623047e+00
2.333209514617919922e-01
4.732310771942138672e-01
8.621923923492431641e-01
3.342953026294708252e-01
-7.705206274986267090e-01
1.394013464450836182e-01
-4.695571362972259521e-01
-1.505531966686248779e-01
-1.802592426538467407e-01
-2.673822641372680664e-01
-2.102444916963577271e-01
4.185239374637603760e-01
5.342634916305541992e-01
-1.559729129076004028e-01
-2.185541540384292603e-01
3.793148398399353027e-01
5.182364583015441895e-01
-1.838537901639938354e-01
1.700210422277450562e-01
-3.803919553756713867e-01
2.852146923542022705e-01
-3.872557878494262695e-01
-3.531349599361419678e-01
1.875586360692977905e-01
1.126103520393371582e+00
-2.746778428554534912e-01
-1.229691028594970703e+00
-1.111482977867126465e+00
-3.088628351688385010e-01
1.239651560783386230e+00
6.350814700126647949e-01
2.082062214612960815e-01
6.513288021087646484e-01
7.991436123847961426e-01
-3.812547922134399414e-01
3.736739754676818848e-01
-2.257763743400573730e-01
-4.544589221477508545e-01
2.426491081714630127e-01
-4.005124270915985107e-01
-6.797811388969421387e-01
-8.148813247680664062e-01
1.028823971748352051e+00
6.997920870780944824e-01
-6.434370279312133789e-01
1.878257036209106445e+00
1.318060159683227539e+00
-3.733954727649688721e-01
-5.424174070358276367e-01
-6.184884905815124512e-01
-1.294350862503051758e+00
-5.755660533905029297e-01
6.714805364608764648e-01
7.944712042808532715e-01
-1.060938835144042969e+00
-8.033901453018188477e-02
9.926827549934387207e-01
2.243973463773727417e-01
3.899665474891662598e-01
2.595608830451965332e-01
4.918363094329833984e-01
-3.935230076313018799e-01
-2.776543498039245605e-01
3.801307082176208496e-01
-2.500547170639038086e-01
-6.937096714973449707e-01
7.054628729820251465e-01
-3.543587327003479004e-01
-4.323045909404754639e-01
9.087851047515869141e-01
7.032008767127990723e-01
2.283206135034561157e-01
3.494268059730529785e-01
6.446087956428527832e-01
-1.848821401596069336e+00
-4.804428517818450928e-01
9.578619897365570068e-02
-3.741210103034973145e-01
-4.443544447422027588e-01
-4.541907012462615967e-01
8.534016609191894531e-01
-4.494583010673522949e-01
4.455018043518066406e-01
-1.026768088340759277e+00
5.329285860061645508e-01
6.781721115112304688e-01
1.436345577239990234e-01
7.956175804138183594e-01
9.688848853111267090e-01
-1.283967137336730957e+00
-1.490771770477294922e-02
2.607958018779754639e-01
5.136271715164184570e-01
-8.164508342742919922e-01
-1.129735827445983887e+00
-1.183388590812683105e+00
3.223375976085662842e-01
1.158373579382896423e-01
-7.614890933036804199e-01
3.795992434024810791e-01
-3.607447445392608643e-01
-1.076922178268432617e+00
-5.259451270103454590e-01
-3.563956022262573242e-01
-1.757159084081649780e-01
-5.478301048278808594e-01
-2.991860508918762207e-01
4.214803874492645264e-01
2.749411761760711670e-01
-1.293188631534576416e-01
-6.109811663627624512e-01
9.555173516273498535e-01
-2.566553950309753418e-01
-1.466302722692489624e-01
2.783366143703460693e-01
1.259868860244750977e+00
-1.264017373323440552e-01
-1.652044206857681274e-01
1.469076424837112427e-01
2.724001705646514893e-01
3.093007504940032959e-01
4.327389895915985107e-01
-8.514352142810821533e-02
7.856103181838989258e-01
8.678200840950012207e-01
2.956954240798950195e-01
-2.708528935909271240e-01
-5.584949254989624023e-01
1.628844141960144043e-01
3.757013976573944092e-01
-3.581280112266540527e-01
1.854992985725402832e+00
-3.877090811729431152e-01
-1.652969598770141602e+00
-1.808786392211914062e+00
3.576610684394836426e-01
1.041262626647949219e+00
4.344750940799713135e-01
1.061073422431945801e+00
-1.146940708160400391e+00
-7.165756225585937500e-01
3.939146697521209717e-01
-1.277986168861389160e-02
-1.113976389169692993e-01
9.496446847915649414e-01
1.181229948997497559e+00
4.820098876953125000e-01
4.006228148937225342e-01
-6.347105652093887329e-02
-1.974573612213134766e+00
-2.123809158802032471e-01
2.556568086147308350e-01
-6.631112098693847656e-01
5.297696590423583984e-01
7.291932106018066406e-01
6.344535350799560547e-01
6.043430566787719727e-01
-5.415197014808654785e-01
-5.069246515631675720e-02
6.484270691871643066e-01
4.081456065177917480e-01
1.323320508003234863e+00
3.393386900424957275e-01
-8.472293019294738770e-01
9.989406913518905640e-02
-1.069622397422790527e+00
6.571705341339111328e-01
-4.849975705146789551e-01
3.230825066566467285e-02
-1.741623520851135254e+00
-5.591930747032165527e-01
-6.066228747367858887e-01
-3.546470403671264648e-01
-6.834512948989868164e-02
-4.725423455238342285e-02
9.646540135145187378e-02
-5.906934738159179688e+00
5.830879211425781250e-01
-1.485439538955688477e+00
-4.856299459934234619e-01
5.275110006332397461e-01
7.101967930793762207e-01
-8.519081473350524902e-01
4.768675267696380615e-01
-6.317174434661865234e-01
-4.256958365440368652e-01
6.208302974700927734e-01
4.041169583797454834e-01
4.906713664531707764e-01
-1.002896189689636230e+00
3.848079741001129150e-01
3.182643949985504150e-01
-3.702521324157714844e-01
1.243036746978759766e+00
2.839532375335693359e+00
1.968861371278762817e-01
-3.081285238265991211e+00
9.820767045021057129e-01
-5.896688103675842285e-01
1.848430931568145752e-01
-4.812442362308502197e-01
-1.061314821243286133e+00
9.785928726196289062e-01
3.505909070372581482e-02
-2.215062528848648071e-01
-1.088746666908264160e+00
2.953295111656188965e-01
-1.190487265586853027e+00
7.085130214691162109e-01
2.913345992565155029e-01
-4.315862953662872314e-01
1.207737326622009277e+00
3.902553394436836243e-02
-1.464855909347534180e+00
-1.399797797203063965e+00
2.536376118659973145e-01
2.339392751455307007e-01
-4.882757663726806641e-01
-9.155236482620239258e-01
-1.920044541358947754e+00
3.939791321754455566e-01
2.132838964462280273e-01
9.552754163742065430e-01
-1.403312087059020996e+00
-5.671176910400390625e-01
-5.285481810569763184e-01
5.124861001968383789e-01
1.211359500885009766e+00
-7.201619744300842285e-01
3.957294225692749023e-01
5.711187124252319336e-01
1.142669439315795898e+00
4.325084090232849121e-01
-1.036908388137817383e+00
7.269569486379623413e-02
1.045600324869155884e-01
1.629131883382797241e-01
-8.313052654266357422e-01
2.130562365055084229e-01
5.857095718383789062e-01
-5.818910598754882812e-01
-2.304728329181671143e-01
-9.387517571449279785e-01
3.643890023231506348e-01
-2.255049467086791992e+00
-7.793153524398803711e-01
-1.002021431922912598e+00
-5.456706285476684570e-01
6.951924562454223633e-01
-2.814348600804805756e-02
2.134150564670562744e-01
5.650662779808044434e-01
2.820467948913574219e-01
-9.632085561752319336e-01
-7.587147951126098633e-01
1.266236156225204468e-01
