4.011783003807067871e-01
3.496103882789611816e-01
-5.549098849296569824e-01
-8.833243250846862793e-01
1.443304419517517090e-01
-2.526456713676452637e-01
-5.920680165290832520e-01
-4.390355646610260010e-01
-1.411828398704528809e+00
4.315147995948791504e-01
5.834954977035522461e-01
-1.806128859519958496e+00
-1.469425559043884277e-01
3.537355363368988037e-01
-8.059903383255004883e-01
-5.972428321838378906e-01
1.080222204327583313e-01
7.168584465980529785e-01
-8.538047075271606445e-01
1.077711701393127441e+00
9.545562267303466797e-01
-6.689831614494323730e-01
1.347619652748107910e+00
-7.789127826690673828e-01
1.509559154510498047e+00
-5.942529439926147461e-01
1.503781825304031372e-01
-4.528635144233703613e-01
-1.459622025489807129e+00
5.965837240219116211e-01
-6.064658164978027344e-01
5.245334506034851074e-01
-9.789189696311950684e-01
-1.863081306219100952e-01
-2.107870578765869141e+00
1.025397539138793945e+00
-4.393554478883743286e-02
-2.799069166183471680e+00
1.078603230416774750e-02
8.571496009826660156e-01
5.885842442512512207e-01
-9.566412568092346191e-01
2.001162432134151459e-02
2.095644772052764893e-01
7.569078803062438965e-01
1.026285052299499512e+00
3.128398358821868896e-01
-2.415176928043365479e-01
1.393585056066513062e-01
1.070797324180603027e+00
-1.717067509889602661e-01
-5.333194136619567871e-01
-9.456847310066223145e-01
1.210849046707153320e+00
2.561459541320800781e-01
-4.720773696899414062e-01
6.129873991012573242e-01
2.538822293281555176e-01
-3.409722745418548584e-01
2.320361733436584473e-01
-3.353019654750823975e-01
3.885654732584953308e-02
1.261514306068420410e+00
-1.393104553222656250e+00
-2.355103641748428345e-01
-4.095095396041870117e-01
1.174631342291831970e-01
-2.977839410305023193e-01
8.384875059127807617e-01
-7.363407611846923828e-01
5.509185194969177246e-01
2.236329019069671631e-01
-6.510269641876220703e-01
-3.563783466815948486e-01
-4.813207089900970459e-01
3.530178666114807129e-01
4.026543721556663513e-02
3.548398911952972412e-01
-2.020555585622787476e-01
9.601882845163345337e-02
1.146838441491127014e-01
1.319693773984909058e-01
-2.182921409606933594e+00
4.177364110946655273e-01
-7.583959698677062988e-01
5.449223518371582031e-01
-1.461974620819091797e+00
-9.323291778564453125e-01
1.637583412230014801e-02
-2.542135417461395264e-01
-1.595972776412963867e+00
-1.415306091308593750e+00
-4.345480203628540039e-01
3.236934542655944824e-01
-1.002838850021362305e+00
-3.514214456081390381e-01
-1.694014966487884521e-01
6.419583559036254883e-01
-1.026096820831298828e+00
7.028089761734008789e-01
-3.966935276985168457e-01
-3.236080408096313477e-01
5.833686515688896179e-02
-4.828478097915649414e-01
-1.622356534004211426e+00
1.228922009468078613e-01
-1.117186427116394043e+00
-4.380193352699279785e-01
1.914864033460617065e-01
-1.539234519004821777e+00
8.042986989021301270e-01
6.770058870315551758e-01
-1.540052771568298340e+00
3.793900087475776672e-02
-1.233403205871582031e+00
-6.949643492698669434e-01
-6.942890882492065430e-01
-6.010888218879699707e-01
3.985860049724578857e-01
1.399375557899475098e+00
2.137494683265686035e-01
1.389126539230346680e+00
-1.223482489585876465e+00
4.903282523155212402e-01
-1.994407176971435547e-01
5.462718009948730469e-01
7.620699405670166016e-01
4.688777923583984375e-01
2.397961169481277466e-01
-1.013463735580444336e+00
1.064303874969482422e+00
-1.580415129661560059e+00
7.854403555393218994e-02
-6.668878793716430664e-01
-1.869701862335205078e+00
4.113389551639556885e-01
5.813675522804260254e-01
-1.067609667778015137e+00
-3.409927487373352051e-01
1.474325954914093018e-01
-1.295338392257690430e+00
6.525883078575134277e-01
1.604316711425781250e+00
5.997531414031982422e-01
-1.067849040031433105e+00
-3.549956977367401123e-01
1.051206231117248535e+00
-1.573364973068237305e+00
-3.399685025215148926e-02
-3.208916187286376953e-01
-3.194086253643035889e-01
6.120922565460205078e-01
-1.082428097724914551e-01
-7.415664196014404297e-01
6.120459437370300293e-01
1.411598622798919678e-01
-7.955111861228942871e-01
2.862123548984527588e-01
4.430062174797058105e-01
1.123148798942565918e-01
1.246396422386169434e+00
-2.606219053268432617e-01
8.857287764549255371e-01
-7.919682860374450684e-01
3.769882619380950928e-01
-8.383982181549072266e-01
-5.195756554603576660e-01
6.364046335220336914e-01
8.364975452423095703e-02
7.163724303245544434e-01
3.893431127071380615e-01
-1.333545327186584473e+00
-1.258944511413574219e+00
9.323137402534484863e-01
-1.579753011465072632e-01
-2.593500614166259766e-01
-5.163989588618278503e-02
9.656292945146560669e-02
-2.167785912752151489e-01
4.216887056827545166e-01
-8.377814292907714844e-01
-8.358035683631896973e-01
-3.507673144340515137e-01
4.256742596626281738e-01
1.144706964492797852e+00
-9.480065703392028809e-01
-8.620194196701049805e-01
7.929801344871520996e-01
2.034484148025512695e+00
4.606657195836305618e-03
6.623682975769042969e-01
-5.046684741973876953e-01
5.309628248214721680e-01
9.670524001121520996e-01
-3.542189896106719971e-01
7.931596040725708008e-02
-2.119487971067428589e-01
5.955968424677848816e-02
5.274422764778137207e-01
-1.830908894538879395e+00
-6.160187721252441406e-02
8.585337996482849121e-01
2.315529823303222656e+00
-1.297106742858886719e+00
1.429810672998428345e-01
3.192244842648506165e-02
5.631437301635742188e-01
-1.636062502861022949e+00
4.677333235740661621e-01
-4.426479339599609375e-01
-3.007993698120117188e-01
5.475489497184753418e-01
1.243783712387084961e+00
5.392631292343139648e-01
4.227504134178161621e-01
1.117574453353881836e+00
-2.086258888244628906e+00
-3.128319680690765381e-01
-6.416481137275695801e-01
4.397194087505340576e-01
-1.391529291868209839e-01
8.070471286773681641e-01
-2.288004904985427856e-01
-4.978836476802825928e-01
1.924744963645935059e+00
5.924502015113830566e-01
1.292943120002746582e+00
1.955499500036239624e-01
-4.989217817783355713e-01
-1.926915347576141357e-01
1.180959105491638184e+00
-8.414692878723144531e-01
9.983143955469131470e-02
3.515003621578216553e-01
4.797258377075195312e-01
2.344981580972671509e-01
1.201361298561096191e+00
-5.098111033439636230e-01
-3.958070874214172363e-01
-5.960458517074584961e-01
4.019043445587158203e-01
-6.330179423093795776e-02
1.865008175373077393e-01
7.639340758323669434e-01
4.070420861244201660e-01
-6.856631040573120117e-01
2.284667454659938812e-02
9.261566996574401855e-01
9.328955411911010742e-01
-4.872534275054931641e-01
4.383578896522521973e-01
5.718104839324951172e-01
-1.701564550399780273e+00
-3.763433098793029785e-01
-4.065255820751190186e-01
1.217239722609519958e-02
5.075252056121826172e-01
-9.008485078811645508e-01
2.211295366287231445e-01
2.005412727594375610e-01
-1.086267828941345215e-01
-4.580779746174812317e-02
4.161281883716583252e-01
-1.173361390829086304e-02
-7.595260739326477051e-01
8.200811147689819336e-01
1.058615565299987793e+00
-4.400523900985717773e-01
4.373180389404296875e+00
1.231044054031372070e+00
1.479850888252258301e+00
1.560621261596679688e+00
6.771166324615478516e-01
9.796788692474365234e-01
-1.160456418991088867e+00
1.463590979576110840e+00
-4.122430682182312012e-01
2.001539021730422974e-01
1.356141865253448486e-01
-7.446525096893310547e-01
4.305558800697326660e-01
4.300310909748077393e-01
6.529723405838012695e-01
-2.755226194858551025e-01
8.179785609245300293e-01
-2.656164765357971191e-01
-7.414353489875793457e-01
6.441043019294738770e-01
4.702972173690795898e-01
-1.253360152244567871e+00
-7.852802872657775879e-01
2.242330759763717651e-01
3.245510160923004150e-01
-2.998371124267578125e+00
9.226524829864501953e-02
-4.652626812458038330e-01
2.590408027172088623e-01
7.038137316703796387e-01
-4.158304929733276367e-01
-1.861397475004196167e-01
-6.226425766944885254e-01
-3.632502257823944092e-01
-3.541420996189117432e-01
4.533500969409942627e-01
1.286171793937683105e+00
1.400712251663208008e+00
1.793094575405120850e-01
-1.102268457412719727e+00
3.936065733432769775e-01
-2.572555243968963623e-01
-1.141390204429626465e+00
-2.105121910572052002e-01
-1.977378576993942261e-01
1.245884060859680176e+00
-5.400162339210510254e-01
3.974745795130729675e-02
1.734825372695922852e+00
-5.230417847633361816e-01
1.375194549560546875e+00
4.003611803054809570e-01
-1.484386563301086426e+00
-4.724746346473693848e-01
1.327069163322448730e+00
-5.378862619400024414e-01
-1.790042966604232788e-01
4.238332211971282959e-01
-7.761873602867126465e-01
-1.147679090499877930e+00
-7.442938685417175293e-01
2.307398080825805664e+00
2.450940907001495361e-01
-5.856241583824157715e-01
8.683217763900756836e-01
-5.394076555967330933e-02
1.042963624000549316e+00
-9.517345428466796875e-01
-4.430893436074256897e-02
-5.388528108596801758e-01
1.153064727783203125e+00
-7.002375125885009766e-01
3.379403948783874512e-01
-6.586928367614746094e-01
1.074806332588195801e+00
7.797694951295852661e-02
2.029626816511154175e-01
2.398214787244796753e-01
-1.127357244491577148e+00
5.925003290176391602e-01
1.109102740883827209e-01
-8.911293745040893555e-02
-9.622310400009155273e-01
-4.208145141601562500e-01
7.521855235099792480e-01
-2.558851838111877441e-01
-2.444122433662414551e-01
-8.486099243164062500e-01
-9.207645058631896973e-01
-1.763993799686431885e-01
-2.970299720764160156e-01
1.408201217651367188e+00
4.979556798934936523e-01
4.521534442901611328e-01
2.268677055835723877e-01
-4.804674685001373291e-01
-9.693436026573181152e-01
-1.790160834789276123e-01
8.608859777450561523e-01
3.752926588058471680e-01
-3.230686485767364502e-01
-8.972032070159912109e-01
1.397778272628784180e+00
2.833288311958312988e-01
-4.920410513877868652e-01
1.080792307853698730e+00
-5.814413726329803467e-02
1.123033642768859863e+00
4.558534622192382812e-01
-9.965483099222183228e-02
-7.242721319198608398e-01
1.333409547805786133e-01
4.273763597011566162e-01
2.541548311710357666e-01
-3.425638675689697266e-01
9.732679724693298340e-01
-9.861204028129577637e-01
7.573237270116806030e-02
1.684070378541946411e-01
-3.533982038497924805e-01
8.815400004386901855e-01
-7.096268236637115479e-02
3.103060960769653320e+00
-1.161011829972267151e-01
1.002793669700622559e+00
-6.843708753585815430e-01
8.799850344657897949e-01
-1.079477190971374512e+00
-2.781469821929931641e-01
-5.073649287223815918e-01
-8.586363196372985840e-01
1.243457436561584473e+00
6.544765233993530273e-01
-9.331938624382019043e-01
3.612695336341857910e-01
-6.058983802795410156e-01
-1.090193748474121094e+00
1.389321684837341309e-01
-1.067172288894653320e+00
4.728323817253112793e-01
-1.172340631484985352e+00
-4.868916571140289307e-01
4.724583625793457031e-01
-1.281569451093673706e-01
-6.766622662544250488e-01
2.928140163421630859e-01
-2.082518488168716431e-01
1.375218033790588379e+00
-9.051483869552612305e-01
-4.173622131347656250e-01
-8.620222806930541992e-01
1.579955458641052246e+00
-5.600683093070983887e-01
-1.582450389862060547e+00
-8.604831248521804810e-02
9.697049260139465332e-01
-8.447592854499816895e-01
1.450046062469482422e+00
-1.222148776054382324e+00
-4.959521889686584473e-01
-1.490728616714477539e+00
-2.232089042663574219e-01
1.252890080213546753e-01
5.527136102318763733e-02
8.701032400131225586e-01
-1.143207550048828125e+00
-7.933229804039001465e-01
9.119983911514282227e-01
4.003211110830307007e-02
-9.404595941305160522e-02
1.548242270946502686e-01
-3.122294507920742035e-02
-6.532357633113861084e-02
4.746236503124237061e-01
-9.553631544113159180e-01
-2.373111695051193237e-01
2.856484651565551758e-01
5.110889077186584473e-01
3.984420597553253174e-01
8.894718289375305176e-01
-6.270472891628742218e-03
-2.232429981231689453e+00
-2.090464591979980469e+00
-5.020868778228759766e-01
-6.786061823368072510e-02
-1.308012247085571289e+00
-8.245651125907897949e-01
-1.267229676246643066e+00
-1.071575190871953964e-02
9.005964398384094238e-01
8.927139639854431152e-01
-4.771933555603027344e-01
8.444916009902954102e-01
1.632925719022750854e-01
2.697609178721904755e-02
-1.713158786296844482e-01
-2.658210098743438721e-01
-4.924814999103546143e-01
5.119904875755310059e-01
7.657956480979919434e-01
-3.149775266647338867e-01
4.914231300354003906e-01
2.953553497791290283e-01
1.239564180374145508e+00
-9.723265171051025391e-01
1.884426176548004150e-01
3.670965088531374931e-03
5.309906005859375000e-01
1.263599753379821777e+00
-4.222943186759948730e-01
4.563890025019645691e-02
1.107182145118713379e+00
1.467133522033691406e+00
3.199326097965240479e-01
8.524855971336364746e-02
4.692640602588653564e-01
9.038804769515991211e-01
-4.308325052261352539e-01
3.044179677963256836e-01
1.447483897209167480e-01
-4.666913300752639771e-02
-7.224988937377929688e-01
2.728533148765563965e-01
2.233651280403137207e-01
-2.697995901107788086e-01
1.918374300003051758e-01
-1.030320405960083008e+00
1.178107619285583496e+00
-1.766674965620040894e-01
-1.737528324127197266e+00
2.069970406591892242e-02
-1.040788769721984863e+00
4.845305383205413818e-01
1.868886947631835938e-01
1.365750730037689209e-01
8.658492565155029297e-01
-2.573569297790527344e+00
1.092540144920349121e+00
5.859436094760894775e-02
2.904759943485260010e-01
5.632851719856262207e-01
4.642667770385742188e-01
4.484372735023498535e-01
5.829775333404541016e-01
4.553274810314178467e-02
5.971233248710632324e-01
9.656971693038940430e-01
1.420807242393493652e+00
-1.230345591902732849e-01
-4.055314064025878906e-01
4.792355000972747803e-01
-2.115011960268020630e-01
-1.108100786805152893e-01
2.625205218791961670e-01
-1.293326497077941895e+00
-2.739952802658081055e-01
-6.221879124641418457e-01
4.944461882114410400e-01
-1.385014295578002930e+00
8.081375360488891602e-01
1.272798061370849609e+00
-1.080769300460815430e+00
-3.677999228239059448e-02
-3.088296353816986084e-01
6.299167275428771973e-01
-5.151842832565307617e-01
-3.048918582499027252e-02
-9.800558686256408691e-01
-1.338051915168762207e+00
-5.931948423385620117e-01
-5.783306360244750977e-01
-1.111905053257942200e-01
-9.854324460029602051e-01
7.087303996086120605e-01
1.810011565685272217e-01
-4.839896559715270996e-01
6.034659147262573242e-01
-1.744581162929534912e-01
-2.671337723731994629e-01
6.002275347709655762e-01
-1.168495655059814453e+00
1.018816590309143066e+00
2.727264761924743652e-01
2.104161083698272705e-01
-1.897341251373291016e+00
-4.892960190773010254e-01
-1.460718214511871338e-01
1.075181722640991211e+00
-1.398531347513198853e-01
-1.627259105443954468e-01
-2.357598543167114258e-01
2.946321070194244385e-01
6.360051035881042480e-01
1.944473505020141602e+00
1.010067462921142578e-01
-5.267705023288726807e-02
-4.772407412528991699e-01
-3.796119093894958496e-01
6.659649610519409180e-01
1.929180979728698730e+00
2.287802457809448242e+00
-9.415520429611206055e-01
3.429875373840332031e-01
-1.228841394186019897e-01
-4.508506357669830322e-01
-4.999420642852783203e-01
-8.235436677932739258e-01
-9.059645533561706543e-01
-2.900444865226745605e-01
-2.945527732372283936e-01
-1.648504734039306641e-01
-3.217730224132537842e-01
-1.029302835464477539e+00
-5.969188213348388672e-01
7.458280920982360840e-01
-4.254731535911560059e-01
1.026518702507019043e+00
1.386021971702575684e-01
-1.305644392967224121e+00
-7.286151647567749023e-01
9.694336652755737305e-01
6.430594623088836670e-02
2.009124606847763062e-01
4.588120281696319580e-01
1.317585706710815430e-01
3.315729275345802307e-02
-4.180730879306793213e-01
-2.348335742950439453e+00
1.256453275680541992e+00
4.908356666564941406e-01
-2.804308831691741943e-01
3.339940011501312256e-01
2.276269942522048950e-01
-1.625782489776611328e+00
7.401552200317382812e-01
1.137396544218063354e-01
3.540211021900177002e-01
-1.001386880874633789e+00
-1.063563823699951172e+00
-1.181003689765930176e+00
-6.234855055809020996e-01
8.983019590377807617e-01
-4.742384850978851318e-01
-5.682050585746765137e-01
8.403578996658325195e-01
7.787514328956604004e-01
-5.227016210556030273e-01
-1.121523976325988770e+00
-1.616124063730239868e-02
-2.402853369712829590e-01
3.901413977146148682e-01
2.598266899585723877e-01
3.838274478912353516e-01
6.501339077949523926e-01
-1.457902908325195312e+00
2.301647514104843140e-01
2.431840598583221436e-01
1.212261795997619629e+00
8.932154774665832520e-01
1.132552146911621094e+00
7.895460724830627441e-01
-2.111428022384643555e+00
1.190448284149169922e+00
-7.688291668891906738e-01
6.611029505729675293e-01
1.231744885444641113e+00
7.065137028694152832e-01
1.340496633201837540e-02
-2.348196357488632202e-01
1.359147876501083374e-01
-9.732947945594787598e-01
1.175984025001525879e+00
2.051707543432712555e-02
2.167931348085403442e-01
-1.777258872985839844e+00
1.452117562294006348e-01
1.685826182365417480e-01
2.798372507095336914e+00
-2.773989737033843994e-01
-1.020684480667114258e+00
2.383278757333755493e-01
-7.629904150962829590e-01
3.489050269126892090e-01
-3.117192983627319336e-01
-5.334882736206054688e-01
3.331256210803985596e-01
-7.747336477041244507e-02
-2.776692807674407959e-01
-3.036681115627288818e-01
1.798892766237258911e-02
-7.344982624053955078e-01
4.150060415267944336e-01
-7.100917696952819824e-01
6.898911595344543457e-01
4.690590798854827881e-01
-5.693129301071166992e-01
4.344544410705566406e-01
4.329489469528198242e-01
-5.497595071792602539e-01
5.048308968544006348e-01
-6.721730232238769531e-01
-2.844799458980560303e-01
-5.893409252166748047e-01
-6.895457506179809570e-01
7.978448867797851562e-01
1.623709201812744141e+00
2.795964479446411133e-01
-5.015472173690795898e-01
-6.985618919134140015e-02
-1.137658953666687012e+00
3.710099756717681885e-01
-3.794742226600646973e-01
9.864841103553771973e-01
4.813206568360328674e-02
-1.330546617507934570e+00
1.036370396614074707e+00
-5.683578848838806152e-01
-3.867101967334747314e-01
-1.322161555290222168e+00
-7.025688886642456055e-01
1.285866975784301758e+00
3.805561065673828125e-01
-8.640797138214111328e-01
-9.706145152449607849e-03
1.280500143766403198e-01
-4.256322383880615234e-01
7.055060267448425293e-01
-8.564365506172180176e-01
-6.488357782363891602e-01
8.801070451736450195e-01
-7.054938077926635742e-01
7.374026179313659668e-01
-5.244338139891624451e-02
6.358385086059570312e-01
-9.575451016426086426e-01
-7.885223031044006348e-01
4.797806739807128906e-01
-8.040946722030639648e-01
-2.848632633686065674e-01
-1.596281826496124268e-01
-1.518258213996887207e+00
7.104641199111938477e-01
-7.395224571228027344e-01
-6.564298868179321289e-01
-1.001189351081848145e+00
-4.575219452381134033e-01
-1.338559508323669434e+00
1.330064386129379272e-01
-3.454917669296264648e-01
-1.114156246185302734e+00
1.308815479278564453e-01
-4.169445037841796875e-01
-1.317718267440795898e+00
2.775337994098663330e-01
-9.402182102203369141e-01
-1.384773105382919312e-01
1.595672130584716797e+00
-2.283029109239578247e-01
-3.235397338867187500e-01
8.634780049324035645e-01
4.007713198661804199e-01
-1.151163339614868164e+00
7.064428329467773438e-01
-1.612980246543884277e+00
-8.220596909523010254e-01
4.799934029579162598e-01
1.514673471450805664e+00
1.735986322164535522e-01
-2.135296016931533813e-01
1.634819619357585907e-02
8.711396157741546631e-02
-8.821805715560913086e-01
3.128224611282348633e-01
-1.243542671203613281e+00
6.662185788154602051e-01
1.428601861000061035e+00
-3.488884270191192627e-01
-1.227198123931884766e+00
-1.591794490814208984e-01
-2.384542673826217651e-01
6.721325516700744629e-01
5.580651015043258667e-02
1.165423989295959473e+00
-7.941097021102905273e-01
-1.412452459335327148e-01
1.202611848711967468e-01
-3.625886440277099609e-01
9.157400131225585938e-01
-1.079406142234802246e+00
-1.045460775494575500e-01
-9.206052422523498535e-01
-2.010197341442108154e-01
1.603588461875915527e-01
-4.942444264888763428e-01
3.970970213413238525e-01
1.021639823913574219e+00
1.683730036020278931e-01
6.942403316497802734e-02
-3.275136649608612061e-01
-2.263165861368179321e-01
