-2.094873934984207153e-01
7.873041033744812012e-01
-4.352230727672576904e-01
-6.100527048110961914e-01
7.871075868606567383e-01
-6.540149450302124023e-01
1.258548051118850708e-01
5.936805605888366699e-01
-1.137536644935607910e+00
3.035977780818939209e-01
4.816373586654663086e-01
-3.945394158363342285e-01
1.166976451873779297e+00
1.314287483692169189e-01
6.581124663352966309e-01
-8.089331388473510742e-01
4.191910624504089355e-01
9.215608835220336914e-01
-3.093983530998229980e-01
1.788458824157714844e-01
1.069157600402832031e+00
9.693623185157775879e-01
1.862568736076354980e+00
-6.745839118957519531e-01
9.438175559043884277e-01
-9.808472990989685059e-01
1.902959942817687988e-01
4.950730204582214355e-01
-2.852858901023864746e-01
-2.775485813617706299e-01
3.813257217407226562e-01
3.348152339458465576e-01
-4.610366821289062500e-01
5.706668496131896973e-01
-3.450783193111419678e-01
2.339956164360046387e-01
1.015859127044677734e+00
-7.843256592750549316e-01
-1.960452646017074585e-02
9.977787733078002930e-01
-1.024146676063537598e+00
-7.513248920440673828e-01
9.346430003643035889e-02
5.281261205673217773e-01
4.470248818397521973e-01
-1.718864440917968750e+00
7.070397138595581055e-01
-1.257634162902832031e+00
7.437751889228820801e-01
5.992649793624877930e-01
-4.522168636322021484e-01
-1.470462560653686523e+00
2.220576852560043335e-01
-2.328806370496749878e-01
3.407208323478698730e-01
-4.309270903468132019e-02
4.102123677730560303e-01
1.245789155364036560e-01
3.325355052947998047e-01
6.184133887290954590e-01
-5.021721124649047852e-01
-5.814006328582763672e-01
8.916879892349243164e-01
-1.099761843681335449e+00
7.605405449867248535e-01
-1.313508003950119019e-01
4.026344120502471924e-01
1.059602618217468262e+00
1.645144522190093994e-01
-6.584179997444152832e-01
1.222719326615333557e-01
-3.455691621638834476e-04
-1.267672061920166016e+00
-8.820592164993286133e-01
-3.953465819358825684e-01
-7.669821381568908691e-02
-1.161146759986877441e-01
2.264592349529266357e-01
4.533123075962066650e-01
-1.126517206430435181e-01
5.145733952522277832e-01
1.197084113955497742e-01
-7.773576378822326660e-01
-4.864705353975296021e-02
-9.622287750244140625e-02
8.482401967048645020e-01
-1.849720120429992676e+00
2.748700678348541260e-01
-6.024972796440124512e-01
-3.067801296710968018e-01
-9.047896265983581543e-01
4.866205900907516479e-02
-4.548331499099731445e-01
5.915134549140930176e-01
-9.805520176887512207e-01
2.433553189039230347e-01
7.922611236572265625e-01
8.030723333358764648e-01
1.150226235389709473e+00
1.156393885612487793e+00
-9.081012606620788574e-01
2.078440040349960327e-01
9.804436564445495605e-02
-3.573470413684844971e-01
1.190637797117233276e-01
-1.124296188354492188e+00
4.599740728735923767e-02
-3.128077685832977295e-01
1.432491064071655273e+00
2.614069283008575439e-01
9.916158914566040039e-01
9.099001288414001465e-01
-1.594155907630920410e+00
-6.158432364463806152e-01
3.082141578197479248e-01
-1.188822984695434570e+00
-5.735827684402465820e-01
1.470494717359542847e-01
-6.889382004737854004e-01
2.364150583744049072e-01
-5.952825546264648438e-01
5.963001847267150879e-01
-2.744948387145996094e+00
7.467260956764221191e-02
7.766609191894531250e-01
3.822916150093078613e-01
8.040333986282348633e-01
-7.795230150222778320e-01
5.336792394518852234e-02
-1.221820637583732605e-01
-1.550801843404769897e-01
-9.771410226821899414e-01
7.991899251937866211e-01
-1.650534510612487793e+00
-3.286942541599273682e-01
7.745344936847686768e-02
2.243459671735763550e-01
-1.188239693641662598e+00
-6.759811639785766602e-01
6.995931267738342285e-02
-1.554158568382263184e+00
-2.385396361351013184e-01
-4.880268275737762451e-01
5.294801592826843262e-01
2.750885784626007080e-01
-4.051413536071777344e-01
-2.232675403356552124e-01
-3.366420567035675049e-01
4.216524660587310791e-01
-5.794802904129028320e-01
1.496990025043487549e-02
1.324303150177001953e+00
8.938747644424438477e-02
3.906769677996635437e-02
7.696068286895751953e-01
5.417708158493041992e-01
-8.643224835395812988e-02
2.343763560056686401e-01
-8.113626837730407715e-01
7.593113183975219727e-02
4.872881174087524414e-01
-3.232448995113372803e-01
7.014639973640441895e-01
-5.681236982345581055e-01
6.349981427192687988e-01
-1.059774160385131836e+00
-1.122984170913696289e+00
-4.096225500106811523e-01
-1.275583505630493164e-01
-2.748118154704570770e-02
-4.928244650363922119e-01
-3.971325755119323730e-01
-1.493835210800170898e+00
1.339855551719665527e+00
4.969952702522277832e-01
-5.749779343605041504e-01
-4.725888669490814209e-01
3.275460600852966309e-01
-4.849443435668945312e-01
7.542034983634948730e-01
-2.105172723531723022e-01
-5.459458827972412109e-01
5.360699295997619629e-01
-8.263686299324035645e-01
5.313708186149597168e-01
-1.335438966751098633e+00
-8.807334303855895996e-01
-6.957730054855346680e-01
7.671468853950500488e-01
-2.115032970905303955e-01
-6.190483570098876953e-01
-5.392256379127502441e-01
9.529815316200256348e-01
8.008211255073547363e-01
-3.355674445629119873e-01
-2.878533676266670227e-03
2.315148115158081055e-01
-7.547692060470581055e-01
-9.911758303642272949e-01
-5.740296244621276855e-01
3.680521249771118164e-01
1.086727142333984375e+00
3.080657005310058594e+00
-1.805585503578186035e+00
3.163408935070037842e-01
-6.225546002388000488e-01
2.688336372375488281e-01
3.228504061698913574e-01
9.810112118721008301e-01
-2.281013280153274536e-01
2.343505322933197021e-01
9.939602017402648926e-01
6.344442367553710938e-01
1.706805527210235596e-01
-7.439166903495788574e-01
1.119046568870544434e+00
-4.642913341522216797e-01
-1.470734119415283203e+00
-9.425405263900756836e-01
-3.566653132438659668e-01
-1.538490206003189087e-01
9.340055584907531738e-01
-1.179299235343933105e+00
-1.010074242949485779e-01
-4.055060446262359619e-02
-1.037672519683837891e+00
8.968129158020019531e-01
2.133245021104812622e-02
-9.061234593391418457e-01
6.358550190925598145e-01
1.045123338699340820e+00
3.284433856606483459e-02
-6.014067530632019043e-01
7.501696348190307617e-01
2.731904983520507812e-01
-6.923018097877502441e-01
1.481488198041915894e-01
9.766070172190666199e-03
-7.285548448562622070e-01
-8.668773174285888672e-01
6.736127734184265137e-01
-1.500158548355102539e+00
-1.749681681394577026e-01
6.821900010108947754e-01
-1.256594657897949219e+00
-3.808113336563110352e-01
-2.135182172060012817e-01
4.246298670768737793e-01
-1.338381171226501465e-01
1.193040132522583008e+00
-1.008021354675292969e+00
-4.863767921924591064e-01
-9.360116720199584961e-01
-6.942036151885986328e-01
-4.261682331562042236e-01
5.398493409156799316e-01
-1.130456104874610901e-01
-2.938137650489807129e-01
7.235077023506164551e-01
-8.228070139884948730e-01
-6.707965731620788574e-01
7.448465824127197266e-01
2.710603177547454834e-01
-5.590124055743217468e-02
-4.854141771793365479e-01
7.146779298782348633e-01
6.483287215232849121e-01
-3.336540460586547852e-01
3.649676084518432617e+00
-5.234838724136352539e-01
1.601891160011291504e+00
1.196471571922302246e+00
-3.381851613521575928e-01
1.191392898559570312e+00
-8.640552759170532227e-01
1.506305336952209473e-01
-4.935411810874938965e-01
-1.269941687583923340e+00
-1.117011383175849915e-01
8.263991475105285645e-01
2.416546791791915894e-01
-4.946821928024291992e-01
8.535737395286560059e-01
8.943608403205871582e-01
-7.472039014101028442e-02
-4.904760122299194336e-01
-3.868464827537536621e-01
-9.734511375427246094e-02
1.336765408515930176e+00
-4.188151955604553223e-01
-6.054311394691467285e-01
-6.458643078804016113e-02
-1.403047591447830200e-01
2.265280246734619141e+00
3.550740182399749756e-01
-6.576011180877685547e-01
-9.648606777191162109e-01
-3.510314822196960449e-01
2.311743348836898804e-01
-6.279387474060058594e-01
-3.950617015361785889e-01
-1.437181353569030762e+00
7.668061852455139160e-01
7.588278651237487793e-01
2.634193301200866699e-01
8.835482597351074219e-02
1.135123014450073242e+00
-3.230908513069152832e-01
1.843049645423889160e+00
-1.044720485806465149e-01
-2.470632940530776978e-01
-2.212688140571117401e-02
-1.772500574588775635e-01
5.987001657485961914e-01
-3.431187868118286133e-01
-1.124843120574951172e+00
1.472844243049621582e+00
1.165031790733337402e+00
1.970537453889846802e-01
5.340776443481445312e-01
-3.349945843219757080e-01
5.399736762046813965e-02
3.941132128238677979e-01
-1.369781792163848877e-01
5.599137544631958008e-01
-5.582683086395263672e-01
-9.660455584526062012e-01
-3.555357456207275391e-01
-9.521839767694473267e-02
1.058328509330749512e+00
-1.947422027587890625e+00
-1.250198960304260254e+00
8.463006019592285156e-01
8.257082700729370117e-01
6.001411080360412598e-01
1.074962139129638672e+00
5.834212303161621094e-01
-3.945512473583221436e-01
8.270221352577209473e-01
-3.946079015731811523e-01
-1.966642439365386963e-01
-2.884472906589508057e-01
3.885274827480316162e-01
-2.571286633610725403e-02
4.432830214500427246e-02
1.130398988723754883e+00
-2.010343551635742188e+00
8.086547851562500000e-01
-6.172848939895629883e-01
5.520356893539428711e-01
-5.098565220832824707e-01
4.399195313453674316e-01
7.822338938713073730e-01
-7.353326678276062012e-01
-2.252998054027557373e-01
2.905032634735107422e-01
5.410470366477966309e-01
-1.931048750877380371e+00
9.919966459274291992e-01
6.736397277563810349e-03
-4.133321940898895264e-01
1.816852241754531860e-01
-1.748564243316650391e+00
-2.175203114748001099e-01
-1.788890957832336426e-01
-4.485898911952972412e-01
1.352670788764953613e-01
1.048820257186889648e+00
-2.707666456699371338e-01
7.013229727745056152e-01
7.445041537284851074e-01
1.652555823326110840e+00
-4.637033641338348389e-01
3.115778863430023193e-01
7.812103629112243652e-01
-2.979124188423156738e-01
-2.336517333984375000e+00
-1.763945668935775757e-01
1.343910247087478638e-01
3.478527665138244629e-01
5.164901018142700195e-01
8.374406099319458008e-01
2.227685749530792236e-01
5.632507801055908203e-01
-7.052199840545654297e-01
-3.015649020671844482e-01
-4.347092658281326294e-02
-1.035676479339599609e+00
1.926492452621459961e+00
-2.856884337961673737e-02
2.041189908981323242e+00
7.643322944641113281e-01
1.937664270401000977e+00
7.570047378540039062e-01
3.979390263557434082e-01
1.304136961698532104e-01
-7.195643782615661621e-01
-2.968094646930694580e-01
-2.016133628785610199e-02
6.206361576914787292e-04
1.080413103103637695e+00
-1.986178517341613770e+00
-2.434171885251998901e-01
-1.116203591227531433e-01
-5.448042154312133789e-01
9.827964901924133301e-01
-5.692372918128967285e-01
-2.161856144666671753e-01
2.512404024600982666e-01
-7.067060470581054688e-01
6.408979296684265137e-01
-1.862261444330215454e-01
-1.256708621978759766e+00
4.412201642990112305e-01
-1.071843266487121582e+00
1.373598933219909668e+00
1.870983988046646118e-01
-4.749945402145385742e-01
-4.238294363021850586e-01
9.878529310226440430e-01
-8.718216419219970703e-01
-1.636305212974548340e+00
6.339356303215026855e-01
1.516939401626586914e+00
-7.351512312889099121e-01
9.077566862106323242e-01
-1.314154267311096191e+00
-2.173405140638351440e-02
-1.170333504676818848e+00
-5.735359191894531250e-01
-6.566356867551803589e-02
3.191013336181640625e-01
9.650267362594604492e-01
-6.303995251655578613e-01
1.268785238265991211e+00
-6.024635583162307739e-02
-9.419422149658203125e-01
1.519063115119934082e-01
-5.544283390045166016e-01
-8.393936157226562500e-01
-1.897628158330917358e-01
2.912580668926239014e-01
-9.598445296287536621e-01
2.926841676235198975e-01
5.546508431434631348e-01
-2.281506955623626709e-01
6.813154816627502441e-01
-6.691357493400573730e-01
8.100027590990066528e-02
-1.745955109596252441e+00
-5.773774981498718262e-01
-1.277803540229797363e+00
1.993743777275085449e-01
8.674599230289459229e-02
2.583418488502502441e-01
-6.526510119438171387e-01
2.933561205863952637e-01
1.077276110649108887e+00
-4.144746959209442139e-01
1.089067697525024414e+00
1.481582373380661011e-01
5.376495718955993652e-01
-1.589362323284149170e-01
7.700844854116439819e-02
-6.174819469451904297e-01
2.504320628941059113e-02
6.111227273941040039e-01
2.681797444820404053e-01
4.801511168479919434e-01
3.063614964485168457e-01
-6.008998155593872070e-01
6.675494909286499023e-01
-4.258536696434020996e-01
-4.818589985370635986e-01
7.751178741455078125e-02
2.891889214515686035e-01
-1.207094550132751465e+00
-9.744349122047424316e-02
-9.755433797836303711e-01
1.383109569549560547e+00
1.635878801345825195e+00
8.862752318382263184e-01
-1.314277887344360352e+00
-1.509511023759841919e-01
-2.934588193893432617e-01
3.501055240631103516e-01
-8.011540770530700684e-01
-1.006788253784179688e+00
3.654864430427551270e-01
-9.850833415985107422e-01
3.982126414775848389e-01
1.246138334274291992e+00
2.394839227199554443e-01
1.160391807556152344e+00
-3.781105577945709229e-01
1.763308763504028320e+00
-1.395369973033666611e-02
-2.690184116363525391e+00
1.435476899147033691e+00
-2.940325140953063965e-01
6.923108696937561035e-01
-7.602375149726867676e-01
5.538620352745056152e-01
5.337339639663696289e-01
5.086794495582580566e-01
-4.126529097557067871e-01
7.252480387687683105e-01
1.069645643234252930e+00
-1.949284523725509644e-01
4.098010957241058350e-01
-6.318978667259216309e-01
-8.571123480796813965e-01
-8.033685684204101562e-01
-2.288331240415573120e-01
8.711761236190795898e-01
6.940915584564208984e-01
-4.181753396987915039e-01
4.829280376434326172e-01
1.189986228942871094e+00
-5.997545123100280762e-01
-6.731764674186706543e-01
8.914709091186523438e-01
-1.006771206855773926e+00
-2.014789134263992310e-01
-6.730858003720641136e-04
8.411623835563659668e-01
-2.083464413881301880e-01
-6.251365542411804199e-01
5.785070061683654785e-01
-6.019476652145385742e-01
2.601961493492126465e-01
-4.115156531333923340e-01
7.348870038986206055e-01
-1.577414989471435547e+00
-4.558739364147186279e-01
1.986911445856094360e-01
-6.117596030235290527e-01
1.510475277900695801e-01
-5.842919349670410156e-01
1.937078982591629028e-01
-9.514897465705871582e-01
6.310564279556274414e-01
-9.374125301837921143e-02
-5.439919605851173401e-02
2.273927688598632812e+00
1.853692382574081421e-01
5.255014896392822266e-01
6.075382828712463379e-01
1.122048199176788330e-01
-4.866010509431362152e-03
-3.678242564201354980e-01
1.094024106860160828e-01
-1.291755795478820801e+00
-2.151174068450927734e+00
6.666363477706909180e-01
-1.409999877214431763e-01
-1.308740973472595215e-01
6.467936038970947266e-01
1.552244424819946289e+00
-4.277456998825073242e-01
-3.161066770553588867e-01
3.170938193798065186e-01
-1.957488894462585449e+00
-8.092222213745117188e-01
-7.718881964683532715e-02
5.773836374282836914e-01
3.692309260368347168e-01
-7.838496565818786621e-02
9.939265847206115723e-01
-1.343983173370361328e+00
-5.951721072196960449e-01
-4.491342231631278992e-02
1.732723116874694824e-01
-3.840452432632446289e-01
-2.460222691297531128e-01
5.194504857063293457e-01
-1.071681529283523560e-01
-3.248028829693794250e-02
5.876732468605041504e-01
-1.473869383335113525e-01
-1.310542225837707520e+00
1.197571992874145508e+00
1.150340437889099121e+00
5.203953385353088379e-01
3.689349815249443054e-02
7.016268372535705566e-02
-1.510755777359008789e+00
-1.297625064849853516e+00
1.750508397817611694e-01
4.338537454605102539e-01
-7.049225568771362305e-01
3.721784800291061401e-02
1.072448015213012695e+00
4.195237457752227783e-01
3.526563048362731934e-01
-8.080973625183105469e-01
9.635787010192871094e-01
4.584749937057495117e-01
-1.248885154724121094e+00
1.313358783721923828e+00
3.822609782218933105e-01
-1.170821428298950195e+00
-3.668193519115447998e-01
1.167644619941711426e+00
3.257389962673187256e-01
-2.407099008560180664e-01
-6.381483674049377441e-01
-8.988364934921264648e-01
-1.390661746263504028e-01
-7.685177326202392578e-01
-1.660339683294296265e-01
-1.075985431671142578e-01
6.163650751113891602e-01
-6.910631060600280762e-01
-1.675634264945983887e+00
-7.496017217636108398e-01
-1.656401455402374268e-01
-8.562825322151184082e-01
2.504558563232421875e-01
3.931325674057006836e-01
3.573937416076660156e-01
-2.636295557022094727e-01
-9.844484329223632812e-01
6.912102103233337402e-01
-8.222255110740661621e-01
1.170707464218139648e+00
-5.148851871490478516e-02
1.522848367691040039e+00
4.076333940029144287e-01
-2.670786678791046143e-01
5.247557759284973145e-01
1.292361617088317871e+00
2.499995231628417969e-01
1.240697145462036133e+00
1.170015096664428711e+00
1.216180682182312012e+00
-3.266688883304595947e-01
-4.922356009483337402e-01
9.951942414045333862e-02
3.835310637950897217e-01
7.214014977216720581e-02
1.159508347511291504e+00
-2.453483819961547852e+00
9.968726038932800293e-01
-1.200843811035156250e+00
1.216139078140258789e+00
-2.070640087127685547e+00
-8.501242995262145996e-01
2.157010078430175781e+00
-1.141847610473632812e+00
-4.823778867721557617e-01
-2.773435115814208984e-01
-2.120523452758789062e+00
-2.593817710876464844e-01
-6.999192386865615845e-02
-3.213723301887512207e-01
3.801140785217285156e-01
5.371816158294677734e-01
3.201987445354461670e-01
-4.274711906909942627e-01
1.383355110883712769e-01
-2.568064332008361816e-01
-3.852787613868713379e-01
6.307941079139709473e-01
-1.843442678451538086e+00
1.613743066787719727e+00
2.173362858593463898e-02
1.111920714378356934e+00
-2.942926585674285889e-01
-5.011192560195922852e-01
-4.726177752017974854e-01
3.759411573410034180e-01
-5.477101206779479980e-01
1.791032910346984863e+00
9.404793381690979004e-01
-7.609865665435791016e-01
-3.857820630073547363e-01
-5.237149000167846680e-01
1.473326206207275391e+00
-6.972061842679977417e-02
-7.817626595497131348e-01
-1.421608090400695801e+00
4.786738455295562744e-01
8.479464650154113770e-01
7.387189269065856934e-01
-1.884248852729797363e+00
-1.625207185745239258e+00
1.071527227759361267e-01
-4.993802070617675781e+00
-6.315124779939651489e-02
-9.177165627479553223e-01
-4.351593255996704102e-01
6.958771347999572754e-01
1.546810120344161987e-01
-9.564974308013916016e-01
-2.045550197362899780e-01
4.185054302215576172e-01
-8.634719252586364746e-01
2.003359645605087280e-01
-7.895218580961227417e-02
2.120631337165832520e-01
-9.357317090034484863e-01
-1.037757873535156250e+00
-4.791599512100219727e-01
8.565106987953186035e-01
4.227233827114105225e-01
3.242117881774902344e+00
9.845053553581237793e-01
-6.845767498016357422e-01
4.242535531520843506e-01
-4.270970821380615234e-01
-4.017832875251770020e-01
-4.306473433971405029e-01
-1.786021739244461060e-01
9.322500824928283691e-01
-1.901360303163528442e-01
-4.190943241119384766e-01
-1.362100839614868164e+00
6.195576190948486328e-01
-7.738634347915649414e-01
-7.729334831237792969e-01
1.115036368370056152e+00
-2.746028304100036621e-01
1.159182786941528320e+00
2.887873649597167969e-01
-5.767847895622253418e-01
-1.043095707893371582e+00
4.597159922122955322e-01
-3.924916964024305344e-03
-6.360449790954589844e-01
4.880255758762359619e-01
-2.520095348358154297e+00
-1.110152378678321838e-01
-3.560915589332580566e-01
3.775200843811035156e-01
2.670761197805404663e-02
-1.004381999373435974e-01
5.694117546081542969e-01
-4.281495511531829834e-01
6.346501708030700684e-01
5.189567804336547852e-01
-1.031650424003601074e+00
1.452791094779968262e-01
1.932925462722778320e+00
-1.481608599424362183e-01
-1.438128113746643066e+00
-4.080881774425506592e-01
-3.216776251792907715e-02
7.463186979293823242e-01
-6.942294836044311523e-01
6.134956479072570801e-01
1.576178222894668579e-01
6.930676847696304321e-02
-1.950473040342330933e-01
-1.339702486991882324e+00
4.344722330570220947e-01
-1.360748529434204102e+00
-1.105440974235534668e+00
-9.939760714769363403e-02
-6.342203170061111450e-02
-3.392076492309570312e-02
-9.737839549779891968e-02
-1.095363497734069824e+00
1.301489233970642090e+00
-1.496044993400573730e+00
-1.636847615242004395e+00
-1.088662266731262207e+00
2.484405934810638428e-01
