-1.090638399124145508e+00
1.031232953071594238e+00
1.581511795520782471e-01
-1.014555573463439941e+00
4.931180179119110107e-01
7.642224431037902832e-01
1.353426456451416016e+00
-7.859334349632263184e-01
-2.344037294387817383e-01
1.062289357185363770e+00
1.039353609085083008e+00
-4.667783081531524658e-01
-3.701815307140350342e-01
-1.113898456096649170e-01
6.520998477935791016e-01
-2.331037998199462891e+00
-1.731721997261047363e+00
-6.088683605194091797e-01
2.129782587289810181e-01
1.280304312705993652e+00
4.534358978271484375e-01
4.005251824855804443e-02
3.798069953918457031e-01
4.603804051876068115e-01
3.638186678290367126e-02
-8.614951372146606445e-01
1.750365048646926880e-01
-1.365868926048278809e+00
-3.337571918964385986e-01
1.077303886413574219e+00
-1.840257287025451660e+00
1.195792078971862793e+00
-1.011237263679504395e+00
2.461109310388565063e-01
-4.461073875427246094e-01
6.314187645912170410e-01
4.083476960659027100e-01
-2.511148341000080109e-02
-1.498176530003547668e-02
1.983859062194824219e+00
-2.409987449645996094e-01
-1.159004807472229004e+00
-1.213447332382202148e+00
1.608579874038696289e+00
9.862084388732910156e-01
1.002001047134399414e+00
-2.509382069110870361e-01
-9.051839709281921387e-01
-9.777113795280456543e-01
7.192946076393127441e-01
-8.462457060813903809e-01
2.868781089782714844e-01
-5.016261339187622070e-01
-1.698199272155761719e+00
7.470955699682235718e-02
9.452522397041320801e-01
1.104784727096557617e+00
-4.043371975421905518e-01
-5.389103293418884277e-01
-4.596123993396759033e-01
-5.381518602371215820e-01
-1.178749680519104004e+00
4.942409694194793701e-01
6.477475166320800781e-01
-4.459191560745239258e-01
-5.275132060050964355e-01
-1.555393785238265991e-01
1.401968151330947876e-01
-2.998012006282806396e-01
-7.579801678657531738e-01
2.102963030338287354e-01
4.232366681098937988e-01
-9.657620787620544434e-01
-4.252867400646209717e-01
1.743274688720703125e+00
-9.782021045684814453e-01
-6.897328794002532959e-02
-1.447189152240753174e-01
1.463587045669555664e+00
1.372569084167480469e+00
5.307547450065612793e-01
5.803126692771911621e-01
-8.723212480545043945e-01
4.662980735301971436e-01
-6.970568299293518066e-01
-3.619347512722015381e-01
-7.875058054924011230e-01
-6.062921881675720215e-01
-2.019324004650115967e-01
-3.818478286266326904e-01
4.455328285694122314e-01
-2.109878540039062500e+00
-9.944073557853698730e-01
7.085542678833007812e-01
-1.208852291107177734e+00
-3.219203650951385498e-01
3.280399143695831299e-01
-2.602682411670684814e-01
-7.449378967285156250e-01
9.615345597267150879e-01
-9.961403012275695801e-01
1.005189269781112671e-01
-4.433575272560119629e-01
-9.368141740560531616e-02
-1.170436382293701172e+00
-1.494841456413269043e+00
-3.292114138603210449e-01
8.134607672691345215e-01
5.679643750190734863e-01
4.829422757029533386e-02
-5.741809606552124023e-01
-2.353818863630294800e-01
-5.586251020431518555e-01
-4.052443504333496094e-01
4.253463745117187500e-01
7.272866368293762207e-02
-7.504831254482269287e-02
-1.750092148780822754e+00
-4.682794511318206787e-01
-8.184707839973270893e-04
-1.722467243671417236e-01
1.308292508125305176e+00
-9.061828255653381348e-01
9.261427074670791626e-02
-8.764864802360534668e-01
3.195500671863555908e-01
9.483383893966674805e-01
-4.339077472686767578e-01
1.132031917572021484e+00
-4.139136373996734619e-01
4.947195351123809814e-01
-1.159209981560707092e-01
-3.877939581871032715e-01
-6.726498007774353027e-01
1.060165524482727051e+00
-1.322937130928039551e+00
3.952940404415130615e-01
3.847492337226867676e-01
7.373687624931335449e-02
2.377225607633590698e-01
-1.330969810485839844e+00
1.045658111572265625e+00
2.039062976837158203e+00
-3.372778296470642090e-01
9.146285057067871094e-01
9.934179186820983887e-01
6.869394183158874512e-01
-1.090019289404153824e-02
-1.374198347330093384e-01
1.438164263963699341e-01
4.816823005676269531e-01
4.639775753021240234e-01
-2.526916563510894775e-01
-1.454628825187683105e+00
1.528265357017517090e+00
5.701733008027076721e-02
-1.093070030212402344e+00
-1.112213134765625000e-01
-1.053988814353942871e+00
7.615397572517395020e-01
-3.908136859536170959e-02
-2.180814370512962341e-02
3.468931913375854492e-01
-1.058579802513122559e+00
-1.349116325378417969e+00
-1.164354681968688965e+00
-7.553519606590270996e-01
-4.622428715229034424e-01
2.009321153163909912e-01
7.126342058181762695e-01
-4.908563941717147827e-02
-3.730996549129486084e-01
-1.091855883598327637e+00
1.250629663467407227e+00
-1.116237163543701172e+00
6.286269426345825195e-01
-5.248250365257263184e-01
-3.340613842010498047e-01
-1.690476574003696442e-02
1.860753417015075684e+00
2.175482511520385742e-01
-1.125053286552429199e+00
5.128892138600349426e-02
-9.491720199584960938e-01
4.619633853435516357e-01
-1.232422590255737305e+00
-9.546489119529724121e-01
9.142226725816726685e-02
1.636562585830688477e+00
5.281718969345092773e-01
-6.838130354881286621e-01
5.672757029533386230e-01
-4.686603248119354248e-01
1.287148296833038330e-01
-5.491192340850830078e-01
-8.043756484985351562e-01
-3.583278059959411621e-01
1.420948863029479980e+00
-1.633230805397033691e+00
-1.671619176864624023e+00
7.167541384696960449e-01
3.489497900009155273e-01
1.368338942527770996e+00
4.073309898376464844e-01
-5.807413458824157715e-01
7.533323168754577637e-01
1.507409662008285522e-01
-2.463435828685760498e-01
3.320810794830322266e-01
1.366818547248840332e-01
-1.757983922958374023e+00
-1.849110610783100128e-02
7.317846175283193588e-03
5.746964812278747559e-01
6.485323905944824219e-01
1.243366360664367676e+00
2.535507082939147949e-01
-1.238577127456665039e+00
-1.971017956733703613e+00
-6.825067400932312012e-01
6.053672432899475098e-01
-3.167054429650306702e-02
-6.887952089309692383e-01
-3.356738984584808350e-01
1.704830527305603027e+00
1.079112291336059570e-01
8.160142302513122559e-01
-3.336606621742248535e-01
-1.385775059461593628e-01
-6.807177066802978516e-01
8.969391584396362305e-01
-5.920950174331665039e-01
-1.257097840309143066e+00
5.379627645015716553e-02
1.628443002700805664e+00
5.695121884346008301e-01
1.185901045799255371e+00
-1.450468087568879128e-03
8.055791258811950684e-01
1.485933542251586914e+00
-4.341213405132293701e-01
-1.397727489471435547e+00
-1.473108530044555664e+00
9.042960405349731445e-01
-1.548946499824523926e+00
1.213671043515205383e-01
-4.431237280368804932e-01
1.346981406211853027e+00
4.880483448505401611e-01
-3.251392245292663574e-01
4.429228305816650391e-01
-6.701528429985046387e-01
-8.662217855453491211e-02
-1.021153450012207031e+00
-8.743736743927001953e-01
1.276315301656723022e-01
5.866845846176147461e-01
5.566342473030090332e-01
1.153699159622192383e+00
5.384715795516967773e-01
4.342850670218467712e-02
-6.949505805969238281e-01
-1.226230245083570480e-02
-8.429328352212905884e-02
-7.827993631362915039e-01
1.000828623771667480e+00
1.580916643142700195e+00
7.663562297821044922e-01
2.881260156631469727e+00
-4.105971753597259521e-01
-1.987236291170120239e-01
1.326707959175109863e+00
-6.907012462615966797e-01
1.025097221136093140e-01
-8.816942572593688965e-01
5.534882545471191406e-01
1.410777091979980469e+00
-6.650037765502929688e-01
-6.399134993553161621e-01
-7.068380117416381836e-01
3.513711988925933838e-01
-1.553215980529785156e+00
-5.104045867919921875e-01
6.292537599802017212e-02
4.850144982337951660e-01
-1.051177382469177246e+00
5.643090605735778809e-02
3.225381672382354736e-01
-1.184397578239440918e+00
-1.365498453378677368e-01
-5.548677444458007812e-01
-1.492842733860015869e-01
1.088561177253723145e+00
3.234303951263427734e+00
-2.752089202404022217e-01
2.646267972886562347e-02
-6.936722993850708008e-01
-7.445155382156372070e-01
1.348110586404800415e-01
-2.147654056549072266e+00
-1.588800922036170959e-02
-1.120806455612182617e+00
1.029294610023498535e+00
1.087098240852355957e+00
9.995009303092956543e-01
5.183551311492919922e-01
1.384532213211059570e+00
3.237890899181365967e-01
-1.019879937171936035e+00
-3.919568359851837158e-01
4.141229093074798584e-01
1.845307946205139160e-01
3.912721872329711914e-01
2.078404903411865234e+00
-1.265978366136550903e-01
-6.300698518753051758e-01
3.212662935256958008e-01
-9.676418900489807129e-01
7.574175596237182617e-01
6.193839013576507568e-02
-1.532731413841247559e+00
-5.787963867187500000e-01
2.212215512990951538e-01
-3.456579446792602539e-01
3.018012046813964844e-01
-6.972681283950805664e-01
-4.825252592563629150e-01
-9.489125609397888184e-01
-4.719393327832221985e-02
2.011040449142456055e+00
-4.607101976871490479e-01
4.895395338535308838e-01
-8.508687466382980347e-02
-1.002597436308860779e-02
-1.312457621097564697e-01
-2.032117605209350586e+00
-5.259875059127807617e-01
5.168972611427307129e-01
-4.334481656551361084e-01
4.113772511482238770e-02
1.047686457633972168e+00
-1.465535879135131836e+00
-7.358673810958862305e-01
-1.065261662006378174e-03
-1.076634764671325684e+00
-9.586093425750732422e-01
-2.423383712768554688e+00
-3.632655143737792969e-01
-6.777830123901367188e-01
-1.454773247241973877e-01
-4.246222674846649170e-01
2.299149185419082642e-01
3.584004938602447510e-02
1.380245685577392578e+00
-2.156777679920196533e-01
-8.571239113807678223e-01
4.253602921962738037e-01
-1.265702724456787109e+00
-2.415811270475387573e-01
6.837866902351379395e-01
3.601830005645751953e-01
5.662363171577453613e-01
3.330739438533782959e-01
-9.055384993553161621e-01
6.698319911956787109e-01
-2.310000181198120117e+00
2.107433795928955078e+00
-5.304964631795883179e-02
2.022495031356811523e+00
1.641053199768066406e+00
-6.908515840768814087e-02
1.120714664459228516e+00
2.396738529205322266e-01
-5.619989633560180664e-01
-1.070229172706604004e+00
-7.637910246849060059e-01
1.018947958946228027e+00
-4.158056676387786865e-01
-1.053857207298278809e+00
3.055627346038818359e-01
5.197107195854187012e-01
9.522088766098022461e-01
9.207851290702819824e-01
6.169852614402770996e-01
-1.209550142288208008e+00
-5.014892816543579102e-01
1.315404415130615234e+00
-1.069940805435180664e+00
2.309101261198520660e-02
1.335969567298889160e+00
2.147902697324752808e-01
1.115257501602172852e+00
7.803189754486083984e-01
-7.527506947517395020e-01
1.009488180279731750e-01
1.025406122207641602e+00
8.466075360774993896e-02
8.949182033538818359e-01
-7.887548208236694336e-01
1.009780168533325195e+00
4.201585650444030762e-01
-2.043946683406829834e-01
2.110279202461242676e-01
4.334827363491058350e-01
-1.651146531105041504e+00
-9.303155541419982910e-02
-1.360867023468017578e+00
-2.628211081027984619e-01
-2.810547351837158203e-01
-1.189310908317565918e+00
-2.138110548257827759e-01
8.051599264144897461e-01
-5.606692284345626831e-02
-1.269378662109375000e+00
-5.734709501266479492e-01
6.193101406097412109e-01
-7.008728981018066406e-01
1.090795993804931641e+00
-5.671878457069396973e-01
8.763898015022277832e-01
1.565696448087692261e-01
-1.640804767608642578e+00
4.552901387214660645e-01
-2.187210083007812500e+00
-7.929263710975646973e-01
2.869323492050170898e-01
3.550827205181121826e-01
-3.764238655567169189e-01
-1.322525501251220703e+00
-1.631860136985778809e+00
-2.880179882049560547e-01
8.393278121948242188e-01
8.382214903831481934e-01
-1.422561645507812500e+00
7.981163263320922852e-01
6.319745779037475586e-01
1.234449371695518494e-01
1.001729369163513184e+00
5.946293473243713379e-01
3.293540477752685547e-01
-1.067746877670288086e+00
-3.552095890045166016e-01
-5.545038580894470215e-01
-1.450813412666320801e+00
1.004710674285888672e+00
-6.815047562122344971e-02
5.302869677543640137e-01
-5.638875365257263184e-01
1.603889822959899902e+00
-1.238395273685455322e-01
-7.463927865028381348e-01
-1.957363784313201904e-01
-1.061697840690612793e+00
5.504407882690429688e-01
8.276158571243286133e-01
5.310300588607788086e-01
-2.660439610481262207e-01
-6.535249948501586914e-01
-8.762525916099548340e-01
1.724012613296508789e+00
1.013477325439453125e+00
2.735510468482971191e-01
2.567811869084835052e-02
4.297610819339752197e-01
3.674303889274597168e-01
1.022684335708618164e+00
-2.454426884651184082e-01
-1.715504229068756104e-01
5.779808163642883301e-01
-2.005113959312438965e-01
-6.431741267442703247e-02
-7.303816080093383789e-01
-1.518053561449050903e-01
4.759697616100311279e-01
-9.807311296463012695e-01
-1.816045939922332764e-01
4.635053277015686035e-01
6.027593612670898438e-01
2.801835834980010986e-01
1.999186158180236816e+00
2.778367996215820312e-01
8.278438448905944824e-01
-6.161857843399047852e-01
3.665225207805633545e-01
9.224562048912048340e-01
3.841342628002166748e-01
-9.629670977592468262e-01
-1.454848289489746094e+00
1.372688531875610352e+00
2.862378656864166260e-01
2.673250138759613037e-01
6.549713015556335449e-01
9.908444285392761230e-01
6.589074432849884033e-02
5.936381593346595764e-02
6.405630707740783691e-01
3.360123038291931152e-01
-1.466822147369384766e+00
-1.888425052165985107e-01
-5.264054536819458008e-01
1.815868467092514038e-01
-7.318525314331054688e-01
-1.309854269027709961e+00
9.261853694915771484e-01
-3.876727521419525146e-01
-8.939938545227050781e-01
-1.448649525642395020e+00
-9.681519269943237305e-01
-6.671767830848693848e-01
1.991310715675354004e+00
3.403556644916534424e-01
1.228009611368179321e-01
1.153484463691711426e+00
8.877609968185424805e-01
-8.652405142784118652e-01
-1.291221857070922852e+00
-8.377176523208618164e-01
-2.201183736324310303e-01
3.082137703895568848e-01
-3.801470100879669189e-01
4.568516314029693604e-01
1.314886569976806641e+00
-1.693232655525207520e+00
-1.046967744827270508e+00
-3.637777268886566162e-01
3.684279918670654297e-01
-1.543218135833740234e+00
6.289472579956054688e-01
-1.018962502479553223e+00
-2.423918962478637695e+00
-1.377027779817581177e-01
2.214138209819793701e-02
7.995506525039672852e-01
-7.787612080574035645e-01
1.234839200973510742e+00
6.720419228076934814e-02
1.273754119873046875e+00
6.394258141517639160e-01
-7.578682154417037964e-02
-1.533294618129730225e-01
-3.772889822721481323e-02
5.914924740791320801e-01
4.587750732898712158e-01
8.294084668159484863e-01
5.218570828437805176e-01
-8.239015936851501465e-02
1.369490504264831543e+00
1.278342008590698242e+00
-6.208139657974243164e-01
-1.050952970981597900e-01
-1.431413054466247559e+00
5.883823633193969727e-01
-2.573553323745727539e+00
-7.055398225784301758e-01
1.270698308944702148e+00
1.699028730392456055e+00
6.335451602935791016e-01
9.533249139785766602e-01
6.067333817481994629e-01
-1.336725711822509766e+00
-6.835898160934448242e-01
6.700627803802490234e-01
-3.278118968009948730e-01
7.279796153306961060e-02
-2.025750577449798584e-01
5.674673914909362793e-01
2.693866938352584839e-02
-9.483493566513061523e-01
9.490916132926940918e-01
-7.358819246292114258e-01
1.279589056968688965e+00
-1.170821860432624817e-01
-6.722165644168853760e-02
5.625528693199157715e-01
1.845334172248840332e-01
3.004348874092102051e-01
-3.855794966220855713e-01
-5.849478300660848618e-03
-2.822357177734375000e+00
-9.417240619659423828e-01
-9.782537221908569336e-01
1.470486760139465332e+00
2.087280452251434326e-01
4.524261355400085449e-01
1.092901919037103653e-02
1.357002109289169312e-01
-1.005735158920288086e+00
-5.185191631317138672e-01
3.070707619190216064e-01
3.912714123725891113e-01
-3.326844871044158936e-01
7.566692829132080078e-01
1.421412944793701172e+00
-2.673692703247070312e-01
5.765033960342407227e-01
-3.070313334465026855e-01
8.805111646652221680e-01
1.487669199705123901e-01
6.344432830810546875e-01
9.795426130294799805e-01
-1.356122851371765137e+00
1.981187053024768829e-02
8.598092794418334961e-01
1.922307372093200684e+00
1.094518303871154785e+00
-1.111794829368591309e+00
4.304733574390411377e-01
9.117326117120683193e-04
-3.259437680244445801e-01
9.839243292808532715e-01
8.077775239944458008e-01
9.877100586891174316e-02
6.942716240882873535e-01
1.556143164634704590e-01
-6.626788973808288574e-01
1.130867004394531250e+00
6.849650144577026367e-01
-1.096693277359008789e+00
1.257897466421127319e-01
-4.950849115848541260e-01
6.251201629638671875e-01
-3.470967710018157959e-01
-9.483457207679748535e-01
5.547610521316528320e-01
-1.745089143514633179e-01
5.476055145263671875e-01
4.460151791572570801e-01
6.605388522148132324e-01
7.683470845222473145e-01
-2.382347285747528076e-01
-1.770951896905899048e-01
-5.912747979164123535e-01
1.708796739578247070e+00
4.691502153873443604e-01
8.338410854339599609e-01
-3.675952255725860596e-01
-8.991650938987731934e-01
2.404342740774154663e-01
4.248968660831451416e-01
1.187632679939270020e+00
1.015491843223571777e+00
9.277627468109130859e-01
1.118531376123428345e-01
9.405124187469482422e-01
6.537407636642456055e-01
-2.552386932075023651e-02
-1.352252364158630371e-01
-3.380188345909118652e-01
5.731478333473205566e-01
-1.468324303627014160e+00
-7.058530300855636597e-02
6.222394108772277832e-01
-1.720599770545959473e+00
-5.982614755630493164e-01
2.129079550504684448e-01
3.595930635929107666e-01
-7.837028503417968750e-01
6.023652553558349609e-01
-1.509860605001449585e-01
-8.856993913650512695e-02
8.409920930862426758e-01
1.544872373342514038e-01
6.012659072875976562e-01
1.096096937544643879e-03
-3.103814721107482910e-01
1.145873308181762695e+00
1.533638238906860352e+00
2.355959862470626831e-01
5.929723978042602539e-01
-1.733397006988525391e+00
-2.409107238054275513e-01
2.618060410022735596e-01
-6.192253232002258301e-01
2.447854518890380859e+00
3.493762016296386719e-01
5.932565927505493164e-01
-7.453559041023254395e-01
6.563344597816467285e-01
1.911545395851135254e-01
-1.252640485763549805e+00
1.456639766693115234e-01
-1.328102588653564453e+00
7.834812253713607788e-02
2.608715593814849854e-01
-8.083145618438720703e-01
-7.162556052207946777e-01
-1.702469438314437866e-01
-1.967403851449489594e-02
-7.241769790649414062e+00
3.641896843910217285e-01
-3.862508535385131836e-01
-1.096437215805053711e+00
1.616528630256652832e+00
1.024622559547424316e+00
-2.557532072067260742e+00
-8.545686602592468262e-01
-2.106803417205810547e+00
7.370296120643615723e-02
9.670329093933105469e-01
1.326410651206970215e+00
-2.137456983327865601e-01
-1.158938407897949219e+00
-2.678572759032249451e-02
4.971487522125244141e-01
6.726650595664978027e-01
2.408454567193984985e-01
1.706810832023620605e+00
-9.445317387580871582e-01
-3.449555635452270508e+00
2.101007699966430664e+00
1.580255776643753052e-01
7.050216794013977051e-01
-6.358462572097778320e-01
-5.807951092720031738e-02
-8.974778056144714355e-01
2.568363845348358154e-01
-6.240247488021850586e-01
-1.400132775306701660e+00
5.202797055244445801e-01
-9.709270596504211426e-01
-9.318271875381469727e-01
1.284989833831787109e+00
4.845153689384460449e-01
9.934121370315551758e-01
1.999862194061279297e-01
-9.226237535476684570e-01
-1.230314150452613831e-01
1.647052615880966187e-01
8.091727495193481445e-01
-3.641255199909210205e-01
-3.529633879661560059e-01
-1.702307224273681641e+00
-2.414331138134002686e-01
-1.442476391792297363e+00
1.100457906723022461e+00
-5.558764934539794922e-01
8.919740915298461914e-01
-1.215864539146423340e+00
1.787896007299423218e-01
1.399460315704345703e+00
-7.720125913619995117e-01
-8.715552687644958496e-01
1.848506927490234375e+00
1.272941827774047852e+00
3.426209688186645508e-01
-1.630844712257385254e+00
3.741527795791625977e-01
-1.017893671989440918e+00
1.122410535812377930e+00
-8.766557574272155762e-01
1.464184746146202087e-02
9.877740591764450073e-02
-2.932016849517822266e-01
3.034265637397766113e-01
-1.178054928779602051e+00
-4.529986977577209473e-01
1.088934242725372314e-01
-7.457283884286880493e-02
-2.153851270675659180e+00
-2.595176920294761658e-02
2.450688183307647705e-01
-4.144185781478881836e-01
4.854234755039215088e-01
1.699391961097717285e+00
5.178174935281276703e-03
6.477917432785034180e-01
-1.156214356422424316e+00
1.030501365661621094e+00
