2.684988498687744141e+00
1.889429807662963867e+00
2.840968966484069824e-01
-6.754750013351440430e-01
-3.525226414203643799e-01
-1.223657652735710144e-01
-7.651529908180236816e-01
7.706364393234252930e-01
-1.980107307434082031e+00
5.291856527328491211e-01
1.941567778587341309e+00
-1.254061579704284668e+00
2.223297357559204102e-01
6.336237192153930664e-01
1.240818500518798828e+00
-1.701225161552429199e+00
-1.182243004441261292e-01
-8.973269462585449219e-01
-1.764988452196121216e-01
5.623910427093505859e-01
1.564951896667480469e+00
5.334551334381103516e-01
-9.359484910964965820e-01
-4.163455665111541748e-01
1.034099757671356201e-01
-9.870197772979736328e-01
6.483484506607055664e-01
9.621236324310302734e-01
-1.293822526931762695e-01
3.636707961559295654e-01
-6.261194348335266113e-01
-1.111870050430297852e+00
3.034630417823791504e-01
4.861198067665100098e-01
-1.666287928819656372e-01
-7.545076310634613037e-02
-6.354193687438964844e-01
-1.754736781120300293e+00
-3.778232261538505554e-02
-8.047789335250854492e-01
-9.509714841842651367e-01
-6.961615085601806641e-01
5.612079501152038574e-01
9.289211630821228027e-01
8.286335468292236328e-01
-1.317619919776916504e+00
-1.197970151901245117e+00
-9.929205775260925293e-01
-4.885855019092559814e-01
1.145853161811828613e+00
-8.053324371576309204e-02
9.214434772729873657e-02
3.569949567317962646e-01
9.603428244590759277e-01
1.947424650192260742e+00
-8.205533623695373535e-01
-1.035562902688980103e-01
-2.130091786384582520e-01
-9.445814648643136024e-04
5.155727267265319824e-01
2.329576253890991211e+00
5.468775033950805664e-01
2.293330192565917969e+00
-8.928857445716857910e-01
-3.574483990669250488e-01
-7.310085296630859375e-01
-1.621142923831939697e-01
7.208140492439270020e-01
1.541786074638366699e+00
-8.668621182441711426e-01
-1.100788936018943787e-01
-8.989018201828002930e-01
-5.012348890304565430e-01
-3.511298894882202148e-01
2.066141963005065918e-01
3.161799907684326172e-01
-7.840101122856140137e-01
2.221041619777679443e-01
4.310261011123657227e-01
3.284442424774169922e-01
-1.426701098680496216e-01
-2.533765733242034912e-01
-1.101645231246948242e+00
-5.345920920372009277e-01
-9.811806678771972656e-01
5.255539417266845703e-01
-6.500947475433349609e-02
-2.410017997026443481e-01
2.110134363174438477e-01
-9.465833902359008789e-01
-1.804591059684753418e+00
2.390101365745067596e-02
4.937293007969856262e-02
4.840934276580810547e-01
-2.413361668586730957e-01
-2.185107916593551636e-01
-6.547856330871582031e-01
4.003180563449859619e-01
-1.747508764266967773e+00
1.564223647117614746e+00
-1.632600188255310059e+00
-5.393984317779541016e-01
9.578179717063903809e-01
1.542343497276306152e-01
-5.469852089881896973e-01
-9.603124260902404785e-01
-1.496419429779052734e+00
1.612408280372619629e+00
-7.700721621513366699e-01
-6.829863786697387695e-01
-6.387953162193298340e-01
-4.026911258697509766e-01
-1.532420992851257324e+00
-3.603049516677856445e-01
-2.812263369560241699e-01
-1.809631824493408203e+00
-4.356449842453002930e-01
-3.101383209228515625e+00
1.095907315611839294e-01
1.303768515586853027e+00
-9.883489608764648438e-01
1.502336382865905762e+00
-3.021075487136840820e+00
1.230830788612365723e+00
3.072559237480163574e-01
-3.667814433574676514e-01
1.517301201820373535e+00
1.297333650290966034e-02
-3.181747496128082275e-01
2.561427652835845947e-01
5.624595880508422852e-01
-1.096208691596984863e+00
6.260147094726562500e-01
-2.439505420625209808e-02
-1.794642448425292969e+00
-1.829109489917755127e-01
1.055514574050903320e+00
-2.091844081878662109e-01
-1.136696934700012207e+00
8.018780350685119629e-01
-1.899941414594650269e-01
-3.945087194442749023e-01
1.122841119766235352e+00
5.212037563323974609e-01
-9.254378676414489746e-01
8.884258568286895752e-02
3.093521595001220703e-01
-4.837379753589630127e-01
1.078909635543823242e-01
-9.303026795387268066e-01
1.054301619529724121e+00
1.309197664260864258e+00
5.017405152320861816e-01
-3.606336712837219238e-01
2.089815139770507812e+00
-3.566750884056091309e-01
-2.224130392074584961e+00
-5.383500456809997559e-01
-8.163167238235473633e-01
6.357840895652770996e-01
1.495027840137481689e-01
-9.546533226966857910e-01
6.624985337257385254e-01
-1.043025612831115723e+00
-1.972925513982772827e-01
1.127784252166748047e-01
3.990671932697296143e-01
4.118222296237945557e-01
-3.536362648010253906e-01
3.218615055084228516e-01
-7.261881828308105469e-01
-7.668874263763427734e-01
-1.341818213462829590e+00
7.203775048255920410e-01
1.360100507736206055e+00
6.362805366516113281e-01
9.442591071128845215e-01
-8.323291540145874023e-01
-7.067419886589050293e-01
7.924169301986694336e-01
-7.281290888786315918e-01
3.808111548423767090e-01
-9.994566440582275391e-01
-8.190504312515258789e-01
-4.862840175628662109e-01
-2.768594920635223389e-01
-1.405511856079101562e+00
-6.447980403900146484e-01
5.618557929992675781e-01
6.192988753318786621e-01
-1.634501963853836060e-01
-2.914484143257141113e-01
-1.144527122378349304e-01
6.126303672790527344e-01
-9.945189952850341797e-01
1.666697412729263306e-01
1.884908825159072876e-01
1.550309300422668457e+00
-2.180546671152114868e-01
-1.041442990303039551e+00
-1.745256483554840088e-01
9.677633643150329590e-01
2.198987007141113281e+00
-5.873869657516479492e-01
1.585359692573547363e+00
-5.051822662353515625e-01
3.386264443397521973e-01
-1.267754197120666504e+00
1.477060467004776001e-01
-1.695957183837890625e+00
-2.574411928653717041e-01
3.918402791023254395e-01
3.617995977401733398e-01
-1.217583715915679932e-01
1.844437718391418457e-01
-2.086247801780700684e-01
-8.340077400207519531e-01
-6.641644239425659180e-01
-4.200099706649780273e-01
-8.042358756065368652e-01
6.265021562576293945e-01
1.098785042762756348e+00
-7.555208355188369751e-02
8.849430680274963379e-01
1.385218262672424316e+00
6.305335164070129395e-01
7.290990352630615234e-01
2.138604968786239624e-01
-2.285952568054199219e-01
5.335374176502227783e-02
5.873000621795654297e-01
-3.499400317668914795e-01
-3.060594499111175537e-01
1.429376482963562012e+00
5.214411020278930664e-01
7.877484560012817383e-01
2.122517824172973633e+00
-8.646355867385864258e-01
-4.093501567840576172e-01
1.493250578641891479e-01
-1.263061463832855225e-01
6.998290419578552246e-01
-1.324579954147338867e+00
-2.330628931522369385e-01
-6.540851593017578125e-01
5.796053409576416016e-01
3.936094939708709717e-01
1.222837448120117188e+00
1.363040089607238770e+00
1.682567000389099121e+00
-1.353025794029235840e+00
-9.497998356819152832e-01
-1.987473487854003906e+00
1.868219524621963501e-01
5.473567247390747070e-01
-9.775828719139099121e-01
9.998481273651123047e-01
-1.337404966354370117e+00
-1.445222616195678711e+00
2.446305602788925171e-01
3.504276573657989502e-01
-3.085068166255950928e-01
4.802783727645874023e-01
-1.094494700431823730e+00
-1.119054317474365234e+00
6.572347283363342285e-01
4.830196797847747803e-01
-2.493599951267242432e-01
2.557988882064819336e+00
-6.790503859519958496e-02
6.643720865249633789e-01
1.248110055923461914e+00
-8.969229459762573242e-01
1.302865266799926758e+00
2.447687387466430664e-01
3.218703567981719971e-01
2.927573919296264648e-01
-1.522448539733886719e+00
-6.345919370651245117e-01
-5.432594418525695801e-01
-1.397526711225509644e-01
-1.418750524520874023e+00
1.369787096977233887e+00
1.327576875686645508e+00
3.656088411808013916e-01
-1.492218017578125000e+00
-7.562643885612487793e-01
-9.499043226242065430e-01
2.910943925380706787e-01
-7.407777309417724609e-01
-1.611893534660339355e+00
-1.945632696151733398e-01
-2.649024426937103271e-01
-4.366258680820465088e-01
-5.996355414390563965e-01
-6.140154004096984863e-01
7.320269942283630371e-01
-4.045365750789642334e-01
2.616995275020599365e-01
1.755455285310745239e-01
-4.375523328781127930e-01
-1.955039501190185547e+00
7.390412688255310059e-01
-7.761821746826171875e-01
2.302678376436233521e-01
9.204124808311462402e-01
4.639383032917976379e-02
-7.953886389732360840e-01
4.118181467056274414e-01
1.725763916969299316e+00
-1.416541337966918945e+00
-6.138430833816528320e-01
-1.015982985496520996e+00
-3.161087930202484131e-01
6.012794971466064453e-01
-4.508861303329467773e-01
3.663574755191802979e-01
1.005878090858459473e+00
5.137667655944824219e-01
-3.825202286243438721e-01
-1.217257976531982422e+00
-2.080266922712326050e-01
1.263126730918884277e+00
-1.364790648221969604e-02
-3.635343015193939209e-01
1.312328696250915527e+00
-5.209981203079223633e-01
-9.330828189849853516e-01
-4.726387560367584229e-01
3.882117867469787598e-01
9.592787176370620728e-02
-6.238459944725036621e-01
4.193964973092079163e-02
2.860479652881622314e-01
-1.469247937202453613e-01
1.423297822475433350e-01
-5.198988690972328186e-02
-4.836998581886291504e-01
-1.068398952484130859e-01
-6.247633695602416992e-01
1.460532903671264648e+00
-4.944897592067718506e-01
2.117542475461959839e-01
1.050781607627868652e+00
-5.195066928863525391e-01
-3.801298439502716064e-01
-1.133805274963378906e+00
5.405222773551940918e-01
-9.168403744697570801e-01
-4.201020896434783936e-01
-1.711890459060668945e+00
-9.932848811149597168e-01
-1.718192994594573975e-01
-2.894245684146881104e-01
-3.661347031593322754e-01
-1.237241506576538086e+00
-3.832254111766815186e-01
-1.032885551452636719e+00
-8.144446015357971191e-01
5.272875428199768066e-01
-9.911996871232986450e-02
-3.370403349399566650e-01
1.028694868087768555e+00
-5.961105823516845703e-01
-9.561922550201416016e-01
1.005805805325508118e-01
1.069320678710937500e+00
-5.568398833274841309e-01
3.536523282527923584e-01
5.345393419265747070e-01
1.664636135101318359e+00
-1.773195862770080566e-01
2.659077569842338562e-02
6.872156262397766113e-01
1.633865982294082642e-01
7.422653436660766602e-01
1.795587316155433655e-02
-7.763193845748901367e-01
8.518382906913757324e-01
-4.791759252548217773e-01
-4.161381348967552185e-02
3.187108784914016724e-02
1.040528297424316406e+00
2.549730837345123291e-01
-4.081707596778869629e-01
1.363876342773437500e+00
-7.647053804248571396e-03
3.138162195682525635e-01
2.024526447057723999e-01
-8.928741812705993652e-01
4.943206310272216797e+00
-4.524439573287963867e-01
6.053547263145446777e-01
-3.189176693558692932e-02
1.214163303375244141e+00
-5.312620401382446289e-01
-1.662830829620361328e+00
1.020927429199218750e+00
-1.933264434337615967e-01
4.938267171382904053e-01
-1.263528227806091309e+00
-9.122576564550399780e-02
6.395248770713806152e-01
-1.291936993598937988e+00
3.826292157173156738e-01
-1.477620720863342285e+00
8.125927299261093140e-02
1.621666401624679565e-01
8.216768503189086914e-01
-1.217761993408203125e+00
-1.843529641628265381e-01
8.077129125595092773e-01
-7.034912109375000000e-01
1.177983641624450684e+00
5.890579223632812500e-01
1.229650139808654785e+00
7.945296764373779297e-01
-3.082365691661834717e-01
-3.297638595104217529e-01
1.265616655349731445e+00
-4.802034199237823486e-01
-2.708187699317932129e-01
9.793767929077148438e-01
-8.095998167991638184e-01
-1.737195372581481934e+00
5.003133416175842285e-01
2.729156911373138428e-01
-6.931945681571960449e-01
7.313764095306396484e-02
-1.028565689921379089e-01
-1.133114933967590332e+00
4.571560025215148926e-01
5.767456293106079102e-01
-5.283665060997009277e-01
-1.200450658798217773e+00
1.227889537811279297e+00
-9.475871920585632324e-02
1.110818624496459961e+00
3.972479403018951416e-01
-2.361872419714927673e-02
2.007416188716888428e-01
-1.455089569091796875e+00
-9.512450695037841797e-01
-1.983756124973297119e-01
1.042845964431762695e+00
-3.382841348648071289e-01
1.199456453323364258e-01
-4.158628880977630615e-01
-1.015387415885925293e+00
-1.183481216430664062e+00
-1.391932010650634766e+00
-8.082977533340454102e-01
1.347091317176818848e+00
-2.230857759714126587e-01
-4.993341118097305298e-02
1.571095734834671021e-01
-5.528613924980163574e-01
2.755377292633056641e-01
6.070330739021301270e-01
8.980280756950378418e-01
3.544345796108245850e-01
2.678062394261360168e-02
3.060647845268249512e-01
4.946531951427459717e-01
-6.360349059104919434e-02
-1.279223918914794922e+00
8.965460062026977539e-01
1.524586677551269531e+00
-1.130543574690818787e-01
5.327194929122924805e-01
7.480803132057189941e-02
3.837292194366455078e-01
-6.814700365066528320e-01
-1.317505836486816406e-01
-1.490788608789443970e-01
-7.784794569015502930e-01
7.239063382148742676e-01
-1.145299315452575684e+00
4.403985738754272461e-01
8.321214318275451660e-01
2.410501986742019653e-01
1.045203089714050293e+00
-4.749330282211303711e-01
2.872100174427032471e-01
-5.573802068829536438e-02
8.445971459150314331e-02
6.206765174865722656e-01
-1.432092189788818359e+00
-4.053792655467987061e-01
5.907154679298400879e-01
-4.034121930599212646e-01
1.134454458951950073e-01
3.204626962542533875e-02
1.884476900100708008e+00
-9.292392730712890625e-01
5.083951950073242188e-01
-9.087702631950378418e-01
-2.955301284790039062e+00
1.765472888946533203e+00
-1.084289193153381348e+00
7.563176751136779785e-01
-2.274209111928939819e-01
3.980773687362670898e-01
-3.473013937473297119e-01
-1.951653003692626953e+00
1.575669646263122559e-01
-1.730302572250366211e-01
-9.445326924324035645e-01
4.454031586647033691e-01
2.764312624931335449e-01
2.719984352588653564e-01
-6.464708447456359863e-01
-8.694714307785034180e-02
-9.220874309539794922e-02
7.973084449768066406e-01
3.899745643138885498e-01
-1.167253255844116211e+00
-1.175357937812805176e+00
1.202148675918579102e+00
-8.499751687049865723e-01
1.697595603764057159e-02
-1.128396242856979370e-01
-2.154315948486328125e+00
-5.458684563636779785e-01
-1.367185562849044800e-01
5.009727478027343750e-01
-6.978946924209594727e-01
-1.373360306024551392e-01
-4.439763426780700684e-01
-6.155222058296203613e-01
-1.011089328676462173e-02
1.854529261589050293e+00
4.482024013996124268e-01
2.351453900337219238e-01
-8.106342554092407227e-01
-4.512800574302673340e-01
-6.574045866727828979e-03
7.975721359252929688e-01
-6.000803112983703613e-01
-1.075425148010253906e+00
5.375675559043884277e-01
6.444979906082153320e-01
-1.164696574211120605e+00
-4.851890206336975098e-01
7.097842693328857422e-01
6.579279899597167969e-01
-3.784172832965850830e-01
1.894111931324005127e-01
-1.473447084426879883e+00
-1.785236150026321411e-01
-9.474723786115646362e-02
-4.948674440383911133e-01
-1.267259836196899414e+00
6.110876798629760742e-01
-1.378776311874389648e+00
7.873737215995788574e-01
3.079444766044616699e-01
2.334268391132354736e-01
-1.056534767150878906e+00
-2.311077356338500977e+00
6.142999976873397827e-02
3.658426403999328613e-01
-4.138810634613037109e-01
-1.338517427444458008e+00
1.802783906459808350e-01
-4.569233059883117676e-01
6.822580099105834961e-01
1.383188962936401367e+00
2.592258691787719727e+00
-5.870106816291809082e-01
-2.347886413335800171e-01
8.962425589561462402e-01
-7.495871186256408691e-01
-7.592464685440063477e-01
-1.740502476692199707e+00
-2.080935239791870117e+00
-1.761015892028808594e+00
2.946322560310363770e-01
6.413587331771850586e-01
-2.869256436824798584e-01
-5.327395200729370117e-01
1.117173910140991211e+00
1.558671593666076660e+00
-2.421285361051559448e-01
-3.474263250827789307e-01
3.858021199703216553e-01
-8.999233841896057129e-01
-3.679856359958648682e-01
-4.736706614494323730e-01
-2.525908946990966797e-01
2.834440581500530243e-02
-6.542961001396179199e-01
-8.643909692764282227e-01
3.685926795005798340e-01
-1.440357208251953125e+00
1.410504132509231567e-01
-1.093906760215759277e+00
-1.126100540161132812e+00
4.925036430358886719e-01
8.498484492301940918e-01
8.698446750640869141e-01
-1.471632480621337891e+00
1.289724707603454590e+00
1.531010121107101440e-01
9.026173949241638184e-01
-8.881421685218811035e-01
-5.370970964431762695e-01
-4.302125275135040283e-01
-4.285739958286285400e-01
1.287385821342468262e+00
2.018937915563583374e-01
-8.883132934570312500e-01
1.604406833648681641e+00
6.895958185195922852e-01
-3.321447670459747314e-01
2.466418892145156860e-01
2.262554466724395752e-01
-3.660269975662231445e-01
6.742666363716125488e-01
1.041151136159896851e-01
7.443462610244750977e-01
-9.889890253543853760e-02
-3.992156684398651123e-01
1.964159011840820312e-01
-9.365078806877136230e-01
7.849358916282653809e-01
1.435425639152526855e+00
1.440376996994018555e+00
7.070436477661132812e-01
-1.938310861587524414e+00
7.051640748977661133e-01
1.334983229637145996e+00
-2.776756696403026581e-02
1.168668985366821289e+00
5.326418280601501465e-01
-1.549672186374664307e-01
5.619292855262756348e-01
-4.269128441810607910e-01
-3.974739909172058105e-01
6.546230912208557129e-01
1.309326767921447754e+00
7.434483617544174194e-02
-1.164775371551513672e+00
5.781458020210266113e-01
-8.766961693763732910e-01
8.667808175086975098e-01
-1.591804742813110352e+00
-5.123909935355186462e-02
8.970715999603271484e-01
1.070136427879333496e+00
-1.237792298197746277e-01
-4.498818218708038330e-01
-7.210589051246643066e-01
-6.295359134674072266e-01
9.374425411224365234e-01
1.450624108314514160e+00
3.481001555919647217e-01
6.541385054588317871e-01
-7.354642450809478760e-02
1.346573829650878906e+00
6.510431766510009766e-01
7.996717691421508789e-01
1.078274488449096680e+00
6.814488172531127930e-01
-6.926874518394470215e-01
1.060860157012939453e+00
6.707205623388290405e-02
8.780335783958435059e-01
-4.652543365955352783e-01
-5.677859783172607422e-01
-9.185501933097839355e-01
-6.484003663063049316e-01
1.334287881851196289e+00
2.661077976226806641e+00
1.333835441619157791e-02
-6.491127610206604004e-02
-3.974057435989379883e-01
-2.272485941648483276e-01
6.142303943634033203e-01
-1.651945590972900391e+00
5.142450332641601562e-01
7.294476628303527832e-01
-3.275893032550811768e-01
5.428332090377807617e-01
-1.654827147722244263e-01
3.894846737384796143e-01
-3.347174227237701416e-01
-2.992955446243286133e-01
-1.084741353988647461e+00
-9.860745072364807129e-02
2.465703040361404419e-01
8.552364706993103027e-01
-1.802489906549453735e-01
-4.480435550212860107e-01
1.450821399688720703e+00
2.208663821220397949e-01
-4.635120630264282227e-01
7.941535115242004395e-01
-1.258691430091857910e+00
6.513890027999877930e-01
5.186413601040840149e-02
-2.954661846160888672e-01
-2.567626833915710449e-01
-5.948195978999137878e-02
5.922517180442810059e-01
4.367529451847076416e-01
-5.011299848556518555e-01
1.760957986116409302e-01
-6.684484481811523438e-01
-3.499150276184082031e-01
3.894870355725288391e-02
3.490180894732475281e-02
1.032869815826416016e+00
-7.295261621475219727e-01
5.985833406448364258e-01
8.264853358268737793e-01
-4.675113558769226074e-01
-1.302921295166015625e+00
3.944917321205139160e-01
-4.765241146087646484e-01
-9.887399673461914062e-01
-4.678486883640289307e-01
-1.314908146858215332e+00
-7.317893505096435547e-01
2.569794178009033203e+00
-1.228888154029846191e+00
-1.049426913261413574e+00
2.121100202202796936e-02
1.200809121131896973e+00
-1.716067671775817871e+00
-4.791660904884338379e-01
-4.921733438968658447e-01
-1.813504457473754883e+00
2.037473917007446289e-01
2.057447880506515503e-01
7.455796003341674805e-01
-1.022968888282775879e+00
7.491618394851684570e-01
5.522053837776184082e-01
-3.459960222244262695e-01
-1.976229995489120483e-01
-9.581597447395324707e-01
2.103553771972656250e+00
1.282085180282592773e+00
-7.541912198066711426e-01
-1.009600281715393066e+00
2.963945269584655762e-01
3.032814562320709229e-01
2.485370874404907227e+00
-7.385198473930358887e-01
3.244640827178955078e-01
1.656200923025608063e-02
1.092148542404174805e+00
-2.450478374958038330e-01
-4.689999818801879883e-01
1.291166067123413086e+00
1.163289070129394531e+00
-1.689433753490447998e-01
-1.832360863685607910e+00
3.141071796417236328e-01
7.295410037040710449e-01
2.838921248912811279e-01
2.196449413895606995e-02
-3.939648270606994629e-01
5.881347060203552246e-01
4.477964937686920166e-01
-3.987492024898529053e-01
-8.223309516906738281e-01
