-5.152411460876464844e-01
7.921059131622314453e-01
1.004566431045532227e+00
6.988243013620376587e-02
1.195686832070350647e-01
-1.135297417640686035e+00
2.237376570701599121e-01
-4.669842422008514404e-01
-4.960945546627044678e-01
1.697167873382568359e+00
9.688093066215515137e-01
1.438590586185455322e-01
6.994311809539794922e-01
-4.558187723159790039e-01
2.916582822799682617e-01
-1.877030968666076660e+00
-3.596487045288085938e-01
9.347082972526550293e-01
1.020765662193298340e+00
-1.101837679743766785e-01
-4.360315799713134766e-01
-2.675502598285675049e-01
-7.811852544546127319e-02
1.134127601981163025e-01
1.806237548589706421e-01
-7.744038105010986328e-01
4.522245824337005615e-01
-5.126785635948181152e-01
-1.517990946769714355e+00
-4.195686802268028259e-02
-7.663239240646362305e-01
-1.182404756546020508e+00
-1.400192260742187500e+00
8.754097223281860352e-01
-1.196369171142578125e+00
-1.559947490692138672e+00
-2.788893505930900574e-02
-1.576874256134033203e+00
-1.404143422842025757e-01
7.041334509849548340e-01
-2.001343816518783569e-01
-7.909654378890991211e-01
-3.406473398208618164e-01
-8.492131233215332031e-01
-1.104198098182678223e+00
6.306403875350952148e-01
-2.268430888652801514e-01
6.874526739120483398e-01
-4.447127282619476318e-01
-5.139570236206054688e-01
-4.496741294860839844e-01
6.272347569465637207e-01
-4.139937758445739746e-01
5.514873862266540527e-01
-1.326120942831039429e-01
-2.437076419591903687e-01
-6.714756041765213013e-02
6.346397846937179565e-02
-3.556164801120758057e-01
-4.525195062160491943e-01
-9.574468731880187988e-01
-1.923867106437683105e+00
5.141749978065490723e-01
6.274507045745849609e-01
-3.001615107059478760e-01
-6.547363400459289551e-01
3.922722935676574707e-01
-2.596825361251831055e-01
-8.969108760356903076e-02
1.248404383659362793e+00
-9.491491913795471191e-01
1.175787448883056641e+00
-9.638872742652893066e-01
-1.610152363777160645e+00
-2.108027040958404541e-01
1.210294961929321289e+00
6.726394891738891602e-01
-6.781875491142272949e-01
9.421057105064392090e-01
6.237478852272033691e-01
6.103516742587089539e-02
-8.081843852996826172e-01
-3.975230157375335693e-01
-9.262156486511230469e-02
-1.061995267868041992e+00
5.209504961967468262e-01
-5.992341637611389160e-01
-6.564498543739318848e-01
5.641597509384155273e-02
8.358712196350097656e-01
-1.014552235603332520e+00
-6.318908333778381348e-01
-3.958437144756317139e-01
9.855674505233764648e-01
8.862329274415969849e-02
-4.542180299758911133e-01
9.204283952713012695e-01
-3.280384242534637451e-01
-6.399644017219543457e-01
8.530297279357910156e-01
-1.625439643859863281e+00
-9.927518963813781738e-01
-8.493934869766235352e-01
-1.068691968917846680e+00
5.925390720367431641e-01
-5.037992000579833984e-01
-5.947707295417785645e-01
5.270047783851623535e-01
6.477147340774536133e-01
-9.641575813293457031e-01
-1.239159464836120605e+00
5.750689506530761719e-01
1.272192224860191345e-02
-1.901255965232849121e+00
2.604269683361053467e-01
-2.580717802047729492e-01
-4.417019486427307129e-01
-8.311827182769775391e-01
1.391088485717773438e+00
2.720162868499755859e-01
2.472733557224273682e-01
1.222430244088172913e-01
3.057513535022735596e-01
1.324426531791687012e+00
7.383365631103515625e-01
1.913052648305892944e-01
2.372263431549072266e+00
3.336162865161895752e-01
-3.377579748630523682e-01
1.545188426971435547e+00
3.635642230510711670e-01
-3.504538536071777344e-01
6.118351966142654419e-02
6.558555364608764648e-01
-6.176997423171997070e-01
-9.722441434860229492e-01
2.789000868797302246e-01
-9.779277443885803223e-01
-4.710899889469146729e-01
2.147617340087890625e-01
-5.540075898170471191e-01
-8.447523713111877441e-01
2.195988655090332031e+00
7.429947257041931152e-01
3.221036195755004883e-01
-3.945063948631286621e-01
-1.713780127465724945e-02
5.955108404159545898e-01
1.507357358932495117e-01
-7.414011955261230469e-01
-1.727959811687469482e-01
1.473021268844604492e+00
2.859502732753753662e-01
-1.007919549942016602e+00
1.050686120986938477e+00
-1.183745145797729492e+00
-1.948613405227661133e+00
4.938272237777709961e-01
-8.874305486679077148e-01
6.342729330062866211e-01
1.344651460647583008e+00
1.966071575880050659e-01
-5.062844753265380859e-01
-1.872972398996353149e-01
-1.439483277499675751e-02
-5.715129151940345764e-02
-5.367960333824157715e-01
9.104875326156616211e-01
-2.471575886011123657e-01
1.505696680396795273e-02
-5.588430762290954590e-01
-1.079101920127868652e+00
-4.859294295310974121e-01
1.091785907745361328e+00
-2.097816169261932373e-01
-8.488682657480239868e-02
9.330798983573913574e-01
8.408016562461853027e-01
-2.907449901103973389e-01
7.925035953521728516e-01
-3.568169474601745605e-01
-1.541533708572387695e+00
7.571531534194946289e-01
-4.550749063491821289e-01
-4.060366153717041016e-01
-4.533801376819610596e-01
1.006936550140380859e+00
1.357499957084655762e+00
1.011897847056388855e-01
1.589285612106323242e+00
-2.703428268432617188e-01
1.592840403318405151e-01
3.395128250122070312e-02
-1.110321164131164551e+00
1.448151320219039917e-01
-8.399615287780761719e-01
-5.638132691383361816e-01
4.654797911643981934e-01
-3.706656098365783691e-01
-1.234874486923217773e+00
4.744248986244201660e-01
5.171702504158020020e-01
-1.047507286071777344e+00
-1.092810779809951782e-01
1.025271415710449219e-01
8.465404510498046875e-01
-1.162970364093780518e-01
1.085479021072387695e+00
1.080021262168884277e+00
-2.477598488330841064e-01
1.255767047405242920e-01
1.120088458061218262e+00
1.477171421051025391e+00
4.777046442031860352e-01
4.961612522602081299e-01
1.027518272399902344e+00
-7.333664894104003906e-01
-3.269371986389160156e-01
-2.710375785827636719e-01
-7.377420663833618164e-01
4.615917801856994629e-01
-9.543195962905883789e-01
-2.612567842006683350e-01
-4.354425966739654541e-01
-1.339692026376724243e-01
-7.731602191925048828e-01
5.501360893249511719e-01
1.973936706781387329e-01
-2.172018401324748993e-03
-1.336572885513305664e+00
2.122503221035003662e-01
-9.341367483139038086e-01
-1.569095134735107422e+00
1.885351091623306274e-01
1.474428653717041016e+00
2.078405916690826416e-01
2.363464795053005219e-02
-3.549647927284240723e-01
-1.463690102100372314e-01
-7.233601808547973633e-01
7.989071011543273926e-01
-7.700667381286621094e-01
7.664509415626525879e-01
1.160326600074768066e+00
-2.476990073919296265e-01
5.068582296371459961e-01
-3.132296726107597351e-02
6.067700386047363281e-01
6.114572882652282715e-01
-5.090839862823486328e-01
1.191517487168312073e-01
-9.301140308380126953e-01
-9.850429296493530273e-01
-1.692026972770690918e+00
-4.866344332695007324e-01
-1.116323590278625488e+00
-8.575344085693359375e-01
-8.805707693099975586e-01
-9.301946163177490234e-01
-3.842771947383880615e-01
-6.533770561218261719e-01
6.789693236351013184e-01
-4.073896706104278564e-01
-7.167382836341857910e-01
5.387085676193237305e-01
7.491844892501831055e-01
1.278810620307922363e+00
1.645570158958435059e+00
1.654955983161926270e+00
-1.312601327896118164e+00
1.334546357393264771e-01
-7.306613922119140625e-01
4.275226891040802002e-01
-9.622289240360260010e-02
-1.555058479309082031e+00
-1.509880542755126953e+00
1.300743937492370605e+00
-1.317933320999145508e+00
-5.972146615386009216e-02
-9.585410952568054199e-01
5.704276561737060547e-01
-9.882883727550506592e-02
-8.492736518383026123e-02
5.339782238006591797e-01
9.287163615226745605e-01
-1.424240231513977051e+00
-4.977318346500396729e-01
-1.127187252044677734e+00
2.891713678836822510e-01
-1.326848119497299194e-01
-1.411460399627685547e+00
-9.719579219818115234e-01
-4.723173677921295166e-01
1.735113143920898438e+00
9.104096889495849609e-02
-5.796350240707397461e-01
-2.462507009506225586e+00
5.897217895835638046e-03
8.363288044929504395e-01
-1.422731280326843262e-01
-5.926102399826049805e-01
-1.418805599212646484e+00
1.494057178497314453e+00
-1.114181950688362122e-01
4.688325896859169006e-02
-1.292394548654556274e-01
-1.269044399261474609e+00
-1.591006636619567871e+00
4.046003222465515137e-01
5.854242444038391113e-01
-1.173861503601074219e+00
-2.320223115384578705e-02
-8.597748875617980957e-01
2.332324266433715820e+00
-1.880192756652832031e-01
-4.834150373935699463e-01
-3.811506330966949463e-01
-1.375215649604797363e-01
2.731652557849884033e-01
-7.402007579803466797e-01
1.560575366020202637e-01
-1.078889727592468262e+00
1.196600198745727539e+00
-6.618781685829162598e-01
6.538112163543701172e-01
4.937725067138671875e-01
-1.025567293167114258e+00
-7.561717182397842407e-02
-6.726137995719909668e-01
1.277839541435241699e-01
-1.526647210121154785e+00
-1.316293627023696899e-01
-2.387435734272003174e-01
-2.318065911531448364e-01
-5.749003887176513672e-01
-1.948779702186584473e+00
2.917557954788208008e-02
-1.082935333251953125e+00
1.292870759963989258e+00
-1.665501594543457031e-01
-2.048566639423370361e-01
-1.669221758842468262e+00
8.817130923271179199e-01
-8.521649241447448730e-01
-1.423385024070739746e+00
-1.514918208122253418e-01
-9.713338613510131836e-01
-9.232853651046752930e-01
-5.642695426940917969e-01
-5.713520050048828125e-01
-9.297932386398315430e-01
-2.527872622013092041e-01
5.046567916870117188e-01
-1.700168013572692871e+00
-7.536041736602783203e-01
-2.404118478298187256e-01
1.893432259559631348e+00
-4.824229478836059570e-01
1.068554297089576721e-01
1.034933775663375854e-01
-4.829542636871337891e-01
-1.291229963302612305e+00
-4.539679884910583496e-01
-4.487431049346923828e-01
-3.294076621532440186e-01
-7.729791998863220215e-01
1.779778480529785156e+00
1.408262610435485840e+00
-1.267243623733520508e+00
1.136996269226074219e+00
-2.728060185909271240e-01
5.238907933235168457e-01
-1.398988246917724609e+00
3.601060807704925537e-01
-7.767696380615234375e-01
2.800977826118469238e-01
1.699881792068481445e+00
1.964912861585617065e-01
-1.434068441390991211e+00
6.586824655532836914e-01
9.966415166854858398e-01
1.112417697906494141e+00
3.971119225025177002e-01
-6.457753777503967285e-01
-7.009089589118957520e-01
-5.961629152297973633e-01
-7.530503273010253906e-01
-8.945297598838806152e-01
-5.608171820640563965e-01
1.013114213943481445e+00
-2.140529394149780273e+00
6.818645000457763672e-01
1.173517465591430664e+00
9.436690807342529297e-01
-2.252567857503890991e-01
-6.328783631324768066e-01
-1.618717551231384277e+00
-2.812855243682861328e-01
8.379930257797241211e-01
6.735501289367675781e-01
-1.171872496604919434e+00
-6.566001176834106445e-01
3.443285450339317322e-02
-1.261751055717468262e+00
8.822806477546691895e-01
-2.447076886892318726e-01
-4.019429981708526611e-01
-4.179421663284301758e-01
3.116883933544158936e-01
5.010398104786872864e-02
-1.681691408157348633e+00
4.647206068038940430e-01
-2.129556089639663696e-01
-2.549721300601959229e-01
-1.230571568012237549e-01
1.716221809387207031e+00
7.643696665763854980e-01
-8.115617036819458008e-01
-5.076138377189636230e-01
9.291573166847229004e-01
-7.394344806671142578e-01
-6.344023942947387695e-01
5.535704493522644043e-01
7.766351103782653809e-01
-1.288223624229431152e+00
1.367973685264587402e-01
6.130179762840270996e-01
-2.439455986022949219e-01
-7.807846069335937500e-01
-2.451266795396804810e-01
-5.438022017478942871e-01
5.420415401458740234e-01
-7.100711017847061157e-02
-1.051659703254699707e+00
1.964409351348876953e-01
1.063314557075500488e+00
-6.508454084396362305e-01
2.138757944107055664e+00
7.963375747203826904e-02
-1.153176277875900269e-01
-1.175996661186218262e+00
2.664943456649780273e+00
6.358916759490966797e-01
1.345204412937164307e-01
3.260259628295898438e-01
-1.057168126106262207e+00
2.202436476945877075e-01
-8.181932568550109863e-01
5.340834259986877441e-01
-2.882559299468994141e-01
-1.267533190548419952e-02
7.801742106676101685e-02
1.493041515350341797e+00
3.045622706413269043e-01
-3.914733827114105225e-01
-3.444036245346069336e-01
1.137036323547363281e+00
5.447984933853149414e-01
-1.037833213806152344e+00
3.758919611573219299e-02
4.531518816947937012e-01
-2.010832875967025757e-01
-8.665308356285095215e-01
3.434296250343322754e-01
3.614151477813720703e-01
5.122117698192596436e-02
-4.513711035251617432e-01
8.184003829956054688e-01
-7.235518097877502441e-01
-6.294192671775817871e-01
-3.518507480621337891e-01
5.140672922134399414e-01
-1.130599260330200195e+00
3.734225034713745117e-01
-9.232094883918762207e-01
-9.295458793640136719e-01
1.582477688789367676e+00
7.685030698776245117e-01
-2.589819431304931641e-01
5.627757906913757324e-01
-1.042436122894287109e+00
1.328663945198059082e+00
-8.243845701217651367e-01
2.343518286943435669e-01
-7.645367085933685303e-02
1.039218783378601074e+00
-1.035796880722045898e+00
-4.402821660041809082e-01
1.483855485916137695e+00
1.200920581817626953e+00
3.387197852134704590e-01
1.218304276466369629e+00
7.395497560501098633e-01
3.893539607524871826e-01
-3.335743248462677002e-01
-8.600086569786071777e-01
9.901649355888366699e-01
-2.180385351181030273e+00
4.702443182468414307e-01
3.577027022838592529e-01
-7.746965885162353516e-01
2.839410006999969482e-01
1.694975048303604126e-01
1.419364929199218750e+00
-8.818183839321136475e-02
-1.083886981010437012e+00
1.277938932180404663e-01
4.460090398788452148e-01
6.239706873893737793e-01
5.225095748901367188e-01
2.079136297106742859e-02
1.795298159122467041e-01
3.934119641780853271e-01
4.946551620960235596e-01
9.017041325569152832e-01
6.586397886276245117e-01
-2.308347821235656738e-01
-9.909286499023437500e-01
1.068978786468505859e+00
6.671953946352005005e-02
-1.197293028235435486e-01
8.174910396337509155e-02
8.110911846160888672e-01
-2.740503847599029541e-02
-7.148673534393310547e-01
-4.586254954338073730e-01
-8.302457928657531738e-01
3.411128222942352295e-01
7.248737215995788574e-01
-1.599738240242004395e+00
1.316365838050842285e+00
-4.256892800331115723e-01
1.445434927940368652e+00
-7.882903516292572021e-02
-3.900978714227676392e-02
-4.021559357643127441e-01
5.536207556724548340e-01
3.008318543434143066e-01
-3.893805742263793945e-01
5.684432014822959900e-02
8.475137352943420410e-01
6.363624930381774902e-01
-1.433892726898193359e+00
-1.005280971527099609e+00
-5.309140309691429138e-02
-5.609760992228984833e-03
3.616358339786529541e-01
3.488688170909881592e-01
-3.085036873817443848e-01
-4.250790476799011230e-01
-2.930386960506439209e-01
-3.244756460189819336e-01
-8.634995222091674805e-01
-1.010138034820556641e+00
2.332713842391967773e+00
-9.137564897537231445e-02
-3.315929770469665527e-01
9.331013560295104980e-01
-8.730812668800354004e-01
-7.184019088745117188e-01
2.880786955356597900e-01
5.467042326927185059e-01
1.675571054220199585e-01
1.603987812995910645e-02
-3.774076700210571289e-01
1.359319210052490234e+00
-5.436007976531982422e-01
-7.163210511207580566e-01
-4.463013708591461182e-01
7.667902112007141113e-01
-1.094184160232543945e+00
1.178058147430419922e+00
-2.212177962064743042e-01
8.544273376464843750e-01
1.028463959693908691e+00
-2.210223972797393799e-01
1.189007163047790527e+00
5.032128691673278809e-01
1.376935601234436035e+00
9.233067035675048828e-01
2.850756943225860596e-01
1.185722351074218750e+00
-3.606052696704864502e-01
6.559736132621765137e-01
2.768283486366271973e-01
-7.555070519447326660e-01
-5.296949744224548340e-01
3.077385127544403076e-01
-8.865966796875000000e-01
9.572401046752929688e-01
-8.265006542205810547e-01
2.510081827640533447e-01
6.313799023628234863e-01
2.021674998104572296e-03
3.132843673229217529e-01
2.222585439682006836e+00
9.985018968582153320e-01
-3.575782179832458496e-01
-1.337243169546127319e-01
9.455445408821105957e-01
7.228354811668395996e-01
-6.478124856948852539e-01
3.726522028446197510e-01
2.334643304347991943e-01
-1.177375540137290955e-01
-2.965788543224334717e-01
-3.128829002380371094e-01
-1.741261363029479980e+00
-1.413769245147705078e+00
8.584930300712585449e-01
1.560527533292770386e-01
1.194766163825988770e+00
1.043768525123596191e+00
1.348164796829223633e+00
-5.511862039566040039e-01
-2.116599678993225098e-01
-8.506229519844055176e-01
-1.069383740425109863e+00
3.292520344257354736e-01
-3.100205957889556885e-02
-2.102840244770050049e-01
-1.714823484420776367e+00
-4.708409607410430908e-01
-4.720951318740844727e-01
-1.262695193290710449e-01
-5.615592598915100098e-01
6.604825258255004883e-01
2.787241637706756592e-01
-1.022065803408622742e-01
-1.367618799209594727e+00
5.553864836692810059e-01
2.600463628768920898e-01
4.383276700973510742e-01
1.386408448219299316e+00
-1.189430803060531616e-01
-8.331245183944702148e-02
-2.814682126045227051e-01
-2.311251163482666016e-01
4.179607927799224854e-01
1.928091645240783691e-01
3.673062622547149658e-01
2.542878128588199615e-02
-1.082286834716796875e+00
2.076388359069824219e+00
6.294068098068237305e-01
6.117025852203369141e+00
-1.603961348533630371e+00
7.117890715599060059e-01
8.376646041870117188e-01
-1.115955591201782227e+00
1.231730937957763672e+00
8.014133572578430176e-02
-5.866955518722534180e-01
-5.478889942169189453e-01
-7.927465438842773438e-01
1.319728642702102661e-01
-8.960970044136047363e-01
-9.139875769615173340e-01
-9.516531825065612793e-01
-4.885188937187194824e-01
-1.088339020498096943e-03
1.598125576972961426e+00
3.241941034793853760e-01
1.179487347602844238e+00
2.158709317445755005e-01
1.510051846504211426e+00
4.582064449787139893e-01
-5.847143530845642090e-01
1.666265577077865601e-01
-1.078836321830749512e+00
-6.489206552505493164e-01
1.150044083595275879e+00
-6.646651625633239746e-01
1.644402503967285156e+00
1.796895027160644531e+00
-1.021615862846374512e+00
-2.232354134321212769e-01
-4.712416827678680420e-01
-8.338568359613418579e-02
-1.785385459661483765e-01
2.172532826662063599e-01
-1.348931789398193359e+00
2.439774274826049805e-01
2.530044130980968475e-02
1.211445927619934082e+00
-5.735685229301452637e-01
-9.637314677238464355e-01
-4.179620146751403809e-01
-8.622968673706054688e+00
5.696542859077453613e-01
-1.134623587131500244e-01
-3.107138276100158691e-01
2.541816949844360352e+00
1.217736959457397461e+00
-1.747704386711120605e+00
3.874703645706176758e-01
1.161827445030212402e+00
2.632565498352050781e-01
-3.753928840160369873e-01
8.783262372016906738e-01
-8.975547552108764648e-01
-1.465253472328186035e+00
-1.779978990554809570e+00
1.497852206230163574e+00
5.889282375574111938e-02
4.973846971988677979e-01
3.444701194763183594e+00
-9.672550559043884277e-01
-4.045689105987548828e+00
7.348855137825012207e-01
2.222698880359530449e-03
-3.160792887210845947e-01
-6.531665325164794922e-01
7.472501397132873535e-01
-4.261169731616973877e-01
1.479833871126174927e-01
-2.979500591754913330e-01
-6.468171477317810059e-01
-5.871218442916870117e-01
2.077635288238525391e+00
-2.516626417636871338e-01
-3.763761222362518311e-01
7.056951522827148438e-01
8.873639702796936035e-01
1.317586541175842285e+00
2.449463158845901489e-01
-6.940079927444458008e-01
1.034179091453552246e+00
-7.671610265970230103e-02
-7.221712172031402588e-02
4.087034463882446289e-01
-1.319193363189697266e+00
-3.637749254703521729e-01
6.813076138496398926e-01
1.381266951560974121e+00
5.579829216003417969e-01
-3.364499807357788086e-01
7.840057462453842163e-02
1.918526530265808105e+00
1.314815282821655273e+00
1.430257707834243774e-01
7.192092388868331909e-02
-6.637735366821289062e-01
1.732074856758117676e+00
7.415313273668289185e-02
-8.082599192857742310e-02
-1.171464443206787109e+00
-9.437116384506225586e-01
1.714306920766830444e-01
5.002929568290710449e-01
1.562418341636657715e+00
-5.900338292121887207e-01
-3.600927591323852539e-01
-4.441903829574584961e-01
-9.837632775306701660e-01
-2.487441748380661011e-01
-1.025165557861328125e+00
1.310363411903381348e+00
3.996775448322296143e-01
2.312275320291519165e-01
-5.144805908203125000e-01
1.139754891395568848e+00
5.927352905273437500e-01
-6.007535755634307861e-02
-1.857679635286331177e-01
2.070116102695465088e-01
-8.115126192569732666e-02
8.188283443450927734e-02
