6.588246226310729980e-01
5.476713180541992188e-01
1.515205144882202148e+00
-2.378796935081481934e-01
-1.276500105857849121e+00
-1.032707691192626953e+00
3.306859135627746582e-01
2.094361186027526855e-01
-5.536702275276184082e-01
4.750785529613494873e-01
2.200147867202758789e+00
-3.988870680332183838e-01
1.066534370183944702e-01
-3.584041893482208252e-01
4.082291945815086365e-02
-9.466761350631713867e-01
-8.361837863922119141e-01
-8.286705017089843750e-01
-2.473492771387100220e-01
4.167940020561218262e-01
1.342046022415161133e+00
-4.459109008312225342e-01
3.883308768272399902e-01
5.463138818740844727e-01
1.334159851074218750e+00
-4.452743530273437500e-01
1.607796549797058105e+00
-6.734595298767089844e-01
-1.971587538719177246e+00
1.793971300125122070e+00
-6.149226427078247070e-01
1.072843313217163086e+00
1.090271919965744019e-01
-6.390051543712615967e-02
3.672193884849548340e-01
1.402023673057556152e+00
-5.948038101196289062e-01
-2.102715730667114258e+00
-8.276000618934631348e-02
-2.205155044794082642e-01
-1.628118306398391724e-01
5.653815269470214844e-01
4.494278430938720703e-01
2.846603393554687500e-01
-2.292538166046142578e+00
9.825539588928222656e-02
3.266602456569671631e-01
1.224183849990367889e-02
-6.031429767608642578e-01
-2.678368985652923584e-02
-1.215749025344848633e+00
-1.000557184219360352e+00
8.388988375663757324e-01
4.482747614383697510e-01
-6.177516579627990723e-01
9.397307038307189941e-01
5.625402331352233887e-01
2.320994287729263306e-01
3.243465721607208252e-02
-9.051307439804077148e-01
-1.697463750839233398e+00
5.237918496131896973e-01
-2.127287983894348145e-01
-7.072470337152481079e-02
3.790586590766906738e-01
2.721937000751495361e-01
-2.159802317619323730e-01
-3.663919866085052490e-01
1.344706267118453979e-01
4.385108649730682373e-01
-1.734695076942443848e+00
8.658227324485778809e-01
-5.003396272659301758e-01
-4.012962430715560913e-02
-3.690243363380432129e-01
5.668693780899047852e-01
-2.512843608856201172e-01
1.428395858965814114e-03
-3.924831449985504150e-01
-5.651810169219970703e-01
-6.368396878242492676e-01
5.574674606323242188e-01
3.742735981941223145e-01
1.570074111223220825e-01
3.017891347408294678e-01
2.241371572017669678e-01
-7.489163279533386230e-01
-3.087814897298812866e-02
7.240967750549316406e-01
1.476886153221130371e+00
-1.281098723411560059e+00
-9.399679303169250488e-01
-3.009151816368103027e-01
-6.277323700487613678e-03
-1.047558069229125977e+00
5.536717176437377930e-01
-8.740604855120182037e-03
1.825264841318130493e-01
1.529381036758422852e+00
1.275030225515365601e-01
-1.008264541625976562e+00
-9.249200224876403809e-01
-1.297040343284606934e+00
-9.528547525405883789e-03
-5.850231647491455078e-01
-3.705674111843109131e-01
-3.282324671745300293e-01
-4.041599929332733154e-01
6.351811885833740234e-01
-6.874633431434631348e-01
2.409506142139434814e-01
-6.213552877306938171e-02
-3.899885714054107666e-01
-8.105564713478088379e-01
-2.652090787887573242e-01
3.705954551696777344e-01
-1.306196570396423340e+00
2.585471868515014648e+00
1.567566841840744019e-01
-6.594263911247253418e-01
-3.232146501541137695e-01
-4.637609422206878662e-01
-2.627910852432250977e+00
8.919786214828491211e-01
4.191495776176452637e-01
1.391215324401855469e+00
2.657574415206909180e+00
2.130707651376724243e-01
6.641957908868789673e-02
-1.589952558279037476e-01
-3.633190179243683815e-03
-8.827531337738037109e-01
-1.286516189575195312e+00
-2.796508967876434326e-01
-3.104621887207031250e+00
-1.677757948637008667e-01
9.155925512313842773e-01
-4.518384933471679688e-01
-7.719102501869201660e-02
5.050896108150482178e-02
-4.426664412021636963e-01
5.564339160919189453e-01
-6.497462987899780273e-01
7.859379053115844727e-02
1.665202677249908447e-01
2.638953030109405518e-01
2.718235731124877930e+00
-2.527076721191406250e+00
-7.928503304719924927e-02
-4.540128409862518311e-01
-1.356049299240112305e+00
7.687152624130249023e-01
9.243050813674926758e-01
-1.184972167015075684e+00
1.514435648918151855e+00
-8.158861994743347168e-01
-2.191520214080810547e+00
7.615229114890098572e-03
4.951629340648651123e-01
1.246262431144714355e+00
4.432778060436248779e-01
-9.013498574495315552e-02
-2.853908538818359375e-01
5.882506370544433594e-01
1.130677580833435059e+00
5.472389981150627136e-02
-3.166123926639556885e-01
1.142821550369262695e+00
2.914929389953613281e-01
-7.247928977012634277e-01
-1.086829185485839844e+00
-2.993830204010009766e+00
-2.297126054763793945e+00
-3.674563765525817871e-01
1.044427394866943359e+00
-1.358631849288940430e+00
1.590500324964523315e-01
-1.159957051277160645e+00
-1.584572076797485352e+00
-2.803567349910736084e-01
-5.880501866340637207e-01
-3.772878944873809814e-01
9.313051700592041016e-01
-4.483580589294433594e-01
5.034478306770324707e-01
-1.660074442625045776e-01
-6.217326521873474121e-01
5.746259689331054688e-01
9.715670347213745117e-01
8.406194448471069336e-01
-4.543805122375488281e-01
-5.860259756445884705e-02
3.699844181537628174e-01
-9.556990265846252441e-01
4.440957009792327881e-01
-3.050545789301395416e-02
1.057482481002807617e+00
-2.571178376674652100e-01
-5.438370257616043091e-02
-8.282783031463623047e-01
-6.589663028717041016e-01
6.908745765686035156e-01
-9.451147317886352539e-01
-6.487849950790405273e-01
-3.254391252994537354e-01
-2.285418063402175903e-01
2.098570615053176880e-01
9.716461896896362305e-01
9.748602509498596191e-01
-5.131951570510864258e-01
-5.541451573371887207e-01
-3.179766535758972168e-01
7.036094665527343750e-01
-6.854572892189025879e-01
-1.723313629627227783e-01
8.644022345542907715e-01
-6.533846378326416016e+00
-3.351025283336639404e-01
2.147308588027954102e-01
-1.136655688285827637e+00
5.205088257789611816e-01
-3.189615607261657715e-01
-1.422988325357437134e-01
2.223905920982360840e-01
1.428225040435791016e+00
1.686729043722152710e-01
1.184838339686393738e-01
9.592042565345764160e-01
1.245677590370178223e+00
8.748351931571960449e-01
6.028996706008911133e-01
-3.243634402751922607e-01
-1.041121244430541992e+00
-9.873602390289306641e-01
1.955715298652648926e+00
5.521845817565917969e-02
2.664150893688201904e-01
-1.093216091394424438e-01
5.753918886184692383e-01
5.191050171852111816e-01
-7.191148996353149414e-01
-1.298993229866027832e+00
-1.251985788345336914e+00
2.893323600292205811e-01
-1.259299397468566895e+00
-1.397717237472534180e+00
4.315819144248962402e-01
-2.401313483715057373e-01
-1.620596647262573242e-01
-3.746938705444335938e-02
-4.499318897724151611e-01
-1.093264341354370117e+00
6.981774568557739258e-01
-2.033197402954101562e+00
-1.727046966552734375e+00
1.640181779861450195e+00
-3.164796829223632812e-01
4.507909119129180908e-01
1.565138816833496094e+00
-5.264391303062438965e-01
6.277863979339599609e-01
2.696650028228759766e-01
-1.524363517761230469e+00
-4.399182796478271484e-01
-2.850061282515525818e-02
-1.800883054733276367e+00
-1.550966799259185791e-01
3.467754647135734558e-02
2.771239042282104492e+00
5.065725650638341904e-03
-6.091105937957763672e-02
-1.674431562423706055e+00
-9.784821271896362305e-01
7.053476572036743164e-01
-1.084092974662780762e+00
-4.656721651554107666e-01
9.490811824798583984e-02
-1.155319452285766602e+00
2.835483253002166748e-01
-4.044704437255859375e-01
1.731328845024108887e+00
5.028480291366577148e-01
4.216800630092620850e-01
1.127939462661743164e+00
5.487703680992126465e-01
-1.057818979024887085e-01
-8.414469361305236816e-01
-4.676858782768249512e-01
3.135884702205657959e-01
-5.245573520660400391e-01
9.396278858184814453e-01
2.871974110603332520e-01
-6.260377168655395508e-01
-4.732208847999572754e-01
3.633493185043334961e-01
-2.249738574028015137e-01
8.227865099906921387e-01
-1.072574406862258911e-01
-7.086340785026550293e-01
-1.369762659072875977e+00
1.009124591946601868e-01
-1.010283708572387695e+00
2.962507605552673340e-01
2.290798187255859375e+00
7.644314765930175781e-01
8.193266391754150391e-02
-1.129916548728942871e+00
-1.288921684026718140e-01
2.236804723739624023e+00
2.203347533941268921e-01
-1.944430023431777954e-01
-1.602897047996520996e+00
6.235294044017791748e-02
1.205423831939697266e+00
-5.678340196609497070e-01
1.596443891525268555e+00
-3.206520080566406250e-01
7.754243016242980957e-01
1.558383464813232422e+00
-8.379220962524414062e-01
-2.503010630607604980e-01
-7.259314656257629395e-01
6.121683120727539062e-01
-5.081039667129516602e-01
7.583711147308349609e-01
-1.584724545478820801e+00
-2.836498618125915527e-01
-1.532702893018722534e-01
-8.405328392982482910e-01
9.776006937026977539e-01
-1.399202942848205566e+00
-9.171782135963439941e-01
-1.455102860927581787e-01
8.386628329753875732e-02
1.502150893211364746e+00
-6.687244176864624023e-01
6.669393181800842285e-01
4.551290571689605713e-01
6.975780129432678223e-01
-1.163732782006263733e-01
2.835741937160491943e-01
-2.033800601959228516e+00
3.226378560066223145e-01
-3.963086009025573730e-01
-5.937183499336242676e-01
1.157432436943054199e+00
-5.919396281242370605e-01
1.281430274248123169e-01
-8.695816993713378906e-01
-2.771770656108856201e-01
2.491716295480728149e-01
1.282876133918762207e-01
-7.402405738830566406e-01
-1.001945614814758301e+00
-5.996773242950439453e-01
-7.000187039375305176e-01
3.527168557047843933e-02
-1.042127728462219238e+00
6.188228130340576172e-01
-4.592096507549285889e-01
7.344372868537902832e-01
1.143452152609825134e-01
-1.617476940155029297e+00
7.362142801284790039e-01
6.336407661437988281e-01
3.652091622352600098e-01
4.571063220500946045e-01
1.712729692459106445e+00
2.757043577730655670e-03
1.176388502120971680e+00
-7.535938024520874023e-01
-1.681570559740066528e-01
-6.638388633728027344e-01
3.835729956626892090e-01
9.861619770526885986e-02
5.365338921546936035e-01
3.003892600536346436e-01
7.536675930023193359e-01
-9.120520353317260742e-01
4.211035668849945068e-01
7.192308306694030762e-01
-7.655022144317626953e-01
5.232260227203369141e-01
-4.018262624740600586e-01
-3.261627629399299622e-02
3.278990685939788818e-01
2.601563036441802979e-01
2.006671577692031860e-01
1.283884882926940918e+00
1.120730876922607422e+00
-7.997371554374694824e-01
-1.293167829513549805e+00
1.776752471923828125e-01
1.711569577455520630e-01
6.877071261405944824e-01
4.471277073025703430e-02
-1.045348048210144043e+00
4.865999221801757812e-01
4.900421202182769775e-01
5.464391112327575684e-01
-5.776584148406982422e-01
-3.991346955299377441e-01
1.684858560562133789e+00
-4.096986949443817139e-01
-5.669564604759216309e-01
-7.880557328462600708e-02
-1.281634807586669922e+00
-8.588924407958984375e-01
4.610731899738311768e-01
-5.006780028343200684e-01
-6.384536623954772949e-01
1.881036907434463501e-01
1.158342435956001282e-01
2.213062494993209839e-01
-1.327326297760009766e+00
1.637305498123168945e+00
7.007943987846374512e-01
9.945212006568908691e-01
-1.359904170036315918e+00
1.922985911369323730e-01
-1.148441076278686523e+00
-3.602761924266815186e-01
6.753790974617004395e-01
-1.959044933319091797e+00
-2.228185832500457764e-01
-3.135909438133239746e-01
-2.702567577362060547e-01
3.883082270622253418e-01
-7.257568240165710449e-01
-9.385800361633300781e-01
-1.445990443229675293e+00
1.282920241355895996e+00
-2.823346555233001709e-01
6.017409563064575195e-01
1.634042501449584961e+00
6.469941884279251099e-02
-4.479474723339080811e-01
-9.709013998508453369e-02
1.087804436683654785e+00
3.304432705044746399e-02
-5.244863033294677734e-01
7.786532044410705566e-01
-6.377660632133483887e-01
-3.850147724151611328e-01
1.185467720031738281e+00
8.427730798721313477e-01
4.257570505142211914e-01
1.964185088872909546e-01
2.849367856979370117e-01
4.751169085502624512e-01
-5.764956474304199219e-01
1.167860850691795349e-01
6.933804154396057129e-01
1.395705491304397583e-01
8.114789724349975586e-01
-2.807553410530090332e-01
-5.235790014266967773e-01
2.348503351211547852e+00
-6.509259343147277832e-01
-6.998183727264404297e-01
1.257685422897338867e+00
2.446075202897191048e-03
-9.714379310607910156e-01
4.973603785037994385e-01
-1.061915993690490723e+00
3.078308999538421631e-01
-1.259727954864501953e+00
9.663305878639221191e-01
-7.706115245819091797e-01
3.151454031467437744e-01
1.904055476188659668e-01
3.849982321262359619e-01
5.828471183776855469e-01
1.534342765808105469e+00
-2.082002013921737671e-01
9.049822688102722168e-01
7.154378294944763184e-02
2.487425357103347778e-01
-1.062801837921142578e+00
5.396897792816162109e-01
2.774266302585601807e-01
1.998080164194107056e-01
-6.107007265090942383e-01
-1.025046229362487793e+00
-2.158198058605194092e-01
2.127958834171295166e-01
1.148571133613586426e+00
-1.009385347366333008e+00
-3.376213610172271729e-01
1.470730900764465332e-01
2.559397220611572266e+00
-5.188912153244018555e-01
8.172933459281921387e-01
-1.396056413650512695e-01
-1.211435317993164062e+00
-4.454186856746673584e-01
7.289722561836242676e-02
-3.442542076110839844e+00
8.654899150133132935e-02
-5.021029114723205566e-01
-1.408341884613037109e+00
1.180680990219116211e+00
-4.359433650970458984e-01
-2.606318295001983643e-01
1.318455457687377930e+00
3.162931501865386963e-01
-6.369705796241760254e-01
9.501568078994750977e-01
3.806045949459075928e-01
3.222369775176048279e-02
5.433137416839599609e-01
-7.769172787666320801e-01
1.074811100959777832e+00
1.027516722679138184e+00
-3.459011912345886230e-01
7.655960321426391602e-01
-7.580054998397827148e-01
-3.398850560188293457e-02
9.159548580646514893e-02
5.809034407138824463e-02
-7.918426394462585449e-01
-8.000034093856811523e-01
-8.052501678466796875e-01
-2.610064297914505005e-02
4.969088435173034668e-01
-4.043164849281311035e-01
-8.016451597213745117e-01
-4.933760166168212891e-01
1.255410790443420410e+00
-1.756822228431701660e+00
7.296818494796752930e-01
-2.415839135646820068e-01
1.473747640848159790e-01
1.097148060798645020e+00
5.504513382911682129e-01
-4.882588386535644531e-01
5.211688876152038574e-01
-3.716337978839874268e-01
-1.580052226781845093e-01
-7.007760405540466309e-01
-6.211602091789245605e-01
2.391013056039810181e-01
-1.740992546081542969e+00
-1.003738760948181152e+00
-4.981037676334381104e-01
1.313582360744476318e-01
1.196743845939636230e+00
-1.091456055641174316e+00
4.221414923667907715e-01
1.181385397911071777e+00
1.116800427436828613e+00
1.894709229469299316e+00
-4.593299627304077148e-01
-3.319480717182159424e-01
-1.739695519208908081e-01
1.901081800460815430e-01
-1.255284249782562256e-01
1.079103112220764160e+00
-1.585209012031555176e+00
8.340999484062194824e-01
-7.564113140106201172e-01
-1.042796611785888672e+00
1.281493604183197021e-01
1.127088069915771484e+00
5.008421540260314941e-01
1.143039703369140625e+00
-1.370160222053527832e+00
1.132968902587890625e+00
1.067275166511535645e+00
-9.444934725761413574e-01
5.598529577255249023e-01
-1.360102742910385132e-01
7.017300128936767578e-01
-7.279211878776550293e-01
-1.039526820182800293e+00
-9.568139910697937012e-01
-3.412285745143890381e-01
-8.091273307800292969e-01
-7.702788114547729492e-01
3.608505427837371826e-01
-5.680446028709411621e-01
1.572174429893493652e+00
3.054080903530120850e-02
-5.811604857444763184e-01
-8.438858389854431152e-01
-4.359922111034393311e-01
-2.544125020503997803e-01
2.744549512863159180e-01
-7.232679724693298340e-01
-5.543587803840637207e-01
-6.727260351181030273e-01
-1.176150441169738770e+00
4.716089069843292236e-01
3.232222795486450195e-01
1.733005940914154053e-01
1.441616415977478027e+00
1.991835951805114746e+00
1.506482809782028198e-01
1.010800600051879883e+00
1.216560006141662598e+00
4.332043826580047607e-01
1.307627797126770020e+00
9.071425199508666992e-01
9.153797030448913574e-01
2.541158795356750488e-01
-6.881372928619384766e-01
-1.993434876203536987e-01
-1.076143383979797363e+00
-6.656925082206726074e-01
-1.070414543151855469e+00
1.011772036552429199e+00
9.178227186203002930e-01
-5.782205462455749512e-01
-2.522471249103546143e-01
-2.699237167835235596e-01
-6.496327519416809082e-01
1.351463079452514648e+00
-3.066147863864898682e-01
-4.090820848941802979e-01
5.010242760181427002e-02
-6.669244766235351562e-01
-5.292839407920837402e-01
-4.512791037559509277e-01
4.305884242057800293e-01
-6.012181639671325684e-01
3.376988470554351807e-01
1.386586427688598633e-01
1.000895857810974121e+00
9.862178564071655273e-01
6.790872812271118164e-01
8.287548422813415527e-01
-9.144414067268371582e-01
1.548464536666870117e+00
5.833899378776550293e-01
1.792763173580169678e-01
1.091249465942382812e+00
2.242342233657836914e-01
-5.470707640051841736e-02
-1.975868195295333862e-01
4.237346053123474121e-01
2.162298262119293213e-01
1.359692931175231934e+00
-7.764970064163208008e-01
2.640600800514221191e-01
3.753732144832611084e-01
4.804172039031982422e+00
2.265499345958232880e-02
-7.923595309257507324e-01
-1.349290013313293457e+00
-1.202643394470214844e+00
7.251702547073364258e-01
-9.137061983346939087e-02
5.871187523007392883e-02
-1.099160790443420410e+00
8.778603672981262207e-01
1.235989212989807129e+00
-4.672191292047500610e-02
6.192221641540527344e-01
1.742496043443679810e-01
-2.888838946819305420e-01
-7.984182238578796387e-01
-3.875750005245208740e-01
1.654358208179473877e-01
-1.209616847336292267e-02
-1.239846497774124146e-01
6.678797602653503418e-01
3.186953067779541016e-01
6.498024463653564453e-01
1.945593059062957764e-01
-1.489481925964355469e-01
6.359015703201293945e-01
-1.062214851379394531e+00
-2.137698931619524956e-03
5.049355030059814453e-01
6.731646656990051270e-01
3.247022628784179688e-01
-3.470149636268615723e-01
-2.179448843002319336e+00
-7.225037217140197754e-01
-6.755668520927429199e-01
-6.608837246894836426e-01
-5.205113440752029419e-03
5.702245235443115234e-01
-1.221004486083984375e+00
7.320208549499511719e-01
-6.258842945098876953e-01
-4.892902970314025879e-01
-2.856817722320556641e+00
-4.933316707611083984e+00
5.014491677284240723e-01
7.274646162986755371e-01
1.875039041042327881e-01
-8.059428930282592773e-01
1.344830751419067383e+00
6.013080850243568420e-02
2.947502434253692627e-01
1.354205250740051270e+00
-3.159949779510498047e-01
-6.238944530487060547e-01
4.368008077144622803e-01
-9.796971678733825684e-01
-1.930928230285644531e-01
5.145407915115356445e-01
1.883095026016235352e+00
-1.012513637542724609e+00
-2.495351731777191162e-01
3.385075330734252930e+00
-7.944771647453308105e-01
-2.370167255401611328e+00
4.624605178833007812e-01
-6.514031440019607544e-02
-3.137493431568145752e-01
-9.086212515830993652e-01
-2.099418491125106812e-01
-1.464998602867126465e+00
4.192986786365509033e-01
1.325547993183135986e-01
-4.442206919193267822e-01
3.629004061222076416e-01
1.042494773864746094e+00
-5.731087923049926758e-01
1.986025929450988770e+00
-8.390812277793884277e-01
-3.136951029300689697e-01
8.381079137325286865e-02
-2.470174878835678101e-01
-1.190517067909240723e+00
-7.206704020500183105e-01
1.815635710954666138e-01
1.145162820816040039e+00
8.513964414596557617e-01
-7.531221508979797363e-01
-8.844825029373168945e-01
-1.551394015550613403e-01
-1.057829022407531738e+00
-8.004615902900695801e-01
-7.175805568695068359e-01
2.902764081954956055e-01
3.387902677059173584e-01
4.858461916446685791e-01
2.016620784997940063e-01
-6.630202531814575195e-01
9.495100378990173340e-01
1.299546241760253906e+00
-3.750483095645904541e-01
4.625736773014068604e-01
-4.589060246944427490e-01
1.969802230596542358e-01
7.909550666809082031e-01
3.643576502799987793e-01
1.195663452148437500e+00
-1.124470710754394531e+00
-9.247370362281799316e-01
-7.934566736221313477e-01
-1.708770543336868286e-01
-4.282114207744598389e-01
-5.260203480720520020e-01
3.051525652408599854e-01
1.471668332815170288e-01
6.359074711799621582e-01
2.771286964416503906e-01
-2.097188085317611694e-01
4.777626991271972656e-01
1.626117676496505737e-01
6.938912272453308105e-01
-2.155422046780586243e-02
-1.077637910842895508e+00
4.451182782649993896e-01
