1.449119925498962402e+00
9.267324954271316528e-02
-1.949382126331329346e-01
-8.926748633384704590e-01
-1.913621872663497925e-01
-1.141544938087463379e+00
2.065937370061874390e-01
-8.352074027061462402e-01
-8.452371954917907715e-01
-9.030146598815917969e-01
6.349009275436401367e-01
-5.993524193763732910e-01
1.096369862556457520e+00
-1.116309091448783875e-01
4.139080643653869629e-02
-1.603484451770782471e-01
1.328179717063903809e+00
1.366012215614318848e+00
-1.283466815948486328e+00
1.299620509147644043e+00
-2.260318040847778320e+00
1.055069446563720703e+00
6.003893017768859863e-01
-1.241323471069335938e+00
2.500949621200561523e+00
3.269511759281158447e-01
-2.539662718772888184e-01
-1.369244754314422607e-01
-6.732617616653442383e-01
-6.402243375778198242e-01
-3.052151918411254883e+00
-4.441644251346588135e-01
-1.469714045524597168e+00
-8.598330020904541016e-01
1.916908323764801025e-01
-5.515795946121215820e-01
-3.009080588817596436e-01
1.519615203142166138e-01
1.180996093899011612e-02
-6.916037797927856445e-01
-7.210893630981445312e-01
-1.067337751388549805e+00
-1.661660373210906982e-01
8.990386128425598145e-01
4.659572243690490723e-01
1.500691533088684082e+00
-8.174995779991149902e-01
-2.051118612289428711e-01
-5.880956649780273438e-01
7.465568780899047852e-01
-6.554329395294189453e-02
5.807195305824279785e-01
-1.108260273933410645e+00
-8.322613239288330078e-01
-3.459867835044860840e-01
-9.260084033012390137e-01
7.878066301345825195e-01
-1.428752183914184570e+00
-9.962408542633056641e-01
9.855895638465881348e-01
2.149398565292358398e+00
8.057988882064819336e-01
2.669054269790649414e-01
-1.346893191337585449e+00
8.607052266597747803e-02
-1.092286705970764160e+00
5.655004978179931641e-01
9.206762313842773438e-01
-5.004598498344421387e-01
-1.299308776855468750e+00
-1.447753310203552246e+00
4.806697666645050049e-01
5.591891407966613770e-01
-3.919557929039001465e-01
1.925386041402816772e-01
9.852926731109619141e-01
1.746178269386291504e-01
4.940642416477203369e-01
2.273619651794433594e+00
1.055134057998657227e+00
-1.754903495311737061e-01
-2.545993328094482422e-01
-1.435237288475036621e+00
-1.065857052803039551e+00
-1.487537741661071777e+00
2.779797911643981934e-01
-3.494019210338592529e-01
3.520593047142028809e-01
-6.329357028007507324e-01
3.692859411239624023e-01
-2.356147289276123047e+00
7.822418808937072754e-01
-1.908523440361022949e-01
7.243334650993347168e-01
-5.774148702621459961e-01
1.547374010086059570e+00
7.311314344406127930e-02
6.067824959754943848e-01
-1.400640130043029785e+00
-7.338683605194091797e-01
-8.263722062110900879e-02
-6.453880667686462402e-01
-2.789195179939270020e-01
-2.846910953521728516e-01
6.343033313751220703e-01
7.146722674369812012e-01
-5.199438333511352539e-01
-3.296419084072113037e-01
-8.004008531570434570e-01
-8.886671066284179688e-02
4.563612043857574463e-01
3.912021517753601074e-01
-2.136309862136840820e+00
-7.543373703956604004e-01
-2.851454913616180420e-01
2.872403264045715332e-01
4.650297164916992188e-01
-2.287028431892395020e-01
-4.262767732143402100e-01
5.120132565498352051e-01
-8.712613582611083984e-01
-1.053205966949462891e+00
-4.343602180480957031e+00
1.503302931785583496e+00
3.038603961467742920e-01
-3.581656217575073242e-01
1.924882680177688599e-01
1.042109012603759766e+00
-1.845032572746276855e+00
7.294808328151702881e-02
-1.973516941070556641e-01
-2.597694158554077148e+00
-4.606287479400634766e-01
-1.573493003845214844e+00
3.483382761478424072e-01
7.560095191001892090e-01
-1.015182137489318848e-01
-5.043422430753707886e-02
-1.645762324333190918e+00
3.091955557465553284e-02
-6.206559389829635620e-02
1.387328147888183594e+00
-3.955600038170814514e-02
3.764228820800781250e-01
1.399038136005401611e-01
2.010094672441482544e-01
-1.222091674804687500e+00
7.331591248512268066e-01
6.497975587844848633e-01
5.977534651756286621e-01
1.417296081781387329e-01
-6.427778005599975586e-01
1.418275833129882812e+00
-1.308378338813781738e+00
2.462241351604461670e-01
-2.156563997268676758e+00
-1.552218556404113770e+00
1.553149938583374023e+00
-1.947833776473999023e+00
1.532027840614318848e+00
5.118299126625061035e-01
5.824137926101684570e-01
-7.435777783393859863e-01
-6.186218857765197754e-01
1.032677888870239258e-01
-1.851292252540588379e+00
2.884095609188079834e-01
6.364538520574569702e-02
-1.279835581779479980e+00
9.694591164588928223e-02
-9.068517088890075684e-01
-1.338642835617065430e+00
-5.299748182296752930e-01
1.633353710174560547e+00
6.296178698539733887e-01
3.369192183017730713e-01
2.437389045953750610e-01
-7.724643945693969727e-01
-1.770097851753234863e+00
9.290030002593994141e-01
-1.015022993087768555e+00
-2.229012846946716309e-01
1.407006103545427322e-02
2.626366615295410156e+00
-2.086895942687988281e+00
-2.396273136138916016e+00
6.544380187988281250e-01
-2.853416204452514648e-01
5.089558362960815430e-01
-3.231005966663360596e-01
-7.608711123466491699e-01
2.938613295555114746e-01
-4.841634631156921387e-01
1.778327971696853638e-01
-2.227728068828582764e-01
4.265471994876861572e-01
1.248136311769485474e-01
2.031734883785247803e-01
9.704994559288024902e-01
-8.640040159225463867e-01
-8.273336291313171387e-02
1.233013987541198730e+00
9.881333708763122559e-01
-4.768798127770423889e-02
1.151549696922302246e+00
-1.025885820388793945e+00
4.205233156681060791e-01
8.647205233573913574e-01
-3.526037037372589111e-01
5.362988710403442383e-01
1.117108583450317383e+00
1.615088462829589844e+00
3.607680797576904297e-01
-1.130289554595947266e+00
-1.451240897178649902e+00
1.281718492507934570e+00
-1.552780628204345703e+00
2.344582825899124146e-01
3.250539898872375488e-01
9.182696938514709473e-01
8.348191529512405396e-02
6.374864578247070312e-01
-1.016992852091789246e-01
1.295392751693725586e+00
-7.003848999738693237e-02
1.039020299911499023e+00
9.022381901741027832e-01
-5.670534968376159668e-01
-2.229415625333786011e-01
-6.405370235443115234e-01
-6.999000310897827148e-01
8.554077148437500000e-02
-6.979642510414123535e-01
6.766238212585449219e-01
1.237433195114135742e+00
2.077825963497161865e-01
-2.224852442741394043e-01
1.621777713298797607e-01
1.653166294097900391e+00
9.368147850036621094e-01
-6.336547136306762695e-01
-1.360269546508789062e+00
-1.133845925331115723e+00
-2.113018333911895752e-01
-1.126767635345458984e+00
-1.905065774917602539e+00
1.029491331428289413e-02
-7.110728323459625244e-02
1.413851141929626465e+00
1.031364202499389648e+00
1.228836536407470703e+00
-9.112831950187683105e-01
2.528707683086395264e-01
1.728335738182067871e+00
1.179868221282958984e+00
-1.140776202082633972e-01
6.633848547935485840e-01
-8.003091216087341309e-01
-5.717468857765197754e-01
-5.450699329376220703e-01
5.185891389846801758e-01
1.031624794006347656e+00
-1.066873073577880859e+00
5.408979654312133789e-01
-8.020409941673278809e-01
1.638085722923278809e+00
8.646815419197082520e-01
5.351050943136215210e-02
4.383584976196289062e+00
-3.310183584690093994e-01
1.152259945869445801e+00
-5.972807407379150391e-01
1.434964656829833984e+00
1.425440788269042969e+00
5.301082134246826172e-02
6.731770038604736328e-01
2.168687820434570312e+00
-4.528525471687316895e-01
4.110528826713562012e-01
-1.176285266876220703e+00
-2.551155090332031250e-01
-9.097259044647216797e-01
-1.865905970335006714e-01
1.123084127902984619e-02
-3.977324366569519043e-01
-3.227462470531463623e-01
1.887487292289733887e+00
7.648080587387084961e-02
4.614259600639343262e-01
-5.887454152107238770e-01
-1.670097410678863525e-01
6.040595173835754395e-01
9.191673398017883301e-01
7.746769189834594727e-01
1.677251234650611877e-02
-9.240706562995910645e-01
7.516029477119445801e-01
1.047561049461364746e+00
-7.432874441146850586e-01
-1.212393403053283691e+00
1.618787407875061035e+00
3.854668736457824707e-01
2.110651493072509766e+00
1.139800071716308594e+00
1.694417744874954224e-01
7.537007927894592285e-01
-7.907413840293884277e-01
-2.015457868576049805e+00
1.554097652435302734e+00
-3.770295679569244385e-01
7.105512917041778564e-02
-4.582430422306060791e-01
1.372661948204040527e+00
-1.573320746421813965e+00
6.915632486343383789e-01
-7.325032353401184082e-01
-9.662930965423583984e-01
9.553666710853576660e-01
1.233205556869506836e+00
4.403372704982757568e-01
6.917840987443923950e-02
2.164964675903320312e+00
2.533683061599731445e+00
-5.325458645820617676e-01
1.526600003242492676e+00
-1.109230518341064453e+00
-5.978710651397705078e-01
-1.073790073394775391e+00
-1.362628698348999023e+00
1.166602730751037598e+00
1.161900982260704041e-01
-6.309756040573120117e-01
1.313279271125793457e+00
2.960457503795623779e-01
9.815670251846313477e-01
-1.441043138504028320e+00
-9.028249382972717285e-01
-8.364827036857604980e-01
8.988873958587646484e-01
-7.603784203529357910e-01
-2.539899647235870361e-01
-3.495173156261444092e-01
5.593664050102233887e-01
-1.680445790290832520e+00
-1.362874984741210938e+00
1.244068145751953125e+00
-1.739194989204406738e-01
-8.425865173339843750e-01
1.242776036262512207e+00
-1.244470596313476562e+00
-1.529234528541564941e+00
-5.845640301704406738e-01
5.029946565628051758e-01
-2.243317365646362305e-01
-3.816127181053161621e-01
-1.514236569404602051e+00
8.174773454666137695e-01
-1.067942380905151367e+00
3.325913846492767334e-01
-5.487697124481201172e-01
-5.254831910133361816e-01
-1.894684880971908569e-01
-1.270545840263366699e+00
9.428350925445556641e-01
1.027728557586669922e+00
-1.715632915496826172e+00
-9.259839653968811035e-01
-1.691168397665023804e-01
4.772117435932159424e-01
-8.557150363922119141e-01
4.968433976173400879e-01
4.797731637954711914e-01
-4.989505410194396973e-01
-1.465321779251098633e+00
9.127709865570068359e-01
4.262092411518096924e-01
1.215468168258666992e+00
5.285122990608215332e-01
-1.508542299270629883e+00
3.723354637622833252e-01
-9.154300093650817871e-01
1.062171459197998047e+00
2.255609780550003052e-01
-1.753640055656433105e+00
-7.972598671913146973e-01
1.332336012274026871e-02
6.699074506759643555e-01
-4.124757647514343262e-01
2.411097049713134766e+00
-1.010147809982299805e+00
-6.892353296279907227e-01
-2.017930746078491211e+00
1.468766093254089355e+00
-1.368629574775695801e+00
9.732514619827270508e-01
-1.491977572441101074e+00
-1.013435125350952148e+00
-3.975304588675498962e-02
-1.821509599685668945e-01
-1.386990994215011597e-01
-1.998324543237686157e-01
-1.795749664306640625e-01
-1.612918734550476074e+00
-1.288636326789855957e+00
-1.065600737929344177e-01
7.998201251029968262e-01
4.498440623283386230e-01
-1.996378451585769653e-01
-1.125826090574264526e-01
6.109493374824523926e-01
-1.804161667823791504e+00
5.681610703468322754e-01
1.921747028827667236e-01
5.745529532432556152e-01
1.653418779373168945e+00
1.636359572410583496e+00
-7.717960476875305176e-01
1.555421799421310425e-01
1.031192392110824585e-01
7.040410488843917847e-02
-9.173979759216308594e-01
7.418189942836761475e-02
1.233837366104125977e+00
-7.418502569198608398e-01
-5.968371629714965820e-01
2.235110253095626831e-01
-4.206069707870483398e-01
-2.092301696538925171e-01
-3.304792642593383789e-01
1.467434465885162354e-01
-7.795552611351013184e-01
-1.751084327697753906e-01
6.607174873352050781e-01
-1.626082211732864380e-01
-3.848934471607208252e-01
3.082986474037170410e-01
-1.098870635032653809e+00
3.282040357589721680e-01
3.283536732196807861e-01
-1.358823776245117188e-01
-5.117006897926330566e-01
1.727029561996459961e+00
-1.321341753005981445e+00
1.164095252752304077e-01
-6.302374601364135742e-01
-7.849265933036804199e-01
-5.383332967758178711e-01
-7.749056220054626465e-01
-8.356301784515380859e-01
-8.724618554115295410e-01
-1.350194215774536133e+00
-2.054316699504852295e-01
3.670565187931060791e-01
-8.311695456504821777e-01
1.001681327819824219e+00
-6.643443703651428223e-01
-3.401953577995300293e-01
1.866433858871459961e+00
-4.514084160327911377e-01
7.537687569856643677e-02
-1.213754191994667053e-01
-8.278253674507141113e-01
9.654797315597534180e-01
3.126781880855560303e-01
6.142354607582092285e-01
-1.638149142265319824e+00
1.754212617874145508e+00
1.115797877311706543e+00
2.216362506151199341e-01
-1.161662697792053223e+00
9.415662884712219238e-01
3.643437623977661133e-01
7.949392199516296387e-01
9.524115324020385742e-01
-1.926689445972442627e-01
3.595313429832458496e-01
-9.719488620758056641e-01
-5.409572124481201172e-01
3.587603941559791565e-02
-1.450109630823135376e-01
6.136628389358520508e-01
1.045369863510131836e+00
-9.332408756017684937e-02
2.616230845451354980e-01
-1.398995704948902130e-02
4.402493834495544434e-01
4.827663302421569824e-01
-8.168596029281616211e-01
1.911444067955017090e+00
1.233427524566650391e+00
7.833105921745300293e-01
2.240941524505615234e+00
9.722684025764465332e-01
-2.398420572280883789e-01
-1.206925988197326660e+00
-6.848393678665161133e-01
3.489503264427185059e-01
-3.139868497848510742e+00
5.833896622061729431e-02
-7.177511602640151978e-02
1.557894498109817505e-01
-2.662937045097351074e-01
9.379090666770935059e-01
9.434260725975036621e-01
-1.096062302589416504e+00
-1.131328105926513672e+00
-7.961127161979675293e-01
-6.183057427406311035e-01
9.801266789436340332e-01
1.112552523612976074e+00
-5.662141442298889160e-01
3.654562830924987793e-01
1.925220966339111328e+00
1.910955548286437988e+00
2.790338993072509766e-01
5.237441062927246094e-01
2.827802486717700958e-02
5.158621668815612793e-01
1.469299793243408203e+00
-1.632355809211730957e+00
-8.312962055206298828e-01
1.518029719591140747e-01
-1.077000617980957031e+00
8.921798318624496460e-02
8.259810805320739746e-01
3.698023259639739990e-01
-2.746630311012268066e-01
3.715649247169494629e-01
7.665400952100753784e-02
-2.625534236431121826e-01
-1.760810732841491699e+00
-1.353863596916198730e+00
3.149026632308959961e-01
8.101387321949005127e-02
-1.274332880973815918e+00
-8.543727397918701172e-01
1.961782455444335938e+00
4.971427917480468750e-01
-2.190993875265121460e-01
-3.164003193378448486e-01
-1.826012134552001953e+00
3.045841753482818604e-01
1.789474040269851685e-01
9.052318334579467773e-02
3.086647391319274902e-01
1.843556314706802368e-01
2.201922386884689331e-01
5.922819375991821289e-01
-4.889453649520874023e-01
-1.216783404350280762e+00
8.408955931663513184e-01
-4.517858624458312988e-01
-7.921385765075683594e-02
-3.962136209011077881e-01
1.430539369583129883e+00
6.856781244277954102e-01
-3.660873770713806152e-01
1.514164566993713379e+00
4.544155597686767578e-01
3.227866888046264648e-01
-3.384029567241668701e-01
4.871103167533874512e-01
1.862343400716781616e-01
-2.747155129909515381e-01
1.223172664642333984e+00
-4.721980094909667969e-01
-6.225474476814270020e-01
5.658153295516967773e-01
2.529824078083038330e-01
4.067318439483642578e-01
1.068030714988708496e+00
1.323376297950744629e+00
1.543674170970916748e-01
-1.649523138999938965e+00
9.007796049118041992e-01
-2.263010501861572266e+00
7.396530508995056152e-01
-4.218902289867401123e-01
8.721113204956054688e-01
-1.464141458272933960e-01
5.442756414413452148e-01
5.132814049720764160e-01
1.288270711898803711e+00
-1.156328558921813965e+00
1.010969042778015137e+00
-8.827008306980133057e-02
-1.650891661643981934e+00
-4.102110862731933594e-01
-1.385588943958282471e-01
-7.878190279006958008e-01
-5.345972776412963867e-01
-3.230420351028442383e-01
-5.639777779579162598e-01
8.980733156204223633e-01
9.384066611528396606e-02
-5.785673260688781738e-01
7.247302532196044922e-01
-1.784144043922424316e-01
4.635024964809417725e-01
1.218909174203872681e-01
1.703140377998352051e+00
-8.194563984870910645e-01
-1.392855644226074219e+00
1.304755687713623047e+00
5.218291282653808594e-01
-6.322335600852966309e-01
-9.629052132368087769e-02
-7.500576376914978027e-01
1.013134513050317764e-02
7.480569481849670410e-01
-5.320282578468322754e-01
3.735415637493133545e-01
-3.051525652408599854e-01
2.620770931243896484e-01
-8.055326938629150391e-01
-8.549058437347412109e-01
3.395811319351196289e-01
-1.043734431266784668e+00
5.222003906965255737e-03
1.281833767890930176e+00
3.296623826026916504e-01
-1.109703660011291504e+00
-1.262469410896301270e+00
2.178504467010498047e+00
-8.212589621543884277e-01
-1.241331219673156738e+00
-1.973762176930904388e-02
1.045298457145690918e+00
-2.213664203882217407e-01
-1.546968102455139160e+00
8.724187314510345459e-02
-3.938884139060974121e-01
-2.862515151500701904e-01
4.810249507427215576e-01
7.573843002319335938e-01
4.389909282326698303e-02
9.415649771690368652e-01
-3.729863166809082031e-01
1.281588673591613770e-01
1.454249501228332520e+00
-1.705126315355300903e-01
7.863491773605346680e-01
5.898372530937194824e-01
2.219824075698852539e+00
-3.500468432903289795e-01
-2.952317714691162109e+00
-1.090746402740478516e+00
2.268409729003906250e+00
1.835470557212829590e+00
-3.099223077297210693e-01
8.173495531082153320e-01
-5.540190935134887695e-01
-3.558073043823242188e-01
2.806914746761322021e-01
-9.454396963119506836e-01
1.167045757174491882e-01
6.989243626594543457e-02
9.007182121276855469e-01
2.239806175231933594e+00
1.588377952575683594e-01
-7.469952106475830078e-01
-1.163053035736083984e+00
-3.856193423271179199e-01
1.032714128494262695e+00
-1.317879080772399902e+00
2.062044888734817505e-01
-3.984583318233489990e-01
8.232035636901855469e-01
5.268918722867965698e-02
-1.335314869880676270e+00
-1.263019204139709473e+00
8.401907682418823242e-01
6.205268949270248413e-02
1.543122053146362305e+00
-1.235900878906250000e+00
-4.450973570346832275e-01
3.072764873504638672e-01
-1.157721638679504395e+00
7.141150832176208496e-01
5.252968072891235352e-01
4.188151657581329346e-01
-5.956257581710815430e-01
2.224960736930370331e-02
3.444410264492034912e-01
-2.347699701786041260e-01
4.885076284408569336e-01
8.341353535652160645e-01
-4.478797912597656250e-01
-4.432119846343994141e+00
3.446587026119232178e-01
-6.165124177932739258e-01
-3.555379211902618408e-01
-1.104624196887016296e-01
8.264400064945220947e-02
3.635286688804626465e-01
2.320832163095474243e-01
-1.245346069335937500e+00
-2.255018055438995361e-01
7.659643888473510742e-01
1.029603242874145508e+00
-1.348347365856170654e-01
1.122068613767623901e-01
-7.426326870918273926e-01
2.104730367660522461e+00
7.465545088052749634e-02
1.167766228318214417e-01
3.538322210311889648e+00
4.741083383560180664e-01
-8.817183375358581543e-01
-2.595503926277160645e-01
1.511034816503524780e-01
-2.261699914932250977e+00
4.858708679676055908e-01
-9.359964132308959961e-01
-5.365079641342163086e-01
7.502987980842590332e-01
-1.082768678665161133e+00
-2.630123376846313477e+00
1.862909197807312012e-01
8.582697808742523193e-02
-1.027038693428039551e+00
-1.390179872512817383e+00
-1.931277960538864136e-01
1.625039696693420410e+00
-2.036343365907669067e-01
-1.714851737022399902e+00
-2.042462348937988281e+00
2.074500173330307007e-01
2.525790691375732422e+00
-7.268362641334533691e-01
-7.532675266265869141e-01
-3.636831939220428467e-01
-1.817668974399566650e-01
-5.802354812622070312e-01
8.079487085342407227e-01
-8.913174271583557129e-01
3.895704448223114014e-01
-1.471368595957756042e-02
-2.455320805311203003e-01
1.736596226692199707e-01
-1.447060346603393555e+00
-5.198214054107666016e-01
4.709196388721466064e-01
1.152632310986518860e-01
2.054646968841552734e+00
-1.532482504844665527e+00
-2.001270353794097900e-01
-1.174261689186096191e+00
-1.139427900314331055e+00
-6.131752133369445801e-01
-1.499636888504028320e+00
1.397340536117553711e+00
-5.768536925315856934e-01
1.290619969367980957e+00
-6.877894401550292969e-01
1.972183704376220703e+00
-4.284469127655029297e+00
-4.464234709739685059e-01
-4.469091296195983887e-01
-5.728601813316345215e-01
-5.080943703651428223e-01
3.569059669971466064e-01
1.764184832572937012e+00
-5.017250776290893555e-01
4.220936298370361328e-01
-1.598872303962707520e+00
4.472734928131103516e-01
1.254915714263916016e+00
