3.817988038063049316e-01
5.041661262512207031e-01
4.411406815052032471e-03
2.390310466289520264e-01
-6.699390411376953125e-01
-1.193025708198547363e+00
4.504862129688262939e-01
-7.628341317176818848e-01
-6.346549987792968750e-01
-3.035066425800323486e-01
-3.722428977489471436e-01
-4.907314479351043701e-01
8.996637188829481602e-05
2.017850428819656372e-01
-1.530022174119949341e-01
-8.848173022270202637e-01
-7.096266746520996094e-01
1.598511338233947754e-01
4.246164560317993164e-01
3.611504137516021729e-01
8.444278240203857422e-01
7.739808559417724609e-01
1.344135165214538574e+00
2.976925671100616455e-01
1.152398586273193359e-01
-2.035127401351928711e+00
2.635079920291900635e-01
-6.608601212501525879e-01
-2.277986526489257812e+00
1.007695913314819336e+00
-1.673563838005065918e+00
7.743521332740783691e-01
-1.239232659339904785e+00
6.188104152679443359e-01
-1.187532544136047363e+00
-1.091602683067321777e+00
-3.657537102699279785e-01
-1.375850439071655273e+00
-8.372488431632518768e-03
8.868455886840820312e-01
1.917725987732410431e-02
-1.055569648742675781e+00
1.206808984279632568e-01
-2.388468943536281586e-02
-2.195749878883361816e-01
6.819646358489990234e-01
-1.883740574121475220e-01
-5.472941398620605469e-01
-7.474294304847717285e-02
3.707963228225708008e-02
-1.066425442695617676e+00
6.749626994132995605e-02
-1.632397294044494629e+00
6.578471064567565918e-01
7.476795911788940430e-01
-2.098398059606552124e-01
-8.059593290090560913e-02
1.020484924316406250e+00
6.837414503097534180e-01
7.728890180587768555e-01
1.242564439773559570e+00
-5.166109204292297363e-01
1.371872782707214355e+00
-6.561095267534255981e-02
2.373852431774139404e-01
-6.297867894172668457e-01
-3.932299315929412842e-01
-8.990960717201232910e-01
8.238607645034790039e-01
-9.415314793586730957e-01
-5.811977386474609375e-01
3.147851824760437012e-01
-6.030654311180114746e-01
-1.395733952522277832e+00
5.636388063430786133e-01
5.341640710830688477e-01
1.585653424263000488e-01
1.369485706090927124e-01
4.560547173023223877e-01
-4.308595657348632812e-01
-4.216269254684448242e-01
3.365997374057769775e-01
-7.451060414314270020e-02
-8.392132520675659180e-01
-4.986560940742492676e-01
-3.394930958747863770e-01
-7.587650418281555176e-01
-8.193241804838180542e-02
-4.284438788890838623e-01
6.455030441284179688e-01
-7.928414344787597656e-01
-1.491154551506042480e+00
2.057835310697555542e-01
3.359172642230987549e-01
1.870060414075851440e-01
1.978875696659088135e-02
2.258783429861068726e-01
-2.137238979339599609e-01
-8.890520930290222168e-01
-8.416717499494552612e-02
-6.411520242691040039e-01
-1.097924485802650452e-01
9.570863842964172363e-01
8.535599112510681152e-01
-4.330297112464904785e-01
-1.120737433433532715e+00
-5.308641195297241211e-01
2.603290081024169922e-01
5.904574990272521973e-01
-7.594655156135559082e-01
-4.810412228107452393e-02
1.914824992418289185e-01
5.996796488761901855e-01
-5.642327070236206055e-01
4.858831465244293213e-01
1.350094843655824661e-02
9.316321015357971191e-01
-1.786859989166259766e+00
2.332455366849899292e-01
1.092650055885314941e+00
-4.744337499141693115e-01
1.295740127563476562e+00
-2.073170900344848633e+00
3.132666647434234619e-01
-1.785542517900466919e-01
-1.475621201097965240e-02
6.780065298080444336e-01
8.742558360099792480e-01
-8.426513075828552246e-01
2.024072259664535522e-01
1.085745096206665039e-01
-1.227146983146667480e+00
-3.767895996570587158e-01
-1.107342004776000977e+00
2.073720097541809082e-02
-2.839470207691192627e-01
4.499642550945281982e-01
-1.030952453613281250e+00
4.827830567955970764e-02
2.308673858642578125e-01
1.808751933276653290e-02
-5.956990718841552734e-01
6.826072335243225098e-01
9.461223483085632324e-01
1.044439435005187988e+00
-1.464311361312866211e+00
-1.029593646526336670e-01
-1.095968365669250488e+00
4.475403428077697754e-01
7.475081682205200195e-01
-1.445110142230987549e-01
4.653751850128173828e-01
1.172745749354362488e-01
-1.617031335830688477e+00
8.144779503345489502e-02
2.748033106327056885e-01
-2.281933069229125977e+00
-5.091561675071716309e-01
-3.054217398166656494e-01
6.576539874076843262e-01
-6.475744396448135376e-02
1.807022094726562500e-01
1.147809848189353943e-01
-9.166557788848876953e-01
-9.357537627220153809e-01
-8.419973850250244141e-01
-1.485029906034469604e-01
5.256001651287078857e-02
-3.469905555248260498e-01
1.007906436920166016e+00
-4.918079972267150879e-01
-4.139827787876129150e-01
-1.922735810279846191e+00
1.650906324386596680e+00
5.326275229454040527e-01
2.600221335887908936e-01
1.422683715820312500e+00
-4.801779389381408691e-01
-7.611372470855712891e-01
1.061347842216491699e+00
-1.109323501586914062e+00
-1.628056764602661133e-01
2.845591902732849121e-01
8.055447936058044434e-01
-8.067048192024230957e-01
9.662108868360519409e-02
-9.222407341003417969e-01
-1.247160956263542175e-01
8.218361139297485352e-01
1.742918640375137329e-01
7.730574905872344971e-02
6.045576930046081543e-02
-1.016531109809875488e+00
7.284306734800338745e-02
-1.098257899284362793e+00
-2.113474309444427490e-01
-1.700159758329391479e-01
1.032642841339111328e+00
-8.642684221267700195e-01
-6.211045980453491211e-01
-1.423384342342615128e-02
1.641807079315185547e+00
-8.446326255798339844e-01
-1.710061192512512207e+00
-1.895056813955307007e-01
-5.636022090911865234e-01
8.726607561111450195e-01
-1.117905616760253906e+00
2.636566400527954102e+00
-6.352259516716003418e-01
7.074678782373666763e-03
-6.785593628883361816e-01
9.799090027809143066e-01
-1.723295003175735474e-01
1.251597523689270020e+00
8.877902030944824219e-01
2.241227388381958008e+00
-8.114484548568725586e-01
-9.431360960006713867e-01
-3.061864674091339111e-01
5.789237618446350098e-01
4.361073374748229980e-01
3.476273119449615479e-01
1.079725861549377441e+00
-9.350574612617492676e-01
-2.860977649688720703e-01
3.204327821731567383e-01
-2.666186094284057617e-01
5.280998945236206055e-01
-1.186111569404602051e+00
1.733907312154769897e-01
-1.463481187820434570e-01
-4.034957587718963623e-01
8.561511039733886719e-01
9.281944036483764648e-01
3.893898725509643555e-01
8.507784008979797363e-01
-1.265235692262649536e-01
1.337295770645141602e-01
1.470865607261657715e-01
1.078510403633117676e+00
2.510167956352233887e-01
-7.201039791107177734e-01
1.178136110305786133e+00
-9.216417074203491211e-01
1.869007349014282227e-01
-7.965553402900695801e-01
1.035356402397155762e+00
-1.303962171077728271e-01
-2.312971502542495728e-01
-9.720183610916137695e-01
-5.932371616363525391e-01
-5.814410448074340820e-01
-8.593270182609558105e-01
5.497917905449867249e-02
-1.159758567810058594e+00
-7.577528953552246094e-01
2.848999202251434326e-01
5.425578355789184570e-01
-7.503987550735473633e-01
5.424587130546569824e-01
1.168876290321350098e-01
2.757315933704376221e-01
-6.092442274093627930e-01
-5.892031788825988770e-01
1.077517390251159668e+00
5.375341176986694336e-01
3.305967748165130615e-01
1.521198987960815430e+00
6.555134057998657227e-02
7.874776721000671387e-01
-2.358468770980834961e-01
1.644353568553924561e-02
8.271316885948181152e-01
-1.114105209708213806e-01
7.129630446434020996e-02
7.513921260833740234e-01
-7.348912954330444336e-02
5.325783491134643555e-01
-8.733576536178588867e-01
-2.278672903776168823e-01
-7.819555997848510742e-01
6.307744979858398438e-01
8.099349737167358398e-01
4.875233173370361328e-01
-5.288079977035522461e-01
7.512005567550659180e-01
-1.526344537734985352e+00
2.010792046785354614e-01
-5.363138914108276367e-01
-4.440166950225830078e-01
8.442299067974090576e-02
9.374541789293289185e-02
4.708837568759918213e-01
1.279530763626098633e+00
8.849759399890899658e-02
1.073725000023841858e-01
1.159990310668945312e+00
6.653695106506347656e-01
-6.020986437797546387e-01
1.649813167750835419e-02
-9.437292814254760742e-01
3.227837383747100830e-01
7.719839215278625488e-01
7.244686782360076904e-02
7.369335293769836426e-01
-3.014159575104713440e-02
3.036667406558990479e-01
-1.761251449584960938e+00
-8.546660542488098145e-01
-1.382900595664978027e+00
-3.899209201335906982e-01
-6.202445924282073975e-02
1.701887696981430054e-01
-1.392627835273742676e+00
9.386498928070068359e-01
7.359861731529235840e-01
9.840053915977478027e-01
7.131982594728469849e-02
-1.143750309944152832e+00
-1.783894300460815430e+00
-3.688525855541229248e-01
1.172377705574035645e+00
-9.690852761268615723e-01
-1.796988248825073242e-01
1.250487565994262695e+00
-1.216756850481033325e-01
-3.358123302459716797e-01
-4.530670642852783203e-01
1.118767619132995605e+00
-8.249861598014831543e-01
-3.888365030288696289e-01
-1.794475615024566650e-01
-2.536356449127197266e-01
-6.962293982505798340e-01
-1.835871458053588867e+00
-3.176175653934478760e-01
-1.988826096057891846e-01
6.616489887237548828e-01
-1.262734413146972656e+00
-3.715099990367889404e-01
-1.679998517036437988e+00
-3.225180804729461670e-01
3.266949951648712158e-01
-6.278277635574340820e-01
-1.647883839905261993e-02
-1.505249619483947754e+00
4.097175598144531250e-01
-8.736746311187744141e-01
-4.212183058261871338e-01
-1.325041055679321289e+00
-1.511209458112716675e-01
-3.683668375015258789e-01
-7.797939777374267578e-01
-1.341881871223449707e+00
-4.921460151672363281e-01
8.625192642211914062e-01
-1.290361762046813965e+00
4.158274233341217041e-01
1.807869911193847656e+00
-3.388711512088775635e-01
-4.111537039279937744e-01
2.148004062473773956e-02
-9.930530190467834473e-01
1.279226064682006836e+00
-3.102202713489532471e-01
2.577310323715209961e+00
6.513059139251708984e-01
1.137965679168701172e+00
-2.630469501018524170e-01
1.247359991073608398e+00
9.414836168289184570e-01
2.360893636941909790e-01
9.987146854400634766e-01
-1.631787866353988647e-01
1.139011830091476440e-01
5.603798031806945801e-01
-1.316362321376800537e-01
-9.430476278066635132e-02
9.773966670036315918e-02
1.321598142385482788e-01
-3.014163374900817871e-01
6.460189223289489746e-01
-9.472047686576843262e-01
-7.286106944084167480e-01
-6.447913050651550293e-01
1.002063155174255371e+00
-4.080019295215606689e-01
6.588423848152160645e-01
7.331377863883972168e-01
9.158366918563842773e-01
1.923910081386566162e-01
1.112056374549865723e+00
4.694063365459442139e-01
7.001101374626159668e-01
1.361791975796222687e-02
-1.519256085157394409e-01
-3.096319139003753662e-01
1.131822109222412109e+00
-2.185482829809188843e-01
-3.146463930606842041e-01
-9.875299334526062012e-01
5.361719429492950439e-02
-9.198096394538879395e-01
7.739494442939758301e-01
3.521620333194732666e-01
-7.047933936119079590e-01
2.196794301271438599e-01
-2.618857324123382568e-01
-3.842373192310333252e-01
-3.300992250442504883e-01
-8.079329729080200195e-01
-7.106530070304870605e-01
1.995467990636825562e-01
-3.921446502208709717e-01
1.981854677200317383e+00
2.821859419345855713e-01
5.061947107315063477e-01
-3.314678668975830078e-01
8.072606921195983887e-01
-7.915613055229187012e-01
-3.072432279586791992e-01
-4.529978334903717041e-02
1.314237564802169800e-01
-1.129058480262756348e+00
-3.039139807224273682e-01
-5.066487193107604980e-01
5.620908141136169434e-01
-1.235232353210449219e-01
-1.497238159179687500e+00
-5.320873260498046875e-01
8.350492119789123535e-01
-6.951233744621276855e-01
-6.989840269088745117e-01
-3.828657567501068115e-01
1.047079443931579590e+00
1.006591320037841797e+00
3.564744889736175537e-01
1.135203480720520020e+00
8.592031598091125488e-01
5.180291533470153809e-01
1.162331223487854004e+00
-5.320946499705314636e-02
1.361580938100814819e-01
1.578666925430297852e+00
-2.609852552413940430e-01
7.753561735153198242e-01
-5.328587889671325684e-01
-4.998147487640380859e-01
-1.565565109252929688e+00
5.108220130205154419e-02
9.103042632341384888e-02
9.378724694252014160e-01
-2.850239276885986328e-01
2.885498702526092529e-01
-3.640069365501403809e-01
9.038807153701782227e-01
8.410375714302062988e-01
1.549543142318725586e-01
-7.450937032699584961e-01
-7.177695631980895996e-01
1.133280172944068909e-01
-5.773319005966186523e-01
1.808913201093673706e-01
-1.553985178470611572e-01
-4.332016408443450928e-01
-5.257447957992553711e-01
5.966048836708068848e-01
-6.731678843498229980e-01
-1.595358133316040039e+00
3.877159655094146729e-01
5.442888140678405762e-01
-1.612640857696533203e+00
-5.212955474853515625e-01
-1.158499956130981445e+00
1.107868075370788574e+00
4.825375974178314209e-01
-2.731355130672454834e-01
-1.880738973617553711e+00
6.119014024734497070e-01
8.948359489440917969e-01
7.197067737579345703e-01
1.526723057031631470e-01
7.692015171051025391e-01
-1.722473651170730591e-01
5.738397836685180664e-01
-1.346163004636764526e-01
-1.083967447280883789e+00
2.215605825185775757e-01
5.866574645042419434e-01
2.700435519218444824e-01
5.764850974082946777e-01
6.653336882591247559e-01
3.565644919872283936e-01
-1.457590818405151367e+00
5.185375213623046875e-01
-1.208272814750671387e+00
-1.847426056861877441e+00
1.420696735382080078e+00
-1.054997649043798447e-02
-1.501754671335220337e-01
1.935408264398574829e-01
6.163384020328521729e-02
-3.076334483921527863e-02
-5.008956789970397949e-01
-6.939336061477661133e-01
-7.263934016227722168e-01
2.285499572753906250e-01
-2.823702692985534668e-01
2.534179016947746277e-02
2.003168106079101562e+00
3.703652024269104004e-01
6.265791654586791992e-01
1.661684751510620117e+00
3.218391910195350647e-02
4.986910223960876465e-01
-1.379784792661666870e-01
-9.230802655220031738e-01
3.504130840301513672e-01
-2.718235552310943604e-01
-7.010297179222106934e-01
-1.057578399777412415e-01
-8.988850712776184082e-01
-3.438225984573364258e-01
5.866484642028808594e-01
5.827486515045166016e-01
-1.479503989219665527e+00
9.422001838684082031e-01
3.430022895336151123e-01
-1.242198467254638672e+00
1.749269068241119385e-01
8.898113369941711426e-01
7.513818144798278809e-01
-1.476310610771179199e+00
-1.019207596778869629e+00
-1.012402772903442383e+00
4.237870275974273682e-01
-3.319451585412025452e-02
-6.150875687599182129e-01
3.345276415348052979e-01
6.345776319503784180e-01
5.166397094726562500e-01
-7.103147506713867188e-01
8.535795658826828003e-02
9.921640157699584961e-01
-6.687350273132324219e-01
5.241436362266540527e-01
1.407456278800964355e+00
-6.420176625251770020e-01
2.133951336145401001e-01
-6.366624236106872559e-01
-2.976684272289276123e-01
-2.231618404388427734e+00
-5.715726613998413086e-01
1.525916099548339844e+00
7.508516311645507812e-01
5.126281380653381348e-01
3.438050746917724609e-01
-7.067746520042419434e-01
-7.510060071945190430e-01
-9.068509191274642944e-02
1.079021811485290527e+00
-9.752581715583801270e-01
-2.416059076786041260e-01
3.291068226099014282e-02
-8.531413972377777100e-02
6.722248196601867676e-01
4.346365332603454590e-01
1.173943519592285156e+00
-1.062586084008216858e-01
5.973414778709411621e-01
1.506512403488159180e+00
-1.016367197036743164e+00
-3.612663447856903076e-01
-9.090027213096618652e-01
-9.208571910858154297e-01
-7.738100290298461914e-01
-8.249835371971130371e-01
5.892707109451293945e-01
-3.212392926216125488e-01
-2.552617490291595459e-01
7.198692560195922852e-01
1.947380602359771729e-01
3.814981877803802490e-01
4.218727052211761475e-01
-3.797367811203002930e-01
-2.527071535587310791e-01
-5.322315692901611328e-01
-1.675106436014175415e-01
-7.387474775314331055e-01
-1.421433836221694946e-01
-4.079663753509521484e-01
8.055697083473205566e-01
1.731917262077331543e+00
-2.874270975589752197e-01
1.067782998085021973e+00
8.912312984466552734e-01
-1.661952733993530273e-01
-8.606330305337905884e-02
1.686988174915313721e-01
5.612389445304870605e-01
-1.504440069198608398e+00
7.860381603240966797e-01
3.837637305259704590e-01
1.581895112991333008e+00
-4.653066992759704590e-01
7.827502489089965820e-02
-1.648024201393127441e+00
9.053481370210647583e-02
3.369465004652738571e-03
-4.511469006538391113e-01
2.237924784421920776e-01
6.365982890129089355e-01
-3.419622182846069336e-01
-1.756540417671203613e+00
-9.697124361991882324e-01
-5.320206880569458008e-01
-1.168187379837036133e+00
3.909456729888916016e-01
2.702352702617645264e-01
-1.553301662206649780e-01
1.123348549008369446e-01
-8.499032258987426758e-01
-1.192452087998390198e-01
-5.735209584236145020e-01
4.992950558662414551e-01
9.749903082847595215e-01
6.415732502937316895e-01
-1.370508670806884766e-01
-1.139398932456970215e+00
6.588961482048034668e-01
3.526488542556762695e-01
4.875273108482360840e-01
1.315568923950195312e+00
6.975048184394836426e-01
2.226884476840496063e-02
-1.412088632583618164e+00
-1.744640767574310303e-01
7.989985942840576172e-01
-1.761634834110736847e-02
1.061016559600830078e+00
-9.281942844390869141e-01
-5.898896455764770508e-01
1.745875597000122070e+00
3.827680647373199463e-01
2.667591810226440430e+00
-2.068521380424499512e-01
2.412148267030715942e-01
1.191708326339721680e+00
6.096525788307189941e-01
4.157813489437103271e-01
2.948259562253952026e-02
3.772915005683898926e-01
2.145551145076751709e-01
-3.115141987800598145e-01
2.038844376802444458e-01
-5.218909382820129395e-01
-1.675597310066223145e+00
1.145963788032531738e+00
-1.521994918584823608e-01
1.311326399445533752e-02
-3.349510580301284790e-02
-2.106275223195552826e-02
8.878563642501831055e-01
9.244996905326843262e-01
9.760576486587524414e-01
2.060602009296417236e-01
-5.231783390045166016e-01
4.296228289604187012e-01
4.209867864847183228e-02
-1.355789542198181152e+00
2.595673501491546631e-02
3.935766220092773438e-01
2.070029020309448242e+00
1.256653904914855957e+00
-5.211560726165771484e-01
6.927360892295837402e-01
-7.808156609535217285e-01
4.255957603454589844e-01
-2.683909833431243896e-01
7.895734310150146484e-01
-2.956478297710418701e-01
-4.223436713218688965e-01
-9.669547528028488159e-02
-1.057658314704895020e+00
-5.925144255161285400e-02
-1.144025802612304688e+00
-2.890372872352600098e-01
-4.806195259094238281e+00
3.488673567771911621e-01
3.288217261433601379e-02
-3.943564295768737793e-01
9.995619654655456543e-01
-1.423977762460708618e-01
-8.496253490447998047e-01
6.422626376152038574e-01
4.450144171714782715e-01
-1.534844934940338135e-01
-1.513823308050632477e-02
1.098699808120727539e+00
5.339674353599548340e-01
9.973490610718727112e-03
-1.792022466659545898e+00
9.085013866424560547e-01
1.235313057899475098e+00
-3.733473643660545349e-02
1.921207547187805176e+00
2.791609168052673340e-01
-2.379101514816284180e+00
6.614593863487243652e-01
3.201316595077514648e-01
8.767635822296142578e-01
-1.027868390083312988e+00
-8.054879903793334961e-01
-1.143371105194091797e+00
6.944200396537780762e-01
1.930826306343078613e-01
-1.039925336837768555e+00
-1.891357451677322388e-01
1.748141348361968994e-01
-1.156523585319519043e+00
-9.971215128898620605e-01
-1.068725705146789551e+00
2.709336578845977783e-01
6.597935557365417480e-01
-2.437310293316841125e-02
1.491421163082122803e-01
-3.393261730670928955e-01
-1.976411640644073486e-01
6.714945435523986816e-01
-7.744668722152709961e-01
-1.121221780776977539e+00
-1.401402950286865234e+00
-1.305868268013000488e+00
9.642150402069091797e-01
2.595494687557220459e-01
-8.812382221221923828e-01
1.934302151203155518e-01
1.501568078994750977e+00
4.110165834426879883e-01
-1.200816869735717773e+00
-2.732993662357330322e-01
7.972766757011413574e-01
1.163384556770324707e+00
1.767990142107009888e-01
-5.030328631401062012e-01
-5.560002326965332031e-01
-1.572546213865280151e-01
2.042713165283203125e-01
2.512364089488983154e-01
3.799300789833068848e-01
-1.018692016601562500e+00
-7.330005764961242676e-01
-2.639145553112030029e-01
-1.148118138313293457e+00
-3.920127451419830322e-01
1.401965022087097168e-01
-1.618868947029113770e+00
7.665761560201644897e-02
-5.012029409408569336e-01
5.299952030181884766e-01
1.177659723907709122e-02
3.223136961460113525e-01
1.604232549667358398e+00
1.529382541775703430e-02
-1.438645422458648682e-01
-6.396687240339815617e-04
3.278598189353942871e-02
