4.422007501125335693e-01
1.871921539306640625e+00
1.153660178184509277e+00
-2.019921243190765381e-01
3.179971873760223389e-01
-1.541635245084762573e-01
-1.009628176689147949e+00
3.605082929134368896e-01
-5.727139115333557129e-01
1.387025117874145508e+00
5.921941399574279785e-01
-1.130402088165283203e+00
8.099520802497863770e-01
5.953702926635742188e-01
3.323641121387481689e-01
-6.341323852539062500e-01
-1.062298417091369629e+00
-1.210134178400039673e-01
-1.452871322631835938e+00
6.856403946876525879e-01
1.303578138351440430e+00
1.775190532207489014e-01
4.576774239540100098e-01
-2.190646678209304810e-01
7.328596711158752441e-01
-4.447531104087829590e-01
3.375277817249298096e-01
1.089175716042518616e-01
-1.501285433769226074e+00
6.257326602935791016e-01
1.797078549861907959e-01
1.537711620330810547e-01
-9.193161129951477051e-01
9.818029999732971191e-01
-7.907789945602416992e-01
4.103331565856933594e-01
-9.788190126419067383e-01
-3.570336103439331055e+00
-4.199300706386566162e-02
6.072772145271301270e-01
-8.690431118011474609e-01
-1.227153301239013672e+00
-3.152225911617279053e-01
-7.161533832550048828e-02
4.736670255661010742e-01
-2.617062628269195557e-02
3.912923485040664673e-02
-1.357958614826202393e-01
1.027205735445022583e-01
1.353197216987609863e+00
-1.208677068352699280e-01
-3.491336405277252197e-01
3.003377318382263184e-01
7.061845660209655762e-01
9.650102853775024414e-01
-1.050275087356567383e+00
1.664612293243408203e-01
-8.245359063148498535e-01
1.435923874378204346e-01
-4.358462393283843994e-01
1.805680990219116211e-01
-1.181097235530614853e-02
9.438059926033020020e-01
-1.692743778228759766e+00
6.772948503494262695e-01
-1.935050636529922485e-01
4.918325319886207581e-02
-1.690433025360107422e-01
7.409500479698181152e-01
-2.350559085607528687e-01
1.169968247413635254e+00
8.567053079605102539e-02
-5.246176719665527344e-01
-8.394546508789062500e-01
-5.116317868232727051e-01
6.586720347404479980e-01
-6.032600402832031250e-01
-7.486780881881713867e-01
-4.596344232559204102e-01
1.858450323343276978e-01
7.157626748085021973e-02
6.324172019958496094e-02
-1.039862394332885742e+00
-1.928020566701889038e-01
-5.182321742177009583e-02
1.437395811080932617e+00
-2.956732809543609619e-01
-1.954064220190048218e-01
1.419181376695632935e-01
-1.038659453392028809e+00
-9.612031579017639160e-01
-4.386365413665771484e-01
-3.940709531307220459e-01
7.244175076484680176e-01
-9.069951623678207397e-02
4.039143919944763184e-01
-1.624385118484497070e-01
1.275480151176452637e+00
-1.168062448501586914e+00
1.650780797004699707e+00
-8.239728212356567383e-02
-5.045521855354309082e-01
6.772845387458801270e-01
-6.730567216873168945e-01
-2.062917709350585938e+00
-5.371025204658508301e-01
-1.755828857421875000e+00
1.217306137084960938e+00
5.889124274253845215e-01
8.066622167825698853e-02
-1.357732266187667847e-01
8.710671067237854004e-01
-9.801608920097351074e-01
-6.139977574348449707e-01
-9.070684760808944702e-02
5.327447056770324707e-01
-1.167460322380065918e+00
-7.485104799270629883e-01
1.434255540370941162e-01
5.851569175720214844e-01
6.834469437599182129e-01
6.744380593299865723e-01
-4.231425821781158447e-01
2.321326881647109985e-01
6.335724592208862305e-01
5.209221839904785156e-01
1.744007349014282227e+00
-8.717820644378662109e-01
-8.547148704528808594e-01
-4.313127696514129639e-01
1.773736327886581421e-01
-4.962784647941589355e-01
2.843807339668273926e-01
-5.366961359977722168e-01
-2.104798078536987305e+00
-1.029167622327804565e-01
1.376783370971679688e+00
-8.130338191986083984e-01
-6.171102523803710938e-01
2.893908321857452393e-01
-5.997815132141113281e-01
1.228107452392578125e+00
1.251785635948181152e+00
3.493110835552215576e-01
-8.803494572639465332e-01
9.637178778648376465e-01
1.505753517150878906e+00
-7.470804452896118164e-01
-1.142739057540893555e+00
-1.106175541877746582e+00
-6.016793251037597656e-01
-3.233730792999267578e-01
1.662333756685256958e-01
-1.298595547676086426e+00
1.394485116004943848e+00
-1.903057992458343506e-01
-1.006904840469360352e+00
-9.470589458942413330e-02
-1.920147836208343506e-01
7.183453440666198730e-01
1.057220816612243652e+00
-1.605931639671325684e+00
1.227648854255676270e+00
-7.710857391357421875e-01
6.878694295883178711e-01
-1.280911445617675781e+00
3.021512031555175781e-01
9.214834123849868774e-02
-3.959205448627471924e-01
7.574506998062133789e-01
-2.367068380117416382e-01
-1.454330801963806152e+00
-3.032206557691097260e-02
3.514065444469451904e-01
3.975349664688110352e-01
-1.640224456787109375e-01
-2.694306522607803345e-02
-2.461752742528915405e-01
-3.429105281829833984e-01
4.503333866596221924e-01
-6.660402417182922363e-01
-1.233105540275573730e+00
-1.097271084785461426e+00
-2.536688745021820068e-01
4.599498808383941650e-01
-9.905718564987182617e-01
-9.646812081336975098e-02
4.588347673416137695e-01
1.536462306976318359e+00
-2.547066807746887207e-01
2.286790870130062103e-03
2.718968391418457031e-01
-1.698496043682098389e-01
6.520628333091735840e-01
5.677268281579017639e-02
7.486141324043273926e-01
2.047290280461311340e-02
4.305661320686340332e-01
1.262114048004150391e-01
-7.464781403541564941e-01
7.102776169776916504e-01
4.364207088947296143e-01
1.618539690971374512e+00
-7.349842786788940430e-01
1.404226422309875488e+00
-5.082302689552307129e-01
2.605918645858764648e-01
-5.349066257476806641e-01
1.248354196548461914e+00
-1.858844876289367676e+00
-2.359597384929656982e-01
-3.554072678089141846e-01
7.029202580451965332e-01
6.942722201347351074e-02
-3.114741742610931396e-01
1.025047898292541504e+00
-1.234315276145935059e+00
-1.508907228708267212e-01
-1.726585626602172852e-01
-2.040459215641021729e-01
-7.516877651214599609e-01
5.452784895896911621e-01
1.519582718610763550e-01
2.641827762126922607e-01
6.736506223678588867e-01
3.311128318309783936e-01
4.107638895511627197e-01
-1.367459535598754883e+00
-1.190503239631652832e+00
-5.813111066818237305e-01
1.190361380577087402e+00
-6.989873647689819336e-01
-4.944793879985809326e-02
1.905401796102523804e-01
5.588413476943969727e-01
6.375696659088134766e-01
2.084404230117797852e+00
4.540479555726051331e-02
-1.089837074279785156e+00
-6.077100038528442383e-01
1.039389491081237793e+00
-5.924875140190124512e-01
-2.854848653078079224e-02
-1.610008031129837036e-01
-1.430806040763854980e+00
-7.658264636993408203e-01
3.370819985866546631e-01
1.339607954025268555e+00
7.287706136703491211e-01
-1.193571686744689941e-01
-1.508442044258117676e+00
6.650164723396301270e-02
-1.420315504074096680e+00
-3.163079023361206055e-01
5.269553065299987793e-01
-5.676148533821105957e-01
5.815721154212951660e-01
-8.863311409950256348e-01
-1.570776998996734619e-01
-7.642447948455810547e-01
-2.482428252696990967e-01
-7.934683561325073242e-01
5.640925168991088867e-01
-1.474586367607116699e+00
-8.990166187286376953e-01
4.556384086608886719e-01
-5.463863015174865723e-01
-1.159254312515258789e+00
9.665664434432983398e-01
1.066573858261108398e+00
2.778488993644714355e-01
4.683222174644470215e-01
-1.238844692707061768e-01
9.921780228614807129e-01
-1.427730083465576172e+00
-4.061179161071777344e-01
-1.097311854362487793e+00
-1.666278481483459473e+00
2.018375992774963379e-01
2.220366895198822021e-01
5.914011001586914062e-01
6.905111670494079590e-01
7.145807147026062012e-01
8.165112733840942383e-01
1.343121767044067383e+00
-4.767891466617584229e-01
-7.671764492988586426e-01
5.308942794799804688e-01
1.170426130294799805e+00
-5.492904186248779297e-01
-7.657082676887512207e-01
1.462976783514022827e-01
6.999589502811431885e-02
-4.475357830524444580e-01
-4.409312009811401367e-01
-7.143447995185852051e-01
-3.586679100990295410e-01
-1.746971905231475830e-02
-2.943210005760192871e-01
-2.577825188636779785e-01
-8.748871088027954102e-01
-6.281498074531555176e-01
7.183980941772460938e-01
4.472689032554626465e-01
2.118141174316406250e+00
-3.739990890026092529e-01
1.852947592735290527e+00
-1.707274556159973145e+00
1.323530197143554688e+00
-1.075849160552024841e-01
-1.585935950279235840e+00
-1.048233389854431152e+00
-1.406447649002075195e+00
4.531740248203277588e-01
-1.236454695463180542e-01
5.262688398361206055e-01
1.401716828346252441e+00
8.041271567344665527e-01
3.792817890644073486e-01
4.265255108475685120e-02
-6.868332028388977051e-01
-3.985566496849060059e-01
1.473741412162780762e+00
1.381378620862960815e-02
-4.625366330146789551e-01
3.786730170249938965e-01
-6.249681711196899414e-01
-8.144684433937072754e-01
-5.181258320808410645e-01
-3.466739952564239502e-01
-1.639582395553588867e+00
-1.338200688362121582e+00
-6.284882426261901855e-01
-1.913922578096389771e-01
5.229577422142028809e-01
3.045402765274047852e-01
3.501683007925748825e-03
-2.895043790340423584e-02
1.185794234275817871e+00
-4.223947525024414062e-01
7.682378590106964111e-02
1.953235566616058350e-01
8.763247728347778320e-01
6.707576513290405273e-01
1.148026108741760254e+00
1.947961747646331787e-01
-8.184506893157958984e-01
3.641563653945922852e-01
-4.789946973323822021e-01
-4.758251309394836426e-01
-1.325121641159057617e+00
3.550757095217704773e-02
-1.612286567687988281e-01
-5.945361852645874023e-01
-7.460340857505798340e-01
3.690678775310516357e-01
-1.040988445281982422e+00
-1.785908937454223633e+00
-3.821071386337280273e-01
1.557572126388549805e+00
3.342936187982559204e-02
5.717055872082710266e-02
-1.201355233788490295e-01
-7.827382683753967285e-01
-9.256166219711303711e-01
-7.737489342689514160e-01
5.377729535102844238e-01
7.071766257286071777e-01
-5.908932089805603027e-01
-9.453069567680358887e-01
-4.344869554042816162e-01
6.960029006004333496e-01
-7.226499319076538086e-01
-6.919250488281250000e-01
-2.493993192911148071e-01
8.426129221916198730e-01
1.666793525218963623e-01
7.883762717247009277e-01
-1.648722589015960693e-01
-1.953807324171066284e-01
6.089352369308471680e-01
9.805789589881896973e-01
-3.076118826866149902e-01
-2.541211247444152832e-01
-1.021551489830017090e+00
7.908288836479187012e-01
-3.681015372276306152e-01
-3.923606872558593750e-01
8.784132599830627441e-01
7.568877339363098145e-01
3.424232721328735352e+00
6.868339776992797852e-01
8.981840610504150391e-01
1.449131369590759277e-01
8.437975645065307617e-01
-2.650713324546813965e-01
-8.287736773490905762e-01
-1.050710558891296387e+00
7.237595915794372559e-01
4.140472114086151123e-01
3.529135286808013916e-01
-4.583596289157867432e-01
7.209358811378479004e-01
-4.054694771766662598e-01
-6.457782387733459473e-01
1.035597801208496094e+00
-5.506573915481567383e-01
1.190852761268615723e+00
1.104251667857170105e-01
-8.136385083198547363e-01
-5.425267815589904785e-01
2.247870266437530518e-01
-1.174468547105789185e-01
6.614354848861694336e-01
1.226656883955001831e-01
1.444367885589599609e+00
-5.296391844749450684e-01
9.984219819307327271e-02
-3.171905577182769775e-01
1.226751923561096191e+00
-1.062930226325988770e+00
3.085775971412658691e-01
-4.251220449805259705e-02
1.312539339065551758e+00
-1.404679179191589355e+00
1.212118938565254211e-01
-5.964065194129943848e-01
-2.815172970294952393e-01
-2.065813779830932617e+00
-6.424794793128967285e-01
-1.053318381309509277e+00
-3.340139687061309814e-01
-4.256315827369689941e-01
-1.710288971662521362e-01
-1.378604650497436523e+00
-1.397919058799743652e-01
1.023743271827697754e+00
7.364163994789123535e-01
6.014869809150695801e-01
5.974920988082885742e-01
-4.552355781197547913e-02
-7.245015501976013184e-01
-1.919271588325500488e+00
-4.296050667762756348e-01
1.587610602378845215e+00
-1.583440303802490234e-01
-4.025965332984924316e-01
6.010565757751464844e-01
-1.357126355171203613e+00
-7.785910964012145996e-01
-5.804135799407958984e-01
-1.625892370939254761e-01
1.000225663185119629e+00
-3.051309883594512939e-01
-7.449082732200622559e-01
-1.108038276433944702e-01
1.370091557502746582e+00
1.308583974838256836e+00
-1.254557371139526367e+00
6.399952769279479980e-01
6.674562692642211914e-01
-4.563105404376983643e-01
3.377466201782226562e-01
5.568302869796752930e-01
-2.054026275873184204e-01
2.420918643474578857e-01
1.121493339538574219e+00
-3.954372704029083252e-01
-4.874228239059448242e-01
-9.093932062387466431e-02
2.266370654106140137e-01
1.053329586982727051e+00
-1.082374095916748047e+00
-1.937614440917968750e+00
-8.671846389770507812e-01
-8.986758440732955933e-02
1.390493512153625488e+00
-4.547805488109588623e-01
-4.947772920131683350e-01
1.121847510337829590e+00
8.798346519470214844e-01
9.020293951034545898e-01
4.650933146476745605e-01
1.321426391601562500e+00
-1.817974746227264404e-01
-4.664908945560455322e-01
1.079481244087219238e+00
-6.906920075416564941e-01
2.278868108987808228e-01
-5.857408046722412109e-01
-1.231627762317657471e-01
-2.200199514627456665e-01
1.031088605523109436e-01
8.773499727249145508e-01
-8.160655498504638672e-01
1.684830784797668457e+00
-5.223335623741149902e-01
-3.727154016494750977e+00
9.554987549781799316e-01
-1.302034497261047363e+00
-7.266640197485685349e-03
-2.163266837596893311e-01
-2.868934534490108490e-03
9.277306199073791504e-01
-2.035525798797607422e+00
4.536418616771697998e-01
3.661396503448486328e-01
-7.381830811500549316e-01
5.996456742286682129e-01
2.256345301866531372e-01
-1.365314722061157227e-01
-6.531858444213867188e-01
-1.907819658517837524e-01
-1.396549940109252930e-01
1.221325039863586426e+00
6.954700946807861328e-01
1.041942834854125977e-01
-1.620482325553894043e+00
1.071732521057128906e+00
7.195575237274169922e-01
-2.635192573070526123e-01
2.367884665727615356e-01
5.947735309600830078e-01
-8.573172688484191895e-01
1.829252094030380249e-01
7.408977150917053223e-01
-1.282920241355895996e+00
3.357603847980499268e-01
9.736521244049072266e-01
-9.977489709854125977e-01
-5.926211476325988770e-01
1.318361759185791016e+00
1.610129356384277344e+00
-4.630682468414306641e-01
-3.164575099945068359e-01
-9.133521914482116699e-01
-7.734477519989013672e-01
-1.746420711278915405e-01
1.940158605575561523e-01
4.422901943325996399e-02
-7.618224620819091797e-01
-9.557853639125823975e-02
9.655550122261047363e-02
-4.051593244075775146e-01
-3.041322715580463409e-02
-1.663738608360290527e+00
-9.464270621538162231e-02
1.175058126449584961e+00
-1.539014101028442383e+00
8.989959955215454102e-01
-8.273874521255493164e-01
-7.431796789169311523e-01
-2.864499092102050781e-01
3.539729490876197815e-02
-4.718984961509704590e-01
3.940379321575164795e-01
-9.430023282766342163e-02
-2.337090522050857544e-01
-6.088930964469909668e-01
-7.399954795837402344e-01
2.071338653564453125e+00
1.408599257469177246e+00
-9.187211990356445312e-01
-7.609690725803375244e-02
-6.568150222301483154e-02
-7.681182771921157837e-02
7.653701901435852051e-01
2.581796646118164062e+00
3.319799184799194336e+00
-1.234952211380004883e+00
1.229170918464660645e+00
4.206570982933044434e-02
-4.050963521003723145e-01
-6.618875265121459961e-01
-1.291797876358032227e+00
-1.615148305892944336e+00
1.568832159042358398e+00
-1.876713186502456665e-01
1.385524868965148926e+00
-2.751309275627136230e-01
-1.517672777175903320e+00
3.241665065288543701e-01
1.292323470115661621e-01
-2.331417948007583618e-01
1.319122314453125000e-01
2.020377069711685181e-01
-7.856630086898803711e-01
-3.820517659187316895e-01
2.058309316635131836e-01
-1.831020414829254150e-01
-4.213199317455291748e-01
-6.350006461143493652e-01
1.239575296640396118e-01
-2.377552986145019531e-01
-3.700493872165679932e-01
4.329447448253631592e-01
7.018477320671081543e-01
1.222311258316040039e+00
-1.963149309158325195e-01
2.627019584178924561e-01
-1.143283605575561523e+00
-2.203174591064453125e+00
2.045730113983154297e+00
1.325020313262939453e+00
2.579268217086791992e-01
1.230152025818824768e-01
-2.018657028675079346e-01
-9.304879903793334961e-01
-1.344989836215972900e-01
1.385868072509765625e+00
2.133584618568420410e-01
-7.412139177322387695e-01
1.717002153396606445e+00
1.205012202262878418e+00
2.871011197566986084e-01
-1.011129140853881836e+00
4.928546249866485596e-01
-5.842660553753376007e-03
1.848395019769668579e-01
-2.274108529090881348e-01
4.012418985366821289e-01
-4.583818316459655762e-01
-8.671191334724426270e-01
-3.815113902091979980e-01
-4.355747401714324951e-01
1.072414398193359375e+00
1.347398161888122559e-01
6.495055556297302246e-01
8.491722941398620605e-01
-1.639952778816223145e+00
1.735873669385910034e-01
2.025019407272338867e+00
4.601317346096038818e-01
1.316377878189086914e+00
3.773842155933380127e-01
-2.639777064323425293e-01
5.366557240486145020e-01
-7.138713598251342773e-01
-3.232227861881256104e-01
6.160613894462585449e-01
8.850936889648437500e-01
7.058413326740264893e-02
-1.953643560409545898e+00
5.283531546592712402e-01
2.330171614885330200e-01
3.743136644363403320e+00
-8.106690049171447754e-01
-6.005486249923706055e-01
8.005449771881103516e-01
-3.092256188392639160e-01
-5.751406550407409668e-01
7.434545755386352539e-01
-1.528834402561187744e-01
1.502137541770935059e+00
1.416898220777511597e-01
-4.167078137397766113e-01
-3.374456614255905151e-02
-1.107803344726562500e+00
-1.250362098217010498e-01
1.026471614837646484e+00
5.234032124280929565e-02
9.572421908378601074e-01
3.582496345043182373e-01
-5.778399109840393066e-01
3.816992342472076416e-01
7.132363915443420410e-01
-2.448280602693557739e-01
1.054397225379943848e+00
-2.773747146129608154e-01
-5.023248121142387390e-02
-1.140535473823547363e+00
-4.416906535625457764e-01
1.251644194126129150e-01
2.670509338378906250e+00
1.075356304645538330e-01
-6.182028651237487793e-01
-1.959060877561569214e-01
-9.662105441093444824e-01
1.313999295234680176e+00
-1.380625486373901367e+00
2.522929906845092773e-01
-2.278784289956092834e-02
-1.193054080009460449e+00
-1.377208679914474487e-01
-1.109755516052246094e+00
4.023041427135467529e-01
-1.259537458419799805e+00
-6.816462874412536621e-01
-3.270847797393798828e-01
-9.287020191550254822e-03
-4.587087035179138184e-01
8.317059278488159180e-01
1.177901029586791992e+00
2.338505722582340240e-02
2.591842114925384521e-01
9.419119358062744141e-01
-1.000602602958679199e+00
-1.079145073890686035e+00
-5.909110307693481445e-01
2.011123746633529663e-01
-3.238641023635864258e-01
-6.302360892295837402e-01
-1.406397372484207153e-01
-5.346752405166625977e-01
2.725286483764648438e-01
-2.253426164388656616e-01
-9.688345789909362793e-01
-8.302419185638427734e-01
-6.583968997001647949e-01
6.090243458747863770e-01
-7.958080768585205078e-01
-1.114533662796020508e+00
-1.756532043218612671e-01
-1.201593279838562012e+00
-9.880323410034179688e-01
4.586605727672576904e-01
-5.247050523757934570e-01
-2.608854174613952637e-01
3.876699805259704590e-01
2.679182589054107666e-01
-9.162655472755432129e-01
-1.835792183876037598e+00
-1.395460486412048340e+00
3.976002931594848633e-01
3.930763900279998779e-01
-8.146189451217651367e-01
-4.999727010726928711e-01
4.410779178142547607e-01
3.066149652004241943e-01
-2.240011930465698242e+00
1.332803815603256226e-01
-7.738980054855346680e-01
-1.831252813339233398e+00
-1.705355197191238403e-02
4.003944396972656250e-01
6.020909547805786133e-01
-2.603858411312103271e-01
-2.163651436567306519e-01
3.101948201656341553e-01
-1.884708404541015625e-01
3.883615136146545410e-01
-1.754501700401306152e+00
6.579703688621520996e-01
1.193411469459533691e+00
2.051216512918472290e-01
-1.069633364677429199e+00
9.125149808824062347e-03
-6.049661636352539062e-01
5.990960001945495605e-01
-3.830401301383972168e-01
6.759626269340515137e-01
-1.618076488375663757e-02
-1.499135326594114304e-02
-5.253602862358093262e-01
-3.142037391662597656e-01
3.796022236347198486e-01
9.204634428024291992e-01
-6.285997033119201660e-01
-3.733027875423431396e-01
-4.119144380092620850e-02
1.335215419530868530e-01
8.323321342468261719e-01
-2.466922849416732788e-01
8.587461113929748535e-01
-6.908020377159118652e-01
-1.420337408781051636e-01
4.057802855968475342e-01
3.951536715030670166e-01
