1.257095456123352051e+00
5.929791331291198730e-01
-6.609203666448593140e-02
-5.603598356246948242e-01
-1.134525775909423828e+00
-8.192002177238464355e-01
-2.029294148087501526e-02
1.100388467311859131e-01
-2.135412931442260742e+00
-1.719075083732604980e+00
-9.695665910840034485e-03
-1.920767664909362793e+00
1.473796129226684570e+00
-9.818381071090698242e-02
-8.877857327461242676e-01
-4.550071060657501221e-01
2.190685458481311798e-02
9.860465526580810547e-01
-3.872709572315216064e-01
5.598211288452148438e-01
-3.915950953960418701e-01
-1.598605155944824219e+00
7.122255563735961914e-01
-6.985902786254882812e-01
1.336603879928588867e+00
1.393891453742980957e+00
9.430315345525741577e-02
1.323541879653930664e+00
-1.576175451278686523e+00
1.160830974578857422e+00
-1.705155894160270691e-02
2.552779018878936768e-01
-1.371566414833068848e+00
-2.438372224569320679e-01
-8.615322411060333252e-02
6.727312803268432617e-01
-5.927717685699462891e-01
-3.927860021591186523e+00
9.242262691259384155e-02
8.321042656898498535e-01
-1.033407211303710938e+00
-1.012545347213745117e+00
-3.390595614910125732e-01
-7.832659035921096802e-02
6.399442553520202637e-01
8.304755687713623047e-01
2.263737618923187256e-01
1.477388262748718262e+00
2.245828211307525635e-01
1.689760804176330566e+00
6.048300862312316895e-02
-4.498609900474548340e-01
-3.232131600379943848e-01
3.944871723651885986e-01
8.780946582555770874e-02
-1.700146317481994629e+00
-2.696529403328895569e-02
-4.264312684535980225e-01
6.830033063888549805e-01
-4.012660980224609375e-01
-4.841245710849761963e-01
9.760457873344421387e-01
1.271937608718872070e+00
-6.721603125333786011e-02
1.141152024269104004e+00
1.712278872728347778e-01
7.266999483108520508e-01
-6.009089946746826172e-01
5.021213293075561523e-01
-1.349138736724853516e+00
1.768735945224761963e-01
3.875979185104370117e-01
3.393453061580657959e-01
-3.537373542785644531e-01
-1.554737985134124756e-01
1.099491119384765625e+00
4.439876377582550049e-01
7.727292180061340332e-01
2.876556515693664551e-01
2.057618141174316406e+00
4.625953733921051025e-01
7.056546807289123535e-01
-2.139839172363281250e+00
6.736086308956146240e-02
2.941983938217163086e-01
-7.188448309898376465e-01
-1.230272412300109863e+00
-7.033887505531311035e-01
-5.774747133255004883e-01
-1.132626056671142578e+00
-8.025860786437988281e-01
-4.044637978076934814e-01
4.808422923088073730e-01
9.980108737945556641e-01
4.030251875519752502e-02
3.245089948177337646e-02
2.061269283294677734e-01
1.021646499633789062e+00
-8.904255628585815430e-01
1.271171122789382935e-01
1.921925842761993408e-01
1.279804706573486328e+00
1.129643440246582031e+00
2.172977924346923828e-01
-1.081812620162963867e+00
-5.046464800834655762e-01
-1.947113871574401855e+00
1.258432269096374512e+00
-4.672366008162498474e-02
2.930689156055450439e-01
8.977476358413696289e-01
1.040439367294311523e+00
-1.427874207496643066e+00
-1.612554430961608887e+00
-9.871705621480941772e-02
4.114445745944976807e-01
2.566060721874237061e-01
-5.640610456466674805e-01
-1.368680596351623535e-01
1.161090135574340820e+00
-2.606057524681091309e-01
1.162667751312255859e+00
-5.975812077522277832e-01
4.896194040775299072e-01
3.708840012550354004e-01
-1.023090004920959473e+00
-1.985273212194442749e-01
1.510043978691101074e+00
-9.716719985008239746e-01
-8.135479688644409180e-01
5.555728077888488770e-01
-1.277061820030212402e+00
7.288302183151245117e-01
-7.796065807342529297e-01
-3.358422756195068359e+00
-3.204925060272216797e-01
2.396165579557418823e-02
1.498055756092071533e-01
-1.408141851425170898e+00
1.413508653640747070e-01
3.516508340835571289e-01
9.203633069992065430e-01
1.038987636566162109e+00
-2.288076281547546387e-01
-1.507155656814575195e+00
3.784788548946380615e-01
9.391437172889709473e-01
-1.323814868927001953e+00
-3.129120469093322754e-01
-3.778747618198394775e-01
9.042501449584960938e-01
-4.081298708915710449e-01
-1.414674520492553711e-01
-2.068810015916824341e-01
1.960501909255981445e+00
-4.484002590179443359e-01
-1.115450263023376465e+00
-3.250641524791717529e-01
1.064841002225875854e-01
-3.390773832798004150e-01
9.063242077827453613e-01
2.170114219188690186e-01
4.806991815567016602e-01
-6.757878065109252930e-01
6.150914430618286133e-01
-1.008695006370544434e+00
-1.234151124954223633e+00
3.620647192001342773e-01
3.921954929828643799e-01
7.694767117500305176e-01
-1.443222165107727051e+00
-1.590734601020812988e+00
-7.858279347419738770e-01
1.373967409133911133e+00
3.153685033321380615e-01
1.242619037628173828e+00
4.679088592529296875e-01
2.651993185281753540e-02
-1.239205598831176758e-01
1.080901026725769043e+00
-2.600069940090179443e-01
-9.793811440467834473e-01
-1.312235474586486816e+00
-1.021095886826515198e-01
1.076888680458068848e+00
4.630339518189430237e-02
-9.767639040946960449e-01
1.020822748541831970e-01
1.992007136344909668e+00
6.028844714164733887e-01
5.361583828926086426e-01
-1.395749151706695557e-01
-7.592219114303588867e-01
1.641059160232543945e+00
-1.529631614685058594e-01
-3.291755616664886475e-01
4.724932909011840820e-01
-7.197495698928833008e-01
1.536852121353149414e+00
1.809983886778354645e-02
-3.875947892665863037e-01
1.077947378158569336e+00
2.330535888671875000e+00
-1.072654724121093750e+00
8.995043635368347168e-01
-9.369623064994812012e-01
8.621455430984497070e-01
-2.390985488891601562e+00
8.144017457962036133e-01
-4.529510140419006348e-01
8.734190464019775391e-02
-1.112529397010803223e+00
7.724869251251220703e-01
-7.873026654124259949e-03
-4.034312069416046143e-01
-5.016374588012695312e-01
-2.591446876525878906e+00
-1.005831435322761536e-01
-1.750607043504714966e-01
3.921706080436706543e-01
-6.654628086835145950e-03
1.346889853477478027e+00
6.592616438865661621e-01
-3.373572826385498047e-01
2.156749069690704346e-01
-9.765379875898361206e-02
8.329927921295166016e-01
5.356371998786926270e-01
-4.894761145114898682e-01
-1.725203275680541992e+00
-3.287922143936157227e-01
-6.590465307235717773e-01
-1.182216525077819824e+00
7.660064697265625000e-01
8.230056613683700562e-03
8.502815961837768555e-01
5.877838134765625000e-01
2.174600213766098022e-01
-9.177768230438232422e-01
-2.453631311655044556e-01
1.015671730041503906e+00
8.310283422470092773e-01
-1.353665709495544434e+00
3.838101923465728760e-01
-1.680036902427673340e+00
4.451608955860137939e-01
-1.984922409057617188e+00
2.384565174579620361e-01
1.413521450012922287e-02
-2.577498555183410645e-01
-3.312644064426422119e-01
-1.917417794466018677e-01
-1.368809700012207031e+00
-1.302759647369384766e+00
1.260587692260742188e+00
-1.389210939407348633e+00
-9.980403818190097809e-03
5.511468052864074707e-01
-4.277942478656768799e-01
6.064735651016235352e-01
4.847957789897918701e-01
9.179183281958103180e-03
1.104007601737976074e+00
-7.784799337387084961e-01
-5.690032839775085449e-01
9.624407291412353516e-01
1.486360728740692139e-01
-6.451225876808166504e-01
3.871267080307006836e+00
9.668844938278198242e-01
-5.773123353719711304e-03
5.329160690307617188e-01
1.039080262184143066e+00
1.284256577491760254e+00
-6.175708770751953125e-01
1.041871070861816406e+00
-2.140157818794250488e-01
-6.762304306030273438e-01
7.379317879676818848e-01
-1.781668901443481445e+00
1.363568663597106934e+00
-1.532403826713562012e+00
1.176665067672729492e+00
-7.040928006172180176e-01
7.383973896503448486e-02
1.051464557647705078e+00
-7.054052352905273438e-01
1.526244431734085083e-01
-6.166937351226806641e-01
-6.469032168388366699e-01
-2.348052740097045898e+00
8.711399435997009277e-01
4.643950760364532471e-01
-2.244908571243286133e+00
7.414870858192443848e-01
-2.197967290878295898e+00
-6.613141298294067383e-01
-1.237894177436828613e+00
-5.325680971145629883e-01
1.055831670761108398e+00
-1.276877671480178833e-01
-1.341943621635437012e+00
2.644049748778343201e-02
8.461892604827880859e-01
2.190973281860351562e+00
1.108754158020019531e+00
1.055835008621215820e+00
-1.795485496520996094e+00
-3.625741302967071533e-01
1.588432304561138153e-02
-1.280199527740478516e+00
-2.457138061523437500e+00
-8.152679204940795898e-01
1.098755598068237305e+00
2.141346186399459839e-01
5.744209289550781250e-01
1.616722464561462402e+00
5.875945091247558594e-01
5.403956174850463867e-01
1.873373687267303467e-01
-1.396896481513977051e+00
5.228088498115539551e-01
3.917474448680877686e-01
1.996051371097564697e-01
-7.435951828956604004e-01
-3.990203738212585449e-01
-5.588145852088928223e-01
-8.422474861145019531e-01
-5.587952733039855957e-01
1.208916425704956055e+00
9.329951554536819458e-02
-5.202721953392028809e-01
1.451825141906738281e+00
1.593964695930480957e-01
9.008789807558059692e-02
-3.075480461120605469e-02
2.884687297046184540e-02
-8.323878645896911621e-01
2.002830028533935547e+00
-5.494000911712646484e-01
4.687787964940071106e-02
-1.239053681492805481e-01
5.958389639854431152e-01
1.049617290496826172e+00
8.630979657173156738e-01
1.524353742599487305e+00
-1.427393198013305664e+00
8.149756789207458496e-01
-1.135405182838439941e+00
-5.145648121833801270e-01
-4.935498833656311035e-01
-8.224030137062072754e-01
-5.145448446273803711e-02
2.027632296085357666e-01
-4.651261270046234131e-01
9.104449301958084106e-02
-1.447545528411865234e+00
-1.077592134475708008e+00
-2.977621853351593018e-01
1.528211951255798340e+00
4.643025398254394531e-01
-7.834998965263366699e-01
6.399328708648681641e-01
-5.133030414581298828e-01
-2.470090150833129883e+00
5.434700250625610352e-01
2.113860607147216797e+00
-6.814379096031188965e-01
6.401090621948242188e-01
1.075641036033630371e+00
6.911461949348449707e-01
-7.297741174697875977e-01
-6.032298207283020020e-01
2.390292882919311523e+00
1.002331137657165527e+00
3.711844682693481445e-01
2.956619858741760254e-01
-2.133079290390014648e+00
2.635014355182647705e-01
3.730016052722930908e-01
1.063019275665283203e+00
7.182835340499877930e-01
2.835402488708496094e-01
3.185808956623077393e-01
-4.287741780281066895e-01
-2.100225985050201416e-01
-6.267448067665100098e-01
-9.187003970146179199e-01
9.817336797714233398e-01
-6.354603171348571777e-01
1.368545532226562500e+00
9.034693986177444458e-02
7.843840122222900391e-02
-3.005475103855133057e-01
2.063384532928466797e+00
-1.116100549697875977e+00
-1.175972700119018555e+00
2.457407116889953613e-01
-8.470259308815002441e-01
4.967642426490783691e-01
1.320753991603851318e-02
-6.009062528610229492e-01
2.054098397493362427e-01
-9.618124961853027344e-01
-1.986812233924865723e+00
-1.070298030972480774e-01
-3.875210583209991455e-01
1.428485274314880371e+00
-3.571184277534484863e-01
-9.620535969734191895e-01
-9.920725971460342407e-02
-4.752911627292633057e-02
-1.244437694549560547e+00
6.372541785240173340e-01
3.720816969871520996e-01
6.343643665313720703e-01
-2.453376054763793945e-01
-3.557727038860321045e-01
-1.125388622283935547e+00
2.279936075210571289e+00
-2.519266009330749512e-01
-6.226846575736999512e-01
7.838337421417236328e-01
2.105575323104858398e+00
-4.114265441894531250e-01
1.902781277894973755e-01
-7.887580990791320801e-01
-4.187779128551483154e-01
-1.977715730667114258e+00
-3.739235103130340576e-01
-7.847946882247924805e-01
1.348470091819763184e+00
3.254547417163848877e-01
-1.020433187484741211e+00
-1.012390375137329102e+00
3.448354303836822510e-01
6.693858653306961060e-02
6.787008643150329590e-01
3.357642292976379395e-01
6.874433755874633789e-01
-3.407550752162933350e-01
3.924741744995117188e-01
-1.063719749450683594e+00
5.378693714737892151e-02
-3.871689736843109131e-02
-5.547375679016113281e-01
-6.943237185478210449e-01
6.809568405151367188e-01
1.015526652336120605e-01
-1.107075333595275879e+00
-1.029567599296569824e+00
-8.019167780876159668e-01
5.007538571953773499e-02
-1.399542570114135742e+00
-7.925224304199218750e-01
-3.356543481349945068e-01
2.209297567605972290e-01
1.619259715080261230e+00
-2.514708042144775391e-01
-1.956768333911895752e-01
5.975433588027954102e-01
-6.834174394607543945e-01
-2.646281151100993156e-03
3.734911680221557617e-01
-2.962343394756317139e-01
2.402315586805343628e-01
-4.086535871028900146e-01
1.499493479728698730e+00
-4.380357861518859863e-01
4.604719877243041992e-01
-7.477602362632751465e-02
1.554993271827697754e+00
-2.434499412775039673e-01
2.748272716999053955e-01
-3.879752159118652344e-01
-7.255417704582214355e-01
9.747374057769775391e-01
2.667009234428405762e-01
-5.068101286888122559e-01
1.412264227867126465e+00
5.765759944915771484e-01
1.870191097259521484e-01
-1.096714496612548828e+00
1.318761348724365234e+00
2.914426922798156738e-01
-3.836791217327117920e-01
1.113946318626403809e+00
2.047344595193862915e-01
-1.388066560029983521e-01
-6.920299530029296875e-01
1.109764456748962402e+00
1.130796551704406738e+00
1.300994753837585449e-01
8.492206335067749023e-01
-1.920239210128784180e+00
7.979580760002136230e-01
-1.509474873542785645e+00
-2.386544704437255859e+00
8.522289991378784180e-01
-3.766877055168151855e-01
-3.827181458473205566e-01
7.024331092834472656e-01
-1.442433118820190430e+00
6.975114345550537109e-01
-1.624271869659423828e+00
5.740805268287658691e-01
-9.032326340675354004e-01
-9.905088543891906738e-01
2.122685015201568604e-01
8.743287920951843262e-01
5.295655727386474609e-01
-3.812264502048492432e-01
4.082512855529785156e-02
4.538448750972747803e-01
9.662740826606750488e-01
1.053480267524719238e+00
-1.913046091794967651e-01
-1.087316751480102539e+00
7.413010001182556152e-01
-5.076352953910827637e-01
-4.421276748180389404e-01
-2.397900670766830444e-01
-1.558971762657165527e+00
-1.092398285865783691e+00
-1.950584203004837036e-01
7.192939519882202148e-01
-2.606544494628906250e-01
-4.010131116956472397e-03
5.253658294677734375e-01
-1.959211528301239014e-01
-1.222910284996032715e+00
2.905115485191345215e-01
5.540929436683654785e-01
-2.515304647386074066e-02
-3.028618097305297852e-01
-1.062752246856689453e+00
-3.292544782161712646e-01
3.081899881362915039e-01
-2.416700571775436401e-01
-2.310519106686115265e-03
-1.167496323585510254e+00
-3.210182189941406250e-01
-6.503221392631530762e-01
-3.409744799137115479e-01
1.531814336776733398e+00
-8.540896773338317871e-01
4.690416753292083740e-01
-1.103018149733543396e-01
-1.272775173187255859e+00
1.909101366996765137e+00
5.252496600151062012e-01
7.418327927589416504e-01
-1.280711412429809570e+00
-1.249526143074035645e+00
-2.648220360279083252e-01
9.103889465332031250e-01
-7.369227409362792969e-01
7.852317094802856445e-01
-8.739429712295532227e-01
-1.530827999114990234e+00
6.371408104896545410e-01
8.403540849685668945e-01
-9.138492345809936523e-01
5.979943275451660156e-01
3.019274473190307617e-01
-1.449388265609741211e-01
7.372238039970397949e-01
3.960578441619873047e-01
2.194876670837402344e+00
-4.310545921325683594e-01
8.630590438842773438e-01
-5.833411812782287598e-01
-1.940378189086914062e+00
-9.872786998748779297e-01
-1.026715278625488281e+00
-3.525022789835929871e-02
-3.551985919475555420e-01
-1.678886562585830688e-01
1.376739621162414551e+00
-1.218834519386291504e+00
2.611334668472409248e-03
4.190492331981658936e-01
-1.499238759279251099e-01
-3.388369083404541016e-01
1.495993852615356445e+00
-4.636609926819801331e-02
-5.009043216705322266e-01
-1.423305869102478027e+00
-1.611103773117065430e+00
-6.161763668060302734e-01
-1.465231180191040039e-01
-1.241169095039367676e+00
-9.144208431243896484e-01
9.207864291965961456e-03
-9.076055884361267090e-01
-1.432830214500427246e+00
-8.918858170509338379e-01
4.722502231597900391e-01
-8.203334361314773560e-02
-1.720283031463623047e-01
-6.594001650810241699e-01
-2.649152517318725586e+00
7.164118289947509766e-01
3.206169605255126953e-01
1.842765569686889648e+00
5.465037226676940918e-01
-3.520824313163757324e-01
-1.596222162246704102e+00
2.972979843616485596e-01
8.898850679397583008e-01
-4.460842311382293701e-01
-4.678029716014862061e-01
7.879979014396667480e-01
1.635114997625350952e-01
-5.546045899391174316e-01
-6.412341594696044922e-01
4.778715372085571289e-01
1.514947563409805298e-01
9.895414710044860840e-01
3.162483274936676025e-01
-5.954306721687316895e-01
1.163544178009033203e+00
-1.809048414230346680e+00
2.731974422931671143e-01
-4.727964103221893311e-01
5.081673264503479004e-01
2.742463946342468262e-01
1.378538757562637329e-01
-5.772512668045237660e-05
-1.937226414680480957e+00
1.468213051557540894e-01
9.656183719635009766e-01
7.396593689918518066e-01
1.936018347740173340e+00
8.169164061546325684e-01
3.361263871192932129e-01
-7.605710625648498535e-02
3.760136663913726807e-01
-1.574365377426147461e+00
5.276550054550170898e-01
-8.708040118217468262e-01
-4.643309116363525391e-01
-1.213232278823852539e+00
-3.331352174282073975e-01
-5.871177315711975098e-01
2.895120382308959961e+00
-5.846800208091735840e-01
1.146758198738098145e-01
1.077406033873558044e-01
-4.015049338340759277e-01
-1.447237133979797363e+00
-8.245204687118530273e-01
5.603609681129455566e-01
2.508086860179901123e-01
6.155869960784912109e-01
-7.041352987289428711e-01
-6.068314909934997559e-01
-4.444594085216522217e-01
1.249173402786254883e+00
1.604323387145996094e+00
7.241621017456054688e-01
1.469818115234375000e+00
-1.390466392040252686e-01
-8.101739883422851562e-01
2.497124224901199341e-01
2.158440053462982178e-01
-7.293637394905090332e-01
9.352051019668579102e-01
-6.156749725341796875e-01
-6.204071044921875000e-01
8.261866122484207153e-02
2.656342089176177979e-01
1.089515924453735352e+00
2.264894008636474609e+00
1.069830298423767090e+00
-1.972798630595207214e-02
9.392703175544738770e-01
-6.518910527229309082e-01
1.304116725921630859e+00
1.535038650035858154e-01
-5.024741291999816895e-01
-9.840125590562820435e-02
-4.281747043132781982e-01
9.533939361572265625e-01
-3.417413532733917236e-01
1.883273124694824219e-01
-9.410472512245178223e-01
-1.052114963531494141e+00
2.961409807205200195e+00
9.549376964569091797e-01
-2.390850335359573364e-01
-8.156391978263854980e-01
2.972599267959594727e-01
-4.315344989299774170e-01
3.730147778987884521e-01
1.283836603164672852e+00
-8.344110846519470215e-01
4.456095397472381592e-01
-1.239498972892761230e+00
1.376066803932189941e+00
4.761748313903808594e-01
2.838535979390144348e-02
4.456524550914764404e-01
-2.302081510424613953e-02
1.398213505744934082e-01
-4.837566912174224854e-01
-3.244311511516571045e-01
1.851103454828262329e-01
-3.618643581867218018e-01
5.194918513298034668e-01
5.288273096084594727e-01
5.259690880775451660e-01
6.217832565307617188e-01
-4.430323839187622070e-01
-2.529551267623901367e+00
-3.345672488212585449e-01
6.430188417434692383e-01
-4.578289687633514404e-01
6.387816667556762695e-01
-7.506170272827148438e-01
-5.380563735961914062e-01
-8.912374377250671387e-01
2.702910453081130981e-02
-1.144211173057556152e+00
9.824524074792861938e-02
3.066195845603942871e-01
4.258566796779632568e-01
4.278753697872161865e-01
1.909768819808959961e+00
-2.954677343368530273e-01
7.141761183738708496e-01
-1.298235535621643066e+00
-6.016852855682373047e-01
1.578282713890075684e-01
3.151400089263916016e-01
3.388906419277191162e-01
1.268335133790969849e-01
9.295532107353210449e-01
2.988284528255462646e-01
2.176790088415145874e-01
-1.889389157295227051e-01
-6.966018080711364746e-01
2.510473430156707764e-01
1.444274902343750000e+00
-3.821246325969696045e-01
5.898189172148704529e-02
6.930317282676696777e-01
-1.101305007934570312e+00
1.924473285675048828e+00
9.841405749320983887e-01
1.286213159561157227e+00
-3.547732532024383545e-01
-7.701588273048400879e-01
-7.903693616390228271e-02
-1.401551842689514160e+00
7.270033359527587891e-01
-2.421688437461853027e-01
3.717111945152282715e-01
-8.068199157714843750e-01
3.544832170009613037e-01
-5.336955785751342773e-01
2.006348818540573120e-01
4.407578408718109131e-01
3.045943677425384521e-01
9.392249584197998047e-01
1.475463867187500000e+00
2.006534188985824585e-01
-4.536375403404235840e-01
