2.585768222808837891e+00
-2.023109942674636841e-01
-1.634658277034759521e-01
-1.152943611145019531e+00
-1.339004635810852051e+00
-1.163242340087890625e+00
4.720845520496368408e-01
4.276722073554992676e-01
-1.715521693229675293e+00
-2.360447645187377930e+00
4.783812165260314941e-01
-1.946523666381835938e+00
8.594841361045837402e-01
4.259727895259857178e-01
-5.557316541671752930e-01
-1.105098485946655273e+00
-5.082828402519226074e-01
2.721851170063018799e-01
-2.733917534351348877e-01
2.653943300247192383e-01
9.564090371131896973e-01
-1.083760499954223633e+00
2.751812636852264404e-01
5.847689509391784668e-01
1.888067960739135742e+00
7.233003377914428711e-01
7.740193605422973633e-01
1.894705891609191895e+00
-1.598856449127197266e+00
2.935204468667507172e-02
-4.864539802074432373e-01
6.591122746467590332e-01
-1.178679108619689941e+00
-1.019179895520210266e-01
-3.282060325145721436e-01
-7.709859311580657959e-02
5.006187409162521362e-02
-2.896004676818847656e+00
3.435704112052917480e-02
5.428859591484069824e-01
-1.673604130744934082e+00
-1.169863581657409668e+00
-3.447785973548889160e-01
-6.006011366844177246e-01
1.359123706817626953e+00
1.034120917320251465e+00
-1.964096873998641968e-01
-1.576730161905288696e-01
2.966676354408264160e-01
2.517699599266052246e-01
-5.140017271041870117e-01
-2.581385970115661621e-01
-2.730205655097961426e-01
1.915279150009155273e+00
7.249043583869934082e-01
-1.280741214752197266e+00
-6.278222799301147461e-02
-5.372094511985778809e-01
3.915063738822937012e-01
-9.329703450202941895e-01
-9.300892353057861328e-01
3.614513278007507324e-01
1.515783429145812988e+00
3.722778558731079102e-01
1.341359376907348633e+00
-1.235104054212570190e-01
5.761991739273071289e-01
1.964719593524932861e-01
7.978166937828063965e-01
-1.736341118812561035e+00
-6.985340267419815063e-02
-3.065819144248962402e-01
-4.075866639614105225e-01
-9.969024360179901123e-02
-2.284141182899475098e-01
7.804610729217529297e-01
-2.075870186090469360e-01
2.852713465690612793e-01
-5.941749215126037598e-01
1.270358324050903320e+00
2.838119268417358398e-01
7.945533394813537598e-01
-1.697441577911376953e+00
-2.236146181821823120e-01
-3.341126143932342529e-01
3.589304387569427490e-01
-1.005183696746826172e+00
-7.767242938280105591e-02
-9.437891244888305664e-01
-6.960588693618774414e-01
-8.517934679985046387e-01
-9.178205728530883789e-01
-2.521441280841827393e-01
5.504672527313232422e-01
-1.173932671546936035e+00
5.490270256996154785e-01
7.275863736867904663e-02
4.109856486320495605e-01
-7.749400734901428223e-01
7.524964213371276855e-01
-4.490786790847778320e-02
7.670208215713500977e-01
8.816726207733154297e-01
-1.212582811713218689e-01
-7.327262759208679199e-01
-9.618911147117614746e-01
-1.629619956016540527e+00
6.670057773590087891e-01
-8.328309059143066406e-01
-6.358028203248977661e-02
1.359223365783691406e+00
8.648814558982849121e-01
-9.796690344810485840e-01
-1.473042964935302734e+00
6.147044897079467773e-01
3.035713434219360352e-01
6.095953583717346191e-01
2.767007797956466675e-02
2.104950137436389923e-02
1.690471172332763672e-01
-8.512260913848876953e-01
-3.471158072352409363e-02
-5.648323297500610352e-01
6.729908585548400879e-01
6.594818830490112305e-01
-2.233136296272277832e-01
8.242247700691223145e-01
4.848441481590270996e-01
-2.477328777313232422e-01
-4.965908527374267578e-01
1.096167683601379395e+00
-1.572673559188842773e+00
8.539777398109436035e-01
-1.236154913902282715e+00
-2.078244447708129883e+00
-5.769932866096496582e-01
3.669390380382537842e-01
8.356109261512756348e-02
-6.293854713439941406e-01
-4.321464523673057556e-02
-1.469983011484146118e-01
1.376428842544555664e+00
1.420370101928710938e+00
-1.091940045356750488e+00
-1.061599850654602051e+00
1.021791398525238037e-01
-4.455927014350891113e-01
-1.313388705253601074e+00
-1.614049077033996582e-01
1.008016094565391541e-01
1.013649463653564453e+00
-1.212458964437246323e-02
5.891738533973693848e-01
-1.974223554134368896e-01
2.270998239517211914e+00
-5.488730072975158691e-01
-1.609838485717773438e+00
-2.003141939640045166e-01
-5.525962710380554199e-01
4.117747545242309570e-01
6.525962948799133301e-01
2.659373283386230469e-01
5.648047327995300293e-01
-9.917972087860107422e-01
-2.577356100082397461e-01
-7.428339123725891113e-01
-7.479960918426513672e-01
-4.699015319347381592e-01
-1.832339614629745483e-01
1.616028070449829102e+00
-8.600438833236694336e-01
-1.091764330863952637e+00
-1.446505069732666016e+00
1.339472293853759766e+00
1.199806213378906250e+00
1.645615100860595703e+00
9.964517951011657715e-01
6.679638028144836426e-01
3.606924414634704590e-02
1.239480614662170410e+00
-5.932337045669555664e-01
-5.000863075256347656e-01
-2.091943174600601196e-01
1.535320430994033813e-01
1.700125217437744141e+00
-5.385397076606750488e-01
-1.223340988159179688e+00
-2.706569433212280273e-01
9.822263717651367188e-01
1.785809516906738281e+00
8.229701220989227295e-02
-1.337305784225463867e+00
-3.074307739734649658e-01
5.866052508354187012e-01
-8.719824552536010742e-01
-1.023172736167907715e+00
2.741068005561828613e-01
1.899162679910659790e-01
9.465723633766174316e-01
3.641223534941673279e-03
-7.317510843276977539e-01
1.213133335113525391e+00
1.778627991676330566e+00
-5.642158985137939453e-01
6.172125935554504395e-01
-6.101195216178894043e-01
3.251152336597442627e-01
-1.194338083267211914e+00
7.342675328254699707e-01
-2.472634315490722656e-01
-1.836015284061431885e-01
-9.889542460441589355e-01
5.634332299232482910e-01
-2.696017324924468994e-01
-5.908938646316528320e-01
8.660989403724670410e-01
-2.008944034576416016e+00
-1.984894275665283203e-01
-4.493959844112396240e-01
4.654693603515625000e-01
7.834779620170593262e-01
9.451993107795715332e-01
3.596644997596740723e-01
1.704309582710266113e-01
7.488062977790832520e-01
-6.350511908531188965e-01
6.610412001609802246e-01
-2.217906564474105835e-01
-1.928277015686035156e-01
-1.429347872734069824e+00
1.042741656303405762e+00
-1.024087548255920410e+00
-7.114499211311340332e-01
9.725405573844909668e-01
3.536899387836456299e-01
6.615974903106689453e-01
1.124998092651367188e+00
-6.514665205031633377e-03
-6.190041303634643555e-01
-6.442657113075256348e-01
8.363866209983825684e-01
4.394624531269073486e-01
-1.366593360900878906e+00
4.073141217231750488e-01
-1.867232918739318848e+00
4.551253747195005417e-03
-1.209644913673400879e+00
5.534585714340209961e-01
-2.328944057226181030e-01
-1.107492208480834961e+00
4.641852900385856628e-02
-7.595262676477432251e-02
-1.276039719581604004e+00
-1.600818514823913574e+00
1.213834166526794434e+00
-1.333013772964477539e+00
-5.379276275634765625e-01
4.840487837791442871e-01
1.035482436418533325e-01
1.251649498939514160e+00
9.007465839385986328e-01
2.994754314422607422e-01
1.348873138427734375e+00
-1.889341592788696289e+00
-1.321389198303222656e+00
8.443472981452941895e-01
1.067687943577766418e-01
-1.427632942795753479e-02
3.363629817962646484e+00
6.478390097618103027e-01
-7.466473579406738281e-01
1.557031273841857910e-01
1.239681243896484375e+00
8.274670243263244629e-01
-7.790219783782958984e-01
1.341875940561294556e-01
8.171889185905456543e-01
-1.132562518119812012e+00
1.016041398048400879e+00
-1.515200972557067871e+00
8.768324851989746094e-01
-1.054365038871765137e+00
4.990496337413787842e-01
-1.281186044216156006e-01
5.456137657165527344e-01
1.537346243858337402e+00
1.910063177347183228e-01
2.893766462802886963e-01
6.448350548744201660e-01
-7.214866876602172852e-01
-1.657881498336791992e+00
6.129896044731140137e-01
4.380156397819519043e-01
-1.748748660087585449e+00
7.465435862541198730e-01
-1.121188163757324219e+00
3.099325597286224365e-01
-4.691286385059356689e-01
-3.248181045055389404e-01
1.626369357109069824e-01
-1.390049159526824951e-01
-7.843936085700988770e-01
4.182706475257873535e-01
3.895294368267059326e-01
1.861379146575927734e+00
1.442649483680725098e+00
1.098433852195739746e+00
-5.246133804321289062e-01
1.343919336795806885e-01
-1.510132700204849243e-01
-8.979681730270385742e-01
-2.450961112976074219e+00
-1.097319722175598145e-01
1.054771423339843750e+00
5.277683734893798828e-01
3.041582107543945312e-01
1.687061905860900879e+00
1.402043700218200684e+00
4.563529491424560547e-01
-5.445031523704528809e-01
-1.443339824676513672e+00
1.024834394454956055e+00
5.581203103065490723e-01
4.439133405685424805e-01
-1.266532659530639648e+00
2.296384423971176147e-01
-6.446574926376342773e-01
-6.968176960945129395e-01
-8.602396249771118164e-01
1.092241406440734863e+00
-6.612774729728698730e-01
-6.873651146888732910e-01
1.546100616455078125e+00
4.179826080799102783e-01
-2.624359428882598877e-01
-3.985183835029602051e-01
-4.487897455692291260e-01
-1.043943285942077637e+00
1.473462104797363281e+00
-9.434691667556762695e-01
-4.757462441921234131e-01
-1.617118269205093384e-01
5.673155188560485840e-01
1.090180516242980957e+00
-5.719593763351440430e-01
8.906535506248474121e-01
-1.129640340805053711e+00
9.269776940345764160e-01
-1.372059822082519531e+00
2.200200557708740234e-01
-6.890846788883209229e-02
-1.340874910354614258e+00
-8.596024662256240845e-02
1.323292136192321777e+00
-9.262277483940124512e-01
-6.389521956443786621e-01
3.763231262564659119e-02
-1.193676590919494629e+00
1.547450870275497437e-01
2.094867467880249023e+00
-3.518154919147491455e-01
-8.810499310493469238e-01
5.644998550415039062e-01
-2.144741564989089966e-01
-1.914999723434448242e+00
6.098714470863342285e-02
1.762397766113281250e+00
3.950194269418716431e-02
1.652877211570739746e+00
4.812386035919189453e-01
6.178581118583679199e-01
2.242564260959625244e-01
-9.231494665145874023e-01
2.131465911865234375e+00
6.612768769264221191e-01
5.846200585365295410e-01
-8.472129702568054199e-01
-1.407845735549926758e+00
6.418888568878173828e-01
5.034386515617370605e-01
8.347472548484802246e-01
4.977625012397766113e-01
-1.339487880468368530e-01
7.012774348258972168e-01
-3.397774696350097656e-01
-4.160827770829200745e-02
2.850182652473449707e-01
-9.632112830877304077e-02
2.293166875839233398e+00
8.228402584791183472e-02
2.009779214859008789e+00
4.110643267631530762e-01
5.424032807350158691e-01
-1.053334951400756836e+00
2.039547920227050781e+00
-3.638902604579925537e-01
-8.715208768844604492e-01
2.509997785091400146e-01
-4.836112260818481445e-01
6.060388088226318359e-01
7.752697914838790894e-02
-2.395394325256347656e+00
-3.240393102169036865e-01
-1.047690629959106445e+00
-1.457504868507385254e+00
-2.933438122272491455e-01
-5.648761987686157227e-01
8.677367568016052246e-01
5.602267757058143616e-02
-3.255551159381866455e-01
1.870333589613437653e-02
3.273814320564270020e-01
-3.147463798522949219e-01
8.883272409439086914e-01
6.674751043319702148e-01
1.456475734710693359e+00
8.790979534387588501e-02
-5.951796770095825195e-01
-5.665699839591979980e-01
2.212544441223144531e+00
-4.022368788719177246e-01
-1.088715791702270508e+00
1.563236236572265625e+00
1.651898145675659180e+00
-5.179296135902404785e-01
5.309255719184875488e-01
-1.176303029060363770e+00
-8.310929536819458008e-01
-1.657377839088439941e+00
-9.395701289176940918e-01
-2.148663848638534546e-01
1.530670523643493652e+00
8.536870479583740234e-01
-5.383540987968444824e-01
-4.204999804496765137e-01
7.158537507057189941e-01
1.404525525867938995e-02
3.467018306255340576e-01
2.744458317756652832e-01
1.201737597584724426e-01
8.972478657960891724e-02
3.378364443778991699e-01
-2.406190186738967896e-01
3.868257403373718262e-01
5.152242630720138550e-02
-4.220233857631683350e-01
-4.496334791183471680e-01
-3.904344439506530762e-01
-2.813758850097656250e-01
-9.331374764442443848e-01
-1.562288496643304825e-02
-1.685538291931152344e+00
-4.131373763084411621e-01
-1.780420303344726562e+00
-3.178732693195343018e-01
-5.033392906188964844e-01
8.843830227851867676e-01
1.527411103248596191e+00
1.782322824001312256e-01
-1.107553020119667053e-01
1.266309261322021484e+00
2.609705924987792969e-01
-7.036185264587402344e-01
6.808034777641296387e-01
-1.258355140686035156e+00
-1.365020722150802612e-01
-2.520300447940826416e-01
6.999650001525878906e-01
-5.113136023283004761e-02
2.873205542564392090e-01
8.255335092544555664e-01
5.986312031745910645e-01
-1.238367199897766113e+00
-3.588286638259887695e-01
-3.043212294578552246e-01
-4.758742451667785645e-01
1.196957230567932129e+00
-4.030250608921051025e-01
-1.441419601440429688e+00
1.234097003936767578e+00
7.669619321823120117e-01
1.446681469678878784e-01
-7.132554054260253906e-01
1.117323398590087891e+00
3.368804752826690674e-01
-4.522129297256469727e-01
7.270694375038146973e-01
1.209327504038810730e-01
-9.209449291229248047e-01
1.939746439456939697e-01
7.481210827827453613e-01
1.297569036483764648e+00
3.435028195381164551e-01
1.762624382972717285e+00
-1.516622662544250488e+00
-4.585782065987586975e-02
-1.385469079017639160e+00
-1.829897522926330566e+00
4.586697518825531006e-01
1.868412345647811890e-01
-4.295084178447723389e-01
5.782027244567871094e-01
-1.499226927757263184e+00
3.715208768844604492e-01
-9.764128327369689941e-01
5.061189532279968262e-01
-9.967773556709289551e-01
-5.214878916740417480e-01
5.249239206314086914e-01
7.979144901037216187e-02
2.834634184837341309e-01
-6.753644347190856934e-01
-3.324086070060729980e-01
4.284422397613525391e-01
5.600081086158752441e-01
7.068533301353454590e-01
-4.950937628746032715e-01
-4.008164703845977783e-01
2.473324835300445557e-01
-2.642024755477905273e-01
-3.795274794101715088e-01
-7.374115288257598877e-02
-1.270867586135864258e+00
-1.263253450393676758e+00
6.917188763618469238e-01
7.022070288658142090e-01
-9.184449911117553711e-01
1.271897405385971069e-01
1.650170326232910156e+00
-1.144612073898315430e+00
-9.208394885063171387e-01
9.008167386054992676e-01
9.689017385244369507e-02
-4.977029860019683838e-01
-1.029469847679138184e+00
-3.964007496833801270e-01
-6.591247916221618652e-01
9.987091422080993652e-01
-1.172336339950561523e+00
4.010171592235565186e-01
-1.232330560684204102e+00
-1.356525719165802002e-01
-5.122971534729003906e-01
-1.382658332586288452e-01
7.930755019187927246e-01
-3.733543455600738525e-01
9.367827773094177246e-01
-3.987033292651176453e-02
-3.709997832775115967e-01
1.326268672943115234e+00
4.737168550491333008e-01
2.372944168746471405e-02
-1.297259330749511719e+00
-1.323190331459045410e+00
-6.287239491939544678e-02
8.284981250762939453e-01
-7.786605358123779297e-01
1.240024805068969727e+00
-3.525687754154205322e-01
-1.519114017486572266e+00
3.950679004192352295e-01
-5.339918136596679688e-01
-1.212323665618896484e+00
7.127345204353332520e-01
1.188816800713539124e-01
7.718696445226669312e-02
6.569700837135314941e-01
7.375596165657043457e-01
1.538250923156738281e+00
2.238202653825283051e-02
3.988819718360900879e-01
1.360185742378234863e-01
-2.210962295532226562e+00
-5.499069094657897949e-01
-1.073102593421936035e+00
-1.306152939796447754e-01
-1.309881210327148438e+00
-1.102898120880126953e+00
4.719922244548797607e-01
-6.032256484031677246e-01
-1.463996052742004395e+00
8.718052506446838379e-01
1.881514787673950195e-01
5.050619244575500488e-01
7.527230978012084961e-01
1.481570750474929810e-01
-1.290563106536865234e+00
-1.379135370254516602e+00
-1.183591604232788086e+00
-2.658753693103790283e-01
-4.593850374221801758e-01
-1.281817555427551270e+00
-3.148322999477386475e-01
-6.616791337728500366e-02
-3.998327851295471191e-01
-6.606994867324829102e-01
-1.336539745330810547e+00
-6.164044737815856934e-01
-1.152075380086898804e-01
-4.909272119402885437e-02
-6.630225777626037598e-01
-1.954409837722778320e+00
5.857967734336853027e-01
1.350867450237274170e-01
1.769096612930297852e+00
-1.478498876094818115e-01
-7.433001399040222168e-01
-1.566399216651916504e+00
3.189187347888946533e-01
4.880959391593933105e-01
6.945731490850448608e-02
-1.304260194301605225e-01
9.670543670654296875e-01
-7.917551398277282715e-01
-1.844581961631774902e+00
-1.147852301597595215e+00
1.171156018972396851e-01
-4.537101089954376221e-01
1.155575156211853027e+00
1.596305668354034424e-01
-2.385263890027999878e-01
9.476491212844848633e-01
-2.445852041244506836e+00
5.460651516914367676e-01
-1.086653590202331543e+00
1.031542062759399414e+00
1.155187636613845825e-01
1.644658297300338745e-01
1.610430240631103516e+00
-1.741522192955017090e+00
4.886758327484130859e-01
5.914032459259033203e-01
-3.508001863956451416e-01
9.679595828056335449e-01
2.483411580324172974e-01
8.956960439682006836e-01
-1.003891825675964355e-01
6.616205573081970215e-01
-2.975355684757232666e-01
6.168213486671447754e-01
-1.623307824134826660e+00
4.785100519657135010e-01
-1.653959989547729492e+00
-1.062568783760070801e+00
2.897664308547973633e-01
2.781335353851318359e+00
1.144672110676765442e-01
-3.293919861316680908e-01
7.643933296203613281e-01
-2.151002734899520874e-01
-6.265494227409362793e-01
1.011142954230308533e-01
-5.470382571220397949e-01
-1.063124418258666992e+00
3.653565421700477600e-02
-1.100359857082366943e-01
-4.521736204624176025e-01
-1.002050280570983887e+00
6.025261282920837402e-01
9.237344264984130859e-01
-8.818770647048950195e-01
-5.693844333291053772e-02
-2.294013649225234985e-01
-5.168787837028503418e-01
4.415480494499206543e-01
8.825539946556091309e-01
2.403263896703720093e-01
-6.773306056857109070e-03
-8.942874073982238770e-01
-6.456189751625061035e-01
6.578797101974487305e-02
1.893815249204635620e-01
5.848337411880493164e-01
2.094671249389648438e+00
9.527769088745117188e-01
-4.252596795558929443e-01
6.001134514808654785e-01
-8.606074452400207520e-01
7.909664511680603027e-01
-8.852383494377136230e-02
-2.611679732799530029e-01
-9.928540587425231934e-01
-9.326217323541641235e-02
1.084054946899414062e+00
-8.550053834915161133e-02
4.879845380783081055e-01
-6.702957749366760254e-01
-3.950729966163635254e-01
1.714373230934143066e+00
9.744118452072143555e-01
-8.765303343534469604e-02
-7.970175743103027344e-01
3.563559651374816895e-01
-1.020418405532836914e+00
9.518669247627258301e-01
1.535877346992492676e+00
-8.439016342163085938e-01
8.748918175697326660e-01
-1.145585536956787109e+00
1.317370653152465820e+00
3.541541993618011475e-01
-2.740466035902500153e-02
4.236071109771728516e-01
5.672641396522521973e-01
4.081159532070159912e-01
-3.864250779151916504e-01
1.110901713371276855e+00
-1.394965499639511108e-01
-2.141252279281616211e+00
7.570623159408569336e-01
-1.965774148702621460e-01
4.302974939346313477e-01
6.206840276718139648e-01
-1.093936562538146973e+00
-1.911305785179138184e+00
-1.776989083737134933e-03
9.744126796722412109e-01
-1.228477954864501953e+00
1.135872125625610352e+00
-5.145242810249328613e-01
-1.382757186889648438e+00
-4.267408326268196106e-02
-2.995473444461822510e-01
4.328618049621582031e-01
-3.913806378841400146e-01
2.661474863998591900e-04
-4.851102530956268311e-01
-1.481028497219085693e-01
1.672122478485107422e+00
-1.028323054313659668e+00
3.201830983161926270e-01
-1.404166460037231445e+00
-2.160509377717971802e-01
4.299927353858947754e-01
4.710438102483749390e-02
-1.617393791675567627e-01
1.015365958213806152e+00
9.897447824478149414e-01
6.748697757720947266e-01
9.102616310119628906e-01
-5.642821267247200012e-02
-8.503889441490173340e-01
1.540676116943359375e+00
1.283900856971740723e+00
1.274332255125045776e-01
-9.928268790245056152e-01
1.176049590110778809e+00
1.003138273954391479e-01
1.272141933441162109e+00
5.705780386924743652e-01
8.036381602287292480e-01
-1.082588195800781250e+00
-1.575673371553421021e-01
-5.381601452827453613e-01
-1.545812845230102539e+00
9.418510794639587402e-01
-1.570712566375732422e+00
5.148400664329528809e-01
-4.406624734401702881e-01
7.760252952575683594e-01
-2.127713859081268311e-01
1.154845356941223145e-01
4.761867821216583252e-01
9.841816425323486328e-01
6.038425564765930176e-01
4.503653943538665771e-02
-9.894592165946960449e-01
5.587570667266845703e-01
