1.359009385108947754e+00
5.297865271568298340e-01
2.414416223764419556e-01
-3.676467239856719971e-01
-8.576403856277465820e-01
-8.350493907928466797e-01
2.439912855625152588e-01
-2.002204209566116333e-01
-1.733113169670104980e+00
-1.307637453079223633e+00
4.408158361911773682e-01
-1.398414134979248047e+00
1.305210590362548828e+00
6.054671108722686768e-02
-8.188056349754333496e-01
-4.345931708812713623e-01
-4.130969196557998657e-02
3.177389204502105713e-01
2.283325195312500000e-01
7.729786634445190430e-02
-2.437619119882583618e-02
-1.199760198593139648e+00
7.153508067131042480e-02
-8.124286532402038574e-01
1.299225568771362305e+00
9.836061596870422363e-01
4.525311291217803955e-01
6.693055629730224609e-01
-1.385258913040161133e+00
2.583646476268768311e-01
-1.688368558883666992e+00
6.129226684570312500e-01
-1.098122954368591309e+00
-1.628594994544982910e-01
-5.451536774635314941e-01
4.390690028667449951e-01
-4.432729482650756836e-01
-2.662394046783447266e+00
2.650612732395529747e-03
3.006895482540130615e-01
-1.380816221237182617e+00
-1.572026014328002930e+00
-3.469519913196563721e-01
-4.919355213642120361e-01
1.170860886573791504e+00
1.012429833412170410e+00
-3.132116198539733887e-01
7.966668009757995605e-01
2.566305398941040039e-01
1.452112793922424316e+00
-3.092699944972991943e-01
-5.579008460044860840e-01
-7.682158350944519043e-01
1.398761391639709473e+00
2.973827123641967773e-01
-7.418999075889587402e-01
-1.114845648407936096e-02
-9.127074480056762695e-02
4.812831580638885498e-01
-4.474810063838958740e-01
-7.324665188789367676e-01
2.698033452033996582e-01
9.247825145721435547e-01
-8.889849483966827393e-02
1.021193742752075195e+00
-2.946731150150299072e-01
5.851236581802368164e-01
-2.726438045501708984e-01
8.640426993370056152e-01
-2.182646989822387695e+00
-3.171398341655731201e-01
1.180353999137878418e+00
-2.831153571605682373e-01
-5.615553259849548340e-01
-5.738956928253173828e-01
5.716184973716735840e-01
4.232106208801269531e-01
4.209384620189666748e-01
1.000181660056114197e-01
2.057932853698730469e+00
8.176714181900024414e-01
6.082308888435363770e-01
-2.111052513122558594e+00
-1.362437456846237183e-01
1.223481670022010803e-01
-3.716903924942016602e-01
-7.556158900260925293e-01
-8.483398556709289551e-01
-5.996766686439514160e-01
-5.668475627899169922e-01
-6.996260881423950195e-01
-1.679634094238281250e+00
-3.063484728336334229e-01
7.376748919486999512e-01
-8.284836411476135254e-01
5.615455508232116699e-01
-1.374691873788833618e-01
2.159216403961181641e-01
-2.322829663753509521e-01
-4.008930623531341553e-01
3.186383545398712158e-01
1.423910617828369141e+00
8.843370676040649414e-01
2.040392756462097168e-01
-8.604126572608947754e-01
-6.256774663925170898e-01
-1.429302334785461426e+00
3.564352095127105713e-01
-4.126068949699401855e-01
-4.439237415790557861e-01
7.729048728942871094e-01
1.615818738937377930e+00
-7.596964836120605469e-01
-1.449962496757507324e+00
-3.338553905487060547e-01
7.803292870521545410e-01
-4.604979455471038818e-01
-2.217971719801425934e-02
7.896028757095336914e-01
9.052124023437500000e-01
6.275052577257156372e-02
1.259311795234680176e+00
-3.259885013103485107e-01
2.441289275884628296e-01
4.515486061573028564e-01
-3.464503884315490723e-01
2.721534669399261475e-01
6.881822943687438965e-01
-5.106562376022338867e-01
-6.685371398925781250e-01
6.322925090789794922e-01
-8.988600969314575195e-01
6.081469058990478516e-01
-1.236186861991882324e+00
-1.935655355453491211e+00
-5.702345967292785645e-01
-8.039172738790512085e-02
-1.823555827140808105e-01
-1.148774981498718262e+00
7.048121094703674316e-01
-5.399635061621665955e-02
3.678638041019439697e-01
9.671820402145385742e-01
-7.019230127334594727e-01
-1.520593523979187012e+00
4.912789762020111084e-01
-1.281048059463500977e-01
-9.363690614700317383e-01
-1.066228896379470825e-01
-6.195477247238159180e-01
1.467326998710632324e+00
-3.420287668704986572e-01
7.697095870971679688e-01
-4.855021238327026367e-01
1.312848925590515137e+00
-1.235342502593994141e+00
-1.315409064292907715e+00
-3.249398767948150635e-01
-5.638084560632705688e-02
9.060221314430236816e-01
3.149879872798919678e-01
4.743268191814422607e-01
-7.000900804996490479e-02
-6.437935829162597656e-01
5.035267770290374756e-02
-1.165947318077087402e+00
-1.658149719238281250e+00
-1.469363421201705933e-01
3.819218873977661133e-01
1.015984416007995605e+00
-9.306371212005615234e-01
-1.700625419616699219e+00
-1.713690996170043945e+00
1.162962436676025391e+00
9.074659347534179688e-01
1.100460052490234375e+00
-2.674949169158935547e-01
1.251451373100280762e-01
-4.461154341697692871e-01
9.913699030876159668e-01
-4.461904168128967285e-01
-1.003812432289123535e+00
-4.964764118194580078e-01
5.706641674041748047e-01
1.373258590698242188e+00
-2.158515155315399170e-01
-9.913902878761291504e-01
1.740156263113021851e-01
1.145884871482849121e+00
1.189671635627746582e+00
2.818070650100708008e-01
-5.524312257766723633e-01
-8.077183365821838379e-01
1.063458442687988281e+00
-4.190831780433654785e-01
-7.525598406791687012e-01
-3.705301880836486816e-01
-2.378972023725509644e-01
2.214736938476562500e-01
-2.139218151569366455e-01
-1.817546188831329346e-01
1.314362287521362305e+00
1.399873375892639160e+00
-8.091599345207214355e-01
7.390273213386535645e-01
-4.082530438899993896e-01
2.018290758132934570e-01
-1.918050646781921387e+00
1.066447377204895020e+00
-6.620594859123229980e-01
-4.615551829338073730e-01
-7.550326585769653320e-01
2.847709953784942627e-01
5.184299945831298828e-01
-9.825333952903747559e-01
6.931882817298173904e-03
-4.287134110927581787e-02
-1.534226089715957642e-01
-4.848034307360649109e-02
6.807718873023986816e-01
4.528413712978363037e-01
4.993362724781036377e-01
7.405527234077453613e-01
4.651989340782165527e-01
2.040825188159942627e-01
4.350918531417846680e-01
6.230445504188537598e-01
3.317102557048201561e-03
-3.250714540481567383e-01
-1.318703532218933105e+00
-3.131411224603652954e-02
-4.949004352092742920e-01
-1.300494313240051270e+00
1.225843667984008789e+00
-4.160859063267707825e-02
4.952000975608825684e-01
7.203958034515380859e-01
1.775740273296833038e-02
-9.350731372833251953e-01
-8.054845035076141357e-02
9.644665718078613281e-01
1.584276258945465088e-01
-1.223120927810668945e+00
5.486918687820434570e-01
-1.405826568603515625e+00
4.246748983860015869e-01
-1.193292379379272461e+00
-1.428694464266300201e-02
3.228660225868225098e-01
-1.270172715187072754e+00
-4.056461751461029053e-01
-7.568305134773254395e-01
-1.481405854225158691e+00
-1.163885712623596191e+00
1.000338912010192871e+00
-9.175624251365661621e-01
5.793796777725219727e-01
-3.794084489345550537e-02
5.829849094152450562e-02
7.151461243629455566e-01
7.295156121253967285e-01
2.160433977842330933e-01
1.407954692840576172e+00
-1.523565530776977539e+00
-1.492807149887084961e+00
7.181162238121032715e-01
6.454063653945922852e-01
-4.454141557216644287e-01
3.320953845977783203e+00
8.784768581390380859e-01
-7.236657738685607910e-01
9.193843603134155273e-01
8.779079914093017578e-01
1.393429517745971680e+00
-7.576847076416015625e-01
4.781206846237182617e-01
3.409106731414794922e-01
-1.192746043205261230e+00
5.657644867897033691e-01
-1.629933953285217285e+00
5.916647315025329590e-01
-1.237300276756286621e+00
8.896434903144836426e-01
-2.945790626108646393e-02
5.417194366455078125e-01
1.298661947250366211e+00
-4.356030374765396118e-02
3.367330729961395264e-01
-4.850779771804809570e-01
-6.285561323165893555e-01
-1.977571725845336914e+00
5.016244649887084961e-01
3.997727930545806885e-01
-1.408382892608642578e+00
1.344301462173461914e+00
-1.478494524955749512e+00
1.672025322914123535e-01
-5.398264527320861816e-01
-1.157929971814155579e-01
8.235750198364257812e-01
-2.048533260822296143e-01
-5.444180965423583984e-01
-1.120304912328720093e-01
5.798299908638000488e-01
2.127500772476196289e+00
4.099282920360565186e-01
7.666816115379333496e-01
-1.170219257473945618e-01
-6.240976452827453613e-01
-3.069187700748443604e-01
-1.259043812751770020e+00
-2.480685710906982422e+00
-3.860347867012023926e-01
1.167918920516967773e+00
3.014983534812927246e-01
3.867882490158081055e-01
1.024137258529663086e+00
6.258954405784606934e-01
8.021917343139648438e-01
-2.513313293457031250e-01
-9.550530910491943359e-01
1.252183079719543457e+00
4.203316271305084229e-01
6.260325312614440918e-01
-7.428071498870849609e-01
1.585480868816375732e-01
-5.784698724746704102e-01
-3.646157085895538330e-01
-1.832390874624252319e-01
7.565364837646484375e-01
7.249291539192199707e-01
-2.834964096546173096e-01
1.395249247550964355e+00
8.001462817192077637e-01
2.512290179729461670e-01
-4.574060142040252686e-01
-2.100360691547393799e-01
-9.291127920150756836e-01
1.903029322624206543e+00
-3.505259156227111816e-01
-4.183787107467651367e-01
-6.057593598961830139e-02
4.947499930858612061e-01
5.074750185012817383e-01
2.229770869016647339e-01
1.119066119194030762e+00
-2.122852802276611328e+00
7.535605430603027344e-01
-1.733245849609375000e+00
-6.510497331619262695e-01
-7.507258653640747070e-01
-8.158197999000549316e-01
1.701884530484676361e-02
2.586333453655242920e-01
-6.098026037216186523e-01
4.558627679944038391e-02
2.103648334741592407e-02
-7.279905080795288086e-01
4.531451463699340820e-01
1.193648338317871094e+00
1.876177936792373657e-01
-6.767909526824951172e-01
-1.462805122137069702e-01
-5.673395991325378418e-01
-2.004468679428100586e+00
2.388857752084732056e-01
2.260516405105590820e+00
4.012973308563232422e-01
9.928434491157531738e-01
1.359593629837036133e+00
3.549871742725372314e-01
-1.054110899567604065e-01
-1.026086449623107910e+00
1.972581982612609863e+00
6.275023818016052246e-01
1.964806467294692993e-01
-1.060841321945190430e+00
-1.508533000946044922e+00
9.750943630933761597e-02
9.430108666419982910e-01
1.158049345016479492e+00
3.097271919250488281e-01
1.799782514572143555e-01
4.626459777355194092e-01
-6.986462473869323730e-01
-3.917330503463745117e-01
-4.118103086948394775e-01
-3.973075449466705322e-01
1.168296217918395996e+00
3.535041511058807373e-01
1.185868144035339355e+00
1.521045565605163574e-01
3.282753229141235352e-01
-9.760808348655700684e-01
2.101167440414428711e+00
4.141046404838562012e-01
-8.941035270690917969e-01
3.242233395576477051e-01
-5.757911205291748047e-01
1.171996951103210449e+00
4.317580759525299072e-01
-8.323950171470642090e-01
3.163846954703330994e-02
-9.831309914588928223e-01
-1.183453321456909180e+00
5.166232213377952576e-02
-2.970459163188934326e-01
1.049325466156005859e+00
-5.779825523495674133e-02
-1.019555330276489258e+00
1.996031552553176880e-01
-3.616755008697509766e-01
-9.086309075355529785e-01
6.809394359588623047e-01
8.090369105339050293e-01
1.446288585662841797e+00
-5.070891976356506348e-01
2.959003150463104248e-01
-6.171717643737792969e-01
1.884447813034057617e+00
-9.538094997406005859e-01
-8.767001628875732422e-01
9.593510627746582031e-01
1.784643292427062988e+00
-5.998504161834716797e-01
1.347874999046325684e-01
-5.477537512779235840e-01
4.832322895526885986e-02
-2.019230127334594727e+00
-8.439501523971557617e-01
-1.991425454616546631e-01
1.388674736022949219e+00
1.310144901275634766e+00
-6.957000494003295898e-01
-4.304042756557464600e-01
3.586628139019012451e-01
4.571855366230010986e-01
2.385982275009155273e-01
2.922495007514953613e-01
8.263552188873291016e-01
7.251838445663452148e-01
-1.501722633838653564e-01
-6.222161650657653809e-01
5.889674425125122070e-01
-6.256135106086730957e-01
-7.051898837089538574e-01
7.400521636009216309e-02
5.963491797447204590e-01
-2.160463482141494751e-01
-7.275601029396057129e-01
-1.020294547080993652e+00
-1.077797532081604004e+00
-3.059031963348388672e-01
-1.033171296119689941e+00
-5.376715064048767090e-01
-1.028086900711059570e+00
1.020713210105895996e+00
1.740307211875915527e+00
-2.144688367843627930e-01
-6.870906949043273926e-01
1.062957167625427246e+00
-9.157633781433105469e-02
-5.774505734443664551e-01
7.116100192070007324e-01
-1.068273186683654785e+00
-6.342113018035888672e-02
-6.809713244438171387e-01
4.415903687477111816e-01
4.316491261124610901e-02
3.049296140670776367e-01
2.348086386919021606e-01
7.427358627319335938e-01
-5.736224651336669922e-01
-1.882061511278152466e-01
2.925522327423095703e-01
-7.772243022918701172e-01
9.600196480751037598e-01
1.645134985446929932e-01
-1.480510592460632324e+00
1.501136898994445801e+00
8.460229635238647461e-01
1.906659156084060669e-01
-1.556425571441650391e+00
1.722209572792053223e+00
1.331082731485366821e-01
-2.845315635204315186e-01
9.662106037139892578e-01
1.173807233572006226e-01
4.643517434597015381e-01
-3.086922168731689453e-01
6.466903090476989746e-01
1.149578213691711426e+00
2.576961815357208252e-01
7.019459605216979980e-01
-9.660413265228271484e-01
5.269240140914916992e-01
-1.125832676887512207e+00
-2.418138027191162109e+00
-3.738684654235839844e-01
1.367643177509307861e-01
-7.102150917053222656e-01
-3.067694008350372314e-01
-9.627939462661743164e-01
4.185428619384765625e-01
-5.353721380233764648e-01
2.182847857475280762e-01
-7.828530669212341309e-01
-3.320222795009613037e-01
4.044134318828582764e-01
2.154528796672821045e-01
6.777739524841308594e-01
-1.265230625867843628e-01
-3.297614753246307373e-01
-3.487421870231628418e-01
8.723238706588745117e-01
8.288214206695556641e-01
-2.602456510066986084e-01
-4.462791085243225098e-01
2.900062799453735352e-01
-2.023992091417312622e-01
-3.103414177894592285e-01
-7.907586693763732910e-01
-1.688652157783508301e+00
-1.133577704429626465e+00
4.488074406981468201e-02
1.359799981117248535e+00
-6.623184084892272949e-01
4.657772779464721680e-01
1.305173635482788086e+00
-9.043089747428894043e-01
-5.519660711288452148e-01
-1.674613356590270996e-01
2.021339684724807739e-01
-3.309648036956787109e-01
-7.954145669937133789e-01
-6.576278805732727051e-01
-1.057518366724252701e-02
3.985684216022491455e-01
-1.529423832893371582e+00
-2.747474610805511475e-01
-7.729679942131042480e-01
-2.937310561537742615e-02
-9.133807420730590820e-01
-8.663322776556015015e-02
1.139566183090209961e+00
-7.391850948333740234e-01
1.015707373619079590e+00
-1.438721083104610443e-02
-7.645862698554992676e-01
8.684983849525451660e-01
5.853116512298583984e-01
5.118554234504699707e-01
-7.884463667869567871e-01
-1.213688254356384277e+00
1.392288208007812500e+00
8.411018252372741699e-01
-6.237105727195739746e-01
1.323119401931762695e+00
-3.854687213897705078e-01
-1.465500950813293457e+00
3.653091490268707275e-01
9.961946606636047363e-01
-1.296131134033203125e+00
6.221877336502075195e-01
-8.371548354625701904e-02
5.746522918343544006e-02
9.324266910552978516e-01
1.022955060005187988e+00
1.154359459877014160e+00
-7.349682599306106567e-02
9.342799186706542969e-01
-6.872110962867736816e-01
-1.538611292839050293e+00
-9.914312958717346191e-01
-1.180526614189147949e-01
1.055301949381828308e-01
-7.852449417114257812e-01
-5.329075455665588379e-01
3.649677634239196777e-01
-6.167065501213073730e-01
-1.153608918190002441e+00
-8.153558522462844849e-02
2.793553471565246582e-01
1.183633327484130859e+00
1.411993503570556641e+00
4.074405729770660400e-01
-6.956593394279479980e-01
-1.961303830146789551e+00
-1.701412796974182129e+00
2.814319133758544922e-01
-6.690293550491333008e-02
-6.742349267005920410e-01
-3.084131777286529541e-01
-1.127980723977088928e-01
-6.291038393974304199e-01
-1.891916751861572266e+00
-8.906359672546386719e-01
2.911051511764526367e-01
1.682554632425308228e-01
-5.097682476043701172e-01
-2.075455635786056519e-01
-2.240175485610961914e+00
8.628845214843750000e-01
2.486475557088851929e-01
1.804089784622192383e+00
-4.286061823368072510e-01
-6.553264260292053223e-01
-8.809296488761901855e-01
6.512830406427383423e-02
3.244550228118896484e-01
-4.304476380348205566e-01
-2.989188730716705322e-01
5.813632011413574219e-01
-7.071767449378967285e-01
-1.554320096969604492e+00
-1.993235051631927490e-01
1.450698673725128174e-01
-8.629292845726013184e-01
1.495359182357788086e+00
3.839135468006134033e-01
-5.286479592323303223e-01
1.041927814483642578e+00
-2.400544166564941406e+00
2.400116622447967529e-01
-4.256099760532379150e-01
9.294263720512390137e-01
3.396545350551605225e-01
2.626712918281555176e-01
1.027283191680908203e+00
-1.319094896316528320e+00
8.753913044929504395e-01
9.062222242355346680e-01
1.170795917510986328e+00
1.282735109329223633e+00
7.607343792915344238e-01
4.889689013361930847e-02
1.342471688985824585e-01
2.672172486782073975e-01
-1.094458580017089844e+00
6.024976372718811035e-01
-1.380765914916992188e+00
4.973862171173095703e-01
-1.015903472900390625e+00
-2.230413407087326050e-01
-1.807738840579986572e-01
2.783051967620849609e+00
-8.159422874450683594e-01
-4.727820158004760742e-01
5.738495588302612305e-01
-1.033978939056396484e+00
-1.573149442672729492e+00
-7.304185032844543457e-01
-2.036622166633605957e-01
2.640407681465148926e-01
1.524040549993515015e-01
-7.099111676216125488e-01
-7.157946228981018066e-01
-6.388895511627197266e-01
8.640017509460449219e-01
6.638502478599548340e-01
-2.786786295473575592e-02
1.103020086884498596e-01
1.052683144807815552e-01
-1.183519482612609863e+00
1.145781204104423523e-01
8.801678419113159180e-01
-9.091313183307647705e-02
4.966015219688415527e-01
-3.672805055975914001e-02
-5.609928369522094727e-01
4.297074377536773682e-01
-1.333836764097213745e-01
2.276473939418792725e-01
1.919850826263427734e+00
1.428226232528686523e+00
-8.783386945724487305e-01
1.586981564760208130e-01
-8.819772005081176758e-01
1.346195220947265625e+00
5.135475993156433105e-01
-1.859131008386611938e-01
-8.503246307373046875e-01
-5.225236061960458755e-03
8.248063325881958008e-01
-4.334690868854522705e-01
8.116467855870723724e-03
-7.237722277641296387e-01
-5.092847943305969238e-01
2.139177620410919189e-01
1.039704203605651855e+00
1.873287111520767212e-01
-8.019836544990539551e-01
3.494024872779846191e-01
-1.066951036453247070e+00
6.797541975975036621e-01
1.251919627189636230e+00
-5.503027439117431641e-01
7.134394645690917969e-01
-9.402669072151184082e-01
1.378732204437255859e+00
6.951404213905334473e-01
-1.468477398157119751e-01
-2.825631201267242432e-02
3.628613948822021484e-01
-6.087120994925498962e-02
-1.216949373483657837e-01
3.124677836894989014e-01
3.372255265712738037e-01
-1.202139019966125488e+00
8.007196336984634399e-02
4.114694297313690186e-01
-1.131339594721794128e-01
8.223317265510559082e-01
-1.068663954734802246e+00
-1.902961134910583496e+00
-4.301177263259887695e-01
7.969381213188171387e-01
-1.546030998229980469e+00
8.012828230857849121e-01
-1.432910799980163574e+00
-5.161266326904296875e-01
3.874101936817169189e-01
1.644411007873713970e-03
-4.005187749862670898e-02
-4.531272053718566895e-01
1.006805449724197388e-01
1.423303484916687012e-01
9.187525510787963867e-01
1.325776338577270508e+00
-1.928444653749465942e-01
3.005116283893585205e-01
-1.533581018447875977e+00
-3.267323598265647888e-02
4.034056663513183594e-01
-1.856812089681625366e-02
3.668673932552337646e-01
7.156083583831787109e-01
3.340667784214019775e-01
3.515071272850036621e-01
1.675655096769332886e-01
2.103513032197952271e-01
-9.501459598541259766e-01
2.015277147293090820e-01
1.336884021759033203e+00
-1.777672320604324341e-01
-1.362560987472534180e+00
7.303972840309143066e-01
-6.834694147109985352e-01
1.331846594810485840e+00
1.520902812480926514e-01
1.279432177543640137e+00
-2.285396307706832886e-01
-4.081533253192901611e-01
-5.144602656364440918e-01
-1.675446033477783203e+00
5.852862596511840820e-01
-1.113277435302734375e+00
-6.117165088653564453e-01
-1.723544597625732422e-01
6.775048971176147461e-01
-6.393062323331832886e-02
-4.357584118843078613e-01
2.189078778028488159e-01
1.147126674652099609e+00
9.989851117134094238e-01
4.407550990581512451e-01
-3.856385052204132080e-01
-1.159088164567947388e-01
