6.309081315994262695e-01
-1.529650688171386719e-01
2.251992523670196533e-01
-5.513334870338439941e-01
-1.346527576446533203e+00
-1.207164406776428223e+00
1.734143644571304321e-01
8.517797589302062988e-01
-1.709186315536499023e+00
-1.638834357261657715e+00
8.823890089988708496e-01
-1.597366690635681152e+00
8.693361878395080566e-01
3.224267959594726562e-01
-8.825767636299133301e-01
-2.133273482322692871e-01
-6.562414169311523438e-01
4.069744944572448730e-01
5.707012861967086792e-02
4.018024206161499023e-01
7.958568632602691650e-03
-1.032695531845092773e+00
1.537455797195434570e+00
-4.495914876461029053e-01
1.097417950630187988e+00
1.057004809379577637e+00
2.436974942684173584e-01
1.625954985618591309e+00
-1.708811163902282715e+00
8.563886880874633789e-01
3.418232500553131104e-01
-9.341263771057128906e-02
-2.316748857498168945e+00
-2.059651911258697510e-02
3.830482661724090576e-01
1.625614315271377563e-01
-8.343430757522583008e-01
-2.704285383224487305e+00
6.216195598244667053e-02
7.190449237823486328e-01
-1.185212612152099609e+00
-1.108000636100769043e+00
-5.086669921875000000e-01
-7.192225456237792969e-01
8.899918198585510254e-01
8.724603652954101562e-01
3.831624388694763184e-01
3.663780391216278076e-01
4.531516432762145996e-01
5.295587778091430664e-01
-5.968633890151977539e-01
-3.581497073173522949e-01
-2.180894911289215088e-01
6.808657050132751465e-01
3.802531063556671143e-01
-2.298681497573852539e+00
-4.773350954055786133e-01
3.106952011585235596e-01
6.633318662643432617e-01
-8.272452279925346375e-03
-7.107851505279541016e-01
8.913185596466064453e-01
1.399890780448913574e+00
3.330661356449127197e-01
1.289705395698547363e+00
5.454580858349800110e-02
2.617236971855163574e-01
-2.242659926414489746e-01
4.394253790378570557e-01
-9.296599626541137695e-01
-3.494318723678588867e-01
-3.209179937839508057e-01
3.284597769379615784e-02
-5.749680995941162109e-01
-3.169303536415100098e-01
1.957522869110107422e+00
4.159280657768249512e-01
7.718647718429565430e-01
-3.106508255004882812e-01
7.836703658103942871e-01
6.664835214614868164e-01
5.322030186653137207e-01
-6.749283671379089355e-01
-9.118525385856628418e-01
5.657522678375244141e-01
2.554860413074493408e-01
-8.099597692489624023e-01
4.800833165645599365e-01
-5.447406768798828125e-01
-6.352400779724121094e-01
-5.189768671989440918e-01
-1.049426555633544922e+00
3.801595866680145264e-01
1.168006181716918945e+00
-1.698476225137710571e-01
6.917310953140258789e-01
5.593988299369812012e-01
6.395258903503417969e-01
-1.265899777412414551e+00
1.770229041576385498e-01
3.560096323490142822e-01
7.570210099220275879e-01
1.331215143203735352e+00
-4.710292071104049683e-02
-3.406358659267425537e-01
-1.229057192802429199e+00
-1.533822774887084961e+00
7.158871293067932129e-01
6.588119864463806152e-01
2.730088531970977783e-01
7.616221904754638672e-01
8.333107233047485352e-01
-1.166187882423400879e+00
-1.098492503166198730e+00
7.795448899269104004e-01
3.269612193107604980e-01
-3.557706475257873535e-01
-1.295929431915283203e+00
-5.868965983390808105e-01
1.405789613723754883e+00
-1.599185019731521606e-01
5.704535245895385742e-01
-2.981968224048614502e-01
1.921193301677703857e-01
7.576065510511398315e-02
-4.130184054374694824e-01
2.277977168560028076e-01
4.047711789608001709e-01
-1.593575716018676758e+00
-9.273728132247924805e-01
5.561416149139404297e-01
-1.116111397743225098e+00
8.880147337913513184e-01
-1.368318438529968262e+00
-2.984081268310546875e+00
-4.676260352134704590e-01
-3.105828762054443359e-01
7.203405499458312988e-01
-1.555016487836837769e-01
5.543021559715270996e-01
-1.068130601197481155e-02
1.109075307846069336e+00
4.147079586982727051e-01
-6.336395740509033203e-01
-2.006721973419189453e+00
6.497771143913269043e-01
1.530108004808425903e-01
-1.365924477577209473e+00
-1.213412880897521973e+00
3.195479214191436768e-01
7.218685746192932129e-01
-2.596399188041687012e-01
1.495372802019119263e-01
-5.083516836166381836e-01
1.444452404975891113e+00
-6.389068961143493652e-01
-1.558597087860107422e+00
-6.337386555969715118e-03
-3.387056291103363037e-01
2.575199007987976074e-01
2.748899459838867188e-01
-4.982577562332153320e-01
-8.472058176994323730e-02
-6.541267633438110352e-01
2.252577058970928192e-02
-1.315532207489013672e+00
-1.671430468559265137e-01
4.599545300006866455e-01
-4.167930036783218384e-02
5.610556006431579590e-01
-7.815493345260620117e-01
-2.490673065185546875e+00
-1.309643149375915527e+00
1.099814772605895996e+00
1.111798405647277832e+00
1.178417325019836426e+00
6.256548166275024414e-01
1.835630685091018677e-01
-5.502341389656066895e-01
1.297986507415771484e+00
-3.704921901226043701e-01
-1.544106602668762207e-01
-6.375294923782348633e-01
3.815043345093727112e-02
1.242878198623657227e+00
-6.052958965301513672e-01
-1.285578012466430664e+00
-2.630341947078704834e-01
1.254817247390747070e+00
9.354220032691955566e-01
8.931611776351928711e-01
-6.305752396583557129e-01
-8.084431290626525879e-01
1.191038846969604492e+00
-4.065129458904266357e-01
-1.593077331781387329e-01
1.026731371879577637e+00
1.321529448032379150e-01
1.094345927238464355e+00
-4.436889290809631348e-01
1.874084174633026123e-01
1.881817460060119629e+00
2.088029623031616211e+00
-8.059483170509338379e-01
3.429866731166839600e-01
-7.749971747398376465e-01
8.512390851974487305e-01
-1.362658500671386719e+00
5.035501718521118164e-01
-7.469182014465332031e-01
-1.982775181531906128e-01
-3.471509516239166260e-01
2.444725781679153442e-01
1.120703890919685364e-01
-7.685944437980651855e-01
4.302346408367156982e-01
-1.650409221649169922e+00
3.823078572750091553e-01
-7.611139118671417236e-02
-5.356785058975219727e-01
1.232224404811859131e-01
1.095690608024597168e+00
1.150227427482604980e+00
-4.508405551314353943e-02
6.895325779914855957e-01
2.200167477130889893e-01
2.958387732505798340e-01
8.969737291336059570e-01
-5.882681012153625488e-01
-1.952389359474182129e+00
4.017978608608245850e-01
-1.509916186332702637e+00
-1.211813211441040039e+00
1.140938878059387207e+00
6.834439635276794434e-01
5.728575587272644043e-01
8.232724070549011230e-01
-3.133195936679840088e-01
-8.453857898712158203e-01
-1.041125282645225525e-01
9.877347946166992188e-01
6.966627389192581177e-02
-9.578025341033935547e-01
1.203468799591064453e+00
-1.167009711265563965e+00
1.423106193542480469e-01
-9.141615629196166992e-01
6.498634219169616699e-01
4.146092236042022705e-01
-1.404109477996826172e+00
-5.608648061752319336e-01
-4.803313687443733215e-02
-2.301367998123168945e+00
-1.217266559600830078e+00
1.496556520462036133e+00
-1.499011158943176270e+00
-1.233872845768928528e-01
7.641852498054504395e-01
-3.841764032840728760e-01
3.261381089687347412e-01
1.719127535820007324e+00
2.011796087026596069e-01
1.371313095092773438e+00
-1.121450185775756836e+00
-1.121895194053649902e+00
6.245229244232177734e-01
-5.602325126528739929e-02
-1.165278792381286621e+00
2.848553419113159180e+00
1.160729527473449707e+00
-1.897255927324295044e-01
6.951022148132324219e-01
6.808986663818359375e-01
9.040709733963012695e-01
-1.041033506393432617e+00
1.266107261180877686e-01
-2.138588726520538330e-01
-6.871913075447082520e-01
1.101536631584167480e+00
-1.065104484558105469e+00
1.302495002746582031e+00
-1.399049639701843262e+00
1.411898732185363770e+00
1.836996525526046753e-01
4.202201664447784424e-01
1.348167896270751953e+00
1.898770779371261597e-01
-2.630347311496734619e-01
3.807213604450225830e-01
-2.087799459695816040e-01
-1.479920029640197754e+00
9.439705014228820801e-01
3.767129778861999512e-02
-1.975945830345153809e+00
9.077993631362915039e-01
-1.385936617851257324e+00
-3.164185583591461182e-01
-5.996766686439514160e-01
3.948840200901031494e-01
7.005369067192077637e-01
7.090523838996887207e-02
-1.401006817817687988e+00
2.344131097197532654e-02
5.995632410049438477e-01
2.556916475296020508e+00
7.821173667907714844e-01
8.172123432159423828e-01
-6.814764738082885742e-01
-5.262683033943176270e-01
-3.429477512836456299e-01
-9.336181282997131348e-01
-2.650574684143066406e+00
-6.137473583221435547e-01
4.056736230850219727e-01
4.122551083564758301e-01
9.553006291389465332e-01
1.057311773300170898e+00
1.100904703140258789e+00
3.210569918155670166e-01
5.343195199966430664e-01
-1.490043759346008301e+00
1.038551807403564453e+00
5.879627168178558350e-02
9.296295046806335449e-02
-3.200379014015197754e-01
-7.027094066143035889e-02
-8.827659487724304199e-01
-2.655989229679107666e-01
-1.276635766029357910e+00
9.729726314544677734e-01
-3.727493286132812500e-01
-1.302610874176025391e+00
1.136862277984619141e+00
2.430958151817321777e-01
-2.820496261119842529e-01
-4.695982635021209717e-01
-2.714405059814453125e-01
2.585595473647117615e-03
2.045325040817260742e+00
-1.267525404691696167e-01
-4.393299221992492676e-01
-2.640716731548309326e-01
5.693686604499816895e-01
7.719694972038269043e-01
1.478716015815734863e+00
1.118382096290588379e+00
-1.344787836074829102e+00
5.553657412528991699e-01
-8.119616508483886719e-01
2.232493162155151367e-01
-1.363736152648925781e+00
-1.216690659523010254e+00
-3.311939835548400879e-01
7.392382025718688965e-01
-8.706832528114318848e-01
8.424800634384155273e-02
4.005710482597351074e-01
-1.294070482254028320e+00
-7.588259577751159668e-01
1.988827824592590332e+00
-2.627847194671630859e-01
-6.689540147781372070e-01
6.633238792419433594e-01
-3.605331480503082275e-01
-1.294586539268493652e+00
3.672704696655273438e-01
1.551430344581604004e+00
-1.013358712196350098e+00
4.066377282142639160e-01
4.988093972206115723e-01
-2.319519072771072388e-01
-7.178974151611328125e-02
-6.505537033081054688e-01
2.971665859222412109e+00
7.078666687011718750e-01
3.808706998825073242e-01
-3.995260000228881836e-01
-9.058862924575805664e-01
3.583326339721679688e-01
5.712776780128479004e-01
9.321581721305847168e-01
8.370234966278076172e-01
-4.266242086887359619e-01
-3.154284134507179260e-02
-4.386406838893890381e-01
-7.885296940803527832e-01
-1.024030819535255432e-01
1.621708460152149200e-02
6.575521230697631836e-01
-6.870902180671691895e-01
1.588306069374084473e+00
2.503497302532196045e-01
-2.416067058220505714e-03
-1.016537785530090332e+00
1.730866432189941406e+00
-1.061164498329162598e+00
-5.268613100051879883e-01
4.413482248783111572e-01
-3.624624907970428467e-01
7.681901454925537109e-01
1.367936879396438599e-01
-1.352448821067810059e+00
4.845424890518188477e-01
-1.235948324203491211e+00
-1.453869223594665527e+00
-2.728897035121917725e-01
-5.656716823577880859e-01
1.173262357711791992e+00
1.807886213064193726e-01
-1.263952732086181641e+00
1.510853171348571777e-01
7.994808256626129150e-02
-9.785118699073791504e-01
1.216300129890441895e+00
6.689597964286804199e-01
1.529594421386718750e+00
-2.312640249729156494e-01
-9.465419501066207886e-02
-5.357512235641479492e-01
1.804930090904235840e+00
-1.212112188339233398e+00
-7.831876873970031738e-01
1.214348077774047852e+00
1.794836878776550293e+00
-3.663054704666137695e-01
6.963123083114624023e-01
-1.271969795227050781e+00
-2.535322308540344238e-01
-1.103570938110351562e+00
4.240436106920242310e-02
6.256712675094604492e-01
1.475790739059448242e+00
9.848938584327697754e-01
-6.041436195373535156e-01
-6.438461542129516602e-01
-1.928468644618988037e-01
8.812295794486999512e-01
-3.819134235382080078e-01
7.811666131019592285e-01
1.067568778991699219e+00
-8.648599982261657715e-01
4.256963729858398438e-01
-2.259019203484058380e-02
3.977312445640563965e-01
1.931843757629394531e-01
5.546797066926956177e-02
-8.922995328903198242e-01
8.092061281204223633e-01
-7.081596255302429199e-01
-1.570227980613708496e+00
-6.583443284034729004e-01
-1.271693706512451172e+00
-4.839861020445823669e-02
-8.579922318458557129e-01
-5.605619549751281738e-01
-5.187333226203918457e-01
1.332262039184570312e+00
5.561002492904663086e-01
-1.311198770999908447e-01
-4.213872551918029785e-01
8.556175827980041504e-01
-3.138366341590881348e-01
4.009834825992584229e-01
1.418223738670349121e+00
-7.742967009544372559e-01
-2.788385450839996338e-01
-1.239985078573226929e-01
4.114615917205810547e-01
-1.603210866451263428e-01
-4.226665496826171875e-01
5.936188101768493652e-01
1.140306472778320312e+00
-1.919536292552947998e-01
-2.035570442676544189e-01
7.416563481092453003e-02
-8.148966431617736816e-01
1.010617971420288086e+00
-5.213861539959907532e-02
-1.622165799140930176e+00
3.991166651248931885e-01
2.740288674831390381e-01
-6.599540263414382935e-02
-5.287683010101318359e-01
1.563846230506896973e+00
-1.726657301187515259e-01
2.861708104610443115e-01
7.019177675247192383e-01
-6.286651641130447388e-02
-2.786203622817993164e-01
-3.626851439476013184e-01
1.356119155883789062e+00
1.478814244270324707e+00
-4.575137421488761902e-02
1.232753753662109375e+00
-1.451485991477966309e+00
-1.271230578422546387e-01
-4.382464587688446045e-01
-2.568162202835083008e+00
1.060465455055236816e+00
4.234512150287628174e-02
-2.734932899475097656e-01
1.893359571695327759e-01
-2.389608882367610931e-02
1.385864138603210449e+00
-1.041697502136230469e+00
-2.420591264963150024e-01
-8.570479154586791992e-01
-9.696965813636779785e-01
5.338455438613891602e-01
3.159109354019165039e-01
1.158513188362121582e+00
-4.979747831821441650e-01
-6.306464076042175293e-01
5.704997181892395020e-01
8.431761860847473145e-01
1.213559746742248535e+00
-2.653107792139053345e-02
-2.255363166332244873e-01
8.569841980934143066e-01
-9.880486130714416504e-01
-4.237478375434875488e-01
4.045016169548034668e-01
-1.794113636016845703e+00
-1.049956560134887695e+00
-2.387697100639343262e-01
3.136700093746185303e-01
9.999632835388183594e-01
9.791855812072753906e-01
7.346448898315429688e-01
-5.843645334243774414e-01
-5.639039874076843262e-01
9.369198083877563477e-01
4.660266637802124023e-01
-4.628602862358093262e-01
-5.976223349571228027e-01
-1.708613395690917969e+00
-8.996112942695617676e-01
2.679285109043121338e-01
-1.621576070785522461e+00
2.304513305425643921e-01
-2.637913823127746582e-01
-5.873725414276123047e-01
2.350651100277900696e-02
-1.028919696807861328e+00
2.472600936889648438e+00
-5.377940535545349121e-01
4.406507611274719238e-01
7.303910255432128906e-01
-1.279350876808166504e+00
1.035530567169189453e+00
5.385868549346923828e-01
1.490074694156646729e-01
-1.864760994911193848e+00
-1.193641066551208496e+00
9.578338265419006348e-02
1.032346963882446289e+00
-9.300082325935363770e-01
4.021658301353454590e-01
-3.740341663360595703e-01
-2.772310495376586914e+00
5.994487404823303223e-01
7.436497807502746582e-01
-1.277755379676818848e+00
-3.138918429613113403e-02
1.014345884323120117e+00
1.191965341567993164e+00
1.927941739559173584e-01
1.298464089632034302e-01
2.747199296951293945e+00
-8.607743978500366211e-01
-2.673731446266174316e-01
2.570154964923858643e-01
-2.116169929504394531e+00
-8.005761504173278809e-01
-1.516127139329910278e-01
-4.553008675575256348e-01
-7.161695361137390137e-01
-1.202595353126525879e+00
2.856729328632354736e-01
-7.128612399101257324e-01
-1.119441747665405273e+00
4.645284712314605713e-01
-5.162355024367570877e-03
1.028052091598510742e+00
1.077190756797790527e+00
7.033808827400207520e-01
-3.374851047992706299e-01
-8.717708587646484375e-01
-4.174387753009796143e-01
-5.646276473999023438e-01
5.034478306770324707e-01
-1.351201653480529785e+00
-4.300525188446044922e-01
-1.538382321596145630e-01
-1.167485594749450684e+00
-1.400811553001403809e+00
-1.119517803192138672e+00
2.477011233568191528e-01
-7.280225157737731934e-01
-7.527669072151184082e-01
-5.925496220588684082e-01
-1.789851427078247070e+00
6.556142568588256836e-01
5.156723782420158386e-02
1.760295748710632324e+00
-4.167723655700683594e-01
-7.107870578765869141e-01
-9.305283427238464355e-01
4.624109864234924316e-01
-9.826593846082687378e-02
-3.097519576549530029e-01
-2.857213020324707031e-01
7.516399621963500977e-01
-1.685938239097595215e-01
-4.642598927021026611e-01
-5.386127829551696777e-01
4.857065901160240173e-02
-1.204326376318931580e-01
9.950761198997497559e-01
5.362437292933464050e-02
-1.334578752517700195e+00
7.306427359580993652e-01
-2.589023351669311523e+00
5.670346617698669434e-01
-1.014273285865783691e+00
4.235822260379791260e-01
2.307945638895034790e-01
-2.090648189187049866e-02
7.698160409927368164e-01
-9.766267538070678711e-01
1.376192867755889893e-01
1.421719193458557129e+00
9.291902780532836914e-01
1.276688814163208008e+00
1.288370639085769653e-01
2.553400099277496338e-01
-4.476683139801025391e-01
1.324781626462936401e-01
-8.980718255043029785e-01
7.929655909538269043e-01
-1.165145039558410645e+00
-6.724372506141662598e-01
-1.050827503204345703e+00
2.740933597087860107e-01
4.355981349945068359e-01
3.379657506942749023e+00
-3.768505156040191650e-01
-3.238291144371032715e-01
1.184379458427429199e+00
-1.088411450386047363e+00
-1.117728710174560547e+00
-1.487607359886169434e-01
-2.068768590688705444e-01
4.888410866260528564e-01
1.013907417654991150e-01
-8.179574608802795410e-01
-2.924923598766326904e-01
-1.172633290290832520e+00
6.470239758491516113e-01
1.741651058197021484e+00
-1.674879789352416992e-01
5.595012307167053223e-01
-2.879694998264312744e-01
-6.144564747810363770e-01
4.743169248104095459e-01
4.192816317081451416e-01
-5.461743474006652832e-01
8.479349017143249512e-01
-5.113551616668701172e-01
-8.636135458946228027e-01
2.168560326099395752e-01
-2.507466673851013184e-01
1.044138669967651367e+00
2.841830730438232422e+00
9.638695716857910156e-01
6.391227990388870239e-02
5.438843369483947754e-01
-7.350267767906188965e-01
1.309780836105346680e+00
-2.229241579771041870e-01
-5.387516617774963379e-01
1.250161528587341309e-01
-3.773750662803649902e-01
1.252461552619934082e+00
-7.725796103477478027e-01
4.687986522912979126e-02
-9.802564382553100586e-01
-7.394503951072692871e-01
2.341622114181518555e+00
4.749656021595001221e-01
4.372697323560714722e-02
-1.952594071626663208e-01
8.461512923240661621e-01
-8.768314123153686523e-01
7.745466828346252441e-01
1.684766173362731934e+00
-1.118404746055603027e+00
6.149443984031677246e-01
-1.088062405586242676e+00
1.401387304067611694e-01
-8.764354884624481201e-02
-3.273257613182067871e-01
7.818326354026794434e-01
1.916683018207550049e-01
3.338864743709564209e-01
-3.993318378925323486e-01
1.582604497671127319e-01
7.877752929925918579e-02
-5.734529495239257812e-01
8.068050742149353027e-01
2.028798684477806091e-03
-2.335885763168334961e-01
-1.514257341623306274e-01
-7.738319039344787598e-01
-2.181154012680053711e+00
-2.431247979402542114e-01
1.139642715454101562e+00
-1.211195588111877441e+00
5.384274721145629883e-01
-2.728920876979827881e-01
-7.551855444908142090e-01
-1.629942536354064941e+00
-3.813925981521606445e-01
-1.696706116199493408e-01
-6.146439313888549805e-01
4.487759619951248169e-02
-3.138752877712249756e-01
2.404854148626327515e-01
1.437113881111145020e+00
-1.559221893548965454e-01
6.047384738922119141e-01
-1.449752807617187500e+00
-7.505995631217956543e-01
5.368666648864746094e-01
-6.359153985977172852e-02
4.362194538116455078e-01
-3.619832694530487061e-01
1.127192899584770203e-01
1.122269153594970703e+00
-4.095507860183715820e-01
1.815675050020217896e-01
-9.311980605125427246e-01
1.761093139648437500e+00
1.085637211799621582e+00
-5.105055570602416992e-01
-8.068118095397949219e-01
6.933701634407043457e-01
-4.100103378295898438e-01
1.197921276092529297e+00
1.279711127281188965e+00
3.487142622470855713e-01
-2.057368457317352295e-01
-5.932133793830871582e-01
-1.618736684322357178e-01
-1.224267005920410156e+00
9.712944030761718750e-01
-5.233961343765258789e-01
-5.952731966972351074e-01
-5.635779500007629395e-01
-1.701420098543167114e-01
-1.829251796007156372e-01
-2.034215629100799561e-01
-2.634645402431488037e-01
3.251441121101379395e-01
7.111002802848815918e-01
2.912191152572631836e-01
-9.835185408592224121e-01
-4.434904456138610840e-02
