7.090809941291809082e-01
4.182589054107666016e-01
1.426009535789489746e+00
-4.624949395656585693e-01
-2.430768966674804688e+00
-8.758397698402404785e-01
9.996005296707153320e-01
-1.314558863639831543e+00
3.398487865924835205e-01
1.257126331329345703e+00
1.109812334179878235e-01
-9.593923389911651611e-02
-3.862253427505493164e-01
2.491608858108520508e-01
-1.582130193710327148e+00
-8.682115077972412109e-01
-3.778068721294403076e-01
7.209059596061706543e-01
-2.722541093826293945e-01
1.436132431030273438e+00
-2.207320690155029297e+00
-9.890417456626892090e-01
1.416197657585144043e+00
3.962682485580444336e-01
3.061037361621856689e-01
-3.003905296325683594e+00
1.669380426406860352e+00
1.352705121040344238e+00
-1.389732837677001953e+00
4.817082583904266357e-01
-2.202603101730346680e+00
1.647854894399642944e-01
-3.119767308235168457e-01
3.420855998992919922e-01
1.412811636924743652e+00
-5.100685954093933105e-01
-4.057897254824638367e-02
-4.409339904785156250e+00
-1.579782366752624512e-01
1.384005308151245117e+00
-5.250700712203979492e-01
-2.205674409866333008e+00
7.849008440971374512e-01
-5.907418578863143921e-02
8.375574946403503418e-01
1.218899488449096680e+00
-9.430461525917053223e-01
1.129992127418518066e+00
-1.311434626579284668e+00
-5.100366100668907166e-02
-4.383311867713928223e-01
-2.067395150661468506e-01
-2.105409622192382812e+00
-5.792050063610076904e-02
2.359568357467651367e+00
-1.389725685119628906e+00
2.500676810741424561e-01
-6.068261265754699707e-01
-8.891348242759704590e-01
-4.854953885078430176e-01
-7.402860522270202637e-01
1.221425771713256836e+00
-2.051280587911605835e-01
-2.289619147777557373e-01
6.626054644584655762e-02
9.259822964668273926e-02
-1.203827857971191406e+00
5.199712514877319336e-01
-3.028239309787750244e-01
-4.629637718200683594e+00
-7.420600056648254395e-01
-2.692123651504516602e-01
-1.839766502380371094e-01
8.452292084693908691e-01
2.813919484615325928e-01
8.876280784606933594e-01
8.019087314605712891e-01
-1.030055165290832520e+00
7.507234811782836914e-01
1.806929469108581543e+00
4.220513403415679932e-01
5.850909352302551270e-01
4.275870323181152344e-01
8.231464773416519165e-02
1.140154719352722168e+00
2.353193283081054688e+00
-4.853405356407165527e-01
2.210682928562164307e-01
-2.195257663726806641e+00
1.408020853996276855e+00
6.673609018325805664e-01
-4.061590671539306641e+00
-6.322721838951110840e-01
7.208797335624694824e-02
-2.227666616439819336e+00
3.444774821400642395e-02
4.768365323543548584e-01
-6.587380766868591309e-01
-1.267585873603820801e+00
1.037331819534301758e+00
-1.025349572300910950e-01
-3.022332906723022461e+00
-1.087283849716186523e+00
7.548276782035827637e-01
4.720009863376617432e-01
-5.707198977470397949e-01
-1.018951654434204102e+00
-4.748435914516448975e-01
-1.602794289588928223e+00
6.873488426208496094e-01
2.166536450386047363e-01
1.716388225555419922e+00
-9.038444757461547852e-01
8.872009068727493286e-02
-2.499727010726928711e+00
2.529012858867645264e-01
-2.037368565797805786e-01
-1.249454975128173828e+00
3.562530577182769775e-01
2.916863858699798584e-01
-1.355814337730407715e+00
-1.140436887741088867e+00
-3.987253904342651367e+00
1.450101017951965332e+00
1.257412731647491455e-01
-8.910917639732360840e-01
9.999368190765380859e-01
8.359861969947814941e-01
3.098881721496582031e+00
3.635056316852569580e-01
6.104260087013244629e-01
-2.191649913787841797e+00
-2.203161478042602539e+00
-1.190996289253234863e+00
1.913458585739135742e+00
-1.227353692054748535e+00
1.115194082260131836e+00
1.490762114524841309e+00
-8.467947244644165039e-01
1.605216026306152344e+00
-6.164470911026000977e-01
-3.711326122283935547e-01
8.638327121734619141e-01
-2.438646793365478516e+00
1.151083469390869141e+00
9.617825150489807129e-01
-3.187789916992187500e-01
-8.661469817161560059e-01
1.606836557388305664e+00
2.156302332878112793e-01
-2.093018144369125366e-01
-1.315894842147827148e+00
-4.688527882099151611e-01
-7.080409526824951172e-01
9.514771103858947754e-01
-1.108014509081840515e-01
-3.431601524353027344e+00
1.094805121421813965e+00
-1.019862651824951172e+00
1.982443928718566895e+00
2.759208977222442627e-01
-3.190444707870483398e-01
-1.167837381362915039e+00
-1.429096609354019165e-01
7.379651665687561035e-01
-1.128216028213500977e+00
1.381097137928009033e-01
2.047149389982223511e-01
-9.275810122489929199e-01
1.367660522460937500e+00
-1.544052004814147949e+00
-1.967992037534713745e-01
-4.488064348697662354e-01
-6.830275058746337891e-02
-1.899427294731140137e+00
-4.696077704429626465e-01
-8.365615606307983398e-01
2.981961071491241455e-01
3.055318593978881836e-01
-1.070859879255294800e-01
8.534473776817321777e-01
-2.151667356491088867e+00
-2.349509716033935547e+00
8.306875228881835938e-01
-2.829258441925048828e-01
-1.396431565284729004e+00
-9.102441072463989258e-01
6.341338157653808594e-02
-4.391916692256927490e-01
2.401393175125122070e+00
-1.168237328529357910e-01
-1.731952786445617676e+00
6.119439378380775452e-02
-4.411266446113586426e-01
-3.016704022884368896e-01
-9.334088563919067383e-01
8.827691674232482910e-01
-2.508311748504638672e+00
1.267166614532470703e+00
-9.124927520751953125e-01
1.000489950180053711e+00
1.051676988601684570e+00
1.410733342170715332e+00
-2.212111800909042358e-01
5.569590926170349121e-01
-1.168400608003139496e-02
6.218292713165283203e-01
3.122738897800445557e-01
1.023912429809570312e+00
-2.148452103137969971e-01
-2.907639026641845703e+00
8.964427709579467773e-01
-2.001077830791473389e-01
-1.019213914871215820e+00
1.109644770622253418e+00
-3.369211256504058838e-01
-6.837261676788330078e+00
-1.556221246719360352e+00
-2.726632356643676758e-01
1.983786463737487793e+00
1.815911531448364258e+00
-7.864959836006164551e-01
-8.857407569885253906e-01
1.164142608642578125e+00
1.457293033599853516e+00
-7.538813352584838867e-01
7.138373851776123047e-01
7.901183962821960449e-01
1.500229239463806152e+00
1.796109318733215332e+00
2.262890815734863281e+00
-3.851341009140014648e-01
1.504156440496444702e-01
-1.964325904846191406e-01
1.890228509902954102e+00
-9.502081274986267090e-01
3.699502348899841309e-01
9.885404706001281738e-01
8.220273852348327637e-01
-7.222840934991836548e-02
-7.432712912559509277e-01
1.040888071060180664e+00
1.031863614916801453e-01
-2.654296159744262695e-01
-1.555195897817611694e-01
4.241274893283843994e-01
5.721058249473571777e-01
6.226487755775451660e-01
6.533002853393554688e-01
-6.018786504864692688e-02
1.172806143760681152e+00
-1.063817858695983887e+00
-7.592532038688659668e-02
3.266613185405731201e-01
3.864707648754119873e-01
4.903069734573364258e-01
1.627419352531433105e+00
-1.611893415451049805e+00
-3.954864442348480225e-01
6.288027763366699219e-01
1.407698094844818115e-01
6.395751833915710449e-01
-1.242990791797637939e-01
-7.600376605987548828e-01
-1.129065275192260742e+00
-2.630785405635833740e-01
1.025682806968688965e+00
9.771355241537094116e-02
3.890567779541015625e+00
-4.808121323585510254e-01
-2.971633970737457275e-01
-1.014590978622436523e+00
-1.604918837547302246e+00
1.986311554908752441e+00
5.628865957260131836e-01
-8.393607288599014282e-02
2.209554016590118408e-01
-1.455539464950561523e+00
7.251366972923278809e-01
-5.321947336196899414e-01
1.831853091716766357e-01
-3.477082122117280960e-03
-8.752654194831848145e-01
1.721113920211791992e+00
4.671752750873565674e-01
-2.689855396747589111e-01
7.910110950469970703e-01
-1.017421126365661621e+00
-2.276051491498947144e-01
4.502702057361602783e-01
-1.396872043609619141e+00
8.591791987419128418e-01
8.182902932167053223e-01
2.442804336547851562e+00
4.833649694919586182e-01
9.406825900077819824e-01
1.134126335382461548e-01
4.643042385578155518e-01
-8.183087110519409180e-01
-5.744700431823730469e-01
-1.034411191940307617e+00
-3.165905177593231201e-01
-8.282209932804107666e-02
1.668630599975585938e+00
9.249275922775268555e-02
2.273718118667602539e+00
-9.264641404151916504e-01
-2.921169519424438477e+00
-6.309881061315536499e-02
1.089697360992431641e+00
-8.608041405677795410e-01
-8.584432303905487061e-02
2.527854204177856445e+00
3.070014119148254395e-01
-1.539086401462554932e-01
4.688281118869781494e-01
4.815494120121002197e-01
8.956485390663146973e-01
5.167850255966186523e-01
1.117846012115478516e+00
4.732314348220825195e-01
-2.236720174551010132e-01
2.400746345520019531e+00
1.194336891174316406e+00
1.274703502655029297e+00
-1.440266489982604980e+00
2.019311040639877319e-01
-1.355797171592712402e+00
7.694628238677978516e-01
-1.916762888431549072e-01
-4.681136012077331543e-01
-1.635842472314834595e-01
2.395849943161010742e+00
-3.381286263465881348e-01
1.804930567741394043e+00
3.689290583133697510e-01
2.379162460565567017e-01
2.059597708284854889e-02
-3.196201846003532410e-02
-1.415811896324157715e+00
-4.891097247600555420e-01
1.236620694398880005e-01
-7.779918909072875977e-01
-8.937400579452514648e-02
1.740535721182823181e-02
3.364164233207702637e-01
-5.973016619682312012e-01
5.316660404205322266e-01
1.754409521818161011e-01
2.726690471172332764e-01
-1.939948201179504395e+00
-8.932164311408996582e-01
-2.762115895748138428e-01
5.572418212890625000e+00
-5.975494384765625000e-01
-1.363927245140075684e+00
3.928787410259246826e-01
-1.176578640937805176e+00
1.728297829627990723e+00
-6.865752339363098145e-01
-2.372462749481201172e+00
-1.196932420134544373e-01
-7.303386181592941284e-02
1.795121073722839355e+00
-8.415982872247695923e-02
1.512290239334106445e-01
1.828754782676696777e+00
7.091404199600219727e-01
1.533576846122741699e+00
-2.595531702041625977e+00
-6.804708838462829590e-01
1.351975679397583008e+00
-1.391044974327087402e+00
5.320022106170654297e-01
-1.042182087898254395e+00
-6.221017614006996155e-02
1.120643496513366699e+00
1.279066681861877441e+00
-2.242079496383666992e+00
8.234372138977050781e-01
-8.351944684982299805e-01
1.256719112396240234e+00
-3.285704374313354492e+00
-1.427352190017700195e+00
-1.399948120117187500e+00
-1.728620052337646484e+00
1.591941118240356445e+00
-9.336997866630554199e-01
1.307559013366699219e+00
6.647647619247436523e-01
-2.811814069747924805e+00
-2.365358114242553711e+00
-8.038160391151905060e-03
-1.461873650550842285e+00
1.845730096101760864e-01
-7.265333533287048340e-01
-1.994104266166687012e+00
-6.116091609001159668e-01
2.644959390163421631e-01
-9.078624248504638672e-01
2.482040040194988251e-02
-1.841682195663452148e+00
-9.409348368644714355e-01
-1.938868641853332520e+00
1.661014258861541748e-01
2.362885028123855591e-01
-1.438010215759277344e+00
-1.685996890068054199e+00
4.791309237480163574e-01
-4.025837779045104980e-01
-1.289324164390563965e+00
-9.214659929275512695e-01
7.823878526687622070e-01
-4.095556139945983887e-01
-5.546053405851125717e-03
4.466529369354248047e+00
-1.497712135314941406e-01
3.643215596675872803e-01
-5.648927688598632812e-01
-2.149617969989776611e-01
5.049136877059936523e-01
-3.576781600713729858e-02
-8.785699605941772461e-01
-1.636284232139587402e+00
-1.068584918975830078e+00
1.087624311447143555e+00
1.154600501060485840e+00
5.799026489257812500e-01
2.961823046207427979e-01
-2.011468648910522461e+00
-8.626214265823364258e-01
-8.292083442211151123e-02
8.686098456382751465e-01
6.433661580085754395e-01
5.251600146293640137e-01
-6.009275317192077637e-01
1.010967865586280823e-01
-6.642760038375854492e-01
7.544719576835632324e-01
9.953342080116271973e-01
-8.490486145019531250e-01
3.521471917629241943e-01
1.268339514732360840e+00
1.512573599815368652e+00
3.111920058727264404e-01
1.497138012200593948e-02
-4.462064430117607117e-02
-1.905099034309387207e+00
-7.825928181409835815e-02
-6.707767248153686523e-01
-2.861198782920837402e-01
4.832900464534759521e-01
6.878075003623962402e-01
-4.597879946231842041e-01
-1.844665408134460449e-01
-2.973588228225708008e+00
-3.012557029724121094e-01
-1.392077684402465820e+00
-1.508638381958007812e+00
1.469073444604873657e-01
4.711655974388122559e-01
1.300119876861572266e+00
-1.453699469566345215e+00
-3.045620322227478027e-01
-1.860681772232055664e-01
-1.467610359191894531e+00
9.765677452087402344e-01
-1.435698628425598145e+00
8.793021440505981445e-01
-1.888111829757690430e+00
8.462337404489517212e-02
2.281470060348510742e+00
8.322014212608337402e-01
-8.227785825729370117e-01
-6.208672523498535156e-01
-2.056285887956619263e-01
1.705756306648254395e+00
-1.478071212768554688e+00
5.135079622268676758e-01
1.639921545982360840e+00
-2.620266079902648926e-01
-2.884110510349273682e-01
4.213198125362396240e-01
1.742617607116699219e+00
-3.790128529071807861e-01
2.084129095077514648e+00
-8.896544575691223145e-01
-1.493984162807464600e-01
-3.216687217354774475e-02
-1.351579308509826660e+00
-1.516225457191467285e+00
8.337922096252441406e-01
2.074160337448120117e+00
1.612880229949951172e-01
-1.404954910278320312e+00
4.245076477527618408e-01
1.394700646400451660e+00
-2.837454080581665039e+00
3.881907165050506592e-01
1.631954789161682129e+00
-6.493866443634033203e-02
-2.807772636413574219e+00
1.107214093208312988e+00
1.855092644691467285e+00
-1.136304289102554321e-01
-3.988250494003295898e-01
-9.588338136672973633e-01
-4.576163291931152344e-01
-1.538213014602661133e+00
-6.431538462638854980e-01
1.368556141853332520e+00
2.595786750316619873e-01
-6.816548705101013184e-01
1.573534965515136719e+00
3.323494493961334229e-01
1.449909329414367676e+00
-1.258270740509033203e-01
6.620223522186279297e-01
7.874606549739837646e-02
-6.268218159675598145e-01
-2.565307617187500000e-01
1.299952626228332520e+00
-3.573735654354095459e-01
-8.027551174163818359e-01
2.904720902442932129e-01
-1.239837333559989929e-01
3.547593057155609131e-01
1.128720045089721680e+00
1.014905929565429688e+00
-2.268562078475952148e+00
5.217878222465515137e-01
-2.545886337757110596e-01
2.451830506324768066e-01
-1.385887980461120605e+00
8.775804191827774048e-02
2.740655839443206787e-01
1.203334569931030273e+00
1.076086997985839844e+00
-7.095852494239807129e-01
3.064090013504028320e-01
1.457267165184020996e+00
1.775361418724060059e+00
-1.012935787439346313e-01
3.989455103874206543e-01
-3.669391572475433350e-01
3.610031306743621826e-01
1.161103725433349609e+00
-1.866693645715713501e-01
2.247324466705322266e+00
-2.788095235824584961e+00
1.147769212722778320e+00
-8.071498274803161621e-01
-1.402534365653991699e+00
-1.904780507087707520e+00
1.169463157653808594e+00
-9.727589488029479980e-01
1.609694063663482666e-01
1.261742949485778809e+00
-5.716920495033264160e-01
4.782404601573944092e-01
-7.471500039100646973e-01
3.159506797790527344e+00
3.757760822772979736e-01
2.955619692802429199e-01
1.418664574623107910e+00
-7.080129384994506836e-01
-1.009971976280212402e+00
-1.113906383514404297e+00
1.109222888946533203e+00
-1.956869482994079590e+00
1.148458361625671387e+00
6.054540276527404785e-01
2.002644836902618408e-01
-2.944612801074981689e-01
1.469111740589141846e-01
1.125870227813720703e+00
1.628454804420471191e+00
1.782714128494262695e+00
8.811940550804138184e-01
1.147993564605712891e+00
-9.567424058914184570e-01
-1.971750333905220032e-02
-3.601541817188262939e-01
-1.937409937381744385e-01
-8.363711833953857422e-01
-8.020853400230407715e-01
-1.207914948463439941e+00
-2.345731973648071289e+00
-7.033532857894897461e-01
1.663301438093185425e-01
-2.124316096305847168e-01
5.473759174346923828e-01
-4.273673892021179199e-01
2.081876754760742188e+00
7.558311820030212402e-01
-9.044502675533294678e-02
2.913234829902648926e-01
-7.347889542579650879e-01
-9.174440503120422363e-01
-2.791438102722167969e-01
-6.538604497909545898e-01
-1.124822020530700684e+00
-1.489974856376647949e+00
3.689870834350585938e-01
7.706163078546524048e-02
-1.612218856811523438e+00
-7.373597025871276855e-01
-1.212911725044250488e+00
-1.187469720840454102e+00
6.338548064231872559e-01
5.578648447990417480e-01
-1.107309937477111816e+00
-9.413126707077026367e-01
-2.918628416955471039e-02
-9.833911657333374023e-01
-5.957543849945068359e-01
-9.621018767356872559e-01
-8.308929800987243652e-01
6.968165040016174316e-01
3.747179210186004639e-01
3.987807631492614746e-01
-6.491750478744506836e-01
-4.406407773494720459e-01
-4.833295345306396484e-01
-1.347536921501159668e+00
7.942395806312561035e-01
2.662209570407867432e-01
-2.336747944355010986e-01
5.787613335996866226e-04
-5.218511223793029785e-01
2.557495534420013428e-01
4.700460135936737061e-01
6.286285519599914551e-01
4.560665488243103027e-01
7.536328434944152832e-01
1.949352622032165527e+00
-9.899822622537612915e-02
7.989863157272338867e-01
6.851180791854858398e-01
1.065051555633544922e+00
8.857373893260955811e-02
-5.967071056365966797e-01
-1.672055125236511230e+00
3.173515796661376953e-01
1.802698671817779541e-01
-3.693571090698242188e+00
5.244076251983642578e-01
1.229767441749572754e+00
-3.556049168109893799e-01
-1.295589566230773926e+00
4.761563241481781006e-01
2.066392451524734497e-01
-3.353146612644195557e-01
7.844685912132263184e-01
6.993224471807479858e-02
-5.205964446067810059e-01
4.231840074062347412e-01
-2.350267410278320312e+00
1.407535672187805176e+00
1.475816369056701660e+00
7.640751004219055176e-01
-2.274023532867431641e+00
2.816679775714874268e-01
-3.683790192008018494e-02
-8.035571873188018799e-02
-5.799947306513786316e-02
2.921520769596099854e-01
-1.034062027931213379e+00
7.631810307502746582e-01
-3.058454394340515137e-01
2.197774648666381836e-01
1.191219538450241089e-01
-6.130886077880859375e-01
1.216667890548706055e+00
1.499623298645019531e+00
-1.728869318962097168e+00
-3.114343583583831787e-01
-1.279182791709899902e+00
-8.757534027099609375e-01
-1.398494124412536621e+00
-5.874799489974975586e-01
3.436080813407897949e-01
5.441296696662902832e-01
7.044752240180969238e-01
-1.804949790239334106e-01
7.192562222480773926e-01
-6.646462529897689819e-02
-9.874783754348754883e-01
-4.749816894531250000e+00
8.040872216224670410e-01
1.874886006116867065e-01
5.823573470115661621e-01
1.524868011474609375e+00
-4.689154922962188721e-01
-8.955175280570983887e-01
1.850442409515380859e+00
-1.836437731981277466e-01
1.197024941444396973e+00
1.100349068641662598e+00
1.255947709083557129e+00
-2.206677198410034180e-01
1.854748874902725220e-01
-1.710860848426818848e+00
6.069745421409606934e-01
-6.097538471221923828e-01
1.308182477951049805e+00
6.299862384796142578e+00
-1.035899639129638672e+00
-5.151043415069580078e+00
1.027955189347267151e-01
-1.958524227142333984e+00
-1.667502403259277344e+00
3.742799162864685059e-01
4.819206297397613525e-01
5.414486527442932129e-01
3.589175939559936523e-01
-1.762690901756286621e+00
-5.942993164062500000e-01
9.693509340286254883e-01
-1.520467758178710938e+00
-7.732096314430236816e-01
-1.358904123306274414e+00
4.997628033161163330e-01
1.503469824790954590e+00
1.054551601409912109e+00
-7.974434494972229004e-01
1.365473747253417969e+00
8.391210436820983887e-01
-2.630315721035003662e-01
-2.238437235355377197e-01
-2.507641792297363281e+00
-1.326915979385375977e+00
1.220580220222473145e+00
2.467407137155532837e-01
1.706476449966430664e+00
-3.470451831817626953e-01
1.454143524169921875e+00
4.479750990867614746e-01
-2.044217288494110107e-01
4.084877967834472656e-01
-5.698535442352294922e-01
-1.034245729446411133e+00
1.332861542701721191e+00
-8.300657272338867188e-01
1.686142325401306152e+00
-1.043787240982055664e+00
-2.493741735816001892e-02
8.529676496982574463e-02
8.209936022758483887e-01
1.074082136154174805e+00
-8.005534112453460693e-02
-9.442639946937561035e-01
6.401781737804412842e-02
-1.070487126708030701e-01
4.216426312923431396e-01
3.792130947113037109e-01
-7.438716292381286621e-01
-5.065989494323730469e-01
-1.289386749267578125e+00
6.317681074142456055e-01
-1.067923307418823242e+00
3.402684628963470459e-01
-3.168463110923767090e-01
1.435946345329284668e+00
4.228217303752899170e-01
-9.763507843017578125e-01
1.047625243663787842e-01
-3.983803093433380127e-01
