-1.165938973426818848e+00
-7.667422890663146973e-01
1.448889255523681641e+00
-4.718826413154602051e-01
1.603509634733200073e-01
-1.520772576332092285e+00
-1.820955276489257812e+00
-1.345517158508300781e+00
1.628052592277526855e+00
9.172851443290710449e-01
8.263271450996398926e-01
1.208276271820068359e+00
-4.324665367603302002e-01
-1.239299416542053223e+00
4.893315136432647705e-01
-9.437639117240905762e-01
5.940396785736083984e-01
1.645565986633300781e+00
-6.445110440254211426e-01
7.664804458618164062e-01
-7.869406342506408691e-01
-3.637942969799041748e-01
-1.434004157781600952e-01
1.081720590591430664e+00
-2.151639908552169800e-01
-4.305699348449707031e+00
1.867558248341083527e-02
1.484134674072265625e+00
-9.764670133590698242e-01
6.413828134536743164e-01
-1.075698360800743103e-01
1.655206829309463501e-01
-9.305260144174098969e-03
-5.403752997517585754e-02
4.665933549404144287e-01
-1.388204693794250488e+00
-1.058803200721740723e+00
-3.126439809799194336e+00
-1.853592246770858765e-01
1.755118742585182190e-02
9.729264974594116211e-01
6.119980290532112122e-02
6.384453177452087402e-01
-6.443848609924316406e-01
5.899083614349365234e-01
-2.227502912282943726e-01
-6.765208840370178223e-01
7.464828491210937500e-01
-6.569683551788330078e-01
-9.468793272972106934e-01
3.805823922157287598e-01
-1.687606692314147949e+00
4.191570449620485306e-03
2.457813024520874023e+00
-1.278236865997314453e+00
-3.841782808303833008e-01
2.736431658267974854e-01
-2.349936485290527344e+00
-1.886803388595581055e+00
-6.957479715347290039e-01
5.549101233482360840e-01
1.757232069969177246e+00
9.673942923545837402e-01
4.736844003200531006e-01
1.295268654823303223e+00
-4.895750284194946289e-01
1.002914667129516602e+00
7.624377012252807617e-01
4.354597926139831543e-01
-2.393621683120727539e+00
-9.358057975769042969e-01
-2.858822584152221680e+00
-2.073752164840698242e+00
-3.228835463523864746e-01
8.338304758071899414e-01
4.353251457214355469e-01
3.569515943527221680e-01
-3.749938309192657471e-01
-8.705996870994567871e-01
5.917897224426269531e-01
4.860443770885467529e-01
-3.694725334644317627e-01
2.375533878803253174e-01
1.575137376785278320e+00
-1.024827122688293457e+00
2.204913377761840820e+00
7.706081867218017578e-01
1.473788857460021973e+00
-1.559856176376342773e+00
2.183964490890502930e+00
-7.757022380828857422e-01
-2.420670747756958008e+00
-5.249071121215820312e-01
-9.623512625694274902e-01
-8.282517790794372559e-01
-1.671024799346923828e+00
-1.744238257408142090e+00
-4.633851349353790283e-02
-1.952451467514038086e+00
9.308928251266479492e-01
5.733341574668884277e-01
-1.949290752410888672e+00
7.754328250885009766e-01
-8.996798396110534668e-01
-1.900300681591033936e-01
1.317129611968994141e+00
-2.087604045867919922e+00
3.238465189933776855e-01
1.646762937307357788e-01
-7.781666517257690430e-01
7.049948573112487793e-01
2.269962072372436523e+00
8.740494847297668457e-01
1.308415923267602921e-02
-8.224283456802368164e-01
1.183545470237731934e+00
-2.610006034374237061e-01
-6.358211040496826172e-01
1.262733459472656250e+00
4.305247664451599121e-01
-1.065634936094284058e-01
-1.396186828613281250e+00
-1.906397223472595215e+00
3.056087195873260498e-01
1.317739784717559814e-01
-1.409807205200195312e+00
2.344802379608154297e+00
6.080052256584167480e-01
3.345783233642578125e+00
1.068778038024902344e+00
8.493463993072509766e-01
-1.050620898604393005e-01
-9.471997022628784180e-01
-1.279806852340698242e+00
-9.492462873458862305e-02
-2.220987558364868164e+00
-7.973784208297729492e-01
-2.022842168807983398e-01
-1.251924157142639160e+00
1.171208262443542480e+00
-1.506526708602905273e+00
-2.379225194454193115e-01
7.310461401939392090e-01
-1.387663125991821289e+00
1.518604278564453125e+00
-8.680790662765502930e-01
1.838028669357299805e+00
-2.376645654439926147e-01
-1.182470440864562988e+00
-1.408342480659484863e+00
-1.770823359489440918e+00
-8.890431523323059082e-01
8.441557288169860840e-01
2.192848920822143555e+00
1.633325219154357910e+00
-3.569819927215576172e-01
-1.095402479171752930e+00
8.044866919517517090e-01
5.115767121315002441e-01
2.853905558586120605e-01
-2.581996321678161621e-01
-1.537077903747558594e+00
-1.736953616142272949e+00
-2.176112681627273560e-02
2.080909013748168945e-01
-1.269565969705581665e-01
1.064440235495567322e-01
3.127127885818481445e-01
1.110615283250808716e-01
1.664880037307739258e+00
-1.346234917640686035e+00
9.032414853572845459e-02
-1.614893317222595215e+00
1.340340495109558105e+00
6.080420613288879395e-01
8.587497472763061523e-01
-1.719543814659118652e+00
7.539173960685729980e-01
-5.639443397521972656e-01
3.344869613647460938e-01
8.721793293952941895e-01
-8.766357302665710449e-01
-7.442358732223510742e-01
2.558155655860900879e-01
-5.950799584388732910e-01
-6.257033944129943848e-01
-4.770483672618865967e-01
1.431879043579101562e+00
-1.045452877879142761e-01
1.459983468055725098e+00
-4.862162470817565918e-01
-1.198841571807861328e+00
3.550215065479278564e-01
-7.661995291709899902e-01
-8.937644362449645996e-01
-1.841845989227294922e+00
8.732308149337768555e-01
2.036051079630851746e-02
8.528108596801757812e-01
-2.079906612634658813e-01
8.818633556365966797e-01
5.618681907653808594e-01
9.079784899950027466e-02
-1.386289119720458984e+00
-9.139692187309265137e-01
-1.207213923335075378e-01
3.373112082481384277e-01
1.176178336143493652e+00
5.330512523651123047e-01
-1.493268609046936035e+00
-2.557903766632080078e+00
-7.734140157699584961e-01
-1.494567751884460449e+00
-1.892522931098937988e+00
1.160792112350463867e+00
7.074530720710754395e-01
-9.772371292114257812e+00
-1.659422039985656738e+00
4.287419468164443970e-02
6.955813169479370117e-01
2.863182127475738525e-01
7.037240266799926758e-01
3.666385710239410400e-01
4.002929478883743286e-02
1.236536264419555664e+00
1.748400554060935974e-02
-9.611244797706604004e-01
1.614682197570800781e+00
1.163882255554199219e+00
5.660022497177124023e-01
1.139186978340148926e+00
-5.926374197006225586e-01
-8.435475081205368042e-02
7.445762753486633301e-01
2.577637434005737305e+00
-2.224505543708801270e-01
-6.854697465896606445e-01
-3.974830508232116699e-01
-3.008010610938072205e-02
-1.402973175048828125e+00
-3.890891745686531067e-02
1.121151089668273926e+00
-1.442797064781188965e+00
5.342846512794494629e-01
-1.920529246330261230e+00
-2.002858817577362061e-01
6.915313005447387695e-01
-4.885814487934112549e-01
1.862684011459350586e+00
1.901242882013320923e-01
1.320773839950561523e+00
-8.256040811538696289e-01
-9.575156122446060181e-02
2.939957976341247559e-01
-1.842416524887084961e+00
5.766779780387878418e-01
3.960982561111450195e-01
-2.620631158351898193e-01
-2.623559236526489258e-01
2.049967527389526367e+00
-1.435774117708206177e-01
5.158454775810241699e-01
1.284224539995193481e-01
-3.583469092845916748e-01
-4.020186066627502441e-01
-7.042940258979797363e-01
2.912635505199432373e-01
2.750570774078369141e-01
3.089623689651489258e+00
-7.933551073074340820e-01
1.615914106369018555e-01
-1.421288013458251953e+00
-8.694112896919250488e-01
9.142858982086181641e-01
-3.353463709354400635e-01
-3.261785984039306641e+00
-7.756453752517700195e-01
1.916079074144363403e-01
3.666593730449676514e-01
-7.010892033576965332e-02
5.580265522003173828e-01
-4.143366515636444092e-01
-4.898589253425598145e-01
8.521018028259277344e-01
-2.280873991549015045e-02
-2.567359805107116699e-01
-1.011780977249145508e+00
1.309691518545150757e-01
1.090285658836364746e+00
1.062552452087402344e+00
-1.617967247962951660e+00
3.785077929496765137e-01
1.017637133598327637e+00
4.877361357212066650e-01
8.162574768066406250e-01
1.438360929489135742e+00
6.207513213157653809e-01
2.737026512622833252e-01
-1.064665675163269043e+00
-7.007964849472045898e-01
-7.013316452503204346e-02
-1.016848683357238770e+00
-9.072099924087524414e-01
8.355897665023803711e-01
4.044252634048461914e-01
6.567536592483520508e-01
-7.549483180046081543e-01
-2.307372391223907471e-01
1.127784729003906250e+00
-2.906817495822906494e-01
4.270954057574272156e-03
4.433746039867401123e-01
1.553058385848999023e+00
2.339668273925781250e+00
-8.619281053543090820e-01
1.285617589950561523e+00
4.324348568916320801e-01
4.966387152671813965e-01
2.105716466903686523e+00
3.484222590923309326e-01
1.084532976150512695e+00
-8.856918811798095703e-01
1.813751935958862305e+00
1.729922771453857422e+00
1.046152114868164062e+00
1.396496057510375977e+00
-1.713026642799377441e+00
1.967729479074478149e-01
1.027266025543212891e+00
3.757802546024322510e-01
7.171211242675781250e-01
5.549327135086059570e-01
7.194933891296386719e-01
-6.387910842895507812e-01
5.000296235084533691e-01
-9.245197176933288574e-01
-1.040473818778991699e+00
1.686200737953186035e+00
7.381680607795715332e-01
-2.699160873889923096e-01
-1.418816208839416504e+00
8.328320384025573730e-01
-6.383686065673828125e-01
-6.053395271301269531e-01
-1.244943499565124512e+00
-1.852545976638793945e+00
1.432191580533981323e-01
-5.877646207809448242e-01
1.118718147277832031e+00
-7.264544367790222168e-01
-1.010874271392822266e+00
1.808121651411056519e-01
5.778323486447334290e-02
3.023483276367187500e+00
4.972541630268096924e-01
-1.293028295040130615e-01
3.001087605953216553e-01
1.181847080588340759e-01
1.801445960998535156e+00
1.085339188575744629e+00
-1.208740592002868652e+00
-5.771264433860778809e-01
7.746449112892150879e-01
-2.756828367710113525e-01
6.243568658828735352e-01
1.800511330366134644e-01
1.635628104209899902e+00
9.031124114990234375e-01
-5.385686755180358887e-01
-1.541613101959228516e+00
6.327002048492431641e-01
1.575366497039794922e+00
-7.759510874748229980e-01
1.307945251464843750e+00
-9.430720210075378418e-01
6.134850978851318359e-01
-2.674039125442504883e+00
1.950088858604431152e+00
-1.860289931297302246e+00
-1.831388354301452637e+00
1.637450456619262695e+00
7.964341640472412109e-01
-3.101150751113891602e+00
1.246833652257919312e-01
-1.227904200553894043e+00
-4.688872098922729492e-01
3.779518306255340576e-01
-2.630131244659423828e-01
3.028359115123748779e-01
1.528383493423461914e+00
-1.385578632354736328e+00
2.061886787414550781e-01
1.841224551200866699e+00
8.609753847122192383e-02
7.269866466522216797e-01
-1.458148837089538574e+00
-2.711474180221557617e+00
-8.378648161888122559e-01
-5.881995558738708496e-01
-1.497315168380737305e+00
-4.026036185678094625e-04
-1.788298487663269043e+00
5.709564685821533203e-01
2.964014708995819092e-01
-1.016156315803527832e+00
2.924986556172370911e-02
-1.630561232566833496e+00
-2.899498641490936279e-01
5.464773774147033691e-01
2.821122528985142708e-03
1.375947985798120499e-02
3.227819800376892090e-01
4.380502402782440186e-01
-4.120501577854156494e-01
1.234228491783142090e+00
4.468270301818847656e+00
-8.737875819206237793e-01
2.624419033527374268e-01
-1.298930168151855469e+00
2.130758911371231079e-01
-3.047535121440887451e-01
-7.498377561569213867e-01
-1.229306161403656006e-01
4.704208970069885254e-01
-1.041917800903320312e+00
1.177337765693664551e+00
1.758538782596588135e-01
-1.033782005310058594e+00
8.413346111774444580e-02
-1.630872189998626709e-01
4.101976454257965088e-01
-5.390185713768005371e-01
8.418496251106262207e-01
-2.953022420406341553e-01
2.580119110643863678e-02
-4.830611944198608398e-01
6.242756247520446777e-01
-3.045776188373565674e-01
3.275459408760070801e-01
2.682209491729736328e+00
-1.089545965194702148e+00
-2.006827481091022491e-02
1.763676762580871582e+00
1.165674090385437012e+00
9.872871637344360352e-01
-7.406808733940124512e-01
-2.952496707439422607e-01
4.232149124145507812e-01
9.183478355407714844e-01
5.912495255470275879e-01
-1.033869028091430664e+00
8.678261041641235352e-01
-5.927751660346984863e-01
1.992647767066955566e+00
-8.573160767555236816e-01
-6.750743836164474487e-02
-2.283705472946166992e-01
-3.705783784389495850e-01
8.350303769111633301e-01
-4.787150397896766663e-02
2.705067873001098633e+00
9.812344908714294434e-01
-8.802480101585388184e-01
-9.600355625152587891e-01
-1.027413249015808105e+00
1.260091900825500488e+00
8.656182885169982910e-01
-9.957554340362548828e-01
-5.225467085838317871e-01
1.015678524971008301e+00
-1.153391450643539429e-01
-1.134136795997619629e+00
9.423027932643890381e-02
-5.631695389747619629e-01
7.312570214271545410e-01
-8.773933351039886475e-02
4.975631535053253174e-01
-2.996953725814819336e-01
-1.037326380610466003e-01
8.101119995117187500e-01
-1.838471740484237671e-01
7.567296624183654785e-01
1.743314623832702637e+00
8.616449832916259766e-01
-5.580468177795410156e-01
1.779898762702941895e+00
-7.092845439910888672e-01
-7.955136895179748535e-01
-2.172022819519042969e+00
-1.038652539253234863e+00
-2.022499084472656250e+00
-6.912294030189514160e-01
3.192047178745269775e-01
6.007182225584983826e-02
-5.672451257705688477e-01
1.443799138069152832e-01
5.946810841560363770e-01
-1.883462190628051758e+00
1.846087932586669922e+00
4.634039700031280518e-01
-3.302743285894393921e-02
-9.949918389320373535e-01
6.698212623596191406e-01
-9.287914633750915527e-01
1.008986458182334900e-01
3.770353272557258606e-02
-4.688298404216766357e-01
5.152575373649597168e-01
1.075616031885147095e-01
-8.515021800994873047e-01
-3.533696532249450684e-01
-9.689638018608093262e-01
-1.012181043624877930e+00
-1.261353969573974609e+00
-7.607986927032470703e-01
6.658596396446228027e-01
-1.683727204799652100e-01
3.263517618179321289e-01
-3.191402852535247803e-01
-1.478933542966842651e-01
-3.809869885444641113e-01
5.436422228813171387e-01
7.987540215253829956e-02
-5.136588215827941895e-01
-2.766263782978057861e-01
7.841186970472335815e-02
-1.288781881332397461e+00
6.506842374801635742e-01
3.751022815704345703e-01
-2.311700582504272461e+00
9.921218156814575195e-01
2.505748510360717773e+00
-5.026023983955383301e-01
-2.016969323158264160e-01
-3.062054216861724854e-01
-3.239644765853881836e-01
-4.049195945262908936e-01
1.615515112876892090e+00
-1.453122019767761230e+00
5.625737309455871582e-01
2.864544153213500977e+00
1.829635381698608398e+00
7.944394350051879883e-01
2.837594747543334961e-01
2.270484715700149536e-01
-2.292711734771728516e+00
9.510454401606693864e-05
-1.547661304473876953e+00
9.036248922348022461e-01
-9.409829229116439819e-02
5.386363342404365540e-02
-2.184714227914810181e-01
-9.084831923246383667e-02
2.939587831497192383e-01
-3.614126741886138916e-01
-6.250703930854797363e-01
4.212074279785156250e-01
8.839805722236633301e-01
2.319494634866714478e-01
5.312823057174682617e-01
-9.354372024536132812e-01
1.637576669454574585e-01
-1.403850782662630081e-02
8.412395715713500977e-01
4.193296730518341064e-01
1.212697029113769531e+00
-4.407844543457031250e-01
-1.935872435569763184e-01
1.351225256919860840e+00
-7.534489035606384277e-01
-8.195618391036987305e-01
-6.230136156082153320e-01
1.113562822341918945e+00
-9.348064661026000977e-01
-1.065878748893737793e+00
7.856609225273132324e-01
8.214479088783264160e-01
3.932858109474182129e-01
1.087601542472839355e+00
1.348312973976135254e+00
-9.110918641090393066e-01
8.714666962623596191e-01
-1.417564034461975098e+00
-2.536484599113464355e-01
-7.975053787231445312e-01
3.875967115163803101e-02
-4.666604101657867432e-01
-2.290086030960083008e+00
-1.528601884841918945e+00
6.234736442565917969e-01
3.123816847801208496e-01
-1.181249737739562988e+00
-8.299177289009094238e-01
1.407456278800964355e+00
3.704172093421220779e-03
1.434906959533691406e+00
-2.765107452869415283e-01
1.798702239990234375e+00
-1.075869873166084290e-01
4.803709983825683594e-01
-5.499288439750671387e-01
6.752927899360656738e-01
3.052930533885955811e-01
1.760699003934860229e-01
2.420884132385253906e+00
7.321873307228088379e-01
-9.177181124687194824e-02
-1.022759199142456055e+00
-1.014622211456298828e+00
1.384984135627746582e+00
1.527934551239013672e+00
2.968876361846923828e-01
-7.694089412689208984e-01
1.311006426811218262e+00
-2.301944732666015625e+00
-1.474050045013427734e+00
-8.497048020362854004e-01
4.941987097263336182e-01
-2.405265271663665771e-01
1.039881825447082520e+00
1.243726164102554321e-01
-5.121236443519592285e-01
-7.047397494316101074e-01
-1.598098427057266235e-01
-1.168848752975463867e+00
7.759977579116821289e-01
4.101156294345855713e-01
-1.660224914550781250e+00
8.194580078125000000e-01
-2.931928634643554688e+00
1.681531816720962524e-01
-8.820546418428421021e-02
-8.716623187065124512e-01
-6.377073526382446289e-01
3.613639473915100098e-01
3.587335646152496338e-01
1.190911903977394104e-01
3.724515438079833984e-02
-9.622724056243896484e-01
1.570677518844604492e+00
5.553435683250427246e-01
-9.852755069732666016e-01
-1.224917888641357422e+00
3.866947442293167114e-02
-1.438975781202316284e-01
1.048637628555297852e+00
-3.487189859151840210e-02
-7.373180985450744629e-01
-8.873249888420104980e-01
-8.033325076103210449e-01
8.200911432504653931e-02
6.970024108886718750e-01
-8.451594114303588867e-01
-1.300955414772033691e+00
-1.458558917045593262e+00
5.536981225013732910e-01
5.368134975433349609e-01
-1.496956229209899902e+00
5.984516143798828125e-01
9.605588912963867188e-01
-3.741406798362731934e-01
2.018659859895706177e-01
1.134856581687927246e+00
-5.699247866868972778e-02
2.569600641727447510e-01
4.339504241943359375e-01
1.095707654953002930e+00
-2.534114718437194824e-01
8.438980579376220703e-01
1.594217181205749512e+00
-8.440113067626953125e-01
-1.013044238090515137e+00
7.782390117645263672e-01
2.298495531082153320e+00
6.554427146911621094e-01
-7.384951710700988770e-01
9.779994376003742218e-03
9.461872279644012451e-03
5.075052976608276367e-01
-6.852877140045166016e-01
-8.198349475860595703e-01
-4.855937883257865906e-02
9.107829332351684570e-01
-7.528461813926696777e-01
6.534316539764404297e-01
5.083439350128173828e-01
-1.834868639707565308e-01
-9.686161875724792480e-01
-5.434567451477050781e+00
-4.474019706249237061e-01
-5.121920108795166016e-01
2.511823475360870361e-01
1.326699256896972656e+00
-1.210647523403167725e-01
2.486106306314468384e-01
-1.356317996978759766e+00
-3.239900767803192139e-01
-5.976836085319519043e-01
-8.484135866165161133e-01
5.107314586639404297e-01
-8.701947927474975586e-01
-1.357895731925964355e+00
-2.151238203048706055e+00
2.634294986724853516e+00
-4.169495403766632080e-01
-9.547218084335327148e-01
6.981092929840087891e+00
-9.824142456054687500e-01
-7.650014400482177734e+00
3.031948208808898926e-01
-6.975157260894775391e-01
-2.057326078414916992e+00
-1.921100914478302002e-01
-1.375777721405029297e+00
7.241927981376647949e-01
1.921353101730346680e+00
5.105713009834289551e-02
-1.294729709625244141e-01
1.053179621696472168e+00
-6.309677958488464355e-01
-1.638840794563293457e+00
-1.348770856857299805e+00
1.119309186935424805e+00
3.679479658603668213e-01
1.304914474487304688e+00
-2.171150684356689453e+00
1.378567099571228027e+00
2.169874757528305054e-01
4.773683845996856689e-01
-1.336863994598388672e+00
-1.297967553138732910e+00
1.724620163440704346e-01
-9.189517498016357422e-01
4.954466819763183594e-01
5.274703260511159897e-03
1.790250062942504883e+00
-1.424309909343719482e-01
1.251378059387207031e-01
1.008883953094482422e+00
1.146208524703979492e+00
-1.864968299865722656e+00
-1.510549783706665039e+00
1.108712911605834961e+00
-2.080482989549636841e-01
1.538402587175369263e-01
-1.424683928489685059e+00
-6.184220314025878906e-01
8.031442761421203613e-01
-2.962556481361389160e-01
-2.997631765902042389e-02
-3.611283004283905029e-01
9.322192668914794922e-01
2.089602053165435791e-01
2.707334756851196289e-01
-1.809645295143127441e+00
3.535472750663757324e-01
-3.071934700012207031e+00
3.689101636409759521e-01
8.480080962181091309e-02
8.082662224769592285e-01
-1.401438951492309570e+00
1.535439729690551758e+00
2.841223776340484619e-01
-1.373960733413696289e+00
-1.586759448051452637e+00
-1.109478592872619629e+00
6.787049174308776855e-01
-3.727988600730895996e-01
