9.731060862541198730e-01
4.049715101718902588e-01
-2.632127106189727783e-01
-5.267239212989807129e-01
-6.396070718765258789e-01
-9.252631664276123047e-01
-2.924054563045501709e-01
1.347213238477706909e-01
-1.635235428810119629e+00
-1.275562882423400879e+00
6.402944326400756836e-01
-1.677071332931518555e+00
4.412877857685089111e-01
-4.478091001510620117e-02
-8.302606344223022461e-01
-4.318805932998657227e-01
-5.451968312263488770e-01
1.363782286643981934e-01
3.328875899314880371e-01
-3.657079041004180908e-01
2.055082023143768311e-01
-2.047867298126220703e+00
1.239920258522033691e+00
-1.238552451133728027e+00
1.487347483634948730e+00
6.772407889366149902e-01
-5.588145852088928223e-01
9.598564505577087402e-01
-1.676625847816467285e+00
1.202075362205505371e+00
3.212116062641143799e-01
-1.223158985376358032e-01
-2.306240797042846680e+00
-2.413581907749176025e-01
-1.098667979240417480e+00
6.345589756965637207e-01
-3.971152007579803467e-01
-3.936713695526123047e+00
1.075747683644294739e-01
4.626142084598541260e-01
-9.496341943740844727e-01
-1.019356489181518555e+00
-5.223810672760009766e-01
-2.329659909009933472e-01
9.800762534141540527e-01
1.622035145759582520e+00
4.585081934928894043e-01
6.722999811172485352e-01
2.928059697151184082e-01
1.230414390563964844e+00
-2.390892356634140015e-01
-1.575308144092559814e-01
-6.156439185142517090e-01
4.474693238735198975e-01
3.089439272880554199e-01
-1.341501355171203613e+00
-1.358968615531921387e-01
1.848330497741699219e-01
-5.224019661545753479e-02
-7.009700536727905273e-01
-7.907822132110595703e-01
7.034982442855834961e-01
1.247581124305725098e+00
-3.969436287879943848e-01
1.013990879058837891e+00
-7.187705636024475098e-01
1.273635745048522949e+00
5.856030061841011047e-02
1.170363187789916992e+00
-1.532269835472106934e+00
7.576980590820312500e-01
4.200154840946197510e-01
4.928362965583801270e-01
-5.425558686256408691e-01
-6.262280344963073730e-01
1.850393176078796387e+00
7.138878107070922852e-01
6.725804805755615234e-01
6.464337706565856934e-01
9.196287989616394043e-01
9.778589755296707153e-02
3.267054259777069092e-01
-1.365661382675170898e+00
-4.483055174350738525e-01
1.957514286041259766e-01
-4.219921529293060303e-01
-1.414562940597534180e+00
-2.420148402452468872e-01
-2.593788504600524902e-01
-6.553212404251098633e-01
-3.840965926647186279e-01
-1.503357410430908203e+00
4.124051034450531006e-01
1.075916409492492676e+00
-8.737625926733016968e-02
1.199596166610717773e+00
8.013913631439208984e-01
8.581054210662841797e-01
-3.761509060859680176e-01
-2.288463562726974487e-01
2.700514495372772217e-01
5.214217305183410645e-01
1.325227260589599609e+00
-7.752259373664855957e-01
-1.325381278991699219e+00
-8.945870995521545410e-01
-1.131955027580261230e+00
7.374569773674011230e-01
2.549884021282196045e-01
2.601597011089324951e-01
1.086868166923522949e+00
9.286937117576599121e-01
-1.889709353446960449e+00
-1.220810890197753906e+00
3.605109825730323792e-02
3.015061616897583008e-01
-1.089003402739763260e-02
-7.519695162773132324e-01
2.654780149459838867e-01
1.002569437026977539e+00
2.085495591163635254e-01
1.039615869522094727e+00
-4.239586591720581055e-01
4.950141310691833496e-01
5.238280817866325378e-02
-1.391695290803909302e-01
4.982974827289581299e-01
1.598524570465087891e+00
-1.213741779327392578e+00
-2.380790114402770996e-01
8.986175656318664551e-01
-1.269232988357543945e+00
1.023482441902160645e+00
-1.805737733840942383e+00
-3.495341777801513672e+00
-8.655738234519958496e-01
3.220440074801445007e-02
5.548662543296813965e-01
-7.942609786987304688e-01
-4.528359696269035339e-02
6.692703068256378174e-02
1.133094310760498047e+00
1.088687300682067871e+00
-5.918326973915100098e-01
-1.723024368286132812e+00
3.977071046829223633e-01
1.259744763374328613e+00
-1.086148619651794434e+00
-1.705270856618881226e-01
-3.529259189963340759e-02
4.828893542289733887e-01
-3.694641590118408203e-01
-4.494452178478240967e-01
3.952840268611907959e-01
1.395315647125244141e+00
-3.396030142903327942e-02
-7.725441455841064453e-01
4.638621211051940918e-01
-1.841675639152526855e-01
1.789414435625076294e-01
7.291250824928283691e-01
1.515432745218276978e-01
-3.167128935456275940e-02
-1.672762483358383179e-01
-1.901225149631500244e-01
-9.502577185630798340e-01
-1.180439352989196777e+00
1.655549108982086182e-01
-3.416527211666107178e-01
8.226385116577148438e-01
-1.040668129920959473e+00
-1.864506602287292480e+00
-8.025465011596679688e-01
1.569881916046142578e+00
-1.790971606969833374e-01
5.828177332878112793e-01
3.882187902927398682e-01
5.277503728866577148e-01
1.524137854576110840e-01
1.432840466499328613e+00
-1.142783761024475098e+00
-1.204548835754394531e+00
-7.949990034103393555e-01
3.222108483314514160e-01
8.435984849929809570e-01
2.435164749622344971e-01
-1.598854184150695801e+00
-2.313531190156936646e-01
2.173400163650512695e+00
8.856592178344726562e-01
-1.057660114020109177e-02
-1.409430742263793945e+00
-1.412761807441711426e-01
1.029112219810485840e+00
-3.868814706802368164e-01
-9.692493826150894165e-02
2.051610201597213745e-01
-9.147553443908691406e-01
1.031545996665954590e+00
1.920890808105468750e-01
-7.494216412305831909e-02
2.026231765747070312e+00
1.501257658004760742e+00
-8.098698854446411133e-01
6.832525134086608887e-01
-5.933799147605895996e-01
5.443111658096313477e-01
-2.422225475311279297e+00
8.845168948173522949e-01
-4.511099159717559814e-01
1.833455264568328857e-01
-7.881755828857421875e-01
2.191843986511230469e-01
-6.207711249589920044e-02
-5.045996308326721191e-01
3.684061467647552490e-01
-2.980569839477539062e+00
-3.519484400749206543e-01
4.263026118278503418e-01
8.097209781408309937e-02
1.100744232535362244e-01
7.865596413612365723e-01
1.391877889633178711e+00
-8.524519801139831543e-01
4.223730266094207764e-01
-4.153340458869934082e-01
5.190813541412353516e-01
-1.229338794946670532e-01
-1.030257105827331543e+00
-1.266751766204833984e+00
-2.018199265003204346e-01
-8.085571527481079102e-01
-9.289461970329284668e-01
1.945358276367187500e+00
-8.601818978786468506e-02
7.057804465293884277e-01
5.474804639816284180e-01
4.324436485767364502e-01
-5.199354290962219238e-01
7.699205726385116577e-02
1.319051027297973633e+00
1.145761609077453613e+00
-4.789572209119796753e-02
1.096838712692260742e+00
-7.707681059837341309e-01
7.552772164344787598e-01
-1.093787670135498047e+00
-6.577567011117935181e-02
7.222639918327331543e-01
-8.511484265327453613e-01
6.654003858566284180e-01
3.908839225769042969e-01
-1.180925369262695312e+00
-1.387696743011474609e+00
1.254061341285705566e+00
-9.130254983901977539e-01
-6.132203340530395508e-02
1.129105806350708008e+00
4.001897573471069336e-01
1.192613363265991211e+00
3.661241829395294189e-01
2.924182415008544922e-01
1.301115036010742188e+00
-8.098945021629333496e-01
-1.331466436386108398e+00
8.220555782318115234e-01
4.364977180957794189e-01
-1.308444976806640625e+00
4.158423900604248047e+00
1.667333126068115234e+00
-3.497132360935211182e-01
1.158599734306335449e+00
6.096712350845336914e-01
1.042721867561340332e+00
-9.475151896476745605e-01
8.233292102813720703e-01
-2.677756845951080322e-01
3.173894435167312622e-02
1.740264296531677246e-01
-1.551702260971069336e+00
1.247118234634399414e+00
-9.704931974411010742e-01
9.184601306915283203e-01
-6.139082089066505432e-02
3.856164515018463135e-01
1.169239044189453125e+00
5.580532550811767578e-01
1.242281079292297363e+00
4.507629573345184326e-01
-4.880402088165283203e-01
-1.745612144470214844e+00
1.200253844261169434e+00
7.851477265357971191e-01
-3.349289655685424805e+00
9.241393804550170898e-01
-1.198746800422668457e+00
-2.607187628746032715e-01
1.511146426200866699e-01
1.248298212885856628e-01
2.910794913768768311e-01
5.943287014961242676e-01
-1.295631408691406250e+00
3.312497958540916443e-02
8.034841418266296387e-01
2.805685758590698242e+00
5.562947392463684082e-01
8.721228837966918945e-01
-1.128930330276489258e+00
-4.812685772776603699e-02
-5.855416655540466309e-01
-1.373863816261291504e+00
-1.577381372451782227e+00
-1.723627686500549316e+00
7.479138970375061035e-01
-9.996683895587921143e-02
-2.438038587570190430e-01
1.314071655273437500e+00
5.475087165832519531e-01
1.268093883991241455e-01
4.154589176177978516e-01
-1.694957852363586426e+00
4.961161315441131592e-02
7.843588590621948242e-01
-1.708623468875885010e-01
-5.996140837669372559e-01
-1.923278719186782837e-01
-3.995279967784881592e-01
2.145572155714035034e-01
-7.680140733718872070e-01
1.583095669746398926e+00
9.284464120864868164e-01
-9.148294329643249512e-01
1.724550247192382812e+00
2.839602828025817871e-01
-1.401866466039791703e-04
-1.349739789962768555e+00
-3.487990498542785645e-01
-8.620693087577819824e-01
1.913887262344360352e+00
-5.033172965049743652e-01
8.186447024345397949e-01
-7.238842248916625977e-01
5.418255329132080078e-01
4.428968727588653564e-01
7.334563732147216797e-01
1.729881405830383301e+00
-1.735379099845886230e+00
8.486053943634033203e-01
-1.032304525375366211e+00
-6.202747225761413574e-01
-8.294204473495483398e-01
-4.873394668102264404e-01
-1.598067432641983032e-01
-8.424569964408874512e-01
-6.878762245178222656e-01
-3.908885121345520020e-01
-1.546485424041748047e-01
-1.419527173042297363e+00
-2.602594792842864990e-01
1.424162149429321289e+00
5.056264996528625488e-01
-3.574045598506927490e-01
3.643960654735565186e-01
-1.087944030761718750e+00
-2.049394130706787109e+00
1.795908212661743164e-01
2.413185834884643555e+00
-5.246194005012512207e-01
9.296123981475830078e-01
3.629021048545837402e-01
7.562864422798156738e-01
-5.118430592119693756e-03
-8.726018667221069336e-01
3.053131580352783203e+00
1.067446947097778320e+00
5.264561176300048828e-01
5.414255857467651367e-01
-1.630068898200988770e+00
-7.837848663330078125e-01
6.361551880836486816e-01
1.437384843826293945e+00
9.519106149673461914e-01
6.666625738143920898e-01
-5.370693206787109375e-01
-4.390414357185363770e-01
-3.281775414943695068e-01
-2.397782653570175171e-01
-9.705800414085388184e-01
1.355923056602478027e+00
-4.259482324123382568e-01
1.015433907508850098e+00
6.228532791137695312e-01
1.958026885986328125e-01
-9.891713261604309082e-01
1.626531362533569336e+00
-1.093995928764343262e+00
-1.391431331634521484e+00
6.185464262962341309e-01
-5.156861543655395508e-01
2.688256502151489258e-01
1.089787781238555908e-01
-1.799267411231994629e+00
-2.271738052368164062e-01
-9.814112186431884766e-01
-1.378917813301086426e+00
-1.019473895430564880e-01
-1.256071329116821289e+00
1.519323706626892090e+00
1.189965754747390747e-01
-9.204124212265014648e-01
-3.530414998531341553e-01
-3.788287937641143799e-01
-1.122490644454956055e+00
9.932425618171691895e-01
4.581185281276702881e-01
5.833513736724853516e-01
-5.662804245948791504e-01
-3.264673650264739990e-01
-7.366966009140014648e-01
2.097852706909179688e+00
-1.381595134735107422e+00
-1.026005268096923828e+00
8.904526829719543457e-01
1.758323431015014648e+00
-7.147333025932312012e-02
8.363186717033386230e-01
-8.484322428703308105e-01
3.829136863350868225e-02
-1.894472956657409668e+00
-3.384580612182617188e-01
2.381916940212249756e-01
1.755017399787902832e+00
1.337591290473937988e+00
-9.396020174026489258e-01
-4.525477290153503418e-01
-7.689976692199707031e-01
7.622578740119934082e-01
-7.638145685195922852e-01
1.892634034156799316e-01
2.188728153705596924e-01
-8.527973890304565430e-01
8.549907803535461426e-01
-9.913825392723083496e-01
2.632349729537963867e-01
-2.004499584436416626e-01
1.103429123759269714e-01
-5.684460401535034180e-01
1.221439335495233536e-02
-2.930437922477722168e-01
-9.132356643676757812e-01
-9.967892169952392578e-01
-7.059528231620788574e-01
-1.171241164207458496e+00
-1.030839800834655762e+00
-1.584922671318054199e+00
-2.756910622119903564e-01
7.656558156013488770e-01
8.283863663673400879e-01
6.146180033683776855e-01
-1.234105944633483887e+00
1.040477395057678223e+00
-3.549765646457672119e-01
-4.533163085579872131e-02
7.113343477249145508e-01
-1.152013778686523438e+00
2.696175277233123779e-01
-4.346482455730438232e-02
1.267768621444702148e+00
-8.900771737098693848e-01
7.843040674924850464e-02
-2.097268030047416687e-02
1.594652771949768066e+00
-1.048748731613159180e+00
1.045348405838012695e+00
-2.541369944810867310e-02
-3.289519250392913818e-01
1.462359070777893066e+00
7.323158532381057739e-02
-1.001332163810729980e+00
6.555238962173461914e-01
9.714646339416503906e-01
9.660630226135253906e-01
-1.357590675354003906e+00
1.811084270477294922e+00
3.996367454528808594e-01
-2.702981606125831604e-02
5.875147581100463867e-01
6.685467958450317383e-01
-2.382355481386184692e-01
-7.030562758445739746e-01
1.932624936103820801e+00
1.233508348464965820e+00
2.409491091966629028e-01
1.083135366439819336e+00
-7.351379394531250000e-01
5.810549259185791016e-01
-1.152053236961364746e+00
-1.944766640663146973e+00
5.960539579391479492e-01
3.657952249050140381e-01
-3.942471742630004883e-01
7.197859287261962891e-01
-1.289305448532104492e+00
9.905078411102294922e-01
-2.191762208938598633e+00
8.624878525733947754e-01
-1.597425460815429688e+00
-6.020683050155639648e-02
3.340395987033843994e-01
8.354350328445434570e-01
1.424434185028076172e+00
-7.327758669853210449e-01
6.459979414939880371e-01
8.120719194412231445e-01
1.160867094993591309e+00
1.440887928009033203e+00
4.310693591833114624e-02
-8.068308234214782715e-01
1.105087101459503174e-01
-1.567759752273559570e+00
-9.873926639556884766e-01
2.689158916473388672e-01
-1.939051628112792969e+00
-1.304018497467041016e+00
-1.023641526699066162e-01
8.730041384696960449e-01
9.525018334388732910e-01
8.950951099395751953e-01
9.078662991523742676e-01
-8.221412897109985352e-01
-7.032519578933715820e-01
4.934512376785278320e-01
7.716111540794372559e-01
-1.020883843302726746e-01
1.484861373901367188e-01
-1.413969516754150391e+00
-9.671280980110168457e-01
9.326101094484329224e-02
-1.358621954917907715e+00
1.596662253141403198e-01
-1.111347198486328125e+00
1.403338313102722168e-01
-6.045636534690856934e-01
-7.112537026405334473e-01
1.589324712753295898e+00
-1.378793835639953613e+00
9.186295866966247559e-01
4.787438511848449707e-01
-1.187670707702636719e+00
9.944023489952087402e-01
-1.348125040531158447e-01
4.129203557968139648e-01
-1.629461884498596191e+00
-3.401154875755310059e-01
2.249332889914512634e-02
8.548789024353027344e-01
-1.246819972991943359e+00
2.538973987102508545e-01
-1.274927258491516113e+00
-1.442656874656677246e+00
3.176518082618713379e-01
1.044296145439147949e+00
-5.764504671096801758e-01
2.546216845512390137e-01
9.720259904861450195e-01
2.448152303695678711e-01
9.546653628349304199e-01
6.339012980461120605e-01
2.034822463989257812e+00
-6.939936876296997070e-01
1.408036231994628906e+00
-4.044173061847686768e-01
-1.716759324073791504e+00
-7.800729274749755859e-01
-6.266565322875976562e-01
-4.230134189128875732e-02
-4.712412655353546143e-01
-4.989536702632904053e-01
8.708847165107727051e-01
-4.862226843833923340e-01
-1.470022320747375488e+00
5.858956575393676758e-01
3.208148777484893799e-01
8.217469453811645508e-01
8.757357597351074219e-01
3.866091966629028320e-01
-1.183132171630859375e+00
-1.658323287963867188e+00
-9.276503324508666992e-01
-2.966522574424743652e-01
-2.000676989555358887e-01
-6.118705868721008301e-01
-2.006118744611740112e-01
4.037491381168365479e-01
-5.840233564376831055e-01
-2.029563188552856445e-01
-1.256827354431152344e+00
4.234330356121063232e-01
-3.664349019527435303e-01
-8.400036096572875977e-01
-5.412405729293823242e-01
-1.501287102699279785e+00
1.017999172210693359e+00
3.840356171131134033e-01
1.545047283172607422e+00
-9.339644908905029297e-01
-4.761860668659210205e-01
-1.083639264106750488e+00
-1.979784071445465088e-01
1.989741623401641846e-01
-7.214549779891967773e-01
5.023366212844848633e-02
1.842758506536483765e-01
5.227136984467506409e-02
-9.715505242347717285e-01
-4.531136751174926758e-01
-2.507113814353942871e-01
-1.317155659198760986e-01
9.784018397331237793e-01
1.130881235003471375e-01
-1.148920059204101562e+00
7.432854175567626953e-01
-1.241259694099426270e+00
1.361261010169982910e+00
-1.162183880805969238e+00
6.100925803184509277e-01
-8.544648997485637665e-03
1.006549596786499023e-01
-3.823194280266761780e-02
-1.730101585388183594e+00
6.175667643547058105e-01
7.700715661048889160e-01
1.895692944526672363e-01
1.339359879493713379e+00
-1.470988839864730835e-01
2.095268517732620239e-01
-7.274357676506042480e-01
6.694968938827514648e-01
-1.384445905685424805e+00
6.790177226066589355e-01
-9.711906313896179199e-01
5.674239993095397949e-01
-1.324412345886230469e+00
6.110492348670959473e-01
-5.319320559501647949e-01
3.597203969955444336e+00
7.838102430105209351e-02
-3.884604871273040771e-01
4.953671395778656006e-01
-1.893553853034973145e+00
-1.503850102424621582e+00
-3.149130046367645264e-01
4.248887300491333008e-01
-2.612228095531463623e-01
-2.826914191246032715e-01
-5.247088670730590820e-01
-4.201397299766540527e-01
-1.111996531486511230e+00
9.368848800659179688e-01
7.901428937911987305e-01
-3.605389595031738281e-01
1.273992657661437988e+00
3.106961548328399658e-01
-1.260802268981933594e+00
3.124393820762634277e-01
9.410784840583801270e-01
-6.211095452308654785e-01
1.042277097702026367e+00
9.888376295566558838e-02
-1.359574317932128906e+00
-2.354163676500320435e-02
-3.844465315341949463e-01
9.161915779113769531e-01
1.715509533882141113e+00
1.630768179893493652e+00
-1.168273910880088806e-01
6.995245814323425293e-01
-4.438998997211456299e-01
6.080102324485778809e-01
-2.177315950393676758e-01
-6.442821770906448364e-02
-2.227404266595840454e-01
-1.181923866271972656e+00
3.699301779270172119e-01
-6.857240796089172363e-01
-3.956490159034729004e-01
-9.141290187835693359e-01
-4.083863198757171631e-01
3.494816541671752930e+00
1.492784261703491211e+00
-3.563680648803710938e-01
-3.099502027034759521e-01
-3.689116835594177246e-01
-5.062391757965087891e-01
7.585782408714294434e-01
1.005644559860229492e+00
-1.324147343635559082e+00
1.357832551002502441e-01
-1.714233607053756714e-01
7.255363464355468750e-01
4.877517521381378174e-01
1.992687433958053589e-01
-5.482971668243408203e-01
-4.467190057039260864e-02
1.690692901611328125e-01
-3.345139026641845703e-01
8.548966646194458008e-01
9.323589205741882324e-01
-9.765143990516662598e-01
3.283057510852813721e-01
1.216466724872589111e-01
-6.404964327812194824e-01
-1.066277146339416504e+00
-2.173504978418350220e-01
-1.804850697517395020e+00
-2.317078113555908203e-01
7.814270853996276855e-01
-1.469269514083862305e+00
1.106979250907897949e+00
-5.319773554801940918e-01
-9.746071100234985352e-01
-1.052721261978149414e+00
-6.827068328857421875e-01
-2.036215811967849731e-01
-1.656439900398254395e-01
5.643060207366943359e-01
1.203404739499092102e-01
4.899622201919555664e-01
9.528628587722778320e-01
-2.305487990379333496e-01
9.177780747413635254e-01
-6.637818217277526855e-01
-4.194857776165008545e-01
3.790721893310546875e-01
2.919884026050567627e-02
7.465819120407104492e-01
2.034798562526702881e-01
1.207293197512626648e-01
8.054347634315490723e-01
-2.800298035144805908e-01
-2.455870509147644043e-01
-5.125118494033813477e-01
6.787785291671752930e-01
1.251658797264099121e+00
-4.395263791084289551e-01
-1.025204539299011230e+00
1.013295888900756836e+00
-2.777102887630462646e-01
1.331451535224914551e+00
9.174203276634216309e-01
1.778441905975341797e+00
-6.011847853660583496e-01
-1.535571098327636719e+00
1.870264671742916107e-02
-1.444209218025207520e+00
8.695095181465148926e-01
-9.559360146522521973e-01
-4.120401144027709961e-01
-7.694067358970642090e-01
4.217142462730407715e-01
-6.943521499633789062e-01
-1.992614269256591797e-01
-7.149043679237365723e-01
8.361318111419677734e-01
1.232851743698120117e+00
-2.687973342835903168e-02
-6.716522574424743652e-02
2.540351748466491699e-01
