2.802403867244720459e-01
-1.566423773765563965e+00
-2.746380865573883057e-02
-1.190733909606933594e+00
5.654729604721069336e-01
-8.396589756011962891e-01
-6.014641374349594116e-02
-1.672397851943969727e+00
-1.985442936420440674e-01
3.872441649436950684e-01
3.672581017017364502e-01
9.448019266128540039e-01
-1.846830397844314575e-01
2.136280983686447144e-01
-1.375461462885141373e-02
-6.154163479804992676e-01
-4.495186209678649902e-01
2.674505710601806641e+00
-4.896968603134155273e-01
3.783557713031768799e-01
1.575203657150268555e+00
-7.246781140565872192e-02
4.369944036006927490e-01
9.319846630096435547e-01
-1.991025358438491821e-01
1.462125778198242188e-01
-5.525615215301513672e-01
2.262839317321777344e+00
-1.265549659729003906e+00
-4.540535509586334229e-01
-1.198777318000793457e+00
-4.607199132442474365e-01
5.747377276420593262e-01
7.074158787727355957e-01
-1.238188073039054871e-01
-1.656752109527587891e+00
-3.973355889320373535e-02
-4.487850666046142578e+00
-3.999837860465049744e-02
-7.241725325584411621e-01
-1.576002120971679688e+00
-6.974780559539794922e-01
4.159624874591827393e-01
1.210568070411682129e+00
1.195418357849121094e+00
1.574329286813735962e-01
-1.560048758983612061e-01
1.335839390754699707e+00
8.424027562141418457e-01
-1.447685480117797852e+00
1.361326932907104492e+00
-2.182610511779785156e+00
-2.064433097839355469e+00
-1.047234416007995605e+00
1.475781679153442383e+00
1.850615739822387695e+00
-2.265440523624420166e-01
-2.193763256072998047e-01
-1.232865571975708008e+00
4.037217497825622559e-01
4.697859287261962891e+00
-3.208893537521362305e-01
-6.403796672821044922e-01
1.125105977058410645e+00
-1.115243673324584961e+00
-3.775132596492767334e-01
-5.320691466331481934e-01
-4.041528999805450439e-01
3.676481544971466064e-01
3.310047864913940430e+00
-9.680137038230895996e-01
-1.316470980644226074e+00
-7.347036600112915039e-01
-1.517875194549560547e+00
2.367538958787918091e-01
1.061225652694702148e+00
1.794676065444946289e+00
4.456022977828979492e-01
2.360427081584930420e-01
-2.226351022720336914e+00
5.474269390106201172e-01
-1.028268575668334961e+00
-4.277228116989135742e-01
-4.572191238403320312e-01
2.602232098579406738e-01
6.082378625869750977e-01
-3.123275041580200195e+00
1.211463734507560730e-01
-1.432062745094299316e+00
6.775613427162170410e-01
-7.192125916481018066e-02
-7.135232090950012207e-01
-8.896382451057434082e-01
1.766260862350463867e-01
-4.797543883323669434e-01
-3.604295849800109863e-01
-2.143866300582885742e+00
-7.786422371864318848e-01
-1.313913464546203613e+00
1.872425079345703125e+00
-9.779786467552185059e-01
-1.576267957687377930e+00
6.843072175979614258e-01
-1.337863802909851074e+00
6.850193738937377930e-01
-2.994638383388519287e-01
-1.281769156455993652e+00
1.014264106750488281e+00
-1.837077617645263672e+00
9.323795139789581299e-02
9.638238549232482910e-01
1.335107564926147461e+00
-2.302660346031188965e-01
2.017627060413360596e-01
-8.247145414352416992e-01
1.285603046417236328e-01
-2.932420372962951660e-01
-4.233421325683593750e+00
2.827776193618774414e+00
-7.239022850990295410e-01
2.774536907672882080e-01
9.727668166160583496e-01
-8.860213756561279297e-01
1.364166617393493652e+00
-1.276268810033798218e-01
-3.196907043457031250e-01
1.130742952227592468e-01
1.244875192642211914e+00
1.232867360115051270e+00
9.323056340217590332e-01
-2.880206108093261719e-01
-2.390109777450561523e+00
-1.677685141563415527e+00
-1.763447374105453491e-02
-1.838591694831848145e+00
-1.502830088138580322e-01
-1.034959703683853149e-01
-1.354243278503417969e+00
-1.290496826171875000e+00
2.135245800018310547e-01
1.092089056968688965e+00
8.052057027816772461e-02
3.013106346130371094e+00
9.190246462821960449e-01
1.153751969337463379e+00
-1.469103217124938965e+00
-6.503482162952423096e-02
-9.351882934570312500e-01
4.547211527824401855e-01
-2.003075599670410156e+00
7.593389749526977539e-01
-1.649060487747192383e+00
-1.144419312477111816e+00
-7.201623320579528809e-01
1.372608184814453125e+00
-7.421200275421142578e-01
-1.897171854972839355e+00
1.059682846069335938e+00
-2.506403326988220215e-01
1.918272495269775391e+00
9.570814967155456543e-01
-4.979265332221984863e-01
9.178407192230224609e-01
-1.214608550071716309e+00
-9.366151690483093262e-01
-1.250417470932006836e+00
1.298271298408508301e+00
3.484983146190643311e-01
1.809645891189575195e-01
1.905022621154785156e+00
-6.679421067237854004e-01
-5.249917507171630859e-01
-1.315611004829406738e+00
-3.385869264602661133e-01
1.674291789531707764e-01
-2.115988582372665405e-01
-8.698694407939910889e-02
2.246073484420776367e+00
-1.776880621910095215e-01
4.353950321674346924e-01
-1.386939167976379395e+00
-8.748890757560729980e-01
-1.617357134819030762e+00
7.421818971633911133e-01
-7.995433807373046875e-01
-9.938767552375793457e-01
1.555325388908386230e+00
2.181195020675659180e+00
-1.587623357772827148e+00
2.096719503402709961e+00
-3.575987517833709717e-01
-1.206121563911437988e+00
1.541361659765243530e-01
-2.875382184982299805e+00
6.037201285362243652e-01
9.430535435676574707e-01
1.570665240287780762e+00
7.441354393959045410e-01
1.857558339834213257e-01
-1.916152834892272949e+00
-7.859027385711669922e-02
1.717991232872009277e+00
-2.495080947875976562e+00
-1.619903922080993652e+00
1.175536155700683594e+00
-9.466580152511596680e-01
-9.716442823410034180e-01
1.709245681762695312e+00
1.289076805114746094e+00
-9.654384851455688477e-01
-1.279782652854919434e+00
-1.002498388290405273e+00
1.258091568946838379e+00
-3.795146942138671875e-01
3.332574844360351562e+00
6.538943648338317871e-01
-5.618945598602294922e+00
3.658445775508880615e-01
1.458426356315612793e+00
5.370540022850036621e-01
1.880893826484680176e+00
5.237808227539062500e-01
-4.427731931209564209e-01
9.047644734382629395e-01
1.493376493453979492e+00
-5.937359333038330078e-01
7.501076459884643555e-01
2.401719987392425537e-01
-2.298723906278610229e-01
-2.451152563095092773e+00
2.022964954376220703e+00
-8.585750460624694824e-01
-1.294162392616271973e+00
-2.734671831130981445e-01
1.909528374671936035e+00
3.150473237037658691e-01
2.420413970947265625e+00
-3.197541534900665283e-01
5.080630257725715637e-02
-1.476591676473617554e-01
2.124354362487792969e+00
-6.171371340751647949e-01
-4.129091203212738037e-01
2.107321023941040039e+00
-2.129830121994018555e+00
-3.972966670989990234e-01
1.885226249694824219e+00
1.656043529510498047e+00
7.304904460906982422e-01
-1.089605808258056641e+00
1.241667866706848145e+00
-2.808820307254791260e-01
-8.229288458824157715e-01
-2.149936854839324951e-01
2.004389047622680664e+00
-1.469235181808471680e+00
-8.801663517951965332e-01
-1.695294141769409180e+00
1.296818852424621582e+00
-3.037503480911254883e+00
-3.913272023200988770e-01
2.806821346282958984e+00
-1.449039220809936523e+00
-7.584631443023681641e-01
-1.173397660255432129e+00
-9.888545870780944824e-01
4.364058375358581543e-01
1.718707442283630371e+00
3.099797010421752930e+00
-1.705846667289733887e+00
1.026054024696350098e+00
4.894560873508453369e-01
-5.145186185836791992e-01
-7.401880025863647461e-01
-1.007827997207641602e+00
-1.391998410224914551e+00
2.558663785457611084e-01
6.730463355779647827e-02
-6.050662994384765625e-01
-1.214787840843200684e+00
-8.550367355346679688e-01
-1.315010547637939453e+00
-1.109660506248474121e+00
1.072267651557922363e+00
-1.002684235572814941e+00
-1.279671430587768555e+00
-8.410974591970443726e-02
2.810753583908081055e-01
1.667565822601318359e+00
-4.200253263115882874e-02
-1.394984602928161621e+00
1.300045490264892578e+00
3.147183060646057129e-01
9.366218447685241699e-01
1.832139015197753906e+00
-4.536447227001190186e-01
-7.981798648834228516e-01
-9.451224207878112793e-01
8.202558010816574097e-02
-6.291355490684509277e-01
-9.352402687072753906e-01
-1.425647854804992676e+00
1.143095016479492188e+00
1.668477058410644531e-02
-1.039626717567443848e+00
-3.137015104293823242e-01
5.201281979680061340e-02
1.121525049209594727e+00
2.399048566818237305e+00
1.483210802078247070e+00
-9.659914970397949219e-01
4.778738915920257568e-01
-1.296366214752197266e+00
3.041001558303833008e-01
-1.081368803977966309e+00
-4.613759815692901611e-01
1.471246927976608276e-01
3.222702443599700928e-01
1.582702875137329102e+00
-1.289905786514282227e+00
-6.665077805519104004e-01
-7.175743579864501953e-02
-1.467663407325744629e+00
2.592457771301269531e+00
2.384784460067749023e+00
-7.470046170055866241e-03
-1.143498063087463379e+00
1.200508236885070801e+00
-4.964780211448669434e-01
3.257101774215698242e-01
-2.271772146224975586e+00
-1.549461960792541504e+00
3.385399580001831055e-01
-6.629400849342346191e-01
-3.094545193016529083e-02
1.462463736534118652e+00
-1.558538556098937988e+00
7.887450605630874634e-02
1.048094272613525391e+00
-5.204828977584838867e-01
2.094813883304595947e-01
-4.780304729938507080e-01
-1.084761619567871094e+00
3.185763061046600342e-01
-1.070257425308227539e+00
-7.594406008720397949e-01
1.553501367568969727e+00
1.288302898406982422e+00
2.552061557769775391e+00
-1.434493780136108398e+00
-1.296552896499633789e+00
-1.423690199851989746e+00
7.262316942214965820e-01
6.309996843338012695e-01
-3.656377196311950684e-01
7.199944853782653809e-01
4.874951243400573730e-01
2.208252698183059692e-01
-2.240459680557250977e+00
1.483831763267517090e+00
-1.770206093788146973e+00
-8.108078241348266602e-01
1.195545420050621033e-01
-6.640806198120117188e-01
-1.468805670738220215e-01
-8.789211511611938477e-02
1.372797250747680664e+00
1.582666277885437012e+00
-3.237858295440673828e+00
5.299780964851379395e-01
-6.935577988624572754e-01
-9.958314299583435059e-01
4.400912821292877197e-01
7.821822166442871094e-01
-7.460538148880004883e-01
-4.176257252693176270e-01
9.107229113578796387e-01
1.399488687515258789e+00
-1.606577754020690918e+00
6.678997278213500977e-01
-7.295249700546264648e-01
1.570472240447998047e+00
-1.562791347503662109e+00
-3.331067562103271484e+00
1.444873660802841187e-01
-1.047474741935729980e+00
1.128027915954589844e+00
1.194862961769104004e+00
2.205005645751953125e+00
-7.796577364206314087e-02
-1.897098541259765625e+00
2.323347181081771851e-01
1.472949147224426270e+00
9.746972918510437012e-01
3.421358764171600342e-01
-2.351674884557723999e-01
-1.622836232185363770e+00
1.006166815757751465e+00
-1.977085232734680176e+00
-9.915728121995925903e-02
-9.590194821357727051e-01
-1.222148299217224121e+00
-2.557289302349090576e-01
-1.393086761236190796e-01
-2.848531305789947510e-01
9.071661233901977539e-01
2.206778824329376221e-01
1.886245489120483398e+00
-3.879361748695373535e-01
-1.565690398216247559e+00
-1.077811002731323242e+00
6.010540127754211426e-01
-7.476752251386642456e-02
-1.740695834159851074e+00
2.440691739320755005e-02
2.254864931106567383e+00
6.299197673797607422e-01
-8.272544741630554199e-01
-3.842928409576416016e-01
5.540354847908020020e-01
-3.534295856952667236e-01
-1.306532502174377441e+00
1.039380505681037903e-01
1.084147810935974121e+00
4.045342653989791870e-02
4.323802888393402100e-01
4.012659788131713867e-01
2.735222578048706055e+00
2.495367527008056641e+00
-3.766776323318481445e-01
-7.151079773902893066e-01
-2.755961418151855469e-01
7.935506701469421387e-01
-3.222825005650520325e-02
-1.021963834762573242e+00
1.716421723365783691e+00
5.664390921592712402e-01
3.817025423049926758e-01
-2.304412797093391418e-02
1.579198598861694336e+00
1.134725332260131836e+00
1.645008683204650879e+00
8.920698761940002441e-01
2.249095916748046875e+00
-1.194265604019165039e+00
4.198799133300781250e-01
6.882396936416625977e-01
-1.318799972534179688e+00
-8.335946798324584961e-01
7.310692667961120605e-01
-4.252052903175354004e-01
-5.755266174674034119e-02
-4.062036424875259399e-02
6.318477988243103027e-01
1.746904850006103516e+00
-1.801252722740173340e+00
-1.638542175292968750e+00
8.356608748435974121e-01
-1.642585992813110352e+00
2.674767374992370605e-01
-1.700049638748168945e+00
1.239870786666870117e+00
-9.632218629121780396e-02
-1.677175313234329224e-01
8.614711761474609375e-01
3.090966045856475830e-01
-8.716931939125061035e-01
3.684718847274780273e+00
1.600442051887512207e+00
1.623690426349639893e-01
1.172350496053695679e-01
-2.675398588180541992e-01
-7.150681614875793457e-01
8.266716599464416504e-01
5.412007570266723633e-01
-1.418564558029174805e+00
2.573406696319580078e-02
1.485711038112640381e-01
-1.757565498352050781e+00
-2.209444344043731689e-01
-5.537577271461486816e-01
-9.468837380409240723e-01
5.486159026622772217e-02
6.113730072975158691e-01
2.339533418416976929e-01
1.033550381660461426e+00
-2.444622516632080078e-01
-7.105612754821777344e-01
-2.018975019454956055e+00
1.776434928178787231e-01
-1.764795780181884766e+00
-1.362096667289733887e-01
-2.461134344339370728e-01
1.264659285545349121e+00
1.387305259704589844e+00
-9.322571754455566406e-01
-1.120501995086669922e+00
-2.541071653366088867e+00
-1.164058208465576172e+00
1.222169518470764160e+00
-4.095273613929748535e-01
-1.103606447577476501e-01
1.198134541511535645e+00
3.900149464607238770e-01
7.352359592914581299e-02
-1.517756700515747070e+00
7.245323061943054199e-01
5.596964061260223389e-02
2.688410282135009766e-01
5.053672194480895996e-01
-1.022647857666015625e+00
-6.453587412834167480e-01
7.526780962944030762e-01
-5.247049927711486816e-01
5.723341107368469238e-01
-7.900932431221008301e-01
9.920212626457214355e-01
6.165550947189331055e-01
-4.674143791198730469e-01
-7.957407236099243164e-01
2.481565475463867188e-01
6.902223825454711914e-02
1.402219653129577637e+00
-2.140814512968063354e-01
-9.205724596977233887e-01
-8.598870635032653809e-01
1.560494750738143921e-01
1.217139840126037598e+00
1.310160279273986816e+00
-9.612313508987426758e-01
3.138759136199951172e-01
3.038922309875488281e+00
-1.390696644783020020e+00
-9.559143781661987305e-01
-7.599414587020874023e-01
-1.138276219367980957e+00
9.262462854385375977e-01
1.014971137046813965e+00
-1.107528209686279297e+00
5.113295912742614746e-01
3.111709594726562500e+00
1.296285152435302734e+00
4.854812473058700562e-02
3.035289049148559570e-01
-2.774711370468139648e+00
1.174579411745071411e-01
3.829372525215148926e-01
-1.511634945869445801e+00
8.741770982742309570e-01
-2.388860732316970825e-01
1.202181220054626465e+00
-2.551256716251373291e-01
-1.278320670127868652e+00
-2.218886137008666992e+00
3.757560551166534424e-01
8.380688428878784180e-01
1.290599465370178223e+00
-4.262920841574668884e-02
6.992772966623306274e-02
-1.048015236854553223e+00
-4.337427616119384766e-01
9.345732927322387695e-01
-2.260758429765701294e-01
-2.397874593734741211e-01
1.338320136070251465e+00
3.394902348518371582e-01
-1.314253807067871094e+00
6.804236769676208496e-01
3.817757964134216309e-01
7.838686108589172363e-01
-3.268215656280517578e+00
8.619254827499389648e-01
-7.360002398490905762e-01
5.650834739208221436e-02
-1.379876613616943359e+00
3.138841390609741211e-01
-8.511753082275390625e-01
6.534574627876281738e-01
1.556663274765014648e+00
2.015157461166381836e+00
-6.574546098709106445e-01
4.503023996949195862e-02
-1.148522734642028809e+00
-2.420873045921325684e-01
-7.113413512706756592e-02
1.722779035568237305e+00
-6.831480860710144043e-01
-1.402086019515991211e+00
-1.946771860122680664e+00
-1.461642503738403320e+00
7.133227586746215820e-01
-1.118960380554199219e+00
1.782667040824890137e+00
-5.327050089836120605e-01
1.389138549566268921e-01
4.102981686592102051e-01
6.614398360252380371e-01
9.663634896278381348e-01
-7.049522399902343750e-01
7.813401818275451660e-01
-1.133364915847778320e+00
-9.997109323740005493e-02
8.186399936676025391e-01
8.189091682434082031e-01
1.087143868207931519e-01
-5.382462143898010254e-01
-6.202051639556884766e-01
-2.068035602569580078e+00
1.074867725372314453e+00
5.797527432441711426e-01
2.615362405776977539e-01
8.060752749443054199e-01
1.168538451194763184e+00
-1.585950255393981934e-01
-7.802502512931823730e-01
7.696772217750549316e-01
-1.375692367553710938e+00
-4.224416017532348633e-01
1.246519207954406738e+00
-4.747904539108276367e-01
3.514632880687713623e-01
-1.441073179244995117e+00
-1.773639559745788574e+00
-1.304337978363037109e+00
1.794464111328125000e+00
-3.426581025123596191e-01
2.565349936485290527e-01
5.156654119491577148e-01
-4.573885202407836914e-01
-2.261704206466674805e+00
-3.943692207336425781e+00
-9.220361113548278809e-01
2.852290272712707520e-01
6.035825610160827637e-01
-6.517013162374496460e-02
-1.672192066907882690e-01
-5.730130672454833984e-01
-4.756140410900115967e-01
5.352955460548400879e-01
7.706580758094787598e-01
1.038782119750976562e+00
-1.085634231567382812e+00
-2.776892662048339844e+00
8.343605399131774902e-01
-8.684087395668029785e-01
1.754405975341796875e+00
-2.173810005187988281e+00
-9.114404320716857910e-01
-1.731536149978637695e+00
1.171372056007385254e+00
1.660618185997009277e+00
-2.251066863536834717e-01
1.461969375610351562e+00
5.581094622611999512e-01
-5.940317511558532715e-01
-8.030052781105041504e-01
-4.328649938106536865e-01
-8.874587416648864746e-01
6.560764312744140625e-01
1.921851485967636108e-01
-9.331624507904052734e-01
1.938016414642333984e+00
5.205320715904235840e-01
9.893252253532409668e-01
7.400504946708679199e-01
-1.066634535789489746e+00
-5.223864316940307617e-01
-1.494439840316772461e+00
6.373877525329589844e-01
7.056400775909423828e-01
-7.108668684959411621e-01
9.786826968193054199e-01
-9.183362722396850586e-01
7.131040096282958984e-02
2.669029235839843750e+00
-3.626035153865814209e-02
-4.846214056015014648e-01
-1.302618861198425293e+00
-1.152736544609069824e+00
1.960887461900711060e-01
-1.101697564125061035e+00
9.501649439334869385e-02
1.352633953094482422e+00
1.761830329895019531e+00
2.031560182571411133e+00
5.968524217605590820e-01
1.296159327030181885e-01
1.087631583213806152e+00
-5.535990715026855469e+00
7.557532191276550293e-01
-2.483499050140380859e+00
-1.237370133399963379e+00
1.990879297256469727e+00
2.070266246795654297e+00
-1.668534129858016968e-01
3.798193335533142090e-01
1.343033671379089355e+00
1.577944278717041016e+00
-1.354341626167297363e+00
1.440473347902297974e-01
8.724113702774047852e-01
-1.582782715559005737e-02
-9.355349093675613403e-02
9.396933317184448242e-01
1.619004845619201660e+00
1.140756130218505859e+00
5.709198474884033203e+00
8.153435587882995605e-02
-5.356237411499023438e+00
2.012262821197509766e+00
1.605784177780151367e+00
-1.522694706916809082e+00
4.963277578353881836e-01
-6.101554632186889648e-01
1.198257565498352051e+00
2.490335464477539062e+00
2.175516933202743530e-01
-2.222663402557373047e+00
1.617482066154479980e+00
-1.505694031715393066e+00
-1.476891040802001953e-01
-1.917477369308471680e+00
-8.645347356796264648e-01
-2.013660669326782227e-01
1.121362209320068359e+00
-3.037353754043579102e-01
-7.471728920936584473e-01
6.509087681770324707e-01
-1.032448858022689819e-01
1.394905209541320801e+00
8.307602405548095703e-01
8.948296904563903809e-01
-1.157248497009277344e+00
-1.603117227554321289e+00
2.289068460464477539e+00
2.551491498947143555e+00
3.630657792091369629e-01
-3.328763544559478760e-01
6.146600246429443359e-01
5.663519352674484253e-02
-1.745665788650512695e+00
1.002960056066513062e-01
-2.481730729341506958e-01
4.580115079879760742e-01
-1.396299839019775391e+00
-1.632903963327407837e-01
-1.842652201652526855e+00
8.820274472236633301e-02
8.396644145250320435e-02
9.261233210563659668e-01
1.003149867057800293e+00
-1.201555490493774414e+00
2.351102046668529510e-02
-1.182351350784301758e+00
2.845734059810638428e-01
6.677525043487548828e-01
-1.791508674621582031e+00
2.072217464447021484e+00
-6.165599822998046875e-01
1.681980043649673462e-01
-3.059840440750122070e+00
1.045009016990661621e+00
2.806818485260009766e+00
1.673822641372680664e+00
5.179975032806396484e-01
-1.338823676109313965e+00
-3.169404864311218262e-01
-3.068514466285705566e-01
