5.451247692108154297e-01
-4.102241098880767822e-01
-2.276293784379959106e-01
-1.392057180404663086e+00
-9.799384474754333496e-01
-2.202864646911621094e+00
2.033714056015014648e-01
-3.931654393672943115e-01
-1.552615523338317871e+00
-1.611890554428100586e+00
-3.096204400062561035e-01
-1.978366136550903320e+00
2.099129676818847656e+00
3.061857223510742188e-01
-9.042234420776367188e-01
-8.082852959632873535e-01
4.575622379779815674e-01
4.694790840148925781e-01
-4.290581643581390381e-01
-3.047267496585845947e-01
1.124948710203170776e-01
-5.559663176536560059e-01
1.403039455413818359e+00
-4.865372776985168457e-01
1.254808664321899414e+00
6.109654307365417480e-01
6.205438077449798584e-02
1.010868668556213379e+00
4.421475827693939209e-01
6.033217906951904297e-01
-1.117946505546569824e+00
6.852475404739379883e-01
-3.253170490264892578e+00
-6.531661152839660645e-01
-5.194543004035949707e-01
8.261079788208007812e-01
-4.976650774478912354e-01
-3.176040649414062500e+00
-1.041276101022958755e-02
8.875145316123962402e-01
-2.992352545261383057e-01
-1.817038774490356445e+00
-7.159712314605712891e-01
6.890573501586914062e-01
1.718414545059204102e+00
8.451226949691772461e-01
7.750742137432098389e-02
1.094175457954406738e+00
6.378320455551147461e-01
9.661239981651306152e-01
-9.598369002342224121e-01
-6.563308835029602051e-01
3.468715548515319824e-01
6.452469825744628906e-01
2.277634590864181519e-01
-9.237233996391296387e-01
-6.537728309631347656e-01
4.442530274391174316e-01
1.735650658607482910e+00
-1.257407069206237793e+00
3.714754879474639893e-01
1.083584547042846680e+00
1.879620790481567383e+00
-1.810119628906250000e+00
1.707784891128540039e+00
-5.791333317756652832e-01
1.437867403030395508e+00
-1.876239329576492310e-01
4.367633461952209473e-01
-1.423056364059448242e+00
9.364759922027587891e-01
3.385247886180877686e-01
-9.309882521629333496e-01
-9.327837824821472168e-01
-5.230713486671447754e-01
6.928781867027282715e-01
1.936745643615722656e-01
3.055093586444854736e-01
-8.804495334625244141e-01
3.735021948814392090e-01
-9.050456434488296509e-02
6.615084409713745117e-01
-1.810954332351684570e+00
5.899143815040588379e-01
3.648368716239929199e-01
-1.882285624742507935e-01
-5.377553701400756836e-01
3.964411318302154541e-01
-5.469923615455627441e-01
-7.781565189361572266e-01
-7.901535034179687500e-01
-9.869836568832397461e-01
-1.555217653512954712e-01
7.268868088722229004e-01
-7.421380281448364258e-02
4.073971807956695557e-01
7.294242382049560547e-01
5.682293176651000977e-01
-5.437546968460083008e-01
-1.002089142799377441e+00
3.498306870460510254e-01
3.574069142341613770e-01
9.567632675170898438e-01
-5.690863132476806641e-01
-1.514306306838989258e+00
-7.552227377891540527e-01
-1.992238521575927734e+00
1.132125258445739746e+00
-1.939364224672317505e-01
4.609798192977905273e-01
1.045147538185119629e+00
2.014674186706542969e+00
-1.994215101003646851e-01
-7.254779934883117676e-01
3.297299146652221680e-01
2.201256453990936279e-01
-2.966884076595306396e-01
-1.473477343097329140e-03
3.106913343071937561e-02
2.233705520629882812e+00
1.377691775560379028e-01
5.161231011152267456e-02
-1.078351020812988281e+00
5.756423249840736389e-02
1.287436634302139282e-01
5.574224591255187988e-01
3.972629904747009277e-01
1.173179388046264648e+00
-3.346201777458190918e-01
5.365936160087585449e-01
9.873171448707580566e-01
-1.357720255851745605e+00
8.373865485191345215e-01
-1.249211907386779785e+00
-1.200734615325927734e+00
-4.668579697608947754e-01
-3.444418907165527344e-01
-3.028110265731811523e-01
-1.244434356689453125e+00
-1.370882522314786911e-02
5.137367844581604004e-01
4.168130755424499512e-01
1.315127730369567871e+00
1.217217519879341125e-01
-1.619221925735473633e+00
1.700677573680877686e-01
1.039180636405944824e+00
-1.022940516471862793e+00
-7.372732162475585938e-01
-9.815864562988281250e-01
2.074464857578277588e-01
-2.674384415149688721e-01
-8.180131316184997559e-01
-6.820158362388610840e-01
2.579280436038970947e-01
-4.091388583183288574e-01
-1.246957778930664062e+00
-1.127803087234497070e+00
5.977918952703475952e-02
8.815648406744003296e-02
1.375111103057861328e+00
6.815413832664489746e-01
-9.564744830131530762e-01
-6.023715734481811523e-01
2.523474991321563721e-01
-1.097180128097534180e+00
-3.972498774528503418e-01
-7.070156931877136230e-02
-1.293489813804626465e+00
1.868922352790832520e+00
-8.582271337509155273e-01
-2.162848711013793945e+00
-2.036125183105468750e+00
5.453276038169860840e-01
1.010044097900390625e+00
1.727633714675903320e+00
2.416306436061859131e-01
3.348243832588195801e-01
-5.625362396240234375e-01
9.558513760566711426e-01
-5.191961526870727539e-01
-1.998418569564819336e-01
-1.602739691734313965e+00
1.292933583259582520e+00
1.681157112121582031e+00
6.472449302673339844e-01
-1.145620226860046387e+00
5.758762955665588379e-01
1.781720519065856934e+00
2.313402175903320312e+00
1.805491149425506592e-01
-1.256877064704895020e+00
-8.124293088912963867e-01
-4.908236265182495117e-01
-6.403599381446838379e-01
-4.689377844333648682e-01
3.830697238445281982e-01
-8.090735673904418945e-01
7.019451260566711426e-01
6.377214789390563965e-01
7.627488374710083008e-01
1.295210957527160645e+00
1.219613909721374512e+00
-2.423105388879776001e-01
1.059976339340209961e+00
-8.666904568672180176e-01
5.389246940612792969e-01
-2.273915052413940430e+00
8.329048752784729004e-01
3.294663429260253906e-01
-7.967980951070785522e-02
-1.095040917396545410e+00
6.437178850173950195e-01
3.954583108425140381e-01
-1.325309038162231445e+00
1.904466748237609863e-01
-4.556701183319091797e+00
-6.956552863121032715e-01
8.913102746009826660e-01
-2.241769060492515564e-02
-3.450712859630584717e-01
7.089354991912841797e-01
1.221807479858398438e+00
3.923575282096862793e-01
1.505949020385742188e+00
4.149977862834930420e-01
1.083695650100708008e+00
1.383094638586044312e-01
-7.194675207138061523e-01
-3.506909012794494629e-01
1.327429175376892090e+00
-7.070626616477966309e-01
-6.126774549484252930e-01
7.719458937644958496e-01
3.195587694644927979e-01
1.184351146221160889e-01
-4.903877675533294678e-01
3.804644942283630371e-01
-3.143818378448486328e-01
2.676642835140228271e-01
-1.974064856767654419e-01
3.444850742816925049e-01
-2.299924045801162720e-01
1.269130468368530273e+00
-1.629551768302917480e+00
-4.175796508789062500e-01
2.944593504071235657e-02
-7.015869021415710449e-01
6.508103609085083008e-01
-9.353114366531372070e-01
1.447091460227966309e+00
-8.709855079650878906e-01
-1.477752447128295898e+00
-1.042591094970703125e+00
1.918992400169372559e+00
-4.116021096706390381e-01
5.697379112243652344e-01
7.366652041673660278e-02
6.089916229248046875e-01
2.408348396420478821e-02
1.018715500831604004e+00
-4.404945373535156250e-01
-1.993779391050338745e-01
-6.875328421592712402e-01
-2.503030300140380859e+00
8.613933920860290527e-01
3.880333621054887772e-03
-6.164803504943847656e-01
3.107986927032470703e+00
5.585889797657728195e-03
-1.156780943274497986e-01
2.323777526617050171e-01
1.038256525993347168e+00
1.298779487609863281e+00
-5.281846523284912109e-01
2.711673378944396973e-01
-8.796286582946777344e-01
-3.309605717658996582e-01
-1.976355314254760742e-01
-1.506054282188415527e+00
2.010995626449584961e+00
-1.602137446403503418e+00
8.593780398368835449e-01
3.973586261272430420e-01
9.758136868476867676e-01
2.492117166519165039e+00
-6.680581569671630859e-01
-2.395898289978504181e-02
-1.960266679525375366e-01
-1.291770696640014648e+00
-1.652129411697387695e+00
9.335459470748901367e-01
2.767508924007415771e-01
-3.704076290130615234e+00
8.772581219673156738e-01
-2.343133091926574707e-01
-4.976992681622505188e-02
-4.022192955017089844e-01
-8.379454016685485840e-01
1.697165518999099731e-01
2.184824347496032715e-01
-2.177098393440246582e-02
-3.585202246904373169e-02
9.509596228599548340e-01
2.805413722991943359e+00
7.583007216453552246e-01
1.729125231504440308e-01
3.773142695426940918e-01
1.341398656368255615e-01
-1.188123464584350586e+00
-1.423684120178222656e+00
-1.764693498611450195e+00
-4.972112178802490234e-01
1.279370665550231934e+00
8.665909618139266968e-02
9.839894771575927734e-01
2.041382789611816406e+00
1.235133171081542969e+00
5.808151364326477051e-01
-1.287524819374084473e+00
-6.533414125442504883e-01
6.585724949836730957e-01
1.482271313667297363e+00
9.190791845321655273e-01
-3.225647509098052979e-01
-7.384143471717834473e-01
6.523247957229614258e-01
-2.411967515945434570e-01
-5.173556804656982422e-01
6.172171235084533691e-01
5.679837465286254883e-01
-1.356009602546691895e+00
1.634324789047241211e+00
3.628854751586914062e-01
8.879840373992919922e-01
-3.351400494575500488e-01
-2.111528515815734863e-01
1.114402413368225098e-01
2.043488025665283203e+00
-3.066707551479339600e-01
-3.098527789115905762e-01
3.613078892230987549e-01
6.629793047904968262e-01
5.504530072212219238e-01
6.679028868675231934e-01
9.795524477958679199e-01
-1.265011191368103027e+00
6.451124548912048340e-01
-3.141229599714279175e-02
-8.215649425983428955e-02
-6.615388989448547363e-01
-1.587244629859924316e+00
-3.440434932708740234e-01
7.523303627967834473e-01
-1.644818782806396484e-01
-1.723925352096557617e+00
1.480375677347183228e-01
-9.374398589134216309e-01
2.122255861759185791e-01
1.471462368965148926e+00
-1.872610151767730713e-01
-1.327087521553039551e+00
-2.564828097820281982e-01
-6.025143712759017944e-02
-2.400759458541870117e+00
5.325238704681396484e-01
1.250741243362426758e+00
2.695711255073547363e-01
6.181359291076660156e-01
7.502961754798889160e-01
1.231849640607833862e-01
-8.768317699432373047e-01
-4.692649245262145996e-01
1.855941772460937500e+00
5.305095314979553223e-01
-2.589342370629310608e-02
-5.136983990669250488e-01
-4.902752339839935303e-01
8.861689269542694092e-02
3.834995925426483154e-01
1.438706398010253906e+00
7.294084429740905762e-01
-1.129529595375061035e+00
4.627654552459716797e-01
-8.420405983924865723e-01
-6.495931744575500488e-01
3.531087934970855713e-01
6.507434695959091187e-02
1.156409502029418945e+00
9.441833943128585815e-03
8.669814467430114746e-01
-8.276554346084594727e-01
2.817063033580780029e-01
-1.084328889846801758e+00
1.829897880554199219e+00
-1.494793176651000977e+00
-1.009713292121887207e+00
1.176168322563171387e+00
-1.093292832374572754e+00
1.169834494590759277e+00
9.174493700265884399e-02
-1.590552091598510742e+00
-4.795784130692481995e-02
-1.224292159080505371e+00
-5.803192257881164551e-01
-2.920220196247100830e-01
-5.718670487403869629e-01
8.434706330299377441e-01
3.028164505958557129e-01
-1.741461753845214844e+00
-7.657013535499572754e-01
-1.410060524940490723e+00
-6.137902736663818359e-01
1.414005637168884277e+00
2.081220448017120361e-01
1.781394839286804199e+00
-5.129162669181823730e-01
-3.012286722660064697e-01
-1.398542672395706177e-01
1.276304364204406738e+00
-1.154903888702392578e+00
-7.675572037696838379e-01
5.266393423080444336e-01
1.356109142303466797e+00
-2.572503983974456787e-01
7.590786814689636230e-01
-1.323789238929748535e+00
-4.019453823566436768e-01
-1.501542806625366211e+00
-4.714652597904205322e-01
-3.539624810218811035e-01
2.495360136032104492e+00
1.063045144081115723e+00
-9.189276695251464844e-01
-6.150237470865249634e-02
-3.522412776947021484e-01
6.808835268020629883e-01
-5.190877318382263184e-01
-1.304697543382644653e-01
4.265892803668975830e-01
-9.479813575744628906e-01
1.119282916188240051e-01
-5.454506278038024902e-01
2.688206434249877930e-01
8.565045148134231567e-02
-6.079427003860473633e-01
8.516254276037216187e-02
6.367574334144592285e-01
2.050693631172180176e-01
-1.652612924575805664e+00
-1.922209143638610840e+00
-6.516640782356262207e-01
-5.641760230064392090e-01
-9.860019683837890625e-01
-4.098338186740875244e-01
-2.382357120513916016e-01
8.808745443820953369e-02
1.320743799209594727e+00
2.360388785600662231e-01
-1.044321775436401367e+00
9.123905301094055176e-01
-6.939280033111572266e-01
2.390897274017333984e-01
-3.092919662594795227e-02
-1.020613312721252441e+00
6.682503223419189453e-01
-4.717828035354614258e-01
2.662929594516754150e-01
-4.627445638179779053e-01
1.020716071128845215e+00
7.330886125564575195e-01
1.027766466140747070e+00
-8.921511769294738770e-01
6.751179099082946777e-01
-4.984467104077339172e-02
-1.822944544255733490e-02
1.144112706184387207e+00
-7.748405933380126953e-01
-5.766844749450683594e-01
-2.030312269926071167e-01
1.774570703506469727e+00
3.564735949039459229e-01
-1.044798269867897034e-01
7.215083241462707520e-01
9.184597134590148926e-01
-4.336444661021232605e-02
1.083034634590148926e+00
2.189588397741317749e-01
5.505043268203735352e-01
-4.381253123283386230e-01
9.688809514045715332e-01
1.382561206817626953e+00
-1.006010770797729492e+00
5.321925282478332520e-01
-8.809798359870910645e-01
8.234879970550537109e-01
-1.684817314147949219e+00
-2.358737230300903320e+00
7.974913120269775391e-01
-1.642719358205795288e-01
7.346934080123901367e-02
1.311451911926269531e+00
-1.367923259735107422e+00
-6.643983721733093262e-01
-1.027624607086181641e+00
7.605169415473937988e-01
-1.183968544006347656e+00
-1.780528426170349121e-01
9.662153720855712891e-01
1.033879041671752930e+00
7.852308154106140137e-01
-1.238813757896423340e+00
-3.519202768802642822e-01
1.676799952983856201e-01
1.057663440704345703e+00
6.388409137725830078e-01
-1.024904012680053711e+00
-2.344723492860794067e-01
5.934032201766967773e-01
-4.579537510871887207e-01
2.890052646398544312e-02
-1.082962274551391602e+00
-1.311862945556640625e+00
-8.543397188186645508e-01
3.057130873203277588e-01
1.040328979492187500e+00
3.264553546905517578e-01
1.383429616689682007e-01
1.694981694221496582e+00
-1.370088696479797363e+00
-7.554918527603149414e-01
-3.556321933865547180e-02
7.103073596954345703e-01
1.657166481018066406e-01
4.032640159130096436e-01
-1.358874201774597168e+00
-1.398069143295288086e+00
1.650651693344116211e-01
-4.321030676364898682e-01
-8.079085499048233032e-02
6.998689770698547363e-01
9.395816177129745483e-02
-7.985150218009948730e-01
-8.655880391597747803e-02
1.178817868232727051e+00
-1.147303938865661621e+00
4.195491075515747070e-01
9.522434473037719727e-01
-2.644826769828796387e-01
1.010300874710083008e+00
-1.715271323919296265e-01
-1.103969812393188477e+00
-1.430067181587219238e+00
-1.343272089958190918e+00
1.048814654350280762e+00
1.096579432487487793e+00
-2.950671017169952393e-01
9.840452671051025391e-01
1.060016378760337830e-01
-2.003116607666015625e+00
-4.850568473339080811e-01
1.009944751858711243e-01
-4.595770239830017090e-01
2.779774963855743408e-01
-3.443670868873596191e-01
1.035905241966247559e+00
7.045915126800537109e-01
2.440442085266113281e+00
1.377162456512451172e+00
-5.075880885124206543e-02
-2.834835350513458252e-01
4.854348599910736084e-01
-1.633515596389770508e+00
-8.972315788269042969e-01
-1.611861348152160645e+00
-1.750685572624206543e-01
6.229453682899475098e-01
-3.874523043632507324e-01
3.515654802322387695e-01
-1.287800788879394531e+00
-1.871987819671630859e+00
7.363198995590209961e-01
3.924686014652252197e-01
1.539129853248596191e+00
1.028525233268737793e+00
6.367141008377075195e-01
-4.722611904144287109e-01
-4.867316186428070068e-01
-1.182021260261535645e+00
1.095308780670166016e+00
1.962858811020851135e-02
-1.984912157058715820e-01
-1.341537356376647949e+00
-8.030405640602111816e-01
-1.150409460067749023e+00
-6.887070834636688232e-02
-2.459498643875122070e-01
1.118669867515563965e+00
2.401987463235855103e-01
7.080442458391189575e-02
-7.219586372375488281e-01
-1.557243943214416504e+00
1.129702091217041016e+00
4.923472404479980469e-01
1.417484998703002930e+00
-7.997197508811950684e-01
-2.382871657609939575e-01
-1.769637823104858398e+00
-2.860489785671234131e-01
2.335871011018753052e-01
3.301202952861785889e-01
5.349789261817932129e-01
1.069192886352539062e+00
1.915534287691116333e-01
-1.540446400642395020e+00
-7.541040778160095215e-01
-1.477756947278976440e-01
-4.939351975917816162e-01
4.175183773040771484e-01
4.713765811175107956e-03
-9.955861568450927734e-01
5.561320781707763672e-01
-3.418134450912475586e+00
5.878824591636657715e-01
-7.984586954116821289e-01
3.611729145050048828e-01
9.260534048080444336e-01
-8.830401301383972168e-01
1.073321104049682617e+00
-2.003589630126953125e+00
7.252667546272277832e-01
1.234355568885803223e+00
1.019795536994934082e+00
1.146348237991333008e+00
6.734768748283386230e-01
-3.051013052463531494e-01
-1.276810526847839355e+00
5.566260218620300293e-01
-8.435529470443725586e-01
5.774857401847839355e-01
-1.559994459152221680e+00
1.047125101089477539e+00
-5.054244995117187500e-01
6.737123131752014160e-01
1.803931295871734619e-01
3.754275560379028320e+00
-5.624456405639648438e-01
-9.469735026359558105e-01
4.889669418334960938e-01
-1.488074660301208496e+00
-1.484010815620422363e+00
5.736861228942871094e-01
-1.754804104566574097e-01
3.679308593273162842e-01
2.962153553962707520e-01
-9.626293778419494629e-01
-4.171000123023986816e-01
-1.163574814796447754e+00
3.424616456031799316e-01
1.518769264221191406e-01
-7.280120849609375000e-01
5.052941441535949707e-01
3.572941720485687256e-01
-8.648301362991333008e-01
1.714566051959991455e-01
8.845015764236450195e-01
-5.532177686691284180e-01
2.474078536033630371e-01
-8.065209984779357910e-01
-7.770294547080993652e-01
7.834967225790023804e-02
-3.473966717720031738e-01
7.623947262763977051e-01
1.161802053451538086e+00
8.818168640136718750e-01
-2.897785305976867676e-01
-1.949440985918045044e-01
-1.037326216697692871e+00
-1.874569058418273926e-01
1.417995214462280273e+00
-5.904028415679931641e-01
-2.566134631633758545e-01
-5.099490284919738770e-01
1.140532255172729492e+00
-1.357088424265384674e-02
-7.929880619049072266e-01
-1.096018433570861816e+00
-4.161562025547027588e-01
2.999875783920288086e+00
1.209980368614196777e+00
5.711362957954406738e-01
-4.084306061267852783e-01
-5.462887287139892578e-01
-5.769829750061035156e-01
6.835172176361083984e-01
-5.049534142017364502e-02
-4.056616723537445068e-01
-5.506051778793334961e-01
3.586490824818611145e-02
3.597770631313323975e-01
1.086835265159606934e+00
-5.041452646255493164e-01
-2.066189646720886230e-01
-2.398914843797683716e-01
-3.874364495277404785e-02
-4.562577307224273682e-01
6.559949517250061035e-01
9.158672094345092773e-01
-2.122879743576049805e+00
-2.556203305721282959e-01
-1.199448585510253906e+00
-1.128989338874816895e+00
-7.659840583801269531e-02
-5.239405632019042969e-01
-9.854903221130371094e-01
-8.206702470779418945e-01
-9.171625375747680664e-01
-4.664160907268524170e-01
9.947409629821777344e-01
-9.503424167633056641e-01
-1.171782135963439941e+00
-1.118617534637451172e+00
-2.330856025218963623e-01
3.690270185470581055e-01
-1.076644286513328552e-01
3.733996748924255371e-01
-1.168500661849975586e+00
-2.405023425817489624e-01
-3.013017475605010986e-01
-1.478565096855163574e+00
7.064586281776428223e-01
-8.485649228096008301e-01
-8.135247230529785156e-01
5.162716284394264221e-02
-9.526488929986953735e-02
6.556437015533447266e-01
1.416602134704589844e+00
1.529917359352111816e+00
4.335055947303771973e-01
1.651748180389404297e+00
1.076947927474975586e+00
-1.594116568565368652e+00
2.497841596603393555e+00
9.132568240165710449e-01
-3.083933591842651367e-01
-2.353003919124603271e-01
2.327503352717030793e-05
-4.489948973059654236e-02
1.666722893714904785e+00
8.002831786870956421e-02
1.532539606094360352e+00
-1.008614227175712585e-01
-1.391311407089233398e+00
2.197797298431396484e-01
-9.894273281097412109e-01
-2.665930427610874176e-02
-9.631046652793884277e-01
-4.756910204887390137e-01
-6.283032894134521484e-01
7.929258942604064941e-01
1.313034817576408386e-02
-2.111832201480865479e-01
-2.959277331829071045e-01
4.582263231277465820e-01
1.972215294837951660e+00
-2.254450172185897827e-01
-1.078031659126281738e-01
-3.866413831710815430e-01
