5.600144863128662109e-01
-2.122857794165611267e-02
-2.582356631755828857e-01
-6.862366795539855957e-01
-1.200741291046142578e+00
-1.735587835311889648e+00
-6.792143732309341431e-02
3.183203935623168945e-01
-9.763603806495666504e-01
-2.042258024215698242e+00
4.846778512001037598e-01
-1.785328030586242676e+00
1.253156542778015137e+00
-4.863002896308898926e-01
-4.705278575420379639e-01
-5.821934938430786133e-01
-4.591411352157592773e-01
-5.702887773513793945e-01
1.090340137481689453e+00
6.221644878387451172e-01
2.328455597162246704e-01
-1.518784880638122559e+00
6.409087181091308594e-01
-1.103699326515197754e+00
1.821973800659179688e+00
1.574721097946166992e+00
-8.888632655143737793e-01
1.175927877426147461e+00
-1.079410195350646973e+00
9.690667390823364258e-01
-3.408288359642028809e-01
1.241590261459350586e+00
-1.469662189483642578e+00
-6.525475978851318359e-01
-6.667238473892211914e-01
3.602654933929443359e-01
-5.890809893608093262e-01
-3.351917982101440430e+00
1.345023512840270996e-01
4.163223803043365479e-01
-1.245486021041870117e+00
-1.212667584419250488e+00
-3.529884386807680130e-03
4.599305689334869385e-01
1.274072289466857910e+00
9.131925702095031738e-01
-5.188804268836975098e-01
1.140219092369079590e+00
-2.755956947803497314e-01
6.607403755187988281e-01
-1.045158743858337402e+00
-5.290074348449707031e-01
-4.656163454055786133e-01
9.128749966621398926e-01
-4.053135514259338379e-01
-1.639377713203430176e+00
-4.067176878452301025e-01
-9.471200108528137207e-01
1.390041708946228027e-01
-1.180386900901794434e+00
9.561558812856674194e-02
-2.487056516110897064e-02
1.509677886962890625e+00
-1.177075207233428955e-01
1.243576884269714355e+00
-1.458834558725357056e-01
1.606459617614746094e+00
7.169100572355091572e-04
9.713508486747741699e-01
-1.043790459632873535e+00
4.295580685138702393e-01
1.111763358116149902e+00
1.967248469591140747e-01
-8.101018071174621582e-01
-1.219609379768371582e+00
9.958150982856750488e-01
4.014415740966796875e-01
-1.087904125452041626e-01
-7.135269641876220703e-01
1.879850268363952637e+00
4.971399307250976562e-01
8.245966434478759766e-01
-2.057754278182983398e+00
-2.993518412113189697e-01
8.209236711263656616e-02
-5.329727530479431152e-01
4.984628260135650635e-01
7.016838062554597855e-03
-6.445038318634033203e-01
-1.038902163505554199e+00
-6.222066283226013184e-01
-9.222028255462646484e-01
-1.116244271397590637e-01
8.691326975822448730e-01
3.003782629966735840e-01
9.732383489608764648e-01
3.664616346359252930e-01
2.767706215381622314e-01
3.166608810424804688e-01
2.895580530166625977e-01
7.228286266326904297e-01
1.415178298950195312e+00
1.133553981781005859e+00
-1.933451592922210693e-01
-5.259736776351928711e-01
-5.209763646125793457e-01
-2.475098371505737305e+00
1.016569972038269043e+00
6.205694675445556641e-01
6.345490217208862305e-01
6.318858265876770020e-01
9.248380661010742188e-01
-1.168406128883361816e+00
-1.019905924797058105e+00
6.271904110908508301e-01
1.166659891605377197e-01
3.065258562564849854e-01
-3.317846059799194336e-01
2.720395028591156006e-01
1.823088645935058594e+00
6.032547354698181152e-01
9.335908889770507812e-01
-1.076523184776306152e+00
3.799477517604827881e-01
-3.212262392044067383e-01
-1.007427334785461426e+00
6.648007631301879883e-01
2.061656951904296875e+00
-1.054456233978271484e+00
-8.185969293117523193e-02
1.480341553688049316e+00
-9.901459217071533203e-01
5.271099805831909180e-01
-1.127736210823059082e+00
-2.632774591445922852e+00
-5.146133899688720703e-01
-4.808193072676658630e-03
-4.845021367073059082e-01
-1.717156052589416504e+00
3.890994787216186523e-01
4.325643479824066162e-01
1.471104025840759277e+00
8.296483755111694336e-01
-1.055718183517456055e+00
-2.744085073471069336e+00
6.467921137809753418e-01
7.244700193405151367e-01
-1.210772395133972168e+00
3.565614819526672363e-01
4.614463150501251221e-01
1.303556799888610840e+00
5.560642480850219727e-01
6.852449178695678711e-01
-8.694788813591003418e-02
1.765146613121032715e+00
-6.553584244102239609e-03
-7.901149988174438477e-01
3.736343681812286377e-01
-4.556512534618377686e-01
5.741721987724304199e-01
7.492189407348632812e-01
1.217344701290130615e-01
1.909753084182739258e-01
-1.824969351291656494e-01
-7.218485325574874878e-02
-4.891734421253204346e-01
-8.956678509712219238e-01
-1.011212229728698730e+00
-7.911689579486846924e-02
3.181214928627014160e-01
-1.411732673645019531e+00
-1.610045194625854492e+00
-1.316802859306335449e+00
9.560160636901855469e-01
9.066752791404724121e-01
8.888092637062072754e-01
3.165286779403686523e-01
-8.256141841411590576e-02
-5.926997065544128418e-01
1.754225015640258789e+00
-1.166719794273376465e+00
-1.270058751106262207e+00
-5.628394484519958496e-01
4.038333296775817871e-01
7.342333197593688965e-01
1.465053558349609375e-01
-1.091483235359191895e+00
-7.369255423545837402e-01
1.789238095283508301e+00
7.217553853988647461e-01
-1.277910470962524414e-01
-1.394310235977172852e+00
-5.507352948188781738e-01
7.568015251308679581e-03
-4.054491221904754639e-01
-5.016191601753234863e-01
-2.201528400182723999e-01
1.384831219911575317e-01
9.925797581672668457e-01
9.153177738189697266e-01
3.237727582454681396e-01
2.200518608093261719e+00
1.948975086212158203e+00
-7.089536786079406738e-01
1.993350982666015625e-01
-7.911099791526794434e-01
5.256425738334655762e-01
-1.721377968788146973e+00
6.112429499626159668e-01
4.809070229530334473e-01
-1.917124390602111816e-01
-6.224078536033630371e-01
8.809345364570617676e-01
3.625289499759674072e-01
-1.013341784477233887e+00
2.565365433692932129e-01
-2.924569129943847656e+00
2.354662865400314331e-02
-1.613196730613708496e-01
-1.265506148338317871e-01
5.269703269004821777e-01
5.407379269599914551e-01
9.618343114852905273e-01
4.475280642509460449e-01
7.042806148529052734e-01
-5.259392261505126953e-01
9.740936160087585449e-01
-6.306286901235580444e-02
-8.772749304771423340e-01
-1.669816613197326660e+00
-2.134139984846115112e-01
-6.991947889328002930e-01
-1.438793182373046875e+00
1.622468709945678711e+00
-9.378767758607864380e-02
5.066004991531372070e-01
-1.864473074674606323e-01
6.319420784711837769e-02
-1.003802061080932617e+00
8.000333309173583984e-01
9.445984363555908203e-01
6.511253714561462402e-01
-9.302358627319335938e-01
1.587106108665466309e+00
-8.877202272415161133e-01
5.904490947723388672e-01
-9.113071113824844360e-02
2.556087374687194824e-01
2.676447033882141113e-01
-4.537715613842010498e-01
7.729209214448928833e-02
-8.790579438209533691e-01
-1.050877451896667480e+00
-1.913840889930725098e+00
9.603114128112792969e-01
2.306244708597660065e-02
1.564663834869861603e-02
1.194542944431304932e-01
-4.504673779010772705e-01
1.293326020240783691e+00
9.314398169517517090e-01
-3.152821213006973267e-02
1.582829236984252930e+00
-1.470455646514892578e+00
-1.207515001296997070e+00
3.349977731704711914e-01
6.602560877799987793e-01
-1.104860424995422363e+00
4.078158855438232422e+00
1.444343447685241699e+00
-3.621755540370941162e-02
9.361773729324340820e-01
9.860317707061767578e-01
7.287405133247375488e-01
-8.178936690092086792e-02
9.736430644989013672e-01
1.727667450904846191e-01
-4.945952594280242920e-01
1.337358474731445312e+00
-1.228832840919494629e+00
8.670510649681091309e-01
-1.183209538459777832e+00
1.262837409973144531e+00
5.540983676910400391e-01
-1.022641211748123169e-01
9.014360308647155762e-01
2.969137132167816162e-01
8.874878287315368652e-01
-4.865984320640563965e-01
-3.176510035991668701e-01
-1.848682641983032227e+00
1.142438530921936035e+00
7.495444416999816895e-01
-2.553373575210571289e+00
1.557153820991516113e+00
-1.004634141921997070e+00
1.122797608375549316e+00
-6.810761094093322754e-01
7.624768614768981934e-01
1.045106530189514160e+00
4.890623390674591064e-01
-1.209151506423950195e+00
-7.073371112346649170e-02
-1.359206140041351318e-01
1.867148399353027344e+00
6.476085186004638672e-01
6.001322865486145020e-01
-1.363051772117614746e+00
-3.200653493404388428e-01
-3.904736042022705078e-01
-1.488532066345214844e+00
-3.504768848419189453e+00
-1.185754895210266113e+00
2.591851949691772461e-01
7.182579636573791504e-01
5.634489059448242188e-01
2.103431701660156250e+00
1.352730631828308105e+00
-2.089779525995254517e-01
-3.660289347171783447e-01
-1.468965053558349609e+00
8.613458275794982910e-01
1.187502980232238770e+00
2.348051369190216064e-01
-7.993279695510864258e-01
6.418156623840332031e-01
-5.944010615348815918e-01
-3.596231341361999512e-01
-6.312347203493118286e-02
1.671874642372131348e+00
9.738060832023620605e-01
-2.256935536861419678e-01
2.023942470550537109e+00
9.593918919563293457e-01
5.553363561630249023e-01
-1.196131706237792969e+00
1.123780384659767151e-01
-1.239350795745849609e+00
1.766810417175292969e+00
-2.616814076900482178e-01
-2.281831055879592896e-01
-1.059103524312376976e-03
7.426775693893432617e-01
7.230405509471893311e-02
-1.391498148441314697e-01
1.052621126174926758e+00
-1.637017607688903809e+00
6.260429024696350098e-01
-2.432621479034423828e+00
-8.882901072502136230e-01
-9.693487882614135742e-01
-5.580282211303710938e-01
3.859186172485351562e-02
-2.324878275394439697e-01
-8.426087498664855957e-01
-5.706987380981445312e-01
-5.126290917396545410e-01
-1.020420908927917480e+00
2.692128419876098633e-01
9.855062365531921387e-01
8.489662408828735352e-01
-8.707820773124694824e-01
5.493158102035522461e-02
-8.320198655128479004e-01
-1.859979033470153809e+00
7.461386919021606445e-01
2.065209150314331055e+00
-5.315734073519706726e-02
1.973159670829772949e+00
5.553646683692932129e-01
1.188666343688964844e+00
-2.692888677120208740e-01
-1.267340302467346191e+00
1.859343051910400391e+00
1.336893320083618164e+00
4.843840599060058594e-01
-2.831873297691345215e-02
-1.240481019020080566e+00
-5.872408747673034668e-01
8.203688263893127441e-01
6.893557906150817871e-01
1.079634785652160645e+00
7.182590365409851074e-01
-2.626220285892486572e-01
-5.760335922241210938e-01
-5.508153513073921204e-02
-4.598036110401153564e-01
-3.793212473392486572e-01
1.949416041374206543e+00
-3.764912486076354980e-01
1.501165509223937988e+00
1.012545824050903320e+00
3.283896148204803467e-01
-1.067730784416198730e+00
1.759928226470947266e+00
-4.380917251110076904e-01
-9.854458570480346680e-01
4.346790313720703125e-01
-5.730660557746887207e-01
9.344523549079895020e-01
-5.480329394340515137e-01
-7.923392653465270996e-01
-6.172440052032470703e-01
-9.215112924575805664e-01
-1.639516472816467285e+00
-6.488741040229797363e-01
-7.898443341255187988e-01
1.130433320999145508e+00
-3.375759124755859375e-01
-6.212033033370971680e-01
-5.182542800903320312e-01
1.234307140111923218e-01
-1.091238141059875488e+00
1.210435986518859863e+00
5.412664413452148438e-01
3.149048984050750732e-01
-8.768200874328613281e-01
-5.198976993560791016e-01
-1.258793354034423828e+00
1.677766203880310059e+00
-1.361035466194152832e+00
-1.140974521636962891e+00
6.180083155632019043e-01
1.992113351821899414e+00
4.367179274559020996e-01
1.146909713745117188e+00
-1.217712879180908203e+00
-6.306799650192260742e-01
-2.008314609527587891e+00
-1.589834690093994141e-01
-7.023851275444030762e-01
1.822734236717224121e+00
7.710680365562438965e-01
-1.349757313728332520e+00
-6.841412782669067383e-01
-3.446999192237854004e-01
4.930721521377563477e-01
-5.830219984054565430e-01
4.535913169384002686e-01
2.134917974472045898e-01
-8.290783166885375977e-01
-5.233274400234222412e-02
-1.321277976036071777e+00
9.478719234466552734e-01
-4.383711516857147217e-01
-2.426174134016036987e-01
-2.802505493164062500e-01
5.544251203536987305e-01
-3.507107198238372803e-01
-3.598870038986206055e-01
-1.356569051742553711e+00
-6.318974494934082031e-01
-1.354663014411926270e+00
-1.229963660240173340e+00
-6.431162953376770020e-01
-3.546668887138366699e-01
8.291727304458618164e-01
2.326560020446777344e-01
9.144764393568038940e-02
-1.096831083297729492e+00
1.026829123497009277e+00
-1.121834963560104370e-01
-2.012214390560984612e-03
1.206750512123107910e+00
-1.132432103157043457e+00
-5.877596139907836914e-01
-2.647099494934082031e-01
1.384435296058654785e+00
-4.572558701038360596e-01
2.795776426792144775e-01
4.881654679775238037e-01
1.162087440490722656e+00
-8.005349040031433105e-01
7.300838828086853027e-01
-2.410417050123214722e-01
1.242837496101856232e-02
4.209051430225372314e-01
-6.945419311523437500e-01
-1.101292610168457031e+00
1.879743695259094238e+00
9.821127057075500488e-01
-6.329956650733947754e-02
-1.634293556213378906e+00
1.287722229957580566e+00
-2.670413553714752197e-01
-9.368701577186584473e-01
1.209881305694580078e+00
1.154932022094726562e+00
4.489193260669708252e-01
-6.338244676589965820e-01
4.060206115245819092e-01
1.658805370330810547e+00
7.797952294349670410e-01
1.127025842666625977e+00
-7.499843835830688477e-01
1.436629742383956909e-01
-9.581679105758666992e-01
-2.174235343933105469e+00
3.847025930881500244e-01
6.131638288497924805e-01
2.607758343219757080e-01
8.850609511137008667e-02
-1.391092300415039062e+00
3.096527755260467529e-01
-1.008825540542602539e+00
8.254651427268981934e-01
-5.384547114372253418e-01
8.822373151779174805e-01
-1.029864847660064697e-01
7.125844359397888184e-01
4.765850007534027100e-01
-2.520669698715209961e-01
-6.592539548873901367e-01
-7.906816601753234863e-01
7.153751254081726074e-01
7.142714262008666992e-01
8.455324172973632812e-02
-1.154151082038879395e+00
1.996191740036010742e-01
-7.067616581916809082e-01
1.768645942211151123e-01
-6.808093786239624023e-01
-2.418767690658569336e+00
-1.461989164352416992e+00
1.132411584258079529e-01
1.352615356445312500e+00
-3.646565973758697510e-01
6.316657066345214844e-01
1.835092782974243164e+00
-7.848235368728637695e-01
-1.197169184684753418e+00
7.410925030708312988e-01
2.659875750541687012e-01
-3.685732185840606689e-01
-8.349285721778869629e-01
-1.162447571754455566e+00
-1.318125367164611816e+00
6.111500859260559082e-01
-1.170088171958923340e+00
-7.467468082904815674e-02
-1.032275438308715820e+00
3.565351963043212891e-01
-6.241973042488098145e-01
-2.013204246759414673e-01
1.006680130958557129e+00
-7.314572334289550781e-01
1.066942811012268066e+00
1.165589839220046997e-01
9.120950475335121155e-03
8.191253542900085449e-01
5.783145427703857422e-01
4.928642809391021729e-01
-1.659227967262268066e+00
-4.639465510845184326e-01
1.188789606094360352e+00
8.365458250045776367e-01
-6.619957089424133301e-01
1.576038956642150879e+00
-6.872135400772094727e-01
-1.892689824104309082e+00
-5.266388654708862305e-01
1.573425531387329102e+00
-8.640571236610412598e-01
5.269090533256530762e-01
2.132317237555980682e-02
1.562414616346359253e-01
1.398726105690002441e+00
1.210264563560485840e+00
1.053244709968566895e+00
-8.061277866363525391e-01
6.857696771621704102e-01
1.192831248044967651e-01
-1.751556038856506348e+00
-1.258985757827758789e+00
-3.031359016895294189e-01
-9.788329899311065674e-02
-6.925118565559387207e-01
-3.294008672237396240e-01
3.260370492935180664e-01
-9.840003848075866699e-01
-1.319833993911743164e+00
4.503670930862426758e-01
5.784351825714111328e-01
1.223934531211853027e+00
8.261513113975524902e-01
9.970305114984512329e-02
-3.142166733741760254e-01
-2.370297431945800781e+00
-2.128376483917236328e+00
-1.138353496789932251e-01
4.573723971843719482e-01
-8.895364403724670410e-01
-9.014579653739929199e-01
1.961295120418071747e-02
-5.012953281402587891e-02
-1.408310651779174805e+00
-1.115691065788269043e+00
-7.373831868171691895e-01
-5.812713876366615295e-02
4.025662839412689209e-01
-5.654057860374450684e-01
-9.997935295104980469e-01
1.950185447931289673e-01
3.507723808288574219e-01
1.821605086326599121e+00
-7.892267107963562012e-01
-5.682041049003601074e-01
-9.927968382835388184e-01
2.041885852813720703e-01
2.533177733421325684e-01
-8.838022351264953613e-01
6.032266616821289062e-01
1.679197698831558228e-01
-4.232335835695266724e-02
-9.263134002685546875e-01
-1.294084489345550537e-01
5.926563143730163574e-01
-6.991170048713684082e-01
8.478692770004272461e-01
-1.638291478157043457e-01
-7.465853095054626465e-01
1.035563230514526367e+00
-1.867459774017333984e+00
1.210322737693786621e+00
-1.196568727493286133e+00
1.045373558998107910e+00
-8.306531608104705811e-02
-3.852365016937255859e-01
5.549385547637939453e-01
-2.194742679595947266e+00
1.493993759155273438e+00
5.526486039161682129e-01
5.365089774131774902e-01
1.519725680351257324e+00
-3.562764525413513184e-01
2.415225654840469360e-01
-8.304534554481506348e-01
4.334000051021575928e-01
-1.545258641242980957e+00
3.965596854686737061e-01
-7.423633337020874023e-01
5.301070213317871094e-01
-5.472053289413452148e-01
2.722785770893096924e-01
-4.448529183864593506e-01
2.597908496856689453e+00
-3.905796706676483154e-01
-6.442039012908935547e-01
1.092705223709344864e-02
-1.289634823799133301e+00
-2.725603818893432617e+00
-1.095746517181396484e+00
5.301509499549865723e-01
-7.968507707118988037e-02
4.096655249595642090e-01
-7.331269383430480957e-01
-7.376238107681274414e-01
-6.228755712509155273e-01
6.657460331916809082e-01
5.439471006393432617e-01
-5.244128704071044922e-01
1.494513869285583496e+00
8.703605085611343384e-02
-1.455005645751953125e+00
-4.953106865286827087e-02
1.303076505661010742e+00
-3.250151276588439941e-01
1.070418357849121094e+00
-9.877653717994689941e-01
-1.574948430061340332e+00
6.860029101371765137e-01
-3.948736935853958130e-02
1.834536045789718628e-01
1.228641271591186523e+00
1.687566876411437988e+00
-7.794123888015747070e-01
5.675203204154968262e-01
-8.061146140098571777e-01
6.433490514755249023e-01
5.036141276359558105e-01
-1.419622451066970825e-01
-8.868070840835571289e-01
-1.442551463842391968e-01
1.043045282363891602e+00
-3.771091103553771973e-01
-4.123381972312927246e-01
-3.084806799888610840e-01
-1.273120567202568054e-02
2.451189041137695312e+00
1.547481536865234375e+00
-1.988176703453063965e-01
-9.712424278259277344e-01
-6.351533532142639160e-01
-9.368374943733215332e-01
8.474487066268920898e-01
1.467326521873474121e+00
-6.516727209091186523e-01
-6.565463542938232422e-01
-5.188276767730712891e-01
3.930232822895050049e-01
7.464644908905029297e-01
7.836341857910156250e-01
-4.262046217918395996e-01
-1.395750697702169418e-02
5.889237523078918457e-01
-9.322271943092346191e-01
9.780032038688659668e-01
1.062313795089721680e+00
1.080305650830268860e-01
1.669922024011611938e-01
1.463159918785095215e+00
8.030610531568527222e-02
-2.115970291197299957e-02
-9.677656292915344238e-01
-1.536545872688293457e+00
8.441535830497741699e-01
9.318951368331909180e-01
-1.479685187339782715e+00
1.355686187744140625e+00
-1.378437757492065430e+00
-8.670710921287536621e-01
-6.047547459602355957e-01
4.270980954170227051e-01
5.680611133575439453e-01
-8.021619915962219238e-01
4.097707271575927734e-01
-6.826952844858169556e-02
7.570770382881164551e-02
1.046290636062622070e+00
-5.924140810966491699e-01
5.107950568199157715e-01
-1.442515015602111816e+00
-4.348412454128265381e-01
-4.491708576679229736e-01
3.776751160621643066e-01
5.476363897323608398e-01
1.038190603256225586e+00
5.209546685218811035e-01
2.843409478664398193e-01
3.845847845077514648e-01
4.779740273952484131e-01
-5.902189612388610840e-01
1.387572407722473145e+00
1.542772531509399414e+00
5.279480814933776855e-01
-5.161613821983337402e-01
1.074771285057067871e+00
1.844064742326736450e-01
2.186419010162353516e+00
2.222422361373901367e-01
1.269335389137268066e+00
-4.715091884136199951e-01
-1.114655494689941406e+00
6.543815732002258301e-01
-1.978265404701232910e+00
1.696126580238342285e+00
-1.099961280822753906e+00
-1.695805639028549194e-01
-1.146680116653442383e+00
6.644276380538940430e-01
6.795367598533630371e-02
-9.114179015159606934e-01
-1.166464924812316895e+00
5.466414690017700195e-01
1.221015810966491699e+00
4.922342896461486816e-01
-5.311331152915954590e-01
-1.876705326139926910e-02
