1.053689360618591309e+00
-7.882983982563018799e-02
-5.478312969207763672e-01
-5.376992821693420410e-01
-1.155501008033752441e+00
-1.983284235000610352e+00
-3.877821862697601318e-01
-4.419753551483154297e-01
-1.316643834114074707e+00
-1.415763735771179199e+00
1.956411451101303101e-01
-2.190116643905639648e+00
1.864066958427429199e+00
-7.781273722648620605e-01
-7.398757338523864746e-01
-6.013920307159423828e-01
2.016455531120300293e-01
-2.064742296934127808e-01
6.174967065453529358e-02
-9.673602133989334106e-02
-3.394788801670074463e-01
-2.105995178222656250e+00
6.724951267242431641e-01
-1.483169555664062500e+00
1.434794902801513672e+00
6.089690327644348145e-01
-7.320557832717895508e-01
5.217256546020507812e-01
-1.162161111831665039e+00
4.490870535373687744e-01
-5.502567887306213379e-01
5.033038258552551270e-01
-1.950178146362304688e+00
-8.694056868553161621e-01
-5.095719695091247559e-01
1.273844242095947266e+00
-6.770218610763549805e-01
-3.444008111953735352e+00
1.487248837947845459e-01
5.466750860214233398e-01
-8.811385035514831543e-01
-2.047506809234619141e+00
-8.795571923255920410e-01
4.073419570922851562e-01
7.494750618934631348e-01
1.547157406806945801e+00
-6.501320600509643555e-01
1.194329977035522461e+00
-4.752500951290130615e-01
1.486944913864135742e+00
-1.037828207015991211e+00
-5.669727325439453125e-01
-3.409965932369232178e-01
7.388473153114318848e-01
-1.566961109638214111e-01
-9.449895620346069336e-01
-6.954483389854431152e-01
-1.573123335838317871e-01
9.211800694465637207e-01
-1.855218559503555298e-01
-8.786457777023315430e-01
8.369971513748168945e-01
1.456233620643615723e+00
-9.152457118034362793e-01
1.239865064620971680e+00
-4.677362442016601562e-01
1.366169571876525879e+00
3.760749101638793945e-01
1.179349899291992188e+00
-1.571978807449340820e+00
1.295865535736083984e+00
1.321773767471313477e+00
3.129079341888427734e-01
-4.016824364662170410e-01
-6.167797446250915527e-01
2.891562879085540771e-01
-7.153513282537460327e-02
-1.200590059161186218e-01
-5.156022906303405762e-01
1.268275141716003418e+00
9.633232355117797852e-01
1.775738745927810669e-01
-2.850824117660522461e+00
-6.161689758300781250e-01
-2.115971595048904419e-01
-8.435752987861633301e-01
-1.098847761750221252e-01
-8.844749331474304199e-01
5.903478711843490601e-03
-1.011832237243652344e+00
-1.291269659996032715e+00
-1.101409077644348145e+00
4.506611526012420654e-01
6.717940568923950195e-01
-8.241899311542510986e-02
1.232396125793457031e+00
5.379771068692207336e-02
4.888227880001068115e-01
3.731247186660766602e-01
1.425455212593078613e-01
3.156399428844451904e-01
1.186572432518005371e+00
1.268686056137084961e+00
-6.120947003364562988e-01
-1.322655320167541504e+00
-2.189014405012130737e-01
-2.125722408294677734e+00
9.347670674324035645e-01
5.732846856117248535e-01
5.077631473541259766e-01
1.498372554779052734e+00
1.539579510688781738e+00
-2.439837008714675903e-01
-1.299106121063232422e+00
-2.439432218670845032e-02
3.984873294830322266e-01
5.506019294261932373e-02
3.587514460086822510e-01
-1.462944895029067993e-01
1.250991225242614746e+00
6.317361593246459961e-01
9.087338447570800781e-01
-1.540588617324829102e+00
1.490059971809387207e+00
3.656450212001800537e-01
-6.590753197669982910e-01
-1.335367262363433838e-01
1.998729467391967773e+00
-6.944798231124877930e-01
-6.043733954429626465e-01
9.637444019317626953e-01
-8.886739611625671387e-01
3.616208136081695557e-01
-9.076296687126159668e-01
-2.686797857284545898e+00
-6.296786665916442871e-01
-4.679909944534301758e-01
-4.683939516544342041e-01
-1.123484373092651367e+00
1.113214731216430664e+00
2.335529923439025879e-01
1.427951335906982422e+00
9.925088286399841309e-01
-5.996001362800598145e-01
-2.223677873611450195e+00
2.450499236583709717e-01
6.223728656768798828e-01
-1.077979445457458496e+00
2.150223106145858765e-01
-2.135503739118576050e-01
1.042369604110717773e+00
6.870540231466293335e-02
-5.027957633137702942e-02
-6.007943153381347656e-01
1.203083992004394531e+00
-3.501333594322204590e-01
-9.789655208587646484e-01
-3.585019409656524658e-01
-5.218644142150878906e-01
3.707720935344696045e-01
7.494558095932006836e-01
7.262374162673950195e-01
2.700369358062744141e-01
3.956578373908996582e-01
4.477669894695281982e-01
-1.259268999099731445e+00
-1.380681037902832031e+00
-6.194972991943359375e-01
8.882312476634979248e-02
8.596776127815246582e-01
-1.361168742179870605e+00
-1.941579222679138184e+00
-1.069283962249755859e+00
1.136619925498962402e+00
1.448621600866317749e-01
7.641558647155761719e-01
3.319754302501678467e-01
2.107519209384918213e-01
2.524860203266143799e-01
1.157329916954040527e+00
-6.756649613380432129e-01
-1.195285081863403320e+00
-1.106757164001464844e+00
6.085775494575500488e-01
1.630687952041625977e+00
7.470061779022216797e-01
-7.538527250289916992e-01
-4.812266826629638672e-01
2.317013502120971680e+00
9.417278170585632324e-01
-1.130346022546291351e-02
-1.204208135604858398e+00
-9.094040393829345703e-01
5.928378105163574219e-01
-7.249927520751953125e-01
-4.042153954505920410e-01
-2.879016995429992676e-01
-6.214088797569274902e-01
1.035842299461364746e+00
1.121015191078186035e+00
4.377853870391845703e-01
1.378280997276306152e+00
2.459175825119018555e+00
-4.952147305011749268e-01
8.147326707839965820e-01
-1.045680522918701172e+00
-4.378398656845092773e-01
-2.237832069396972656e+00
7.054536938667297363e-01
6.645194441080093384e-02
-2.961932122707366943e-01
-8.589668869972229004e-01
9.169539809226989746e-01
-2.524180412292480469e-01
-8.987551331520080566e-01
-5.479053854942321777e-01
-2.602624893188476562e+00
-1.020497307181358337e-01
1.088602319359779358e-01
5.854229927062988281e-01
-2.632310986518859863e-01
4.832917451858520508e-01
1.480841279029846191e+00
-1.611982882022857666e-01
3.123911023139953613e-01
-4.778206050395965576e-01
1.135808825492858887e+00
5.077394843101501465e-02
-7.030551433563232422e-01
-1.182988882064819336e+00
-1.148237362504005432e-01
-5.407919287681579590e-01
-3.942908942699432373e-01
1.157622575759887695e+00
2.044095844030380249e-02
4.273292124271392822e-01
-7.208790183067321777e-01
4.947161972522735596e-01
-8.539534211158752441e-01
6.953935623168945312e-01
5.945388078689575195e-01
1.015812397003173828e+00
-7.184185385704040527e-01
1.142664909362792969e+00
-1.769780278205871582e+00
1.037144780158996582e+00
-8.746944069862365723e-01
-1.350367218255996704e-01
2.036744356155395508e-01
-5.200366973876953125e-01
3.598609864711761475e-01
-1.200268566608428955e-01
-9.384515285491943359e-01
-4.563554525375366211e-01
1.362899780273437500e+00
6.716037392616271973e-01
5.987621545791625977e-01
1.348563909530639648e+00
1.670914590358734131e-01
8.850278258323669434e-01
1.500254720449447632e-01
-4.633421599864959717e-01
1.248901963233947754e+00
-1.118334293365478516e+00
-1.743387341499328613e+00
2.579321563243865967e-01
1.187557220458984375e+00
-1.509766340255737305e+00
4.336298465728759766e+00
1.503295540809631348e+00
-9.293861389160156250e-01
4.045086801052093506e-01
8.901395201683044434e-01
1.069561362266540527e+00
-1.260797828435897827e-01
1.637357115745544434e+00
2.621243298053741455e-01
-4.963876605033874512e-01
9.024574756622314453e-01
-1.899041056632995605e+00
1.104438304901123047e+00
-1.880632877349853516e+00
8.279774188995361328e-01
-1.172792539000511169e-01
1.483063250780105591e-01
1.171856164932250977e+00
1.921220496296882629e-02
9.933590292930603027e-01
-4.464436769485473633e-01
-3.192169964313507080e-01
-1.287046194076538086e+00
1.036887764930725098e+00
1.236325740814208984e+00
-3.494118928909301758e+00
1.976155161857604980e+00
-1.262157678604125977e+00
5.199815034866333008e-01
-2.910547330975532532e-02
2.967954277992248535e-01
8.660035133361816406e-01
2.112784683704376221e-01
-3.849493265151977539e-01
1.362309604883193970e-01
-8.198420703411102295e-02
1.613795876502990723e+00
1.441553831100463867e+00
9.818049669265747070e-01
-1.066715598106384277e+00
5.304010212421417236e-02
-6.363037228584289551e-01
-1.815658211708068848e+00
-2.350677490234375000e+00
-8.251860737800598145e-01
4.490907490253448486e-01
-1.206693649291992188e-01
6.430423855781555176e-01
1.891988396644592285e+00
8.365447521209716797e-01
-1.266790032386779785e-01
1.535264551639556885e-01
-1.286727190017700195e+00
6.526998281478881836e-01
1.410532116889953613e+00
-6.142423152923583984e-01
-8.922222852706909180e-01
-3.740173578262329102e-01
-6.326243877410888672e-01
-3.973887860774993896e-01
9.360049962997436523e-01
2.264483928680419922e+00
7.406316995620727539e-01
5.804952606558799744e-02
2.311385631561279297e+00
4.998625516891479492e-01
8.735814690589904785e-01
-4.982185661792755127e-01
-2.345641553401947021e-01
-8.087979555130004883e-01
1.879027485847473145e+00
-8.235450834035873413e-03
-3.194697499275207520e-01
6.148744821548461914e-01
7.501828074455261230e-01
3.455157279968261719e-01
6.586985588073730469e-01
1.614073991775512695e+00
-2.073569536209106445e+00
3.612616658210754395e-01
-1.540278673171997070e+00
-9.294373393058776855e-01
-3.535355031490325928e-01
-8.245215415954589844e-01
1.004284143447875977e+00
-8.412219583988189697e-02
-4.376186430454254150e-01
-5.012633800506591797e-01
-9.871486425399780273e-01
-1.799613237380981445e-01
7.537641525268554688e-01
1.103535890579223633e+00
3.780164122581481934e-01
-1.211463928222656250e+00
-6.453889608383178711e-01
-4.390592575073242188e-01
-2.178432226181030273e+00
4.533268213272094727e-01
1.941076874732971191e+00
1.375876814126968384e-01
1.992265820503234863e+00
1.105706572532653809e+00
1.852045178413391113e+00
-3.288992941379547119e-01
-1.148196816444396973e+00
2.575493097305297852e+00
1.018826961517333984e+00
8.523190021514892578e-01
-4.343669712543487549e-01
-2.269315004348754883e+00
-9.228950142860412598e-01
9.528065323829650879e-01
1.352440476417541504e+00
1.263104677200317383e+00
6.044681668281555176e-01
-2.860932648181915283e-01
-3.513610064983367920e-01
-4.267095625400543213e-01
-4.963967204093933105e-01
-9.049168229103088379e-01
2.096601486206054688e+00
6.666409224271774292e-02
1.213066697120666504e+00
9.630011916160583496e-01
8.661360144615173340e-01
-1.370999336242675781e+00
1.892861247062683105e+00
-6.505558490753173828e-01
-1.597231507301330566e+00
-8.875200152397155762e-01
-1.265922427177429199e+00
1.100999712944030762e+00
-1.028017606586217880e-02
-1.196991801261901855e+00
-1.040331125259399414e+00
-1.372811913490295410e+00
-8.726465106010437012e-01
-3.654652535915374756e-01
-3.387806117534637451e-01
1.326914310455322266e+00
-4.551075100898742676e-01
-1.015884757041931152e+00
-6.109257340431213379e-01
-2.074675448238849640e-02
-1.265366077423095703e+00
6.859967708587646484e-01
2.055548876523971558e-01
4.253904223442077637e-01
-1.933044195175170898e-01
7.120132446289062500e-02
-1.038671731948852539e+00
1.619861602783203125e+00
-1.048905491828918457e+00
-7.786740660667419434e-01
6.337131857872009277e-01
1.915540456771850586e+00
8.466796875000000000e-01
4.827420711517333984e-01
-1.758724451065063477e+00
-8.693721890449523926e-01
-2.398419618606567383e+00
-1.590448021888732910e-01
-1.039782762527465820e+00
1.855030655860900879e+00
1.156438946723937988e+00
-1.342544078826904297e+00
7.316394150257110596e-02
-5.583247169852256775e-02
9.460017085075378418e-01
-4.759974777698516846e-01
6.159734129905700684e-01
-1.333667784929275513e-01
6.503401398658752441e-01
9.947389960289001465e-01
-1.214952826499938965e+00
1.101478457450866699e+00
-5.273949354887008667e-02
-1.134527564048767090e+00
-6.644324064254760742e-01
7.260802388191223145e-01
-1.854259371757507324e-01
-3.897483348846435547e-01
-1.356838345527648926e+00
-7.386004924774169922e-01
-1.022723555564880371e+00
-1.454471707344055176e+00
-1.558759689331054688e+00
-1.162718653678894043e+00
2.149757230654358864e-03
1.086535811424255371e+00
7.614537328481674194e-02
-1.875948905944824219e+00
5.976698994636535645e-01
8.956667035818099976e-02
-2.799453213810920715e-02
-6.037991866469383240e-02
-1.256119132041931152e+00
-3.977059125900268555e-01
-6.835303306579589844e-01
1.042346119880676270e+00
-7.587508559226989746e-01
3.115398287773132324e-01
3.300683200359344482e-01
1.697228312492370605e+00
-6.905905604362487793e-01
8.745240569114685059e-01
-2.070199400186538696e-01
-3.752668797969818115e-01
8.203835487365722656e-01
-1.392664164304733276e-01
-6.956898570060729980e-01
1.847927212715148926e+00
1.073782682418823242e+00
1.149605363607406616e-01
-1.536309361457824707e+00
7.006819844245910645e-01
6.949768662452697754e-01
-5.442878007888793945e-01
7.167583107948303223e-01
2.014790534973144531e+00
6.464695334434509277e-01
-1.798946708440780640e-01
8.328698873519897461e-01
1.514560341835021973e+00
3.541901111602783203e-01
1.497889399528503418e+00
-6.626676917076110840e-01
1.764484345912933350e-01
-1.896229624748229980e+00
-2.539278030395507812e+00
-4.433071911334991455e-01
2.783654816448688507e-02
-5.158643722534179688e-01
6.558761000633239746e-01
-1.959187150001525879e+00
5.417540296912193298e-02
-8.127859234809875488e-01
1.403323411941528320e+00
-4.898402988910675049e-01
7.789674997329711914e-01
2.107210308313369751e-01
4.961265027523040771e-01
9.560808539390563965e-01
2.416864186525344849e-01
-2.621806859970092773e-01
9.823554195463657379e-03
1.278283596038818359e+00
5.103191733360290527e-01
-2.825242578983306885e-01
-9.338136911392211914e-01
2.639038860797882080e-01
-9.782034158706665039e-01
-1.239074841141700745e-01
-1.569891810417175293e+00
-1.407102942466735840e+00
-1.312324762344360352e+00
2.871564924716949463e-01
1.118252158164978027e+00
6.339084506034851074e-01
-1.100590154528617859e-01
1.600688934326171875e+00
-7.973313331604003906e-01
-1.283626556396484375e+00
6.968962550163269043e-01
6.576716303825378418e-01
3.440940976142883301e-01
-4.448855221271514893e-01
-4.139432609081268311e-01
-7.878593206405639648e-01
7.741505503654479980e-01
-7.144665122032165527e-01
-3.447911143302917480e-01
-1.075793743133544922e+00
3.096920549869537354e-01
-6.407465338706970215e-01
2.368604950606822968e-02
1.049166083335876465e+00
-1.134730458259582520e+00
9.960908293724060059e-01
-3.778406679630279541e-01
-2.057236582040786743e-01
1.226701736450195312e+00
-1.005928590893745422e-01
-2.352483719587326050e-01
-1.549457550048828125e+00
-6.944535970687866211e-01
9.721834063529968262e-01
1.098619222640991211e+00
-1.373728990554809570e+00
1.038019418716430664e+00
-1.013933062553405762e+00
-1.056555151939392090e+00
-4.971008300781250000e-01
5.611037015914916992e-01
-5.065109580755233765e-02
5.294498801231384277e-01
-9.183759689331054688e-01
-2.938939630985260010e-01
1.469402313232421875e+00
2.229778766632080078e+00
1.150616049766540527e+00
-3.454507589340209961e-01
5.382041335105895996e-01
-3.400455117225646973e-01
-1.306893110275268555e+00
-5.647377371788024902e-01
-4.955826401710510254e-01
6.645562499761581421e-02
-4.189223051071166992e-01
-2.295861542224884033e-01
9.424552321434020996e-01
-7.495288848876953125e-01
-1.211954236030578613e+00
5.657971501350402832e-01
-3.664155304431915283e-02
1.618708848953247070e+00
1.791000843048095703e+00
7.030403614044189453e-02
-3.737904727458953857e-01
-2.178082942962646484e+00
-2.821553468704223633e+00
-6.163141876459121704e-02
1.758092194795608521e-01
-6.742893457412719727e-01
-1.311941981315612793e+00
-7.467627525329589844e-02
-2.927557192742824554e-02
-1.511430501937866211e+00
-1.172665357589721680e+00
-7.929352670907974243e-02
7.325407862663269043e-02
4.734381139278411865e-01
-2.068330347537994385e-01
-1.097533941268920898e+00
4.949015080928802490e-01
3.120290338993072510e-01
1.010660767555236816e+00
-1.376320242881774902e+00
1.160077378153800964e-01
-1.392575740814208984e+00
-2.103911340236663818e-02
1.561064481735229492e+00
-5.743537545204162598e-01
5.830277130007743835e-02
1.413227468729019165e-01
6.977149844169616699e-02
-1.774834513664245605e+00
4.329734668135643005e-02
4.438434727489948273e-03
-4.398998618125915527e-01
1.319518327713012695e+00
1.575605124235153198e-01
-1.184562683105468750e+00
1.093557953834533691e+00
-2.174947261810302734e+00
1.154521822929382324e+00
-1.039309620857238770e+00
1.008784651756286621e+00
7.147550582885742188e-02
-8.750198036432266235e-02
2.205481827259063721e-01
-2.452474355697631836e+00
1.061884164810180664e+00
5.053941607475280762e-01
3.940161466598510742e-01
1.489151597023010254e+00
2.480327039957046509e-01
-1.171947177499532700e-02
-3.891726732254028320e-01
5.334725975990295410e-01
-1.169600725173950195e+00
5.344667434692382812e-01
-9.291569590568542480e-01
3.774513006210327148e-01
-8.448828458786010742e-01
7.524415850639343262e-01
-9.021720886230468750e-01
2.396164894104003906e+00
-5.016300082206726074e-01
9.549465775489807129e-02
-3.223900496959686279e-01
-2.295195102691650391e+00
-2.959665775299072266e+00
-9.092429876327514648e-01
2.672668397426605225e-01
9.947782009840011597e-02
4.183608293533325195e-01
-9.899284243583679199e-01
7.278356701135635376e-02
-6.623396277427673340e-01
1.194405078887939453e+00
6.554113328456878662e-02
-2.997726500034332275e-01
1.018748879432678223e+00
7.814207673072814941e-02
-1.771603107452392578e+00
6.673465967178344727e-01
1.419935226440429688e+00
-5.368103981018066406e-01
6.293123364448547363e-01
-4.113857448101043701e-01
-1.176591515541076660e+00
2.992710769176483154e-01
-2.263948172330856323e-01
6.688972711563110352e-01
1.484044671058654785e+00
1.467074275016784668e+00
-8.261656165122985840e-01
9.795028567314147949e-01
-8.751221299171447754e-01
3.195773363113403320e-01
9.259900450706481934e-01
-3.405412137508392334e-01
-1.101851344108581543e+00
-2.474034279584884644e-01
3.840388655662536621e-01
-1.094472527503967285e+00
-8.512711524963378906e-01
-6.279569268226623535e-01
-5.494280457496643066e-01
2.988461971282958984e+00
1.851949095726013184e+00
-4.468320012092590332e-01
-1.021328091621398926e+00
-7.029234766960144043e-01
-1.192041397094726562e+00
4.198898673057556152e-01
1.224383831024169922e+00
-3.756203353404998779e-01
-2.127692103385925293e-01
-7.000544667243957520e-01
1.251622676849365234e+00
1.210614323616027832e+00
2.299456745386123657e-01
-4.604595303535461426e-01
-1.128973364830017090e-01
3.767375051975250244e-01
-9.691215157508850098e-01
9.054817557334899902e-01
6.878865361213684082e-01
-3.428410589694976807e-01
-5.348452329635620117e-01
5.923556685447692871e-01
2.127034068107604980e-01
2.296703308820724487e-01
-7.293452024459838867e-01
-1.285590410232543945e+00
-7.899241894483566284e-02
9.500666707754135132e-02
-1.330285310745239258e+00
1.265193581581115723e+00
-1.081993699073791504e+00
-1.041266322135925293e+00
-5.477650165557861328e-01
1.004261255264282227e+00
6.630141735076904297e-01
5.104424059391021729e-02
3.157629668712615967e-01
-2.760982513427734375e-02
1.014627695083618164e+00
8.949849009513854980e-01
-7.457219362258911133e-01
4.499253034591674805e-01
-1.318376183509826660e+00
-3.447260260581970215e-01
-5.677186250686645508e-01
5.625345110893249512e-01
-2.371178716421127319e-01
8.408734202384948730e-01
5.156314969062805176e-01
-1.747900694608688354e-01
4.503666460514068604e-01
6.459784507751464844e-01
-9.082374572753906250e-01
-4.503284990787506104e-01
1.719230651855468750e+00
-2.467496097087860107e-01
9.528934955596923828e-02
8.849669694900512695e-01
1.834300756454467773e-01
2.019083499908447266e+00
-8.109075948596000671e-03
2.397036790847778320e+00
-5.609647631645202637e-01
-1.163770318031311035e+00
1.201116204261779785e+00
-2.014862060546875000e+00
8.906985521316528320e-01
-1.628763318061828613e+00
-1.350385546684265137e+00
-2.585769295692443848e-01
7.624555826187133789e-01
2.100055068731307983e-01
-1.945005655288696289e-01
-4.567845165729522705e-01
6.019382476806640625e-01
8.898060917854309082e-01
-1.430537402629852295e-01
-5.529839172959327698e-02
-2.373205423355102539e-01
