-2.149277366697788239e-02
4.563174247741699219e-01
2.862266264855861664e-02
-1.112906455993652344e+00
5.856254100799560547e-01
-2.961141765117645264e-01
-3.269389271736145020e-02
-6.354272365570068359e-01
-1.046592473983764648e+00
1.463238716125488281e+00
1.402836084365844727e+00
-6.340651214122772217e-02
2.240925654768943787e-02
-7.960168123245239258e-01
-2.138136625289916992e-01
-2.441439867019653320e+00
2.046506643295288086e+00
6.020180583000183105e-01
1.040482163429260254e+00
1.761903285980224609e+00
6.117799878120422363e-01
-4.120619595050811768e-01
-5.087452530860900879e-01
8.124201297760009766e-01
-9.380510449409484863e-01
1.098072379827499390e-01
-1.828378915786743164e+00
1.304709315299987793e+00
-3.023278713226318359e+00
1.530877351760864258e+00
-1.548387289047241211e+00
9.627766013145446777e-01
6.846106052398681641e-01
9.299340248107910156e-01
2.458899497985839844e+00
9.492758512496948242e-01
-3.803583979606628418e-01
-3.037733316421508789e+00
1.921841409057378769e-03
3.109030485153198242e+00
-1.238596081733703613e+00
-2.050683259963989258e+00
-1.029760360717773438e+00
1.900250196456909180e+00
-4.191202223300933838e-01
1.858087927103042603e-01
2.821912169456481934e-01
-1.595568418502807617e+00
-1.194082617759704590e+00
1.436375379562377930e+00
-5.183229446411132812e-01
-6.255807876586914062e-01
-1.471586942672729492e+00
-6.135312914848327637e-01
-4.427081942558288574e-01
3.678316622972488403e-02
-9.358726143836975098e-01
-9.267485141754150391e-01
1.332529336214065552e-01
1.646821737289428711e+00
1.262386083602905273e+00
-1.370607972145080566e+00
-7.275738120079040527e-01
1.846850633621215820e+00
-1.819918036460876465e+00
3.468186557292938232e-01
2.273195981979370117e-02
-8.563166260719299316e-01
-1.194062471389770508e+00
-8.773648142814636230e-01
1.757036447525024414e+00
6.504528969526290894e-02
-7.207734137773513794e-02
2.612670063972473145e-01
1.920251607894897461e+00
2.232905864715576172e+00
2.180794477462768555e-01
-1.622940301895141602e+00
-2.060140520334243774e-01
1.582725942134857178e-01
1.458283424377441406e+00
1.343166112899780273e+00
-2.185791730880737305e+00
-1.625068932771682739e-01
8.418246507644653320e-01
3.244115114212036133e-01
-1.955186426639556885e-01
1.127675294876098633e+00
-2.536933422088623047e-01
-1.041168093681335449e+00
-3.854632675647735596e-01
1.060681641101837158e-01
-6.166386604309082031e-01
1.301093995571136475e-01
-7.262763977050781250e-01
-1.464761257171630859e+00
1.586118221282958984e+00
3.219184279441833496e-01
-4.839037656784057617e-01
8.110369443893432617e-01
-1.255242824554443359e+00
-8.550992012023925781e-01
1.302330970764160156e+00
-2.495436072349548340e-01
-1.708255335688591003e-02
-2.218044042587280273e+00
-1.391615152359008789e+00
-1.530626535415649414e+00
-1.395268738269805908e-01
-3.039254248142242432e-01
7.871316075325012207e-01
1.098267555236816406e+00
1.641049832105636597e-01
1.397524029016494751e-01
-8.722385764122009277e-01
-1.104376763105392456e-01
-1.082601070404052734e+00
8.784836530685424805e-02
4.984871149063110352e-01
2.329674810171127319e-01
-1.003436207771301270e+00
1.358353972434997559e+00
-2.779207706451416016e+00
-7.814944982528686523e-01
1.301080107688903809e+00
7.345307469367980957e-01
1.759115576744079590e+00
-3.631375432014465332e-01
9.919915795326232910e-01
-1.468091726303100586e+00
1.355562806129455566e+00
-2.432754516601562500e+00
-8.640345931053161621e-01
-5.866232514381408691e-01
-1.871573805809020996e+00
-1.963345892727375031e-02
5.536122918128967285e-01
-4.136210083961486816e-01
-4.287104606628417969e-01
1.756494641304016113e+00
-1.589491605758666992e+00
7.189818024635314941e-01
1.668074876070022583e-01
-5.177102684974670410e-01
7.645216584205627441e-01
-9.715984463691711426e-01
-7.893379032611846924e-02
2.786826789379119873e-01
-7.831671237945556641e-01
-7.248044610023498535e-01
-1.052512675523757935e-01
-3.148697316646575928e-01
1.320138692855834961e+00
-8.251805305480957031e-01
2.436684608459472656e+00
5.414398908615112305e-01
-7.124407291412353516e-01
5.727779865264892578e-01
-1.035600662231445312e+00
3.466934859752655029e-01
1.223781585693359375e+00
-1.138220429420471191e+00
-2.159052133560180664e+00
-5.116493701934814453e-01
1.335604667663574219e+00
-9.445978999137878418e-01
-4.311040937900543213e-01
3.949277997016906738e-01
-1.320026665925979614e-01
-3.484692871570587158e-01
-1.579594910144805908e-01
-1.265963435173034668e+00
-1.196998506784439087e-01
1.103306651115417480e+00
2.152871638536453247e-01
1.257871985435485840e-01
7.458935379981994629e-01
1.695391833782196045e-01
-1.383022904396057129e+00
1.654123902320861816e+00
-3.701002001762390137e-01
-5.581908822059631348e-01
-5.766037106513977051e-01
-1.117700785398483276e-01
-6.256360411643981934e-01
-6.944462656974792480e-01
2.274139374494552612e-01
1.096404314041137695e+00
7.065140604972839355e-01
1.196673393249511719e+00
6.969385743141174316e-01
-4.869688153266906738e-01
2.202657938003540039e+00
6.011783331632614136e-02
-5.429044961929321289e-01
8.228375315666198730e-01
2.845389842987060547e-01
-1.456225633621215820e+00
-1.124664187431335449e+00
-1.682727932929992676e+00
9.415179491043090820e-01
4.952296614646911621e-01
9.468564987182617188e-01
6.184079870581626892e-02
5.658643841743469238e-01
7.593128681182861328e-01
-1.086295723915100098e+00
-1.783097279258072376e-03
1.305955201387405396e-01
-1.025379300117492676e+00
-2.214262962341308594e+00
-1.036858439445495605e+00
6.586031317710876465e-01
7.722044587135314941e-01
-1.727894783020019531e+00
9.815249443054199219e-01
-1.795127034187316895e+00
-4.267567694187164307e-01
-2.002235651016235352e+00
2.558179855346679688e+00
2.622048556804656982e-01
8.398436009883880615e-02
-3.108985722064971924e-01
-1.067306756973266602e+00
5.053628087043762207e-01
-8.430185914039611816e-01
4.794259667396545410e-01
7.283548116683959961e-01
-8.007001876831054688e-01
9.087461829185485840e-01
1.613263726234436035e+00
-8.054867982864379883e-01
3.992500007152557373e-01
6.719222664833068848e-01
6.510841250419616699e-01
-4.528519213199615479e-01
8.350783586502075195e-01
7.665578722953796387e-01
3.141140937805175781e-01
-5.350798964500427246e-01
2.288941890001296997e-01
-1.487724304199218750e+00
-2.445714712142944336e+00
1.020058035850524902e+00
-1.105260014533996582e+00
-8.058108687400817871e-01
3.957435488700866699e-02
4.230197072029113770e-01
7.234036922454833984e-01
2.462107837200164795e-01
4.442675411701202393e-01
1.497389912605285645e+00
3.035205602645874023e-01
1.214187502861022949e+00
-9.849802851676940918e-01
1.141604185104370117e+00
2.300968319177627563e-01
-1.605166673660278320e+00
1.290588378906250000e+00
-7.608792185783386230e-01
-6.032962203025817871e-01
5.832105875015258789e-01
-4.921942651271820068e-01
-1.443620771169662476e-01
9.235881567001342773e-01
-6.503505110740661621e-01
2.015571355819702148e+00
5.355740338563919067e-02
3.205232381820678711e+00
-2.522901594638824463e-01
-8.336637616157531738e-01
1.518372893333435059e-01
5.587534904479980469e-01
9.520393610000610352e-01
-1.053310394287109375e+00
-1.346545696258544922e+00
5.459092855453491211e-01
-6.059399247169494629e-01
-2.556506991386413574e-01
-1.145447418093681335e-01
1.200694441795349121e+00
-3.978028893470764160e-01
1.518844068050384521e-02
7.748239636421203613e-01
7.413264513015747070e-01
-5.489636659622192383e-01
-8.388659954071044922e-01
-9.900125861167907715e-01
-4.854807257652282715e-01
-5.470194816589355469e-01
-1.166053786873817444e-01
1.501085907220840454e-01
5.545327067375183105e-01
1.877367377281188965e+00
1.050764322280883789e+00
-7.423746585845947266e-01
-1.567117810249328613e+00
-1.494964063167572021e-01
-7.993707060813903809e-02
-1.421206146478652954e-01
-6.743946671485900879e-01
-1.330556154251098633e+00
-5.540984123945236206e-02
9.463287591934204102e-01
-4.140074253082275391e-01
-5.502693057060241699e-01
-2.162679582834243774e-01
-7.970336675643920898e-01
1.353463888168334961e+00
-8.965317010879516602e-01
6.026954054832458496e-01
4.610694646835327148e-01
1.276566624641418457e+00
-5.598369240760803223e-01
6.535890102386474609e-01
2.791543602943420410e-01
-3.128765821456909180e-01
6.216499805450439453e-01
1.126850485801696777e+00
5.646648406982421875e-01
-4.372773766517639160e-01
7.248071432113647461e-01
5.719453096389770508e-01
5.506038665771484375e-01
4.196918904781341553e-01
-7.042824625968933105e-01
-2.644488573074340820e+00
-5.036466289311647415e-03
-6.584284901618957520e-01
1.521855354309082031e+00
1.184705570340156555e-01
-1.729234814643859863e+00
5.119965672492980957e-01
-2.162489444017410278e-01
9.425793886184692383e-01
1.207069396972656250e+00
-1.763017296791076660e+00
-6.045899391174316406e-01
-3.237095177173614502e-01
8.258544653654098511e-02
-1.203150004148483276e-01
7.193510979413986206e-02
7.363289594650268555e-01
-7.695291638374328613e-01
-1.781968235969543457e+00
6.538082361221313477e-01
1.079250723123550415e-01
9.918497204780578613e-01
-2.343645572662353516e+00
-7.145311832427978516e-01
-2.514311969280242920e-01
-1.484594494104385376e-01
1.025246620178222656e+00
-1.133911013603210449e+00
3.110659122467041016e-01
-1.983120441436767578e-01
1.928617209196090698e-01
-6.668017506599426270e-01
3.842099308967590332e-01
-9.670848846435546875e-01
-1.097214221954345703e-02
-3.429650068283081055e-01
-1.028849482536315918e+00
-8.276373744010925293e-01
4.586153030395507812e-01
-1.577091515064239502e-01
-7.438796758651733398e-02
1.175845265388488770e-01
3.367174565792083740e-01
1.460514545440673828e+00
-1.423510074615478516e+00
9.643854498863220215e-01
-5.498735904693603516e-01
7.521764039993286133e-01
-3.668672144412994385e-01
4.928131401538848877e-01
-7.966793179512023926e-01
1.188752889633178711e+00
-7.048850655555725098e-01
1.976383775472640991e-01
5.309477448463439941e-01
2.640052795410156250e+00
2.544820606708526611e-01
5.161123722791671753e-02
-1.964520573616027832e+00
-1.019236922264099121e+00
1.605230927467346191e+00
-1.352889299392700195e+00
1.016541481018066406e+00
8.681090474128723145e-01
2.778121232986450195e+00
-5.177526473999023438e-01
2.360172033309936523e+00
3.902589678764343262e-01
3.110337257385253906e-01
-1.519454598426818848e+00
-2.761632800102233887e-01
1.416753530502319336e+00
-6.690181493759155273e-01
-1.058232545852661133e+00
1.535183310508728027e+00
5.820560082793235779e-02
-1.052973866462707520e-01
6.653212904930114746e-01
1.336946249008178711e+00
2.089539051055908203e+00
-1.318172693252563477e+00
7.706712484359741211e-01
7.774922847747802734e-01
-9.074972867965698242e-01
-1.210794091224670410e+00
-6.320037245750427246e-01
1.041075468063354492e+00
1.423138141632080078e+00
-1.250046133995056152e+00
1.401108741760253906e+00
1.223624777048826218e-02
2.064485102891921997e-01
-2.214832305908203125e+00
1.424093723297119141e+00
-2.185503721237182617e+00
-1.433827638626098633e+00
-3.014065325260162354e-01
3.517949283123016357e-01
1.502973675727844238e+00
1.076050519943237305e+00
-1.155037403106689453e+00
-8.888163566589355469e-01
1.333051621913909912e-01
-1.022413134574890137e+00
-4.411525428295135498e-01
7.070768475532531738e-01
1.881106376647949219e+00
-2.198867559432983398e+00
1.026856303215026855e+00
1.008379817008972168e+00
-1.499381422996520996e+00
1.506770372390747070e+00
5.145491361618041992e-01
-2.347988076508045197e-02
7.858508080244064331e-02
1.075531601905822754e+00
8.388552069664001465e-01
5.081865191459655762e-01
-4.740813672542572021e-01
-4.286325573921203613e-01
-7.841690182685852051e-01
-1.029641479253768921e-01
1.777399182319641113e+00
-1.061839342117309570e+00
2.962934374809265137e-01
-2.016584396362304688e+00
-2.497654676437377930e+00
-1.582088232040405273e+00
8.126718401908874512e-01
-1.758079290390014648e+00
1.811595857143402100e-01
2.016578435897827148e+00
-2.778745591640472412e-01
-2.317659258842468262e-01
-3.931476175785064697e-02
2.341290950775146484e+00
-6.683260202407836914e-01
8.447602987289428711e-01
-9.058968424797058105e-01
4.060442373156547546e-02
1.029949426651000977e+00
1.647540368139743805e-02
1.894305348396301270e+00
1.156315684318542480e+00
5.080141425132751465e-01
-1.125824213027954102e+00
-1.301443338394165039e+00
1.008638620376586914e+00
-1.013581275939941406e+00
-1.286092996597290039e+00
1.066734313964843750e+00
-9.370566904544830322e-02
-1.186126232147216797e+00
2.431759983301162720e-01
6.122327446937561035e-01
-1.054087162017822266e+00
-1.695707678794860840e+00
-4.369455873966217041e-01
1.109619617462158203e+00
1.570343852043151855e+00
-7.915070056915283203e-01
-1.255918622016906738e+00
-2.143143564462661743e-01
-1.433667778968811035e+00
-2.251870483160018921e-01
1.329010248184204102e+00
-2.523053586483001709e-01
3.968665838241577148e+00
2.218171209096908569e-01
1.778045654296875000e+00
3.147017478942871094e+00
-2.231714248657226562e+00
4.878033399581909180e-01
-4.348855316638946533e-01
-4.040231183171272278e-02
-1.236195862293243408e-01
-1.047020033001899719e-01
6.917679309844970703e-01
1.864652037620544434e-01
4.459951519966125488e-01
5.981616973876953125e-01
-9.004512429237365723e-01
7.149599492549896240e-02
5.797508358955383301e-01
-6.072917208075523376e-02
6.886144401505589485e-04
-8.111183047294616699e-01
-1.493979930877685547e+00
4.091799855232238770e-01
9.753990173339843750e-01
4.473888278007507324e-01
3.701564371585845947e-01
-4.337628483772277832e-01
1.554820686578750610e-02
9.333086609840393066e-01
-2.038282632827758789e+00
-2.247788667678833008e+00
6.141688227653503418e-01
-5.610699653625488281e-01
-4.841134250164031982e-01
-1.425812125205993652e+00
1.463343024253845215e+00
1.403312444686889648e+00
-7.914672493934631348e-01
3.559199869632720947e-01
7.296484112739562988e-01
5.989587306976318359e-01
-4.077723920345306396e-01
-2.293365299701690674e-01
1.429859161376953125e+00
-6.123610734939575195e-01
1.352008104324340820e+00
3.345412969589233398e+00
-8.740848302841186523e-01
8.818818330764770508e-01
2.085640728473663330e-01
9.611377716064453125e-01
-4.768622815608978271e-01
6.429525017738342285e-01
3.033815145492553711e+00
-1.043563723564147949e+00
1.180857658386230469e+00
1.026721835136413574e+00
-1.486336141824722290e-01
-2.168629765510559082e-01
-1.198711339384317398e-02
1.167388483881950378e-01
-3.443065166473388672e+00
-6.279076933860778809e-01
-4.236702620983123779e-01
-7.940205335617065430e-01
9.545880556106567383e-01
5.703536272048950195e-01
-8.442516326904296875e-01
-8.312806487083435059e-01
7.317097783088684082e-01
9.774797558784484863e-01
1.293933391571044922e+00
-8.871464133262634277e-01
1.133931577205657959e-01
1.637187480926513672e+00
3.816329240798950195e-01
1.693307459354400635e-01
-1.037880182266235352e+00
1.207758069038391113e+00
-1.965885907411575317e-01
2.323366850614547729e-01
-1.507815480232238770e+00
-2.371482783928513527e-03
6.660078465938568115e-02
-8.845974206924438477e-01
-4.434420540928840637e-02
1.815323382616043091e-01
1.009097576141357422e+00
-1.982932686805725098e+00
1.395429491996765137e+00
-3.672488331794738770e-01
-1.623995184898376465e+00
-2.251052856445312500e-01
5.493178367614746094e-01
2.226821780204772949e-01
-2.086049318313598633e-01
4.861420989036560059e-01
3.808642327785491943e-01
-1.578440666198730469e+00
8.987745642662048340e-01
1.766086816787719727e+00
-1.517294764518737793e+00
1.342706799507141113e+00
1.121988072991371155e-01
-3.313823342323303223e-01
-1.350685805082321167e-01
-7.474612593650817871e-01
-1.427346915006637573e-01
3.987092375755310059e-01
1.394379884004592896e-01
-4.239820316433906555e-02
3.795667886734008789e-01
-2.587569355964660645e-01
-5.080674290657043457e-01
-5.199341177940368652e-01
-2.883594036102294922e+00
-7.028374671936035156e-01
1.484215497970581055e+00
2.412905693054199219e-01
4.947040975093841553e-01
1.286467909812927246e+00
-6.678137183189392090e-01
-2.665141582489013672e+00
-1.716780513525009155e-01
-1.624209046363830566e+00
-1.945696771144866943e-01
-1.154999971389770508e+00
7.927122116088867188e-01
-1.586127728223800659e-01
-1.776310801506042480e+00
-1.429308056831359863e+00
1.479649782180786133e+00
-6.239725351333618164e-01
4.199954569339752197e-01
5.282186269760131836e-01
-1.748536229133605957e-01
-2.505221664905548096e-01
-1.207602500915527344e+00
-4.778479933738708496e-01
4.962227866053581238e-02
3.885381221771240234e-01
2.091594696044921875e+00
1.399479627609252930e+00
9.323731064796447754e-01
-5.417608469724655151e-02
-5.313907265663146973e-01
-1.232455018907785416e-02
1.097285747528076172e+00
1.728997111320495605e+00
-6.795151829719543457e-01
-1.501495718955993652e+00
2.341753095388412476e-01
-6.895973682403564453e-01
1.393641710281372070e+00
-1.073343515396118164e+00
-1.576864600181579590e+00
7.655662894248962402e-01
-1.313717842102050781e+00
1.047533988952636719e+00
2.272019147872924805e+00
-1.296601772308349609e+00
8.395726680755615234e-01
-1.625108361244201660e+00
5.451734662055969238e-01
-1.495981812477111816e+00
-3.233674466609954834e-01
1.263150125741958618e-01
5.493434667587280273e-01
-1.259349584579467773e+00
-1.374239921569824219e-01
-1.055694460868835449e+00
1.434506177902221680e+00
-5.265868306159973145e-01
1.361211061477661133e+00
-5.680261924862861633e-02
1.201822996139526367e+00
-1.607721447944641113e+00
-3.775351643562316895e-01
-2.087195158004760742e+00
-1.253790140151977539e+00
-8.984080553054809570e-01
1.880877733230590820e+00
1.154605507850646973e+00
-1.176978826522827148e+00
-1.903984785079956055e+00
8.519418835639953613e-01
-1.159960851073265076e-01
-9.070691466331481934e-01
-4.552227556705474854e-01
1.194182395935058594e+00
-2.145414650440216064e-01
2.832607984542846680e+00
-1.413605511188507080e-01
2.788179814815521240e-01
-1.141922712326049805e+00
-9.887863397598266602e-01
-6.835257530212402344e+00
-1.441840171813964844e+00
-1.282329857349395752e-01
3.239133954048156738e-01
1.657902479171752930e+00
-1.164131760597229004e+00
-4.704112112522125244e-01
1.155042290687561035e+00
2.480557858943939209e-01
1.395911097526550293e+00
-1.681051254272460938e+00
-4.295673966407775879e-01
-1.657277703285217285e+00
-1.028542637825012207e+00
-2.678431749343872070e+00
8.441022038459777832e-01
1.333460569381713867e+00
1.758979111909866333e-01
4.177285671234130859e+00
8.243322968482971191e-01
1.039527952671051025e-01
1.591734528541564941e+00
-7.964574731886386871e-03
1.312802791595458984e+00
-4.352645874023437500e-01
9.286649823188781738e-01
4.283975958824157715e-01
1.399451851844787598e+00
8.118828535079956055e-01
-1.394162178039550781e+00
1.169061660766601562e+00
-1.107882380485534668e+00
-8.038437962532043457e-01
7.210264801979064941e-01
-6.623046994209289551e-01
3.639679551124572754e-01
1.944145441055297852e+00
3.626389503479003906e-01
1.596741825342178345e-01
1.358686536550521851e-01
1.162075757980346680e+00
-1.059093475341796875e+00
-5.500674843788146973e-01
-7.787915468215942383e-01
1.796766281127929688e+00
-1.182877063751220703e+00
2.846023738384246826e-01
1.825139641761779785e+00
-5.841349959373474121e-01
-7.248224616050720215e-01
9.009532332420349121e-01
-2.868008375167846680e+00
4.636701196432113647e-02
-1.282516837120056152e+00
-1.570237725973129272e-01
1.116296768188476562e+00
-1.214431166648864746e+00
-1.228098988533020020e+00
8.148679137229919434e-01
-1.744075059890747070e+00
-3.952485024929046631e-01
-7.335783243179321289e-01
1.125376105308532715e+00
3.573275506496429443e-01
-4.543200135231018066e-01
-4.137279987335205078e-01
4.079655408859252930e-01
-1.579414129257202148e+00
-1.080413222312927246e+00
-2.624331712722778320e+00
-2.691098928451538086e+00
4.681277275085449219e-01
9.590317010879516602e-01
-6.599423289299011230e-01
-6.966672539710998535e-01
-1.514610052108764648e-01
-1.222062468528747559e+00
-3.113847672939300537e-01
-1.185099840164184570e+00
6.440428495407104492e-01
