8.712207674980163574e-01
2.890259325504302979e-01
-2.686816751956939697e-01
-2.574232816696166992e-01
-1.366107821464538574e+00
-1.077267289161682129e+00
-3.330897688865661621e-01
-3.164853528141975403e-02
-1.394075989723205566e+00
-2.215778112411499023e+00
2.660911679267883301e-01
-2.531665325164794922e+00
8.393154144287109375e-01
-1.442551054060459137e-02
-9.295802712440490723e-01
-4.183454513549804688e-01
-7.634774595499038696e-02
-3.641263246536254883e-01
1.306470870971679688e+00
-7.423018813133239746e-01
-1.692762970924377441e-02
-1.426127672195434570e+00
9.532712697982788086e-01
-1.193487048149108887e+00
1.474247336387634277e+00
1.297457337379455566e+00
9.222010523080825806e-02
1.383832335472106934e+00
-1.053279757499694824e+00
1.334954142570495605e+00
-2.477501779794692993e-01
4.582203328609466553e-01
-2.169328212738037109e+00
-3.311803638935089111e-01
-9.127264022827148438e-01
1.895623505115509033e-01
-7.034447044134140015e-02
-3.299157381057739258e+00
1.113713830709457397e-01
-7.201612740755081177e-02
-1.058198094367980957e+00
-9.458547234535217285e-01
-1.953001916408538818e-01
1.387952119112014771e-01
1.166704297065734863e+00
2.480514764785766602e+00
5.812173485755920410e-01
6.404904723167419434e-01
-3.755819201469421387e-01
1.249305367469787598e+00
-8.323300480842590332e-01
-1.037013456225395203e-01
3.430972695350646973e-01
6.373147964477539062e-01
3.888571560382843018e-01
-9.079350829124450684e-01
3.066417202353477478e-02
-3.958438038825988770e-01
-1.854517757892608643e-01
-8.131682276725769043e-01
-8.021418452262878418e-01
5.765381455421447754e-01
1.552906155586242676e+00
-2.420125156641006470e-01
1.189603805541992188e+00
-2.710436582565307617e-01
1.169248700141906738e+00
1.866605132818222046e-01
8.312686681747436523e-01
-1.296050310134887695e+00
7.343808412551879883e-01
4.745273292064666748e-01
4.986764863133430481e-02
-5.439529418945312500e-01
-9.484719634056091309e-01
1.612905263900756836e+00
3.655592501163482666e-01
6.129379272460937500e-01
7.579165697097778320e-02
1.132205128669738770e+00
-1.263620257377624512e-01
5.139422416687011719e-01
-2.096500396728515625e+00
-6.271083354949951172e-01
6.348377466201782227e-01
-1.296375393867492676e-01
-3.203579485416412354e-01
8.762277662754058838e-02
-5.080442428588867188e-01
-6.359881758689880371e-01
-9.209615588188171387e-01
-9.860410094261169434e-01
1.909146755933761597e-01
5.912277102470397949e-01
-3.072306215763092041e-01
9.544866681098937988e-01
1.005578041076660156e+00
7.211508750915527344e-01
4.041851460933685303e-01
9.751269817352294922e-01
7.693682909011840820e-01
9.687160849571228027e-01
8.552846908569335938e-01
2.890913784503936768e-01
-5.336759686470031738e-01
-1.281775951385498047e+00
-1.464831233024597168e+00
1.381685972213745117e+00
5.917579531669616699e-01
8.305397629737854004e-01
3.414760828018188477e-01
8.722061514854431152e-01
-1.677094221115112305e+00
-2.236175835132598877e-01
-9.851518273353576660e-02
7.271406054496765137e-02
1.005082502961158752e-01
1.110466867685317993e-01
2.673267200589179993e-02
8.032804131507873535e-01
8.984667062759399414e-01
5.979526638984680176e-01
3.219256922602653503e-02
7.075166702270507812e-01
-7.009485960006713867e-01
-4.826822876930236816e-01
7.936325073242187500e-01
1.875802278518676758e+00
-9.531569480895996094e-01
-5.105159282684326172e-01
1.551401138305664062e+00
-1.615351796150207520e+00
9.568123817443847656e-01
-9.454174041748046875e-01
-3.360912322998046875e+00
-1.041012644767761230e+00
5.119622945785522461e-01
3.096838593482971191e-01
-5.550082921981811523e-01
-2.914393246173858643e-01
4.879812002182006836e-01
1.795532345771789551e+00
6.949367523193359375e-01
-9.395870566368103027e-01
-2.116494178771972656e+00
8.118492960929870605e-01
9.861915111541748047e-01
-1.049591660499572754e+00
-4.057479500770568848e-01
1.159438565373420715e-01
9.924411177635192871e-01
2.841680943965911865e-01
1.778863668441772461e-01
9.234929829835891724e-02
1.682825207710266113e+00
2.188141345977783203e-01
-1.056640625000000000e+00
1.116245388984680176e-01
-3.778850436210632324e-01
-3.229507431387901306e-02
7.829753160476684570e-01
2.659121453762054443e-01
1.553376168012619019e-01
-2.152965217828750610e-02
-4.042848646640777588e-01
-1.309375286102294922e+00
-5.295213460922241211e-01
-3.426474034786224365e-01
-2.362775653600692749e-01
9.570412337779998779e-02
-1.411579132080078125e+00
-1.791885018348693848e+00
-6.719834208488464355e-01
1.591380238533020020e+00
5.614945665001869202e-02
4.920118153095245361e-01
4.167882800102233887e-01
4.356198608875274658e-01
-2.901806831359863281e-01
1.148158073425292969e+00
-9.450423717498779297e-01
-1.082925915718078613e+00
-2.774550318717956543e-01
3.137014806270599365e-01
1.380732774734497070e+00
3.126431107521057129e-01
-1.053239464759826660e+00
-1.727579683065414429e-01
1.651668906211853027e+00
1.145764708518981934e+00
3.447444438934326172e-01
-8.849783539772033691e-01
-6.309693306684494019e-02
3.658553957939147949e-01
-3.337104916572570801e-01
-1.883321553468704224e-01
4.436677396297454834e-01
-2.388391047716140747e-01
1.162617921829223633e+00
3.696784377098083496e-01
3.918754160404205322e-01
1.766992807388305664e+00
1.799947023391723633e+00
-7.252994179725646973e-01
5.017907619476318359e-01
-9.475062489509582520e-01
-2.436912655830383301e-01
-1.404851675033569336e+00
8.151968717575073242e-01
-6.186737492680549622e-02
5.216363668441772461e-01
-2.945068478584289551e-01
5.433964133262634277e-01
1.412745267152786255e-01
-9.646300673484802246e-01
7.885321378707885742e-01
-3.463623762130737305e+00
-1.228899508714675903e-01
2.340480089187622070e-01
2.188575416803359985e-01
-3.104835748672485352e-01
7.853054404258728027e-01
1.606358647346496582e+00
-3.374345600605010986e-01
4.244814813137054443e-01
-9.006273746490478516e-01
5.177575349807739258e-01
4.379865825176239014e-01
-1.152380108833312988e+00
-1.830118060111999512e+00
2.971535027027130127e-01
-9.434862136840820312e-01
-1.695502281188964844e+00
1.118225455284118652e+00
1.929992586374282837e-01
1.550751626491546631e-01
4.742201045155525208e-02
7.114574909210205078e-01
-9.400171041488647461e-01
2.064605429768562317e-02
5.606848001480102539e-01
1.478145122528076172e+00
-4.196170270442962646e-01
1.731568574905395508e+00
-1.747201323509216309e+00
9.561582207679748535e-01
-1.377104401588439941e+00
4.974713325500488281e-01
7.995954751968383789e-01
-9.753861278295516968e-02
2.111468613147735596e-01
-3.577542006969451904e-01
-1.950373053550720215e+00
-1.629240989685058594e+00
9.317686557769775391e-01
-9.531364589929580688e-02
-6.027293205261230469e-02
3.188477158546447754e-01
6.000239029526710510e-02
1.133610486984252930e+00
4.265299737453460693e-01
5.432137250900268555e-01
1.488711357116699219e+00
-4.253878295421600342e-01
-1.143377780914306641e+00
3.837399184703826904e-01
2.852657139301300049e-01
-1.433817386627197266e+00
4.517480850219726562e+00
1.327730536460876465e+00
-1.887191273272037506e-02
4.980971515178680420e-01
1.194029211997985840e+00
3.284616470336914062e-01
-6.494705080986022949e-01
1.200301289558410645e+00
-7.080338001251220703e-01
7.006436586380004883e-02
7.661368250846862793e-01
-1.292383790016174316e+00
1.040657401084899902e+00
-8.537139892578125000e-01
9.015504121780395508e-01
1.841616071760654449e-02
2.383647859096527100e-01
4.719786047935485840e-01
4.207372665405273438e-01
5.218983292579650879e-01
3.321793079376220703e-01
-3.306937813758850098e-01
-1.409721970558166504e+00
1.389932990074157715e+00
8.143109679222106934e-01
-2.834384918212890625e+00
8.866672515869140625e-01
-1.069798111915588379e+00
1.498557686805725098e+00
2.526152320206165314e-02
9.749428182840347290e-02
8.236823081970214844e-01
6.471419334411621094e-01
-1.484278202056884766e+00
3.803221285343170166e-01
5.371516942977905273e-01
1.684594273567199707e+00
6.040189862251281738e-01
2.183715701103210449e-01
-9.038211703300476074e-01
3.664430081844329834e-01
-7.019495368003845215e-01
-1.549577355384826660e+00
-2.903509855270385742e+00
-1.844286680221557617e+00
3.553406298160552979e-01
2.246692180633544922e-01
4.799478054046630859e-01
1.114309072494506836e+00
1.211808800697326660e+00
-6.079976260662078857e-02
-1.204176992177963257e-02
-1.649788379669189453e+00
2.415990270674228668e-02
8.809767961502075195e-01
-2.686383128166198730e-01
-5.910877585411071777e-01
-2.507314458489418030e-02
-5.416494607925415039e-01
-3.773588538169860840e-01
-5.798553228378295898e-01
1.194298744201660156e+00
6.369689702987670898e-01
8.850444108247756958e-02
1.087836861610412598e+00
3.185545802116394043e-01
7.699843049049377441e-01
-1.355317592620849609e+00
2.004357278347015381e-01
-4.206508100032806396e-01
1.865155696868896484e+00
1.504572331905364990e-01
-1.030570566654205322e-01
1.532970070838928223e-01
8.582329154014587402e-01
4.535632431507110596e-01
-8.863575011491775513e-02
9.266155362129211426e-01
-6.992230415344238281e-01
6.442992091178894043e-01
-1.353715658187866211e+00
2.125343382358551025e-01
-8.005991578102111816e-01
-6.249144673347473145e-01
-2.017021179199218750e-02
-2.804376482963562012e-01
-1.027353167533874512e+00
-8.815350532531738281e-01
-3.688944578170776367e-01
-1.628181099891662598e+00
1.856148242950439453e-01
1.167230367660522461e+00
1.031434178352355957e+00
-4.631309509277343750e-01
3.634106814861297607e-01
-8.426254987716674805e-01
-1.206961870193481445e+00
6.926991045475006104e-02
1.870398521423339844e+00
-3.220970034599304199e-01
1.040140151977539062e+00
5.173436999320983887e-01
6.333536505699157715e-01
4.346554353833198547e-02
-9.113255143165588379e-01
2.478255271911621094e+00
1.240181088447570801e+00
6.622617840766906738e-01
1.312278807163238525e-01
-1.153379797935485840e+00
-3.219513222575187683e-02
1.396325707435607910e+00
7.769886255264282227e-01
5.864940285682678223e-01
1.112456560134887695e+00
-8.965590000152587891e-01
2.495654821395874023e-01
-1.515448838472366333e-01
-5.126347541809082031e-01
-5.794578790664672852e-01
1.555055618286132812e+00
-8.864428400993347168e-01
1.164844155311584473e+00
6.780864596366882324e-01
-2.855024039745330811e-01
-1.164640545845031738e+00
2.179793357849121094e+00
-1.095951557159423828e+00
-9.608854055404663086e-01
-1.426084153354167938e-02
-7.177837491035461426e-01
5.515081882476806641e-01
-5.375008583068847656e-01
-1.415444850921630859e+00
-5.545381903648376465e-01
-5.636870265007019043e-01
-1.484766125679016113e+00
-6.438686251640319824e-01
-9.009015560150146484e-01
1.167527198791503906e+00
-1.735647916793823242e-01
-4.382970631122589111e-01
-7.398325800895690918e-01
1.385133713483810425e-01
-1.308352470397949219e+00
1.361671328544616699e+00
3.599454164505004883e-01
6.191937327384948730e-01
-8.966506123542785645e-01
-4.949246942996978760e-01
-1.595340013504028320e+00
1.742057085037231445e+00
-9.292680621147155762e-01
-3.644588887691497803e-01
1.128544211387634277e+00
1.526906847953796387e+00
5.382146835327148438e-01
8.278249502182006836e-01
-3.990228474140167236e-01
-1.058502912521362305e+00
-2.128806352615356445e+00
-1.531347185373306274e-01
-6.165894865989685059e-01
2.039646148681640625e+00
7.264818549156188965e-01
-7.055607438087463379e-01
-9.896706938743591309e-01
-5.645355582237243652e-01
4.295963048934936523e-01
-9.841286540031433105e-01
4.084311425685882568e-01
8.329944014549255371e-01
-9.587073326110839844e-01
1.199388355016708374e-01
-9.695695638656616211e-01
8.022549748420715332e-01
-1.210168749094009399e-01
3.835128992795944214e-02
-2.628375291824340820e-01
1.955132782459259033e-01
-7.549473643302917480e-01
-5.244084000587463379e-01
-1.478999376296997070e+00
-3.940694928169250488e-01
-8.188965916633605957e-01
-8.920335769653320312e-01
-1.584383606910705566e+00
-4.165967106819152832e-01
9.876763820648193359e-01
1.988100558519363403e-01
6.367120742797851562e-01
-1.600734949111938477e+00
7.461450099945068359e-01
-3.902776166796684265e-02
4.535039961338043213e-01
1.132582545280456543e+00
-1.214367270469665527e+00
-4.697608053684234619e-01
3.403068482875823975e-01
8.732708692550659180e-01
-8.032767176628112793e-01
-5.758157372474670410e-02
7.234338521957397461e-01
1.089393019676208496e+00
-9.930545687675476074e-01
9.461781382560729980e-01
-8.416047692298889160e-01
-3.587858974933624268e-01
1.605021595954895020e+00
-3.696663081645965576e-01
-1.137686610221862793e+00
7.731691002845764160e-01
8.281274437904357910e-01
4.452465102076530457e-02
-1.193550348281860352e+00
1.278391957283020020e+00
1.249960809946060181e-01
-6.094034910202026367e-01
1.031969785690307617e+00
1.963869631290435791e-01
4.490380883216857910e-01
7.276895642280578613e-02
1.258159041404724121e+00
1.254867911338806152e+00
-8.423501253128051758e-02
1.743469595909118652e+00
-6.022896766662597656e-01
7.797311544418334961e-01
-8.663049340248107910e-01
-2.114954471588134766e+00
9.570819735527038574e-01
6.060078740119934082e-01
1.003091707825660706e-01
7.520778775215148926e-01
-1.302367091178894043e+00
3.822208344936370850e-01
-6.554044485092163086e-01
4.379539787769317627e-01
-8.665515780448913574e-01
8.165595531463623047e-01
1.485501974821090698e-01
5.678854584693908691e-01
3.389780223369598389e-01
-9.013136625289916992e-01
-5.050265789031982422e-01
3.213165700435638428e-01
4.352791905403137207e-01
6.743826866149902344e-01
-1.685128509998321533e-01
-5.372784733772277832e-01
4.901284277439117432e-01
-1.351280331611633301e+00
-4.021127521991729736e-01
-5.618480443954467773e-01
-2.261061668395996094e+00
-1.029713511466979980e+00
7.383259385824203491e-02
8.116443753242492676e-01
-5.031088590621948242e-01
1.309517145156860352e+00
1.198752760887145996e+00
-1.086875557899475098e+00
-8.692471385002136230e-01
1.230692505836486816e+00
4.684247970581054688e-01
-1.278246343135833740e-01
-6.195172667503356934e-01
-1.134574770927429199e+00
-1.021990895271301270e+00
1.555225253105163574e-01
-1.256185412406921387e+00
-7.782028615474700928e-02
-9.588987231254577637e-01
-8.667381405830383301e-01
-6.782855391502380371e-01
-4.065923392772674561e-01
1.644065260887145996e+00
-7.318049073219299316e-01
9.534199237823486328e-01
7.252174615859985352e-02
-2.959899306297302246e-01
8.656276464462280273e-01
-4.746098816394805908e-01
2.874975204467773438e-01
-1.422075748443603516e+00
1.185033842921257019e-01
-9.459369815886020660e-03
1.231134057044982910e+00
-7.562955021858215332e-01
7.250081896781921387e-01
-1.442706704139709473e+00
-1.315430283546447754e+00
-5.093859136104583740e-02
1.033351302146911621e+00
-1.272432804107666016e+00
1.422792971134185791e-01
5.818499922752380371e-01
4.734427034854888916e-01
1.534568548202514648e+00
9.867969155311584473e-01
1.070517420768737793e+00
-6.434009671211242676e-01
9.560750126838684082e-01
2.331433892250061035e-01
-1.491227388381958008e+00
-1.534745216369628906e+00
-1.140365526080131531e-01
-4.430134892463684082e-01
-4.517955183982849121e-01
-3.766422569751739502e-01
2.987429797649383545e-01
-3.233153522014617920e-01
-1.079761147499084473e+00
5.264618992805480957e-01
3.413367271423339844e-01
1.230567216873168945e+00
1.009972572326660156e+00
-1.974178850650787354e-01
-7.599060535430908203e-01
-1.949301362037658691e+00
-1.458358287811279297e+00
-5.908413529396057129e-01
-9.814847260713577271e-02
-1.031485795974731445e+00
-6.535913348197937012e-01
2.462760806083679199e-01
-2.967528104782104492e-01
-7.596908211708068848e-01
-1.774233102798461914e+00
-3.846475183963775635e-01
5.037494301795959473e-01
4.196089208126068115e-01
-6.187269091606140137e-01
-1.761852979660034180e+00
3.275988101959228516e-01
4.920721054077148438e-01
1.640202879905700684e+00
-1.027572512626647949e+00
-9.026185870170593262e-01
-1.811429023742675781e+00
-1.723030507564544678e-01
2.421323657035827637e-01
-2.658405005931854248e-01
4.356730282306671143e-01
3.432354629039764404e-01
-1.851279102265834808e-02
-7.721714377403259277e-01
-1.122457504272460938e+00
1.358566880226135254e-01
-6.138548254966735840e-02
9.366286993026733398e-01
-2.219642400741577148e-01
-1.063745141029357910e+00
1.301719188690185547e+00
-1.285279512405395508e+00
1.094975233078002930e+00
-1.312503218650817871e+00
4.231147766113281250e-01
-1.018610000610351562e-01
-1.203169003129005432e-01
1.942039728164672852e-01
-2.178132057189941406e+00
1.254793524742126465e+00
4.313741326332092285e-01
5.367929935455322266e-01
9.386141300201416016e-01
1.973063051700592041e-01
-1.038698852062225342e-01
-3.208706974983215332e-01
3.635263741016387939e-01
-1.097865939140319824e+00
7.230446338653564453e-01
-5.667927265167236328e-01
3.707389235496520996e-01
-1.385659217834472656e+00
2.902425229549407959e-01
-5.685575604438781738e-01
3.748866319656372070e+00
-1.098815277218818665e-01
-9.034329056739807129e-01
9.301193640567362309e-04
-1.388582468032836914e+00
-2.750361204147338867e+00
-4.375665485858917236e-01
6.572825312614440918e-01
-3.237484991550445557e-01
8.010300993919372559e-01
-1.552355170249938965e+00
-6.287478208541870117e-01
-9.998273253440856934e-01
1.113471150398254395e+00
1.158913016319274902e+00
-5.146214365959167480e-01
1.440794467926025391e+00
-1.469285637140274048e-01
-1.520272850990295410e+00
-2.106819152832031250e-01
8.869788050651550293e-01
-3.147327005863189697e-01
7.289136648178100586e-01
-3.590861260890960693e-01
-1.068395733833312988e+00
2.302534282207489014e-01
-1.760139614343643188e-01
4.828355312347412109e-01
1.367548108100891113e+00
1.255653500556945801e+00
-5.182542800903320312e-01
6.487025618553161621e-01
-6.246499419212341309e-01
9.456189870834350586e-01
-5.913008451461791992e-01
-1.377091556787490845e-01
-1.995933055877685547e-01
9.849793463945388794e-02
1.104782223701477051e+00
-4.041586816310882568e-02
-5.749578475952148438e-01
-8.682739734649658203e-01
-8.930066823959350586e-01
2.695505619049072266e+00
1.261825561523437500e+00
-1.909581273794174194e-01
-2.186751961708068848e-01
-8.522461652755737305e-01
-6.005566120147705078e-01
9.154598116874694824e-01
6.956122517585754395e-01
-1.004850983619689941e+00
-1.256050944328308105e+00
-6.152003407478332520e-01
7.405474185943603516e-01
-1.418146789073944092e-01
1.005800515413284302e-01
-3.181139528751373291e-01
6.640827059745788574e-01
5.577448606491088867e-01
-6.196764111518859863e-01
5.988994836807250977e-01
9.999029636383056641e-01
-2.679813504219055176e-01
2.542775273323059082e-01
5.586106777191162109e-01
9.070093929767608643e-02
-4.956420361995697021e-01
-5.685664415359497070e-01
-1.585737824440002441e+00
7.007238268852233887e-01
1.419907212257385254e+00
-1.199617624282836914e+00
8.261486887931823730e-01
-7.424583435058593750e-01
-5.187582969665527344e-01
-2.724088728427886963e-01
1.671694591641426086e-02
8.843723684549331665e-02
-9.993906021118164062e-01
3.176203966140747070e-01
-2.115229070186614990e-01
-2.611333429813385010e-01
9.514027833938598633e-01
-8.532227277755737305e-01
6.409533023834228516e-01
-1.097184658050537109e+00
-5.719118118286132812e-01
1.172115951776504517e-01
1.511431038379669189e-01
1.735444217920303345e-01
7.160630226135253906e-01
2.572086751461029053e-01
1.553592830896377563e-01
7.345306277275085449e-01
1.386420279741287231e-01
-3.774224817752838135e-01
1.018859863281250000e+00
1.785722374916076660e+00
3.462174236774444580e-01
-3.601385056972503662e-01
8.295964598655700684e-01
-9.765313006937503815e-03
2.301156282424926758e+00
1.183807373046875000e+00
1.129084348678588867e+00
-2.559870779514312744e-01
-1.399211883544921875e+00
6.607889533042907715e-01
-1.351791977882385254e+00
1.210540890693664551e+00
-1.197210073471069336e+00
-8.060799837112426758e-01
-1.178747892379760742e+00
7.934412360191345215e-01
-2.696972489356994629e-01
-1.425655186176300049e-01
-1.211192011833190918e+00
7.937797307968139648e-01
1.618710994720458984e+00
-8.001380413770675659e-02
3.212112486362457275e-01
-1.904029846191406250e-01
