7.194474339485168457e-01
9.812464118003845215e-01
4.385382533073425293e-01
8.765182644128799438e-02
-4.078793525695800781e-01
-1.192125439643859863e+00
-6.278180480003356934e-01
-1.615036129951477051e+00
-8.645836114883422852e-01
1.973616182804107666e-01
-2.444684058427810669e-01
-6.540970802307128906e-01
4.787140488624572754e-01
9.428327679634094238e-01
7.688028812408447266e-01
-8.400024771690368652e-01
-1.788134127855300903e-02
5.310537293553352356e-02
-1.780723333358764648e-01
2.100456207990646362e-01
6.066715717315673828e-02
-2.329647243022918701e-01
9.400784373283386230e-01
-2.361474037170410156e+00
2.042249441146850586e+00
9.988268017768859863e-01
3.238350152969360352e-01
5.553297996520996094e-01
-2.038624286651611328e+00
1.400501012802124023e+00
-3.472457528114318848e-01
-2.406612597405910492e-02
3.683465421199798584e-01
3.390094339847564697e-01
-1.198269543237984180e-03
2.116436064243316650e-01
-1.078567504882812500e+00
-2.954035997390747070e+00
-7.127096503973007202e-02
4.806057512760162354e-01
-1.429674983024597168e+00
-1.560193777084350586e+00
-5.146623253822326660e-01
8.828493356704711914e-01
1.346592187881469727e+00
6.491913795471191406e-01
1.048014163970947266e+00
-4.361814558506011963e-01
1.598575472831726074e+00
1.152343750000000000e+00
-7.657042741775512695e-01
-1.075082778930664062e+00
3.643421828746795654e-01
7.539748549461364746e-01
1.099321246147155762e+00
-4.201449751853942871e-01
5.170295834541320801e-01
6.181021779775619507e-02
1.205677986145019531e+00
-8.216649293899536133e-01
2.280668973922729492e+00
2.043943554162979126e-01
9.194976091384887695e-01
6.814507842063903809e-01
1.137225508689880371e+00
-1.232075095176696777e+00
1.134852886199951172e+00
7.292589545249938965e-01
9.392776489257812500e-01
1.037986755371093750e+00
1.461235165596008301e+00
-1.006118297576904297e+00
-6.584100890904664993e-03
8.590256571769714355e-01
-1.963491737842559814e-02
7.569729685783386230e-01
-2.866416275501251221e-01
3.045998215675354004e-01
8.523653149604797363e-01
-4.853224158287048340e-01
-2.935230359435081482e-02
-1.399403065443038940e-01
-1.460045218467712402e+00
3.974407315254211426e-01
2.376008629798889160e-01
-2.875463105738162994e-02
-4.590056538581848145e-01
2.356735467910766602e-01
4.079723358154296875e-01
7.514291405677795410e-01
-1.043405890464782715e+00
-5.191150307655334473e-01
-6.043077632784843445e-02
2.573263347148895264e-01
7.591766119003295898e-01
-1.033072173595428467e-01
4.813723564147949219e-01
1.252653121948242188e+00
-1.224670648574829102e+00
-5.374893546104431152e-01
-3.307201564311981201e-01
-4.299514293670654297e-01
8.066338300704956055e-01
-1.351898193359375000e+00
-1.291313052177429199e+00
1.307325720787048340e+00
-1.301709175109863281e+00
1.664471268653869629e+00
4.828911721706390381e-01
-1.064329385757446289e+00
-7.909105420112609863e-01
3.202168226242065430e+00
1.546987742185592651e-01
-1.325707435607910156e+00
-9.122014045715332031e-01
-7.456753253936767578e-01
2.133518308401107788e-01
3.804804086685180664e-01
1.613175123929977417e-01
1.995315909385681152e+00
9.317031502723693848e-01
1.362722992897033691e+00
-1.106589078903198242e+00
2.817169129848480225e-01
-1.992858350276947021e-01
8.603104948997497559e-01
9.341427087783813477e-01
-2.414728850126266479e-01
-1.731229126453399658e-01
-8.281885981559753418e-01
9.811567068099975586e-01
-3.657543063163757324e-01
5.170569419860839844e-01
-4.370622932910919189e-01
-4.099897384643554688e+00
8.494810760021209717e-02
-1.145262196660041809e-01
-1.642311215400695801e+00
-5.067791938781738281e-01
-5.384548306465148926e-01
6.411511898040771484e-01
-4.334697723388671875e-01
1.685548305511474609e+00
7.387822866439819336e-01
-1.423231005668640137e+00
3.220970034599304199e-01
2.426015734672546387e-01
-1.117685675621032715e+00
-9.164038300514221191e-01
-1.180811882019042969e+00
-8.444711565971374512e-04
5.162487626075744629e-01
-1.258319616317749023e+00
-8.835474401712417603e-02
6.610044240951538086e-01
4.202890992164611816e-01
-2.103602886199951172e+00
6.513313651084899902e-01
-3.063912391662597656e-01
4.385277330875396729e-01
-6.276283860206604004e-01
-8.108904361724853516e-01
1.227344989776611328e+00
-1.266234636306762695e+00
1.855844378471374512e+00
-1.731683969497680664e+00
-6.616821289062500000e-01
1.223941564559936523e+00
-8.864822387695312500e-01
4.674007594585418701e-01
-7.001690268516540527e-01
-2.806723117828369141e-01
-1.918497920036315918e+00
2.638810127973556519e-02
4.690782427787780762e-01
6.803040206432342529e-02
6.338949799537658691e-01
5.713856816291809082e-01
-1.490288257598876953e+00
3.159217536449432373e-01
-1.539199829101562500e+00
-8.519898653030395508e-01
9.950816631317138672e-02
1.052760124206542969e+00
3.899849951267242432e-01
-8.220421075820922852e-01
3.905365467071533203e-01
-8.063372969627380371e-01
6.673070788383483887e-01
6.405082345008850098e-01
3.996704220771789551e-01
3.170491456985473633e-01
2.421514838933944702e-01
-3.314882516860961914e-01
-2.931768894195556641e-01
6.308301091194152832e-01
7.905808687210083008e-01
-5.723176002502441406e-01
8.011184632778167725e-02
-1.044535078108310699e-02
-2.565652430057525635e-01
6.866755485534667969e-01
-1.263150215148925781e+00
-1.137424349784851074e+00
5.187524482607841492e-02
-1.999091148376464844e+00
8.507435768842697144e-02
3.941866159439086914e-01
1.152070999145507812e+00
-6.852973699569702148e-01
-1.191146850585937500e+00
-1.000128388404846191e+00
1.113528251647949219e+00
-7.749614715576171875e-01
-8.191049098968505859e-01
-1.016570925712585449e+00
-5.523034095764160156e+00
-1.021976828575134277e+00
8.990321755409240723e-01
2.500223398208618164e+00
1.390918254852294922e+00
2.315618544816970825e-01
3.545353412628173828e-01
-2.126945704221725464e-01
2.952830791473388672e+00
2.565239667892456055e-01
6.030609607696533203e-01
7.442066669464111328e-01
-7.196257114410400391e-01
3.578184247016906738e-01
1.462989568710327148e+00
-7.811097502708435059e-01
9.052752256393432617e-01
6.430414319038391113e-02
-5.284245014190673828e-01
-4.582784473896026611e-01
1.588157892227172852e+00
-7.856047153472900391e-01
-2.374715954065322876e-01
-1.555852741003036499e-01
1.001679182052612305e+00
4.443506598472595215e-01
-1.137439966201782227e+00
9.918972849845886230e-02
-1.967965245246887207e+00
-2.707967162132263184e-01
5.083411931991577148e-01
7.146057486534118652e-01
-1.296035289764404297e+00
-6.246546506881713867e-01
-2.459555566310882568e-01
-1.835075259208679199e+00
-6.987277865409851074e-01
-3.385945856571197510e-01
2.470252990722656250e+00
8.070039749145507812e-01
2.390860319137573242e-01
1.526253670454025269e-01
4.447623193264007568e-01
-3.103545606136322021e-01
4.498729705810546875e-01
1.350706815719604492e-01
1.806112051010131836e+00
1.140976175665855408e-01
-3.907564654946327209e-02
2.603431418538093567e-02
3.915422782301902771e-02
8.478415012359619141e-01
3.125265121459960938e+00
-5.353621020913124084e-02
8.118605017662048340e-01
-9.961071610450744629e-01
2.482034206390380859e+00
1.506178677082061768e-01
-3.869059085845947266e-01
-1.027491569519042969e+00
-4.445846080780029297e-01
3.340263366699218750e-01
-2.690969407558441162e-01
-7.164885997772216797e-01
1.581810712814331055e+00
-9.729219675064086914e-01
7.823309898376464844e-01
1.469946622848510742e+00
9.280970692634582520e-01
1.205210238695144653e-01
-5.356270670890808105e-01
-1.121867895126342773e+00
8.221717476844787598e-01
-8.411174416542053223e-01
-9.068974256515502930e-01
1.479396343231201172e+00
1.312436223030090332e+00
-1.348748207092285156e+00
-8.586487770080566406e-01
-6.811656355857849121e-01
2.489935904741287231e-01
-1.643279492855072021e-01
7.532936930656433105e-01
-5.745300650596618652e-01
4.044620096683502197e-01
-3.771269619464874268e-01
1.850797533988952637e-01
1.038398146629333496e+00
1.989524126052856445e+00
-5.818349719047546387e-01
-1.141641736030578613e+00
9.359137415885925293e-01
2.863461971282958984e-01
-9.420362710952758789e-01
-2.179725170135498047e+00
-4.470577239990234375e-01
-4.828969538211822510e-01
2.305100917816162109e+00
-3.338862061500549316e-01
7.166085243225097656e-01
9.364994168281555176e-01
-6.539075374603271484e-01
1.215600609779357910e+00
-1.191452518105506897e-01
-3.673804998397827148e-01
2.528972148895263672e+00
3.025591373443603516e-01
6.972609162330627441e-01
-3.556674420833587646e-01
-6.923359353095293045e-03
6.253728866577148438e-01
-1.724946379661560059e+00
-4.860638678073883057e-01
1.109602808952331543e+00
5.175325274467468262e-01
-1.244757056236267090e+00
4.068110287189483643e-01
3.053219057619571686e-02
-8.627257347106933594e-01
-4.073178768157958984e-01
-1.463389754295349121e+00
-6.738204360008239746e-01
1.129949092864990234e+00
-6.259031295776367188e-01
-1.170879960060119629e+00
-1.523142214864492416e-03
-6.141448616981506348e-01
4.536277055740356445e-01
2.036975622177124023e-01
-8.510425090789794922e-01
-1.713142871856689453e+00
1.540644764900207520e+00
1.120437383651733398e+00
-1.197289705276489258e+00
-1.567891120910644531e+00
-9.388807415962219238e-01
-1.020520210266113281e+00
-7.321330308914184570e-01
-6.098282933235168457e-01
-3.308665379881858826e-02
3.267697393894195557e-01
-1.107256770133972168e+00
-5.359844565391540527e-01
6.727357506752014160e-01
-1.517461389303207397e-01
1.091793417930603027e+00
6.285716891288757324e-01
-1.705226540565490723e+00
-1.086348533630371094e+00
-4.507569372653961182e-01
2.067839384078979492e+00
5.843793749809265137e-01
-3.344423770904541016e-01
-1.343248605728149414e+00
1.811519026756286621e+00
8.036938309669494629e-02
-1.322797179222106934e+00
1.170103788375854492e+00
-1.507899880409240723e+00
-1.216663241386413574e+00
5.441064238548278809e-01
-1.298346996307373047e+00
-9.203212261199951172e-01
1.237697124481201172e+00
1.759716719388961792e-01
1.530827283859252930e-01
-6.969830989837646484e-01
-2.346207350492477417e-01
-1.935155510902404785e+00
-2.006778120994567871e-01
-2.543448507785797119e-01
-8.021739125251770020e-01
1.941666841506958008e+00
3.032153546810150146e-01
2.238841533660888672e+00
-9.313858300447463989e-02
6.021397113800048828e-01
-1.417487978935241699e+00
1.199263572692871094e+00
-8.216585516929626465e-01
-5.823544263839721680e-01
-1.888947367668151855e+00
-1.063196897506713867e+00
7.386626601219177246e-01
-5.183974504470825195e-01
-6.552932262420654297e-01
-8.955381810665130615e-02
-8.989408016204833984e-01
-1.209537267684936523e+00
-5.069350004196166992e-01
-1.753832399845123291e-01
3.804725110530853271e-01
-3.086799085140228271e-01
-1.224930405616760254e+00
8.448213338851928711e-01
-5.518699288368225098e-01
-2.135942935943603516e+00
2.939279973506927490e-01
1.010664477944374084e-01
2.504853963851928711e+00
-4.159654974937438965e-01
1.086949184536933899e-02
-3.549876511096954346e-01
1.042485237121582031e+00
-6.287568211555480957e-01
-1.769986867904663086e+00
1.312956094741821289e+00
3.032316207885742188e+00
-6.787115931510925293e-01
2.630036175251007080e-01
-1.242578744888305664e+00
-2.022237062454223633e+00
-1.354539513587951660e+00
6.965372562408447266e-01
-9.561158418655395508e-01
-3.811219036579132080e-01
5.120199322700500488e-01
-1.314303994178771973e+00
-5.621529817581176758e-01
2.020428657531738281e+00
-2.730602622032165527e-01
3.428884148597717285e-01
4.470805525779724121e-01
9.091238379478454590e-01
1.021579980850219727e+00
7.219462990760803223e-01
-4.520193636417388916e-01
5.944709777832031250e-01
7.196952104568481445e-01
-6.415033936500549316e-01
3.778617084026336670e-01
1.995094120502471924e-01
-1.315728902816772461e+00
-5.838496088981628418e-01
-2.153385639190673828e+00
4.048044681549072266e-01
3.435172736644744873e-01
9.426476359367370605e-01
-7.324891686439514160e-01
-1.875880837440490723e+00
7.611262798309326172e-02
1.487691164016723633e+00
-5.053827762603759766e-01
-9.156193137168884277e-01
1.093701362609863281e+00
-1.023254036903381348e+00
-2.201741337776184082e-01
8.223466873168945312e-01
-1.070719599723815918e+00
1.341526389122009277e+00
-1.316330313682556152e+00
-4.719419479370117188e-01
9.306536316871643066e-01
-2.493615597486495972e-01
-6.101572513580322266e-01
-7.767312526702880859e-01
-6.730272173881530762e-01
-2.214885130524635315e-02
-1.898864030838012695e+00
1.098220944404602051e+00
8.966298699378967285e-01
1.374337822198867798e-02
-4.324296414852142334e-01
-5.707377195358276367e-01
3.300336301326751709e-01
-1.337217390537261963e-01
-1.153127074241638184e+00
-7.671682834625244141e-01
1.569824337959289551e+00
3.733508288860321045e-01
8.858656287193298340e-01
-1.301231503486633301e+00
6.755281686782836914e-01
-7.301548123359680176e-01
-8.481349349021911621e-01
1.949630975723266602e+00
1.036876797676086426e+00
5.488563179969787598e-01
-1.570457100868225098e+00
4.977660775184631348e-01
-1.593222856521606445e+00
-3.738734960556030273e+00
2.141172409057617188e+00
-9.274049401283264160e-01
5.662540197372436523e-01
1.061719954013824463e-01
-9.017793536186218262e-01
-1.134918808937072754e+00
-1.875681638717651367e+00
8.262180685997009277e-01
-8.126294612884521484e-01
-2.964541688561439514e-02
6.298935413360595703e-01
1.349534392356872559e+00
4.324642717838287354e-01
-1.140958070755004883e+00
-9.045212715864181519e-02
-6.144951581954956055e-01
6.076113581657409668e-01
6.451667547225952148e-01
-3.893608152866363525e-01
-1.186226487159729004e+00
8.924560546875000000e-01
-3.888810276985168457e-01
-5.674303174018859863e-01
-9.250258207321166992e-01
6.102834939956665039e-01
-1.341298073530197144e-01
1.347027182579040527e+00
1.372973203659057617e+00
-1.195836424827575684e+00
8.803563714027404785e-01
2.275423049926757812e+00
1.115900203585624695e-01
6.941743493080139160e-01
-6.611438393592834473e-01
-7.178149223327636719e-01
-1.449317932128906250e+00
3.355027139186859131e-01
1.140362024307250977e-01
-5.945153236389160156e-01
3.567297756671905518e-02
-1.259748697280883789e+00
-1.330348730087280273e+00
-7.076863050460815430e-01
1.299273610115051270e+00
-4.442856013774871826e-01
-1.467042684555053711e+00
1.265475392341613770e+00
-1.117313146591186523e+00
-4.693860560655593872e-02
2.604025006294250488e-01
-5.667198300361633301e-01
5.469760298728942871e-01
-9.375779032707214355e-01
-7.521106004714965820e-01
-8.957951664924621582e-01
-2.004334688186645508e+00
-1.668668538331985474e-01
7.365735620260238647e-02
-6.127274036407470703e-01
1.046714782714843750e+00
-1.191097497940063477e+00
1.004293799400329590e+00
9.735333919525146484e-01
2.047527551651000977e+00
-9.968988299369812012e-01
6.339721381664276123e-02
-6.704825758934020996e-01
-1.397618174552917480e+00
1.510262787342071533e-01
7.391126751899719238e-01
1.896700501441955566e+00
-5.238153338432312012e-01
2.200952291488647461e+00
1.662379503250122070e+00
-5.018346905708312988e-01
-1.547242760658264160e+00
-5.473744273185729980e-01
-7.578340768814086914e-01
-7.225593328475952148e-01
1.406579256057739258e+00
-4.475794732570648193e-01
-1.036855816841125488e+00
-2.349417060613632202e-01
5.472429990768432617e-01
4.026339948177337646e-01
-3.594852685928344727e-01
1.284864664077758789e+00
-2.480989396572113037e-01
-1.798466444015502930e+00
-1.221493035554885864e-01
-8.174309134483337402e-02
-2.833697199821472168e-01
-1.477382928133010864e-01
-5.455650854855775833e-03
-7.421788573265075684e-01
3.827520906925201416e-01
-5.674014091491699219e-01
8.527929782867431641e-01
1.815805554389953613e+00
-3.687117397785186768e-01
1.173073053359985352e+00
2.124489307403564453e+00
-1.591699242591857910e+00
5.348835587501525879e-01
1.368673741817474365e-01
-1.222858309745788574e+00
9.821961522102355957e-01
3.723500669002532959e-01
1.304501295089721680e-01
-1.120255827903747559e+00
6.331878900527954102e-01
1.661231517791748047e+00
-1.237099409103393555e+00
-2.764213085174560547e-01
-5.660006999969482422e-01
3.747359812259674072e-01
-3.856045901775360107e-01
-2.020264565944671631e-01
1.395448595285415649e-01
-1.257544994354248047e+00
1.165850043296813965e+00
-8.254442214965820312e-01
-5.787324309349060059e-01
-3.181187808513641357e-01
-2.805818557739257812e+00
-4.643325507640838623e-01
8.827916383743286133e-01
6.097641587257385254e-01
9.921258091926574707e-01
1.938116669654846191e+00
-6.403984427452087402e-01
-2.736814022064208984e+00
2.048737287521362305e+00
-3.779992833733558655e-02
1.899484753608703613e+00
1.084267973899841309e+00
1.245456814765930176e+00
3.242271542549133301e-01
-2.935342788696289062e-01
9.677311033010482788e-02
-1.504119157791137695e+00
1.095779061317443848e+00
9.300129413604736328e-01
-4.298668801784515381e-01
-1.653335690498352051e+00
4.064489006996154785e-01
-1.164425969123840332e+00
3.738884449005126953e+00
-1.297997951507568359e+00
-6.190312504768371582e-01
7.831533551216125488e-01
4.167741835117340088e-01
-2.651794254779815674e-01
1.298946142196655273e+00
-2.065027713775634766e+00
-4.794985353946685791e-01
5.207238793373107910e-01
-4.382845163345336914e-01
-5.393361449241638184e-01
9.147140383720397949e-01
8.535372614860534668e-01
8.373634815216064453e-01
-7.395809292793273926e-01
-1.403724193572998047e+00
-8.995907902717590332e-01
1.010844945907592773e+00
5.256094932556152344e-01
8.112308979034423828e-01
-5.027155280113220215e-01
-5.230527371168136597e-02
-3.722077310085296631e-01
-7.932926416397094727e-01
6.127313971519470215e-01
9.628415703773498535e-01
2.350421398878097534e-01
1.663491487503051758e+00
1.021918773651123047e+00
4.486263990402221680e-01
-1.580917239189147949e-01
-1.482453227043151855e+00
1.469228386878967285e+00
9.994994103908538818e-02
3.197498619556427002e-02
-9.529488161206245422e-03
2.564223706722259521e-01
5.153114199638366699e-01
6.052544340491294861e-02
-3.020222485065460205e-01
-1.243988633155822754e+00
-5.614376068115234375e-01
-3.040538072586059570e+00
1.974901854991912842e-01
-1.638320684432983398e+00
3.776049315929412842e-01
1.307591795921325684e-01
-1.194747328758239746e+00
-9.643687307834625244e-02
-4.674417972564697266e-01
1.361313760280609131e-01
-6.658248901367187500e-01
-1.941839098930358887e+00
7.825258970260620117e-01
-1.320255994796752930e-01
-3.633403182029724121e-01
-1.642654061317443848e+00
8.543892502784729004e-01
1.118291020393371582e+00
-6.894391179084777832e-01
1.053623795509338379e+00
1.192045569419860840e+00
8.027139306068420410e-01
-1.300441622734069824e+00
-1.258689165115356445e+00
-3.979389667510986328e-01
-4.707912802696228027e-01
3.974212333559989929e-02
-1.284805655479431152e+00
4.318111240863800049e-01
1.407712936401367188e+00
-7.354484200477600098e-01
1.069536685943603516e+00
2.843732833862304688e-01
-4.903924763202667236e-01
3.168842494487762451e-01
-1.025175452232360840e+00
4.060974717140197754e-01
1.168269753456115723e+00
-3.302147388458251953e-01
-1.886042952537536621e+00
4.655653536319732666e-01
1.152065753936767578e+00
1.717126816511154175e-01
2.712168395519256592e-01
-5.689138174057006836e-01
-3.594222292304039001e-02
-7.338808774948120117e-01
1.415723115205764771e-01
1.200022220611572266e+00
7.221132516860961914e-01
-7.907661199569702148e-01
-6.195390224456787109e-01
-3.649480640888214111e-01
8.836670219898223877e-02
-1.485660672187805176e+00
-1.465319156646728516e+00
8.090346455574035645e-01
1.477904200553894043e+00
3.184887468814849854e-01
-1.039009690284729004e-01
-4.961621463298797607e-01
3.236047506332397461e+00
-1.924355506896972656e+00
7.692736107856035233e-03
-7.900125384330749512e-01
-1.226036190986633301e+00
9.027175903320312500e-01
-2.474211454391479492e-01
1.617697626352310181e-01
-9.235259294509887695e-01
-2.640959620475769043e-01
1.954840064048767090e+00
3.009411096572875977e-01
7.133222222328186035e-01
-5.594071745872497559e-01
-6.996952891349792480e-01
1.270394623279571533e-01
1.059290289878845215e+00
5.666205286979675293e-01
-6.444263458251953125e-01
2.158835679292678833e-01
