7.601211071014404297e-01
1.009626150131225586e+00
7.393411993980407715e-01
-1.913698077201843262e+00
-3.914056718349456787e-01
-1.909879803657531738e+00
-1.534472107887268066e+00
-8.926373720169067383e-02
-2.663884162902832031e+00
-1.612232565879821777e+00
7.930251955986022949e-01
-2.098654747009277344e+00
1.976316571235656738e+00
9.108117818832397461e-01
-4.961404502391815186e-01
-3.975811228156089783e-02
-1.248748660087585449e+00
1.052090525627136230e+00
-4.435305893421173096e-01
7.778471708297729492e-01
3.451611101627349854e-01
5.991272330284118652e-01
4.391562938690185547e-01
-8.392888903617858887e-01
2.712210893630981445e+00
-3.831377923488616943e-01
5.288966894149780273e-01
1.623550415039062500e+00
-1.102704882621765137e+00
3.034661293029785156e+00
-4.303699135780334473e-01
7.732293605804443359e-01
-1.922604203224182129e+00
8.398471027612686157e-02
-3.755790591239929199e-01
6.458103060722351074e-01
-1.687494754791259766e+00
-3.348366260528564453e+00
-6.184280663728713989e-02
1.340208411216735840e+00
-1.637673377990722656e+00
-1.190714120864868164e+00
4.108394682407379150e-01
7.533505558967590332e-01
1.850687146186828613e+00
5.498964190483093262e-01
7.753077149391174316e-01
1.117261528968811035e+00
4.632301330566406250e-01
3.533367216587066650e-01
-1.300446033477783203e+00
-1.399507522583007812e+00
3.755035102367401123e-01
8.585214614868164062e-01
1.620469212532043457e+00
-1.104643583297729492e+00
2.388528287410736084e-01
-1.301179289817810059e+00
1.101562500000000000e+00
-8.376367688179016113e-01
2.625061273574829102e+00
1.509179234504699707e+00
1.386489987373352051e+00
-3.105535730719566345e-02
2.230569601058959961e+00
-3.985308706760406494e-01
5.383482575416564941e-01
7.418514490127563477e-01
2.424844741821289062e+00
-6.155124902725219727e-01
1.316638886928558350e-01
-8.741658926010131836e-01
-4.500769972801208496e-01
8.699792623519897461e-02
-4.431756138801574707e-01
1.742325067520141602e+00
1.814259141683578491e-01
7.859595417976379395e-01
-7.983773350715637207e-01
1.436162471771240234e+00
9.194224476814270020e-01
1.137751102447509766e+00
-1.535228610038757324e+00
1.377301931381225586e+00
5.110465884208679199e-01
5.713071227073669434e-01
-3.841124176979064941e-01
2.860125601291656494e-01
-1.783334761857986450e-01
-1.342042446136474609e+00
-1.241780042648315430e+00
-1.911612987518310547e+00
9.463508129119873047e-01
1.338331341743469238e+00
-5.858290195465087891e-01
1.830348521471023560e-01
3.974842727184295654e-01
1.193297624588012695e+00
-1.065367817878723145e+00
6.633996963500976562e-01
4.560591280460357666e-02
9.482077360153198242e-01
-3.416576087474822998e-01
-3.970527350902557373e-01
-8.237948417663574219e-01
-1.068387985229492188e+00
-1.743384242057800293e+00
6.575229167938232422e-01
1.207749605178833008e+00
-2.844984233379364014e-01
5.573542118072509766e-01
1.884504199028015137e+00
-2.413731999695301056e-03
-1.981117606163024902e+00
1.772748976945877075e-01
-1.109401345252990723e+00
5.461959242820739746e-01
-2.446103394031524658e-01
-1.314558386802673340e-01
2.830018281936645508e+00
-8.485012650489807129e-01
-1.323104351758956909e-01
-8.675371408462524414e-01
8.018355816602706909e-02
-5.262839198112487793e-01
-6.979943513870239258e-01
1.054228186607360840e+00
1.003550410270690918e+00
-1.002455472946166992e+00
2.169486582279205322e-01
6.940267086029052734e-01
-1.392007350921630859e+00
2.440432459115982056e-01
-7.863308191299438477e-01
-1.262846827507019043e+00
-7.366500794887542725e-02
-1.126838196069002151e-02
-9.571654796600341797e-01
-1.397000789642333984e+00
1.993967889575287700e-04
-5.711327195167541504e-01
1.365981101989746094e+00
1.559089660644531250e+00
5.245037078857421875e-01
-9.733172655105590820e-01
1.052092432975769043e+00
3.757581710815429688e-01
-2.170971870422363281e+00
-3.244416713714599609e-01
-1.754734516143798828e-01
1.054489254951477051e+00
-4.232603907585144043e-01
7.606732845306396484e-02
-6.847809553146362305e-01
1.062918066978454590e+00
-9.380124807357788086e-01
-2.181363821029663086e+00
-1.038104534149169922e+00
-4.748477637767791748e-01
2.643885649740695953e-02
4.362114965915679932e-01
8.341588079929351807e-02
1.503821015357971191e-01
-3.496985733509063721e-01
-5.286885499954223633e-01
-4.462311267852783203e-01
-1.314719676971435547e+00
-1.539787054061889648e-01
-1.075504899024963379e+00
6.204463243484497070e-01
-1.857981324195861816e+00
-3.448105335235595703e+00
-1.339514970779418945e+00
7.625297904014587402e-01
1.977722644805908203e+00
1.802817344665527344e+00
-2.000262439250946045e-01
-4.641527235507965088e-01
-1.064080476760864258e+00
8.585224151611328125e-01
-1.483546346426010132e-01
-2.526170015335083008e+00
-1.150317668914794922e+00
8.666502237319946289e-01
1.692363739013671875e+00
1.719377517700195312e+00
-7.641969919204711914e-01
-1.212072595953941345e-01
3.883467912673950195e+00
1.811879277229309082e+00
6.937170028686523438e-01
-1.498885273933410645e+00
-1.152126908302307129e+00
7.200708389282226562e-01
-8.294790983200073242e-02
-2.291772663593292236e-01
5.063989758491516113e-01
-7.153614163398742676e-01
8.355862498283386230e-01
-6.207392811775207520e-01
9.760450720787048340e-01
1.082010507583618164e+00
1.166265249252319336e+00
-1.450929403305053711e+00
-2.026398926973342896e-01
-1.657325506210327148e+00
2.055781185626983643e-01
-3.068463504314422607e-01
8.946208953857421875e-01
4.432203471660614014e-01
-1.359695047140121460e-01
-2.908894538879394531e+00
1.421276807785034180e+00
7.024755328893661499e-02
-6.899264454841613770e-01
3.472584486007690430e-01
-3.538464069366455078e+00
-7.846299409866333008e-01
8.522957563400268555e-02
7.471369951963424683e-02
-4.436133205890655518e-01
8.142797350883483887e-01
9.242184162139892578e-01
-1.126642942428588867e+00
1.574660539627075195e+00
-4.051179438829421997e-02
1.249137878417968750e+00
-1.092037186026573181e-01
-1.823387295007705688e-01
-6.465178728103637695e-01
4.669935405254364014e-01
-1.053857803344726562e+00
-4.427788853645324707e-01
4.659937024116516113e-01
4.956477880477905273e-01
1.036933541297912598e+00
7.689914107322692871e-02
-1.768262684345245361e-01
-1.022506475448608398e+00
4.325597286224365234e-01
2.855114042758941650e-01
3.550795912742614746e-01
-1.752252817153930664e+00
7.759151458740234375e-01
-1.517174124717712402e+00
-1.287685930728912354e-01
4.713855981826782227e-01
2.604166269302368164e-01
3.090504705905914307e-01
-7.957525253295898438e-01
-3.149225562810897827e-02
-3.618251681327819824e-01
-2.214807987213134766e+00
-5.340307950973510742e-01
2.114995956420898438e+00
-1.113560914993286133e+00
5.856236219406127930e-01
-1.798401921987533569e-01
6.790187358856201172e-01
3.690904378890991211e-01
-7.884805798530578613e-01
2.399152815341949463e-01
1.089089751243591309e+00
-1.257520556449890137e+00
-1.131907105445861816e+00
1.463716268539428711e+00
-1.451929569244384766e+00
-9.341642260551452637e-01
2.379389047622680664e+00
2.269840687513351440e-01
7.541921734809875488e-01
9.337985515594482422e-01
1.212334871292114258e+00
2.650873899459838867e+00
-1.366956382989883423e-01
-4.625602662563323975e-01
3.685698807239532471e-01
-8.147700428962707520e-01
7.115645706653594971e-02
-1.804618358612060547e+00
1.607369542121887207e+00
-1.186396837234497070e+00
1.249577760696411133e+00
5.542209744453430176e-01
9.146106243133544922e-01
1.642143726348876953e+00
-2.150039196014404297e+00
-1.124920368194580078e+00
-6.921705603599548340e-01
-5.883698463439941406e-01
-1.549500584602355957e+00
1.441950559616088867e+00
6.170254349708557129e-01
-3.207918882369995117e+00
1.119178414344787598e+00
-2.128242492675781250e+00
1.147681027650833130e-01
-7.819089293479919434e-01
-6.008176803588867188e-01
1.291520357131958008e+00
-6.130962818861007690e-02
-2.996736466884613037e-01
-4.670898616313934326e-01
1.278877854347229004e+00
3.350019931793212891e+00
-1.024772599339485168e-01
5.814445018768310547e-01
-1.187150955200195312e+00
2.618539631366729736e-01
-1.826188415288925171e-01
-1.606143355369567871e+00
-1.765488028526306152e+00
-1.434839367866516113e-01
2.408294200897216797e+00
2.207915931940078735e-01
1.212346315383911133e+00
1.877444744110107422e+00
1.497367739677429199e+00
6.264955401420593262e-01
-8.953450322151184082e-01
-1.381402313709259033e-01
1.365986227989196777e+00
5.935403108596801758e-01
1.168198466300964355e+00
1.481906324625015259e-01
2.949794828891754150e-01
-2.098530083894729614e-01
-4.358369410037994385e-01
7.800602167844772339e-02
4.769644141197204590e-01
1.406501382589340210e-01
-1.760481715202331543e+00
7.309319972991943359e-01
1.252732872962951660e-01
6.835096478462219238e-01
-1.029800772666931152e+00
-7.537594437599182129e-01
-1.107448816299438477e+00
2.324907541275024414e+00
2.243345379829406738e-01
-1.411218881607055664e+00
-7.096365839242935181e-02
1.315162777900695801e+00
6.892947554588317871e-01
-7.446049898862838745e-02
9.539930224418640137e-01
-2.051560640335083008e+00
3.840870410203933716e-02
-1.742160201072692871e+00
-4.143391549587249756e-01
-1.343654870986938477e+00
-1.366500854492187500e+00
6.315247416496276855e-01
1.999994993209838867e+00
-6.212494969367980957e-01
-1.344409584999084473e+00
-1.195355772972106934e+00
-9.235312342643737793e-01
3.931720256805419922e-01
1.301990628242492676e+00
-3.663598001003265381e-02
-1.723030328750610352e+00
-9.251528382301330566e-01
1.334090381860733032e-01
-2.303939580917358398e+00
2.681287527084350586e-01
2.757514953613281250e+00
-2.590160071849822998e-01
3.326071500778198242e-01
3.563146889209747314e-01
-4.635682702064514160e-01
-6.031663417816162109e-01
-1.489232897758483887e+00
1.845346212387084961e+00
8.822631239891052246e-01
-1.050507500767707825e-01
-1.240967750549316406e+00
-1.354845166206359863e+00
6.512515544891357422e-01
7.572060823440551758e-01
6.916134953498840332e-01
8.071006536483764648e-01
-1.024054050445556641e+00
-3.606035560369491577e-02
-9.164777398109436035e-01
-7.424299716949462891e-01
-5.243563055992126465e-01
-2.208352088928222656e-02
1.269679427146911621e+00
3.610526025295257568e-01
9.071565270423889160e-01
-9.498900771141052246e-01
9.962134063243865967e-02
-6.722990889102220535e-03
2.118303775787353516e+00
-9.868888854980468750e-01
-4.101024568080902100e-01
6.078525185585021973e-01
-1.480463504791259766e+00
2.018867254257202148e+00
-3.461561799049377441e-01
-2.508061408996582031e+00
-6.663967370986938477e-01
-1.604580163955688477e+00
-1.382935404777526855e+00
3.275628089904785156e-01
4.780443012714385986e-01
2.474340200424194336e-01
1.150274872779846191e+00
-1.481484889984130859e+00
-9.166296124458312988e-01
-4.553886950016021729e-01
3.381972610950469971e-01
1.286847233772277832e+00
1.577213525772094727e+00
3.012818574905395508e+00
3.621803820133209229e-01
3.366655409336090088e-01
-3.879083991050720215e-01
6.188596487045288086e-01
-1.677493751049041748e-02
-6.347772479057312012e-01
7.782019376754760742e-01
2.164413928985595703e+00
-5.540949702262878418e-01
6.928160786628723145e-01
-1.584995150566101074e+00
-7.160826921463012695e-01
-7.500155568122863770e-01
-1.005020618438720703e+00
1.051202490925788879e-01
1.483454227447509766e+00
4.495355784893035889e-01
-3.312866985797882080e-01
-1.427006006240844727e+00
7.698676586151123047e-01
3.179477751255035400e-01
2.556623518466949463e-01
5.484089255332946777e-01
4.840662479400634766e-01
-8.982294052839279175e-02
-1.312831521034240723e+00
-3.186753690242767334e-01
1.004896163940429688e+00
8.562944829463958740e-02
-8.748371601104736328e-01
-5.587450265884399414e-01
1.845306754112243652e+00
-2.305104732513427734e-01
-1.084985733032226562e+00
-1.548075199127197266e+00
-9.605367779731750488e-01
4.966662451624870300e-02
6.007389426231384277e-01
1.203576251864433289e-01
-5.706240534782409668e-01
-3.560825884342193604e-01
1.221175551414489746e+00
-4.460319876670837402e-02
-4.333467781543731689e-02
8.920113444328308105e-01
-8.411933183670043945e-01
7.025895118713378906e-01
4.837120473384857178e-01
2.971971035003662109e-01
5.095019340515136719e-01
-8.881413936614990234e-01
3.356758058071136475e-01
-3.405478298664093018e-01
-3.593985140323638916e-01
-5.822819471359252930e-01
1.047104954719543457e+00
-8.619123697280883789e-01
9.927301108837127686e-02
-4.236719906330108643e-01
-7.666709274053573608e-02
1.439040541648864746e+00
2.956458032131195068e-01
-1.871777176856994629e+00
3.367261290550231934e-01
7.615394592285156250e-01
-6.297449469566345215e-01
-6.553965806961059570e-01
8.959704041481018066e-01
2.196260690689086914e-01
3.263103067874908447e-01
9.917976856231689453e-01
1.274605989456176758e-01
5.067639946937561035e-01
-9.447510242462158203e-01
2.304319143295288086e-01
1.523478507995605469e+00
4.991967976093292236e-01
9.812551736831665039e-01
-2.322838544845581055e+00
9.109337329864501953e-01
-1.559204936027526855e+00
-4.133789062500000000e+00
1.603117704391479492e+00
-1.015591979026794434e+00
6.416263580322265625e-01
8.094640970230102539e-01
-1.377155542373657227e+00
-6.446224451065063477e-01
-1.686745643615722656e+00
2.066182851791381836e+00
-3.143396675586700439e-01
1.634272813796997070e+00
2.696899771690368652e-01
1.800977349281311035e+00
-8.284260332584381104e-02
-1.096435785293579102e+00
-1.903973221778869629e+00
-5.833747982978820801e-01
1.039617180824279785e+00
1.276012539863586426e+00
-4.523045569658279419e-02
-5.948418974876403809e-01
1.123849868774414062e+00
-1.037256717681884766e+00
-2.502296566963195801e-01
-7.908823490142822266e-01
-8.315283060073852539e-01
-4.695095419883728027e-01
1.669621318578720093e-01
-4.360643625259399414e-01
-6.330991387367248535e-01
-3.659732043743133545e-01
2.035127401351928711e+00
-5.066007375717163086e-01
-2.523719966411590576e-01
5.147402882575988770e-01
2.311473190784454346e-01
-8.112409268505871296e-04
-7.731781601905822754e-01
-1.259944319725036621e+00
-8.767600655555725098e-01
-1.254376918077468872e-01
-1.079055428504943848e+00
1.159486532211303711e+00
-1.108701825141906738e+00
1.994967162609100342e-01
-9.722118377685546875e-01
1.493225097656250000e-01
8.261850476264953613e-01
-1.434989571571350098e+00
1.437512636184692383e+00
3.211074769496917725e-01
-1.309794783592224121e+00
4.416190683841705322e-01
7.514460682868957520e-01
-3.317977488040924072e-02
-2.970625162124633789e+00
-2.065995693206787109e+00
1.270792603492736816e+00
-2.109228074550628662e-01
-1.379166483879089355e+00
1.305013775825500488e+00
8.514080047607421875e-01
-2.410549640655517578e+00
-1.048015430569648743e-01
1.430067300796508789e+00
-8.695107102394104004e-01
-1.821789741516113281e-01
-8.366487622261047363e-01
-3.514519035816192627e-01
9.231721758842468262e-01
1.864677429199218750e+00
1.976993083953857422e+00
-9.208484888076782227e-01
-7.247559726238250732e-02
5.692436918616294861e-02
-9.255035519599914551e-01
-7.872673869132995605e-01
-1.507483243942260742e+00
1.656220704317092896e-01
1.556414365768432617e-01
-1.818540096282958984e-01
1.380368590354919434e+00
-7.978712320327758789e-01
-1.912653088569641113e+00
5.906533002853393555e-01
1.973788440227508545e-01
6.178653836250305176e-01
3.398620188236236572e-01
-1.263388991355895996e-01
-1.184381365776062012e+00
-1.619425415992736816e+00
-1.545365571975708008e+00
-7.950512766838073730e-01
4.394977092742919922e-01
-8.004253506660461426e-01
-5.797708034515380859e-01
-8.957039713859558105e-01
-1.412255048751831055e+00
9.426653981208801270e-01
-8.426298499107360840e-01
6.737080812454223633e-01
2.343565672636032104e-01
1.743928790092468262e+00
-2.281922101974487305e-02
-1.763020277023315430e+00
5.628041625022888184e-01
-3.292559087276458740e-01
1.897369384765625000e+00
-3.140069171786308289e-02
-8.797726035118103027e-01
-1.777049422264099121e+00
2.859773486852645874e-02
1.765028573572635651e-02
-4.228762984275817871e-01
-1.738909818232059479e-02
7.411196827888488770e-02
2.184268832206726074e-01
6.264863163232803345e-02
8.549010157585144043e-01
1.001308083534240723e+00
-3.296548426151275635e-01
1.106091380119323730e+00
-7.789731621742248535e-01
-1.154237464070320129e-01
8.780752420425415039e-01
-2.662426471710205078e+00
3.492642939090728760e-01
7.165850400924682617e-01
4.590405821800231934e-01
6.044101715087890625e-01
-4.890381395816802979e-01
7.596906423568725586e-01
-2.039910078048706055e+00
1.544346451759338379e+00
1.500444889068603516e+00
9.105769991874694824e-01
8.871163725852966309e-01
-5.454972386360168457e-01
1.813797473907470703e+00
-1.987858563661575317e-01
7.709436416625976562e-01
-7.477701306343078613e-01
1.672008752822875977e+00
-7.054937481880187988e-01
-1.455444991588592529e-01
-4.882583618164062500e-01
-7.813881635665893555e-01
6.303001046180725098e-01
2.643989324569702148e+00
-1.434254527091979980e+00
-9.770427942276000977e-01
2.133055031299591064e-01
-2.664617896080017090e-01
-2.428660869598388672e+00
1.939715743064880371e-01
-1.114838838577270508e+00
1.930046528577804565e-01
6.173969507217407227e-01
-7.460892200469970703e-01
-8.916163444519042969e-01
-6.877018809318542480e-01
1.973764784634113312e-02
1.572081327438354492e+00
1.706321537494659424e-01
8.145938068628311157e-02
-3.088433109223842621e-02
-1.210591554641723633e+00
-1.242488771677017212e-01
5.698873400688171387e-01
-8.265996575355529785e-01
2.100507766008377075e-01
-6.232463717460632324e-01
-9.870625138282775879e-01
-3.118724375963211060e-02
-1.120039582252502441e+00
1.281047224998474121e+00
2.769818782806396484e+00
-4.747864231467247009e-02
-8.526641130447387695e-01
-8.752673119306564331e-02
-1.193694949150085449e+00
5.813436508178710938e-01
9.863138794898986816e-01
-1.188352942466735840e+00
-9.240594506263732910e-02
3.070840798318386078e-02
1.245615959167480469e+00
-1.553869992494583130e-01
4.974282160401344299e-02
4.561610519886016846e-02
-9.875986576080322266e-01
2.078452587127685547e+00
9.511525034904479980e-01
3.768351674079895020e-02
1.176236569881439209e-01
9.909762144088745117e-01
-3.071295213885605335e-04
5.756096243858337402e-01
7.054537534713745117e-01
-4.865543246269226074e-01
-9.457013607025146484e-01
-1.333931207656860352e+00
2.011657238006591797e+00
9.978091716766357422e-01
3.538368046283721924e-01
-4.860900342464447021e-01
8.466850221157073975e-02
4.573846161365509033e-01
-8.227263689041137695e-01
-3.036638796329498291e-01
-2.992459237575531006e-01
-1.902724981307983398e+00
-4.221965000033378601e-02
-1.338573336601257324e+00
-9.714965522289276123e-02
7.882551550865173340e-01
-5.673595070838928223e-01
-9.147481918334960938e-01
-6.742455363273620605e-01
6.866353750228881836e-01
-1.408368706703186035e+00
1.079990744590759277e+00
-6.565241813659667969e-01
-7.635428905487060547e-01
-5.979131460189819336e-01
-2.763605490326881409e-02
-4.804305732250213623e-01
8.422669768333435059e-01
-1.071196794509887695e+00
-9.782634973526000977e-01
3.258550465106964111e-01
4.931015074253082275e-01
-1.150446534156799316e+00
2.395518720149993896e-01
-1.586165666580200195e+00
-1.219500303268432617e+00
-4.939229786396026611e-01
4.482342600822448730e-01
-1.847149878740310669e-01
-2.944367229938507080e-01
9.620471596717834473e-01
2.928656935691833496e-01
1.534122467041015625e+00
5.576156973838806152e-01
-1.914882659912109375e+00
1.760275363922119141e+00
9.762035608291625977e-01
-1.009613156318664551e+00
-8.123310804367065430e-01
-5.171085596084594727e-01
-1.464709192514419556e-01
2.183450222015380859e+00
-5.502726435661315918e-01
-1.295727044343948364e-01
-1.311444640159606934e+00
2.068152278661727905e-02
2.099575698375701904e-01
-1.718835592269897461e+00
4.067896604537963867e-01
-1.202696442604064941e+00
-2.073015719652175903e-01
6.325609087944030762e-01
4.056557416915893555e-01
7.136999368667602539e-01
7.117407768964767456e-02
-1.465647518634796143e-01
9.980754852294921875e-01
1.608139634132385254e+00
4.821678996086120605e-01
-8.792949318885803223e-01
-1.788507997989654541e-01
