6.386824250221252441e-01
3.710721433162689209e-01
3.979370594024658203e-01
-8.592955470085144043e-01
-9.279695153236389160e-01
-1.396278023719787598e+00
3.667553365230560303e-01
4.508678615093231201e-01
-2.146479368209838867e+00
-2.243180751800537109e+00
4.254292845726013184e-01
-1.909318923950195312e+00
1.765013098716735840e+00
-4.998045414686203003e-02
-7.131395936012268066e-01
-9.774476885795593262e-01
-5.822421908378601074e-01
3.756178617477416992e-01
-8.612508773803710938e-01
4.064477980136871338e-01
-3.181772530078887939e-01
-1.160684943199157715e+00
2.714278995990753174e-01
-2.861581742763519287e-01
1.824548363685607910e+00
5.770663619041442871e-01
-2.631632387638092041e-01
1.582872986793518066e+00
-1.243896365165710449e+00
4.576454460620880127e-01
-8.472098708152770996e-01
1.130798384547233582e-01
-2.000796318054199219e+00
-6.192047595977783203e-01
-5.673288106918334961e-01
1.868572682142257690e-01
-6.187961697578430176e-01
-2.491424083709716797e+00
3.410432487726211548e-02
6.835426688194274902e-01
-1.069457888603210449e+00
-1.467020392417907715e+00
-1.457436382770538330e-01
-4.535378515720367432e-01
9.402768611907958984e-01
1.537335395812988281e+00
-1.579982489347457886e-01
6.787040829658508301e-01
4.350847005844116211e-01
2.460922598838806152e-01
-1.209133267402648926e+00
-5.388289093971252441e-01
-6.151483654975891113e-01
1.207277774810791016e+00
4.564346671104431152e-01
-1.494032979011535645e+00
-9.627664089202880859e-02
-4.148939847946166992e-01
3.753514885902404785e-01
3.791716694831848145e-01
-1.877696365118026733e-01
2.556479275226593018e-01
9.771668314933776855e-01
-4.224000498652458191e-02
1.801881313323974609e+00
-5.793099403381347656e-01
6.214739680290222168e-01
-1.015823110938072205e-01
1.135953903198242188e+00
-1.186912298202514648e+00
-3.156755268573760986e-01
2.161307260394096375e-02
3.051426708698272705e-01
6.840793043375015259e-02
3.552367389202117920e-01
1.445629596710205078e+00
1.155561804771423340e-01
-4.010976552963256836e-01
-1.534900665283203125e-01
1.836071729660034180e+00
3.488166928291320801e-01
2.651497423648834229e-01
-1.836250424385070801e+00
6.062459573149681091e-02
-2.167383134365081787e-01
-3.601196706295013428e-01
-9.501399397850036621e-01
-9.772723168134689331e-02
-1.371536493301391602e+00
-1.213636994361877441e+00
-1.225903749465942383e+00
-9.249365925788879395e-01
8.275581896305084229e-02
1.127365231513977051e+00
-1.000365018844604492e+00
8.682015538215637207e-01
7.009208798408508301e-01
7.417843341827392578e-01
-1.142558813095092773e+00
-9.528514146804809570e-01
-6.986652314662933350e-02
1.055413961410522461e+00
8.047714829444885254e-01
-2.443558871746063232e-01
-3.422635793685913086e-01
-7.365947961807250977e-01
-1.245927929878234863e+00
6.296424865722656250e-01
2.947488725185394287e-01
4.036125540733337402e-01
7.171525359153747559e-01
8.833611607551574707e-01
-7.148422002792358398e-01
-1.406250119209289551e+00
6.597468256950378418e-01
8.416214585304260254e-01
3.515333831310272217e-01
-7.964448928833007812e-01
1.219393126666545868e-02
1.473456025123596191e+00
-8.825430274009704590e-01
2.987684309482574463e-01
-1.106562256813049316e+00
5.363847613334655762e-01
5.363311767578125000e-01
5.162908881902694702e-02
2.033133655786514282e-01
1.524518966674804688e+00
-1.092682242393493652e+00
-2.851182967424392700e-02
6.221351623535156250e-01
-1.614114761352539062e+00
8.967721462249755859e-01
-1.393781661987304688e+00
-2.622992277145385742e+00
-2.687323689460754395e-01
4.158577024936676025e-01
3.880099207162857056e-02
-1.218905448913574219e+00
-4.116913080215454102e-01
-3.365248069167137146e-02
8.446848392486572266e-01
1.306203126907348633e+00
-9.701810777187347412e-03
-1.633295416831970215e+00
2.714366018772125244e-01
4.247418642044067383e-01
-1.553928494453430176e+00
-2.618736922740936279e-01
-5.856566429138183594e-01
8.977282643318176270e-01
-2.229411341249942780e-02
4.360064864158630371e-01
-9.859718084335327148e-01
1.460874915122985840e+00
-7.195913791656494141e-01
-1.447418570518493652e+00
-3.922922611236572266e-01
-6.687765121459960938e-01
6.907396912574768066e-01
3.511603176593780518e-01
2.256383597850799561e-01
-2.711643576622009277e-01
-1.171264052391052246e+00
9.591115266084671021e-02
-8.774264454841613770e-01
-5.977990627288818359e-01
-7.536922693252563477e-01
1.587155461311340332e-01
4.181369245052337646e-01
-9.035531878471374512e-01
-1.365645051002502441e+00
-1.292103767395019531e+00
1.010928153991699219e+00
1.101824402809143066e+00
9.604358077049255371e-01
1.803323626518249512e-01
7.890872359275817871e-01
-5.928244441747665405e-02
1.378705978393554688e+00
-3.882077932357788086e-01
-1.126590609550476074e+00
-3.932339847087860107e-01
9.298588633537292480e-01
1.997156739234924316e+00
-4.721656143665313721e-01
-1.331562399864196777e+00
-3.107950389385223389e-01
1.671575307846069336e+00
1.453502178192138672e+00
2.733292579650878906e-01
-6.505795717239379883e-01
-1.024130940437316895e+00
1.317013144493103027e+00
-2.458014786243438721e-01
-4.864092767238616943e-01
3.535183966159820557e-01
-2.877314984798431396e-01
1.211484789848327637e+00
9.465169906616210938e-02
-8.522520959377288818e-02
1.076375484466552734e+00
2.329144477844238281e+00
-1.044676303863525391e+00
1.075931191444396973e+00
-9.224485158920288086e-01
6.351534128189086914e-01
-1.755385041236877441e+00
8.995583057403564453e-01
-5.088060498237609863e-01
-3.322449922561645508e-01
-1.101034164428710938e+00
3.843849599361419678e-01
2.710431814193725586e-02
-6.912453174591064453e-01
6.657635420560836792e-02
-2.463088750839233398e+00
-3.668219447135925293e-01
2.074733227491378784e-01
6.073886156082153320e-01
5.981135964393615723e-01
1.272536993026733398e+00
1.071979522705078125e+00
-3.119864314794540405e-02
9.568179845809936523e-01
-1.355307269841432571e-02
9.016244411468505859e-01
4.486602246761322021e-01
-7.403483986854553223e-01
-1.557430386543273926e+00
1.258543580770492554e-01
-1.202327132225036621e+00
-1.519987821578979492e+00
1.997820496559143066e+00
-5.569648146629333496e-01
6.952950954437255859e-01
7.151169776916503906e-01
-2.204941958189010620e-01
-6.071572899818420410e-01
-9.858420491218566895e-02
9.693366885185241699e-01
-6.146787405014038086e-01
-1.258966207504272461e+00
7.069337368011474609e-01
-1.779627799987792969e+00
3.981614112854003906e-01
-7.331455349922180176e-01
1.899200826883316040e-01
2.949733734130859375e-01
-7.229619026184082031e-01
3.858664035797119141e-01
-5.156939029693603516e-01
-1.349571704864501953e+00
-1.093706846237182617e+00
1.780346632003784180e+00
-1.578778743743896484e+00
-2.261696159839630127e-01
3.306410908699035645e-01
-8.045727610588073730e-01
1.408512890338897705e-01
8.542619347572326660e-01
-6.456648111343383789e-01
7.689211964607238770e-01
-1.192118048667907715e+00
-1.267740964889526367e+00
1.184015750885009766e+00
1.384124159812927246e-01
-7.178510427474975586e-01
3.110724687576293945e+00
5.915987491607666016e-01
-8.427208662033081055e-01
4.049383997917175293e-01
1.934804081916809082e+00
1.428928613662719727e+00
-9.910506010055541992e-01
2.852641344070434570e-01
6.498721241950988770e-01
-1.131897449493408203e+00
1.895139813423156738e-01
-1.669498801231384277e+00
9.023902416229248047e-01
-1.221431255340576172e+00
1.056525230407714844e+00
6.790508627891540527e-01
-2.661783695220947266e-01
1.156449437141418457e+00
-2.649359591305255890e-02
1.983647048473358154e-01
-2.378338426351547241e-01
-3.307218849658966064e-01
-1.864495754241943359e+00
1.017703652381896973e+00
4.908801913261413574e-01
-7.245102524757385254e-01
1.367997646331787109e+00
-1.929636597633361816e+00
-6.096702441573143005e-02
-5.356013774871826172e-01
-2.422552928328514099e-02
3.430765867233276367e-01
1.560979634523391724e-01
-5.352689623832702637e-01
2.375845611095428467e-01
4.675671458244323730e-01
3.120317459106445312e+00
1.087271928787231445e+00
4.467438459396362305e-01
-9.475548863410949707e-01
-9.734629392623901367e-01
-5.832520127296447754e-01
-8.777872323989868164e-01
-2.119320869445800781e+00
-5.402558296918869019e-02
1.207683682441711426e+00
6.596189141273498535e-01
9.311574697494506836e-01
1.116985082626342773e+00
1.066282033920288086e+00
8.390865325927734375e-01
-4.742609560489654541e-01
-1.407967090606689453e+00
3.075826466083526611e-01
3.103382885456085205e-01
5.847496986389160156e-01
-6.082457900047302246e-01
-3.838835358619689941e-01
-4.644973278045654297e-01
-1.167787313461303711e+00
-8.536850214004516602e-01
9.907071590423583984e-01
3.791082203388214111e-01
-1.825202107429504395e-01
1.425762414932250977e+00
7.839579582214355469e-01
1.443464010953903198e-01
-5.214393138885498047e-01
2.293051183223724365e-01
-4.979965686798095703e-01
2.174520015716552734e+00
-7.864185571670532227e-01
-5.115672349929809570e-01
-8.504118025302886963e-02
5.528876185417175293e-01
6.520991921424865723e-01
4.445016980171203613e-01
8.846232891082763672e-01
-1.666670322418212891e+00
7.472257018089294434e-01
-1.540854096412658691e+00
-1.158436462283134460e-01
-1.160762667655944824e+00
-3.479469716548919678e-01
4.093447923660278320e-01
1.345558047294616699e+00
-1.085599780082702637e+00
-3.181767165660858154e-01
-5.270508527755737305e-01
-1.060762882232666016e+00
3.940578997135162354e-01
2.051707983016967773e+00
-2.783959209918975830e-01
-1.211447715759277344e+00
2.433845214545726776e-02
-7.905662059783935547e-01
-1.912983179092407227e+00
3.494327962398529053e-01
1.296634316444396973e+00
-1.598376184701919556e-01
1.703468680381774902e+00
6.709192395210266113e-01
5.585198998451232910e-01
-2.920375466346740723e-01
-2.251695990562438965e-01
2.296675682067871094e+00
8.688769340515136719e-01
7.269152402877807617e-01
4.036227241158485413e-02
-2.098645687103271484e+00
2.133257128298282623e-02
9.636807441711425781e-01
7.721204161643981934e-01
1.006569266319274902e+00
5.838574841618537903e-02
4.286188483238220215e-01
-4.221135675907135010e-01
-7.346065044403076172e-01
2.537855878472328186e-02
-5.644882321357727051e-01
1.846962332725524902e+00
5.148764252662658691e-01
1.115345597267150879e+00
1.200473383069038391e-01
-2.902004681527614594e-02
-9.493344426155090332e-01
2.239364385604858398e+00
-3.526427447795867920e-01
-9.045122265815734863e-01
2.970229089260101318e-01
-5.949029922485351562e-01
1.274607658386230469e+00
3.660978376865386963e-01
-7.120167613029479980e-01
-1.050460815429687500e+00
-1.186034202575683594e+00
-1.566021203994750977e+00
-2.407021373510360718e-01
-5.695548057556152344e-01
1.074228405952453613e+00
2.329546213150024414e-01
-8.192025423049926758e-01
-3.867667615413665771e-01
-4.578904509544372559e-01
-8.595986962318420410e-01
8.566763997077941895e-01
9.061720371246337891e-01
9.781346321105957031e-01
-1.824945658445358276e-01
3.988344967365264893e-02
-4.250090718269348145e-01
2.267934560775756836e+00
-2.885682880878448486e-01
-1.368008255958557129e+00
6.252634525299072266e-01
1.732608079910278320e+00
-5.297709703445434570e-01
3.702225387096405029e-01
-9.045180082321166992e-01
-8.429493904113769531e-01
-1.668164134025573730e+00
-6.829218864440917969e-01
-3.836363255977630615e-01
1.492045521736145020e+00
8.752211928367614746e-01
-1.110504627227783203e+00
-6.919699907302856445e-01
6.518215537071228027e-01
2.310027331113815308e-01
1.640108227729797363e-01
4.834181070327758789e-01
-1.433656662702560425e-01
-4.100563526153564453e-01
-3.608481027185916901e-03
-2.393275201320648193e-01
4.033701121807098389e-01
3.463578596711158752e-02
-6.253193020820617676e-01
-4.844064116477966309e-01
3.076010346412658691e-01
1.855262219905853271e-01
-8.861768841743469238e-01
-7.273477315902709961e-01
-9.110336899757385254e-01
2.606385350227355957e-01
-1.162433743476867676e+00
-7.441138029098510742e-01
-7.371024042367935181e-02
8.370562791824340820e-01
1.718551516532897949e+00
2.906347215175628662e-01
7.676731944084167480e-01
1.034055233001708984e+00
-1.478487849235534668e+00
-2.385453879833221436e-01
1.275901198387145996e+00
-6.202760934829711914e-01
-8.828920125961303711e-02
2.575699612498283386e-02
6.202153563499450684e-01
-6.613028645515441895e-01
9.299736469984054565e-03
5.113736391067504883e-01
1.266466140747070312e+00
-7.793783545494079590e-01
-1.609316766262054443e-01
4.093158543109893799e-01
-3.305742442607879639e-01
6.480115652084350586e-01
9.772562235593795776e-02
-4.649814069271087646e-01
1.074226975440979004e+00
8.889043331146240234e-01
6.876085996627807617e-01
-1.589857339859008789e+00
1.741586804389953613e+00
-2.413037121295928955e-01
-3.186843395233154297e-01
1.059396147727966309e+00
6.341462135314941406e-01
5.788744688034057617e-01
-4.713078141212463379e-01
1.085885643959045410e+00
1.307970762252807617e+00
2.480374425649642944e-01
1.210255622863769531e+00
-1.582192540168762207e+00
3.089877031743526459e-02
-5.198504924774169922e-01
-2.634961843490600586e+00
1.089430600404739380e-01
3.962294012308120728e-02
2.300737649202346802e-01
5.616139769554138184e-01
-1.026382327079772949e+00
4.307107329368591309e-01
-1.350441217422485352e+00
1.008170843124389648e+00
-1.451378941535949707e+00
-3.101989924907684326e-01
1.535060763359069824e+00
2.463372796773910522e-01
1.018209934234619141e+00
-3.196567296981811523e-01
4.115907251834869385e-01
2.488684803247451782e-01
6.634390354156494141e-01
1.892064571380615234e+00
-6.557507812976837158e-02
-2.756757140159606934e-01
3.194655776023864746e-01
-8.863613605499267578e-01
-5.914436578750610352e-01
-7.743889093399047852e-01
-1.910009980201721191e+00
-1.360361695289611816e+00
5.719525814056396484e-01
1.092794656753540039e+00
-3.980033695697784424e-01
-1.183150112628936768e-01
9.686871767044067383e-01
-1.010252833366394043e+00
-2.910794913768768311e-01
1.127926826477050781e+00
1.957019604742527008e-02
-7.517906427383422852e-01
-5.011573433876037598e-01
-1.338881969451904297e+00
-9.312924146652221680e-01
8.858758211135864258e-01
-1.420701265335083008e+00
7.552777975797653198e-02
-1.344552993774414062e+00
2.271453440189361572e-01
-3.657499551773071289e-01
-1.824480444192886353e-01
1.438457727432250977e+00
-3.489393889904022217e-01
1.125177025794982910e+00
-2.145821154117584229e-01
-7.448408007621765137e-01
1.058249831199645996e+00
1.055606603622436523e+00
1.932626962661743164e-01
-1.291340827941894531e+00
-7.885209321975708008e-01
1.164239883422851562e+00
1.105648994445800781e+00
-1.368832826614379883e+00
1.361485600471496582e+00
-3.057263791561126709e-01
-1.644723176956176758e+00
7.449808120727539062e-01
4.087726473808288574e-01
-1.405525684356689453e+00
4.699878096580505371e-01
-3.162964247167110443e-03
7.542676329612731934e-01
8.311619162559509277e-01
8.533833622932434082e-01
9.920686483383178711e-01
-1.418879330158233643e-01
1.298370361328125000e+00
-9.133765846490859985e-02
-1.909722328186035156e+00
-9.085360169410705566e-01
-4.883479475975036621e-01
-4.459432065486907959e-01
-1.701533198356628418e-01
-5.624789595603942871e-01
7.408544421195983887e-01
-1.807097941637039185e-01
-7.284514904022216797e-01
4.290477931499481201e-02
6.191338300704956055e-01
9.498105049133300781e-01
1.394177198410034180e+00
2.864591777324676514e-01
-5.760768651962280273e-01
-2.239618539810180664e+00
-1.384676098823547363e+00
-7.799260616302490234e-01
-1.462899893522262573e-01
-1.631060004234313965e+00
-9.873400926589965820e-01
-3.941278159618377686e-01
-1.016823291778564453e+00
-6.568235754966735840e-01
-1.022783160209655762e+00
3.825690746307373047e-01
-8.411001414060592651e-02
-2.894003391265869141e-01
-6.393510699272155762e-01
-2.043084859848022461e+00
1.410725593566894531e+00
3.017485439777374268e-01
1.428886771202087402e+00
-8.616870045661926270e-01
4.878473468124866486e-03
-1.068882942199707031e+00
5.448924303054809570e-01
5.971875786781311035e-01
-2.965108752250671387e-01
9.804936125874519348e-03
5.959064364433288574e-01
-9.940524697303771973e-01
-3.392766416072845459e-01
-5.766618847846984863e-01
4.397603273391723633e-01
-9.467615932226181030e-02
4.186678826808929443e-01
-5.269436165690422058e-02
7.881942391395568848e-01
9.533909559249877930e-01
-2.395330429077148438e+00
3.229213356971740723e-01
-1.422327876091003418e+00
7.145219445228576660e-01
-7.149477005004882812e-01
-5.703163743019104004e-01
9.967677593231201172e-01
-1.719169139862060547e+00
5.413666963577270508e-01
5.778829455375671387e-01
4.692186117172241211e-01
1.523364424705505371e+00
4.305707216262817383e-01
5.320103168487548828e-01
-6.079439520835876465e-01
5.837321281433105469e-01
-8.387870192527770996e-01
7.142248153686523438e-01
-1.356616735458374023e+00
-2.503699958324432373e-01
-1.294177174568176270e+00
-9.761842489242553711e-01
3.837548196315765381e-01
1.441438555717468262e+00
-6.075103282928466797e-01
-8.592690229415893555e-01
5.621852278709411621e-01
-9.738681912422180176e-01
-1.548323035240173340e+00
-1.094699025154113770e+00
3.965615034103393555e-01
7.575725317001342773e-01
-9.176585078239440918e-02
-3.861773312091827393e-01
-1.476982384920120239e-01
-2.755958139896392822e-01
1.540018796920776367e+00
1.305569291114807129e+00
-3.969820141792297363e-01
7.008916735649108887e-01
7.613757252693176270e-02
-1.135307550430297852e+00
5.610175728797912598e-01
9.265812635421752930e-01
-1.585315912961959839e-02
3.450943827629089355e-01
-1.613541722297668457e+00
-5.455308556556701660e-01
-2.423340678215026855e-01
-3.487271666526794434e-01
1.168419480323791504e+00
1.683842182159423828e+00
1.009741067886352539e+00
-1.075546860694885254e+00
3.249977827072143555e-01
-6.605660915374755859e-01
1.321761488914489746e+00
5.306647419929504395e-01
-4.003770351409912109e-01
-7.608379721641540527e-01
-5.925529599189758301e-01
8.778908848762512207e-01
-2.647218108177185059e-01
-1.086702942848205566e-01
-1.104485511779785156e+00
2.530427575111389160e-01
1.333725214004516602e+00
5.894969701766967773e-01
4.220435917377471924e-01
-7.602423429489135742e-01
5.793544054031372070e-01
-5.366783738136291504e-01
4.312245249748229980e-01
8.521694540977478027e-01
-4.368636906147003174e-01
8.122613430023193359e-01
-6.314613819122314453e-01
1.169493913650512695e+00
1.327557563781738281e+00
3.245626091957092285e-01
7.532698512077331543e-01
-2.333831191062927246e-01
3.297532498836517334e-01
-8.383130431175231934e-01
-3.361980989575386047e-02
3.335992395877838135e-01
-1.795330494642257690e-01
8.066549301147460938e-01
3.519020080566406250e-01
-7.380861043930053711e-01
8.147835731506347656e-01
2.294195070862770081e-02
-2.746810913085937500e+00
2.261798083782196045e-02
1.940734535455703735e-01
-4.199703931808471680e-01
8.239858150482177734e-01
-7.787536978721618652e-01
-6.939959526062011719e-01
-1.143218994140625000e+00
5.164479613304138184e-01
-3.342349529266357422e-01
-3.169440105557441711e-02
-3.816088289022445679e-02
-6.337816119194030762e-01
4.813737273216247559e-01
1.098119616508483887e+00
-9.643664360046386719e-01
5.450173020362854004e-01
-1.385292410850524902e+00
-3.934531807899475098e-01
-3.177646398544311523e-01
5.040209740400314331e-02
-8.285201340913772583e-02
1.143897891044616699e+00
9.126892089843750000e-01
4.357227981090545654e-01
2.016362696886062622e-01
4.200610890984535217e-02
-1.667033910751342773e+00
1.125275611877441406e+00
1.489576697349548340e+00
-4.674024879932403564e-01
-6.144329905509948730e-01
8.267352581024169922e-01
-3.354206979274749756e-01
1.228887557983398438e+00
-2.558031678199768066e-01
6.848080158233642578e-01
-9.802096486091613770e-01
-1.521711945533752441e-01
3.352212533354759216e-02
-1.301729679107666016e+00
1.158424735069274902e+00
-8.751687407493591309e-01
1.369769722223281860e-01
-2.616342008113861084e-01
1.702548265457153320e-01
-3.139400184154510498e-01
-1.206614673137664795e-01
7.031016945838928223e-01
7.435196638107299805e-01
8.140428066253662109e-01
3.739159107208251953e-01
-1.269232153892517090e+00
-1.979218423366546631e-02
