2.062297821044921875e+00
-7.387312501668930054e-02
6.759117841720581055e-01
-1.098030447959899902e+00
-1.243011236190795898e+00
-1.719345569610595703e+00
-2.355288267135620117e-01
-2.396496199071407318e-02
-2.397589206695556641e+00
-2.612070560455322266e+00
1.019387483596801758e+00
-1.946360349655151367e+00
1.802918791770935059e+00
9.868678450584411621e-01
-5.996205210685729980e-01
-7.843596935272216797e-01
-1.631510257720947266e+00
2.833187282085418701e-01
-4.847898483276367188e-01
5.966287255287170410e-01
3.649381101131439209e-01
-1.106431961059570312e+00
9.761671423912048340e-01
-1.446200966835021973e+00
1.928120851516723633e+00
3.115162253379821777e-01
5.612670183181762695e-01
1.812775969505310059e+00
-1.554099321365356445e+00
9.137318730354309082e-01
-7.824350893497467041e-02
1.114650249481201172e+00
-2.847217559814453125e+00
-1.892668008804321289e-01
-4.795704782009124756e-01
1.470811247825622559e+00
-1.227999925613403320e+00
-2.837980985641479492e+00
-4.239759594202041626e-02
-1.873740404844284058e-01
-9.834632277488708496e-01
-1.501996278762817383e+00
-9.344149231910705566e-01
-3.657613098621368408e-01
9.583449363708496094e-01
1.284611463546752930e+00
-6.898047775030136108e-02
1.785712957382202148e+00
1.282912373542785645e+00
8.697125315666198730e-01
-1.013828754425048828e+00
-9.243703484535217285e-01
1.830794662237167358e-01
1.900177478790283203e+00
7.755353450775146484e-01
-6.663019061088562012e-01
1.145012304186820984e-01
-2.306206896901130676e-02
1.290860652923583984e+00
-3.297300040721893311e-01
-2.868740260601043701e-01
5.017136931419372559e-01
1.102742671966552734e+00
-9.247764945030212402e-01
2.253471136093139648e+00
-2.972184121608734131e-01
1.043592691421508789e+00
-9.118597209453582764e-02
2.359758615493774414e+00
-1.519640445709228516e+00
-5.925899744033813477e-01
1.607471555471420288e-01
3.692363798618316650e-01
-5.832960009574890137e-01
-8.766019940376281738e-01
9.871923923492431641e-01
-9.895431250333786011e-02
2.473245859146118164e-01
-1.137814879417419434e+00
9.330464601516723633e-01
7.751911878585815430e-01
7.701699137687683105e-01
-1.410458922386169434e+00
5.831738114356994629e-01
4.365949034690856934e-01
-8.565732836723327637e-02
-1.042825937271118164e+00
-3.415564000606536865e-01
-3.015447258949279785e-01
-8.014774918556213379e-01
-1.347680568695068359e+00
-1.563335299491882324e+00
4.308072328567504883e-01
6.337792873382568359e-01
-4.324212670326232910e-01
1.213296771049499512e+00
1.110735177993774414e+00
1.005865216255187988e+00
-2.023102939128875732e-01
-7.825617790222167969e-01
3.884623646736145020e-01
1.575888395309448242e+00
6.000609397888183594e-01
-1.083264708518981934e+00
-1.681190967559814453e+00
-1.096544623374938965e+00
-1.619343876838684082e+00
9.101827740669250488e-01
-1.394681036472320557e-01
-7.006310224533081055e-01
1.729313611984252930e+00
1.761413693428039551e+00
2.473301440477371216e-01
-1.343460917472839355e+00
-4.404395520687103271e-01
1.694342792034149170e-01
3.400464951992034912e-01
-1.908931285142898560e-01
-8.154926449060440063e-02
1.923060536384582520e+00
-8.553100228309631348e-01
1.192853569984436035e+00
-5.563829541206359863e-01
-2.508038580417633057e-01
1.058207988739013672e+00
-2.208040654659271240e-01
5.037449002265930176e-01
1.749347209930419922e+00
-9.581644535064697266e-01
-9.414615035057067871e-01
8.284269571304321289e-01
-8.819857239723205566e-01
3.830384835600852966e-02
-9.136158227920532227e-01
-2.866108655929565430e+00
-3.270535469055175781e-01
1.838981956243515015e-01
-9.614500403404235840e-01
-1.115533828735351562e+00
2.438531517982482910e-01
-3.871479630470275879e-01
5.792301297187805176e-01
8.176695108413696289e-01
-2.542500495910644531e-01
-1.716583132743835449e+00
5.574238300323486328e-01
5.863030552864074707e-01
-1.092384815216064453e+00
-1.597643047571182251e-01
-6.196936368942260742e-01
1.286731481552124023e+00
-8.274273574352264404e-02
2.592192888259887695e-01
-4.629820883274078369e-01
1.204231858253479004e+00
-1.825459599494934082e+00
-2.064043283462524414e+00
-9.400405287742614746e-01
-7.721144556999206543e-01
9.012622237205505371e-01
1.232167124748229980e+00
1.068445593118667603e-01
4.574862718582153320e-01
-1.542671084403991699e+00
1.051247492432594299e-01
-3.680495619773864746e-01
-4.773248434066772461e-01
-4.542175829410552979e-01
-6.042644381523132324e-01
1.023935794830322266e+00
-3.822289407253265381e-01
-2.719253301620483398e+00
-2.156727075576782227e+00
1.154051780700683594e+00
8.119621872901916504e-01
1.648512363433837891e+00
6.536458730697631836e-01
4.409934878349304199e-01
-8.071171045303344727e-01
1.092694163322448730e+00
-5.585194379091262817e-02
-1.049315333366394043e+00
-9.557083845138549805e-01
9.088640809059143066e-01
2.353096246719360352e+00
9.027732610702514648e-01
-1.464623451232910156e+00
-2.929727435111999512e-01
2.437905788421630859e+00
2.202907800674438477e+00
5.193327069282531738e-01
-1.082595586776733398e+00
-1.125937461853027344e+00
1.055802702903747559e+00
-1.062482833862304688e+00
2.205572873353958130e-01
8.802506327629089355e-01
-8.505034446716308594e-02
1.287125349044799805e+00
4.956161975860595703e-01
-8.374454081058502197e-02
9.479479789733886719e-01
7.633728384971618652e-01
-8.071578741073608398e-01
1.178957939147949219e+00
-1.221830129623413086e+00
-2.943107299506664276e-02
-1.616114497184753418e+00
1.662924528121948242e+00
3.570408523082733154e-01
7.127618044614791870e-02
-1.851201534271240234e+00
4.056126177310943604e-01
-8.387538790702819824e-02
-1.262336134910583496e+00
-3.742274343967437744e-01
-2.211277484893798828e+00
-5.528321862220764160e-01
2.699430473148822784e-02
-4.534733891487121582e-01
-6.609029173851013184e-01
3.888367414474487305e-01
1.329552412033081055e+00
-6.216791272163391113e-01
1.131329655647277832e+00
1.942539215087890625e-01
5.246070623397827148e-01
-3.794193267822265625e-01
-7.771767377853393555e-01
-1.321198105812072754e+00
9.972394108772277832e-01
-9.579734802246093750e-01
-5.760130286216735840e-01
1.433585405349731445e+00
6.216561794281005859e-01
5.199226737022399902e-01
1.159235358238220215e+00
2.763459682464599609e-01
-2.609655559062957764e-01
-5.863768458366394043e-01
2.172927141189575195e+00
5.914699435234069824e-01
-1.259464621543884277e+00
8.949863165616989136e-02
-1.918682575225830078e+00
-1.021882891654968262e-01
-5.904921889305114746e-01
1.872039735317230225e-01
4.231742024421691895e-01
-1.438253164291381836e+00
2.594530284404754639e-01
-1.195817947387695312e+00
-1.525853037834167480e+00
-7.689837813377380371e-01
2.175230026245117188e+00
-1.133592724800109863e+00
4.695885255932807922e-02
6.492307782173156738e-01
-6.435976177453994751e-02
2.184825539588928223e-01
8.867641538381576538e-02
4.809875786304473877e-01
1.192114591598510742e+00
-2.016370773315429688e+00
-2.041006088256835938e+00
8.413124084472656250e-01
-4.810241609811782837e-02
-3.955864906311035156e-01
3.008145332336425781e+00
2.817999422550201416e-01
-1.457049012184143066e+00
7.109717726707458496e-01
2.118168115615844727e+00
1.863246321678161621e+00
-7.691516280174255371e-01
-6.268039345741271973e-01
-1.759262681007385254e-01
-1.129898071289062500e+00
4.263105988502502441e-02
-8.872843384742736816e-01
8.412567973136901855e-01
-1.638244509696960449e+00
1.658755183219909668e+00
9.388779401779174805e-01
5.614028573036193848e-01
2.229887247085571289e+00
-5.343418717384338379e-01
5.536158680915832520e-01
-6.261970400810241699e-01
-7.483548521995544434e-01
-2.076256752014160156e+00
-7.472050189971923828e-02
5.436768531799316406e-01
-2.581578493118286133e+00
2.163548707962036133e+00
-7.604482173919677734e-01
-9.025689214468002319e-03
-3.164549767971038818e-01
-5.482046008110046387e-01
1.325689673423767090e+00
6.018763184547424316e-01
-8.322985768318176270e-01
-5.285419225692749023e-01
8.373191356658935547e-01
3.568898677825927734e+00
6.241548433899879456e-02
9.284225702285766602e-01
-9.307337999343872070e-01
-4.409217834472656250e-01
-3.439789116382598877e-01
-1.585423707962036133e+00
-2.268977403640747070e+00
-1.218906521797180176e+00
2.030945539474487305e+00
1.135556027293205261e-01
1.473980426788330078e+00
2.213813543319702148e+00
4.705431163311004639e-01
1.466434121131896973e+00
-7.897406220436096191e-01
-7.159351706504821777e-01
1.384395360946655273e+00
-1.655453443527221680e-01
1.159389257431030273e+00
-7.341942191123962402e-02
-2.916921079158782959e-01
-2.447089105844497681e-01
-5.599753856658935547e-01
-1.012938261032104492e+00
5.603315234184265137e-01
8.899101018905639648e-01
-1.532314777374267578e+00
1.121066808700561523e+00
-2.365738712251186371e-02
5.033477023243904114e-02
-8.400149345397949219e-01
-4.520757496356964111e-01
-1.072892189025878906e+00
2.000059843063354492e+00
-4.711408540606498718e-02
-4.820109903812408447e-02
3.303099051117897034e-02
8.916034698486328125e-01
7.127686142921447754e-01
-3.845991333946585655e-03
1.393236756324768066e+00
-2.644156694412231445e+00
1.227367043495178223e+00
-1.145697683095932007e-01
-4.562723338603973389e-01
-1.185256958007812500e+00
-1.350554466247558594e+00
7.143691778182983398e-01
2.646307468414306641e+00
-2.363030761480331421e-01
-1.002793550491333008e+00
-2.392667233943939209e-01
-1.395669579505920410e+00
7.123169302940368652e-01
1.543317675590515137e+00
-7.057814002037048340e-01
-1.648885011672973633e+00
1.190686896443367004e-01
-5.538849830627441406e-01
-2.473626852035522461e+00
8.076431751251220703e-01
2.479633808135986328e+00
-4.298993051052093506e-01
5.800321698188781738e-01
5.417470335960388184e-01
2.527455687522888184e-01
-6.475484967231750488e-01
-1.462852597236633301e+00
2.713049650192260742e+00
4.821102619171142578e-01
5.440927147865295410e-01
-1.247407436370849609e+00
-1.796955943107604980e+00
-8.097549527883529663e-02
9.753654003143310547e-01
1.617958426475524902e+00
6.296268105506896973e-01
-7.329761981964111328e-01
3.331296741962432861e-01
1.129540801048278809e-01
-9.515115022659301758e-01
-1.049349784851074219e+00
-2.499177455902099609e-01
1.800037264823913574e+00
6.600475907325744629e-01
2.137642383575439453e+00
-5.208144783973693848e-01
-2.403876185417175293e-02
-4.447712004184722900e-01
2.360655069351196289e+00
3.934435546398162842e-02
-7.779177427291870117e-01
3.474789559841156006e-01
-1.437903642654418945e+00
1.477408170700073242e+00
8.160457611083984375e-01
-1.238434672355651855e+00
-9.486018419265747070e-01
-1.696712017059326172e+00
-5.960785746574401855e-01
-1.251460760831832886e-01
-1.117957353591918945e+00
1.428046107292175293e+00
1.257927775382995605e+00
-4.391932785511016846e-01
4.692395776510238647e-02
4.412176907062530518e-01
4.168125987052917480e-01
1.143373966217041016e+00
1.182920575141906738e+00
2.294783115386962891e+00
-8.936643600463867188e-02
2.133941799402236938e-01
5.604558065533638000e-02
1.984316587448120117e+00
-1.057237386703491211e+00
-7.652766108512878418e-01
3.059386312961578369e-01
1.966133236885070801e+00
-4.267530143260955811e-01
2.212908565998077393e-01
-7.191364169120788574e-01
-5.799754261970520020e-01
-1.853173851966857910e+00
-1.347659707069396973e+00
-1.569205820560455322e-01
1.227848887443542480e+00
8.272781372070312500e-01
-6.035906672477722168e-01
-9.204212427139282227e-01
1.537424445152282715e+00
9.638565778732299805e-01
7.393069863319396973e-01
4.401152953505516052e-02
2.543483078479766846e-01
1.642738878726959229e-01
-3.064057528972625732e-01
-1.429782271385192871e+00
1.219707250595092773e+00
1.092239320278167725e-01
-1.338272094726562500e+00
-6.378174424171447754e-01
1.096783161163330078e+00
2.293177694082260132e-01
-1.279397249221801758e+00
-1.204710483551025391e+00
-8.475162982940673828e-01
-6.431710720062255859e-02
-7.570388913154602051e-01
-1.035172700881958008e+00
-5.087124705314636230e-01
3.578490614891052246e-01
1.710100412368774414e+00
1.517852842807769775e-01
-3.718439042568206787e-01
1.551459550857543945e+00
-7.378360629081726074e-01
4.157802164554595947e-01
7.638084292411804199e-01
-1.338732481002807617e+00
2.782015502452850342e-01
-1.121260404586791992e+00
1.396767616271972656e+00
-1.085090413689613342e-01
3.726344108581542969e-01
-2.114671468734741211e-01
9.581931829452514648e-01
-8.989145047962665558e-03
2.342316657304763794e-01
3.735100030899047852e-01
-6.469125151634216309e-01
9.509180784225463867e-01
-1.986678391695022583e-01
-1.327497363090515137e+00
3.582166135311126709e-01
1.740200757980346680e+00
6.420037150382995605e-01
-1.343188285827636719e+00
5.605304241180419922e-01
-4.453479498624801636e-02
-3.520779609680175781e-01
6.322742104530334473e-01
1.389025092124938965e+00
-5.398608744144439697e-02
-5.069118142127990723e-01
3.203103244304656982e-01
2.107059478759765625e+00
-2.107406854629516602e-01
5.581906437873840332e-01
-1.287557959556579590e+00
8.837990164756774902e-01
-1.821067690849304199e+00
-3.417638540267944336e+00
2.976967990398406982e-01
3.845040500164031982e-01
2.659283578395843506e-01
5.659044384956359863e-01
-1.911952376365661621e+00
3.520447611808776855e-01
-1.484803199768066406e+00
1.080361247062683105e+00
-4.705935418605804443e-01
1.341588020324707031e+00
1.717633008956909180e+00
6.718532443046569824e-01
7.463797330856323242e-01
-1.020925283432006836e+00
3.439564406871795654e-01
-6.415306776762008667e-02
8.003490567207336426e-01
1.311738491058349609e+00
-1.105059981346130371e+00
-7.824761271476745605e-01
1.000313520431518555e+00
-8.385205864906311035e-01
-1.017672792077064514e-01
-1.308993935585021973e+00
-1.289193987846374512e+00
-1.235234022140502930e+00
5.989283919334411621e-01
7.910051941871643066e-01
9.926893711090087891e-01
1.995323784649372101e-02
1.535223007202148438e+00
-1.506434559822082520e+00
-5.730618238449096680e-01
4.516284167766571045e-01
-5.771359056234359741e-02
-5.108151435852050781e-01
-4.308506548404693604e-01
-1.242524147033691406e+00
-1.175550580024719238e+00
1.933079212903976440e-02
-8.721330761909484863e-01
6.084530949592590332e-01
-2.272672653198242188e-01
-4.421895146369934082e-01
-1.035001397132873535e+00
-3.760274946689605713e-01
7.919434905052185059e-01
-1.370124340057373047e+00
1.312584519386291504e+00
4.055526852607727051e-01
-9.214155077934265137e-01
1.435990095138549805e+00
-1.484188884496688843e-01
-3.719649463891983032e-02
-1.446754455566406250e+00
-1.860798716545104980e+00
7.982198596000671387e-01
8.670199513435363770e-01
-1.738395690917968750e+00
1.618360996246337891e+00
-4.061943292617797852e-01
-2.599214792251586914e+00
2.257573008537292480e-01
3.082732856273651123e-01
-1.769016027450561523e+00
1.233753561973571777e-01
-3.368689119815826416e-01
-4.550766050815582275e-01
1.602526187896728516e+00
1.708774089813232422e+00
1.788310527801513672e+00
-8.340706825256347656e-01
6.069779396057128906e-01
-9.133526682853698730e-02
-1.375778198242187500e+00
-1.692309617996215820e+00
-1.051135420799255371e+00
-2.527577877044677734e-01
-5.863389968872070312e-01
-7.377871870994567871e-01
1.097213268280029297e+00
-1.056612014770507812e+00
-1.683844447135925293e+00
4.374212920665740967e-01
5.999865531921386719e-01
6.644817590713500977e-01
1.094001889228820801e+00
-4.926792681217193604e-01
-1.287494778633117676e+00
-2.689267158508300781e+00
-1.280159711837768555e+00
1.468185707926750183e-02
2.002323418855667114e-01
-7.478046417236328125e-01
-4.093821644783020020e-01
-3.157710656523704529e-02
-8.811369538307189941e-02
8.696486800909042358e-02
-1.078021049499511719e+00
5.332584977149963379e-01
-5.081046372652053833e-02
-4.266795143485069275e-02
-9.738273620605468750e-01
-1.847538471221923828e+00
1.304054617881774902e+00
-4.532129466533660889e-01
9.531326293945312500e-01
-1.043086275458335876e-01
-9.070569872856140137e-01
-1.152080059051513672e+00
4.446343705058097839e-02
1.977362751960754395e+00
-2.535479366779327393e-01
-7.336801290512084961e-02
1.074330329895019531e+00
-4.118215441703796387e-01
-5.063002184033393860e-02
3.532986342906951904e-01
1.235701292753219604e-01
-1.197107672691345215e+00
1.215012669563293457e+00
-4.550763368606567383e-01
-5.270763039588928223e-01
1.048809647560119629e+00
-2.762563228607177734e+00
2.386585026979446411e-01
-1.564519643783569336e+00
1.479539513587951660e+00
1.981499493122100830e-01
-2.352020591497421265e-01
1.535062789916992188e+00
-2.550438165664672852e+00
3.710716068744659424e-01
1.042050004005432129e+00
4.108517467975616455e-01
8.538157343864440918e-01
-5.153625607490539551e-01
7.628230452537536621e-01
-1.254219532012939453e+00
1.471259593963623047e+00
-8.737779855728149414e-01
1.154848337173461914e+00
-8.540047407150268555e-01
-3.181252181529998779e-01
-9.938544631004333496e-01
-4.475793838500976562e-01
1.636173874139785767e-01
3.185404300689697266e+00
-1.399714112281799316e+00
-5.183990597724914551e-01
1.144644021987915039e+00
-1.386997818946838379e+00
-1.427940845489501953e+00
-8.615278005599975586e-01
-3.029011189937591553e-01
-4.330621063709259033e-01
1.007733821868896484e+00
-7.706461548805236816e-01
1.926552951335906982e-01
-1.146205306053161621e+00
7.856464385986328125e-01
1.238056540489196777e+00
-1.055469140410423279e-01
-1.314361840486526489e-01
7.562239766120910645e-01
-4.888552725315093994e-01
9.114216566085815430e-01
2.590512633323669434e-01
-8.385886549949645996e-01
5.975805521011352539e-01
-6.085717082023620605e-01
-1.636211752891540527e+00
-4.065080583095550537e-01
-1.314015388488769531e+00
3.482443392276763916e-01
1.522757530212402344e+00
5.968100428581237793e-01
-3.936305344104766846e-01
-1.790646314620971680e-01
-1.434013605117797852e+00
9.209330677986145020e-01
1.420794486999511719e+00
-3.576072454452514648e-01
-8.142086267471313477e-01
-1.799279898405075073e-01
1.222135305404663086e+00
-1.496797055006027222e-01
-1.884687542915344238e-01
-6.550822257995605469e-01
-1.760468184947967529e-01
-1.969172386452555656e-03
9.597303867340087891e-01
-4.660933613777160645e-01
-9.040921330451965332e-01
-1.971888728439807892e-02
-1.251723289489746094e+00
7.950618267059326172e-01
1.171231627464294434e+00
-1.463916301727294922e+00
-2.478554993867874146e-01
-1.232308983802795410e+00
1.238271594047546387e+00
8.668995499610900879e-01
4.942784905433654785e-01
-2.493852525949478149e-01
-4.831881225109100342e-01
4.919643402099609375e-01
-7.686938047409057617e-01
5.722546577453613281e-01
7.693588733673095703e-02
-1.735496759414672852e+00
2.251663655042648315e-01
-2.065713852643966675e-01
1.350768208503723145e-01
7.870979309082031250e-01
-2.131646275520324707e-01
-3.160556793212890625e+00
-1.099889755249023438e+00
1.697228401899337769e-01
-1.033403277397155762e+00
9.999047517776489258e-01
-1.137654423713684082e+00
-1.185019493103027344e+00
-3.959268331527709961e-01
2.141633443534374237e-02
-2.034073173999786377e-01
2.003954499959945679e-01
2.784898579120635986e-01
-4.333879351615905762e-01
7.907896041870117188e-01
1.405371546745300293e+00
-5.435061454772949219e-01
2.007208317518234253e-01
-1.104682326316833496e+00
-6.124800443649291992e-01
-3.290162682533264160e-01
-3.126662671566009521e-01
2.379349172115325928e-01
1.215755105018615723e+00
3.841056227684020996e-01
8.996995091438293457e-01
2.356900721788406372e-01
4.375321567058563232e-01
-1.239353179931640625e+00
5.473456978797912598e-01
1.226382970809936523e+00
-7.273948192596435547e-01
-1.241544723510742188e+00
6.088906899094581604e-02
2.588503360748291016e-01
2.397108793258666992e+00
-5.796912312507629395e-01
6.644176244735717773e-01
-2.838170230388641357e-01
-8.726089000701904297e-01
-7.439391314983367920e-02
-7.280716300010681152e-01
1.049857974052429199e+00
-5.389877557754516602e-01
-1.850155442953109741e-01
5.842143297195434570e-01
4.752056300640106201e-01
4.745239913463592529e-01
-3.558669388294219971e-01
-1.801992654800415039e-01
-4.186366200447082520e-01
2.156904697418212891e+00
7.037878632545471191e-01
-7.447263002395629883e-01
-1.530860066413879395e-01
