4.459171891212463379e-01
7.240735292434692383e-01
4.443118870258331299e-01
9.280635118484497070e-01
6.030123233795166016e-01
-1.544286727905273438e+00
-5.744020268321037292e-02
-1.465753436088562012e+00
-4.706008434295654297e-01
1.458526849746704102e+00
-1.259694337844848633e+00
9.838610887527465820e-01
1.907582044601440430e+00
1.438738584518432617e+00
-7.829190045595169067e-02
-8.266193270683288574e-01
9.221968650817871094e-01
1.077334523200988770e+00
-8.226564526557922363e-01
-2.705225348472595215e-01
1.682506650686264038e-01
5.982757210731506348e-01
1.910164058208465576e-01
-2.301195412874221802e-01
1.359858274459838867e+00
-5.025770068168640137e-01
-6.784717440605163574e-01
-8.789382576942443848e-01
-1.069414138793945312e+00
1.736184597015380859e+00
-2.754637479782104492e+00
1.947528421878814697e-01
-1.191513299942016602e+00
-9.776996821165084839e-02
-2.056492865085601807e-01
1.983444392681121826e-01
1.092917323112487793e+00
-1.985568284988403320e+00
-1.991076171398162842e-01
5.955442190170288086e-01
4.339866638183593750e-01
-2.171078681945800781e+00
5.624153465032577515e-02
-4.138008058071136475e-01
-5.038809776306152344e-01
1.823527574539184570e+00
4.940387010574340820e-01
-2.830354571342468262e-01
-2.266868650913238525e-01
8.057649135589599609e-01
1.376318931579589844e-01
-9.306616187095642090e-01
-1.259417772293090820e+00
-3.145381510257720947e-01
-1.118934988975524902e+00
-7.537599205970764160e-01
5.503768920898437500e-01
8.524237871170043945e-01
7.126827836036682129e-01
-7.615158800035715103e-03
-3.078330755233764648e+00
5.473735556006431580e-02
-1.086361289024353027e+00
4.174038022756576538e-02
5.370550751686096191e-01
5.983135700225830078e-01
8.602983355522155762e-01
1.477449655532836914e+00
-7.278125882148742676e-01
-1.843116164207458496e+00
1.415277361869812012e+00
-8.528369665145874023e-01
-5.040097236633300781e-01
-4.101853668689727783e-01
1.442940831184387207e-01
8.374335616827011108e-02
-4.539090692996978760e-01
4.063123762607574463e-01
6.230990886688232422e-01
1.960009336471557617e-01
-1.334037780761718750e-01
-1.411973714828491211e+00
-6.359397172927856445e-01
6.493498682975769043e-01
-8.136715888977050781e-01
4.310221374034881592e-01
-1.103616476058959961e+00
4.552759230136871338e-02
-2.946376502513885498e-01
4.071920216083526611e-01
-8.401494026184082031e-01
-1.783751964569091797e+00
6.621704697608947754e-01
2.612594664096832275e-01
-1.143602252006530762e+00
-5.011945962905883789e-01
5.852454900741577148e-01
-2.556593716144561768e-01
-2.315636128187179565e-01
4.764565825462341309e-01
-1.776007860898971558e-01
-1.681128025054931641e+00
-5.551699995994567871e-01
-4.489004015922546387e-01
-1.073680520057678223e+00
-6.325740218162536621e-01
-2.892965078353881836e+00
-8.797865360975265503e-02
-8.717699646949768066e-01
6.405673623085021973e-01
-3.903024792671203613e-01
-1.262621998786926270e+00
-2.641551792621612549e-01
3.297949731349945068e-01
-7.080789208412170410e-01
8.276714682579040527e-01
-5.868433043360710144e-02
-1.705861210823059082e+00
9.431973695755004883e-01
1.101184606552124023e+00
-6.358857750892639160e-01
5.135239288210868835e-02
-1.559153944253921509e-01
9.656973481178283691e-01
-5.053163170814514160e-01
8.324596881866455078e-01
1.106916427612304688e+00
-1.086536571383476257e-01
8.079720735549926758e-01
-1.018006056547164917e-01
-4.669829308986663818e-01
-1.009657859802246094e+00
-5.795335173606872559e-01
5.722681283950805664e-01
-2.134365797042846680e+00
7.146845459938049316e-01
-6.701421737670898438e-01
-4.727523028850555420e-01
-3.476259708404541016e-01
5.415018200874328613e-01
-1.523366868495941162e-01
-8.176386356353759766e-01
1.513109207153320312e-01
8.384593725204467773e-01
4.352601170539855957e-01
1.895289272069931030e-01
1.643516309559345245e-02
-1.350830435752868652e+00
3.901661634445190430e-01
-9.579660743474960327e-02
8.636288642883300781e-01
-1.139421463012695312e-01
9.825530648231506348e-02
-1.693378806114196777e+00
6.138643622398376465e-01
-5.822930932044982910e-01
-3.421195745468139648e+00
-1.386958241462707520e+00
3.880147039890289307e-01
3.455339670181274414e-01
-5.895456075668334961e-01
6.171957403421401978e-02
2.180908322334289551e-01
-6.527720093727111816e-01
1.023902893066406250e+00
9.002118110656738281e-01
-3.325749635696411133e-01
2.149307131767272949e-01
-3.767500221729278564e-01
5.299619436264038086e-01
1.398383855819702148e+00
-9.902001619338989258e-01
-1.916782021522521973e+00
4.121794402599334717e-01
-9.417434334754943848e-01
-1.917939186096191406e-01
4.618938267230987549e-01
-5.824001431465148926e-01
-3.905715346336364746e-01
1.343937754631042480e+00
-1.311061382293701172e+00
-2.124143689870834351e-01
-1.594399571418762207e+00
3.586910665035247803e-01
7.655074596405029297e-01
-1.345007896423339844e+00
1.139450073242187500e+00
1.844855993986129761e-01
-8.992826938629150391e-01
1.966718316078186035e+00
-9.163056313991546631e-02
-9.387462139129638672e-01
-3.780900537967681885e-01
7.514193654060363770e-02
9.708467870950698853e-02
4.011410176753997803e-01
1.132366061210632324e+00
1.746620088815689087e-01
7.738941907882690430e-01
-5.097303390502929688e-01
2.957353889942169189e-01
6.086993962526321411e-02
-1.352347433567047119e-02
-1.038872957229614258e+00
1.080974459648132324e+00
-4.613491594791412354e-01
-1.365442395210266113e+00
1.683724164962768555e+00
1.627135515213012695e+00
-1.364669561386108398e+00
-1.433686733245849609e+00
-2.512685954570770264e-01
9.589094519615173340e-01
-1.209080696105957031e+00
-3.347813785076141357e-01
-6.253471374511718750e-01
-6.734789371490478516e+00
-1.048125147819519043e+00
-2.327456474304199219e-01
1.643414497375488281e+00
2.223298072814941406e+00
-8.903409838676452637e-01
-4.432982206344604492e-01
7.776631712913513184e-01
1.334434747695922852e+00
2.980683147907257080e-01
9.442310333251953125e-01
1.544329226016998291e-01
5.569686293601989746e-01
7.015691697597503662e-02
8.450497984886169434e-01
5.238717198371887207e-01
7.373069524765014648e-01
-1.417292356491088867e-01
1.251183032989501953e+00
-3.662343621253967285e-01
2.418567389249801636e-01
1.847681403160095215e+00
-4.941397905349731445e-01
1.216099485754966736e-01
3.320018947124481201e-01
-9.416827559471130371e-02
-6.362963318824768066e-01
-2.120829969644546509e-01
-1.794585704803466797e+00
-1.756893694400787354e-01
1.990280866622924805e+00
8.114395737648010254e-01
5.683240890502929688e-01
-1.733418852090835571e-01
-1.115446805953979492e+00
-4.266838729381561279e-01
3.143491744995117188e-01
1.916381239891052246e+00
1.075725436210632324e+00
-2.012627601623535156e+00
-3.675190210342407227e-01
-2.417449653148651123e-01
-8.890451788902282715e-01
9.669413566589355469e-01
5.132718682289123535e-01
-1.084318995475769043e+00
6.831080317497253418e-01
2.617892064154148102e-02
5.366243720054626465e-01
8.233566284179687500e-01
1.425792276859283447e-01
2.952246069908142090e-01
1.518974360078573227e-02
1.916143149137496948e-01
-3.490673601627349854e-01
-1.105789899826049805e+00
1.467298507690429688e+00
-4.747449234127998352e-02
-1.619341671466827393e-01
-5.501054599881172180e-02
1.741931796073913574e+00
6.488281488418579102e-01
6.348508596420288086e-01
2.873778939247131348e-01
1.235209822654724121e+00
-3.891677558422088623e-01
-4.183116555213928223e-01
3.021645843982696533e-01
2.297708690166473389e-01
7.125748693943023682e-02
-5.506646037101745605e-01
-4.207139313220977783e-01
1.960163116455078125e+00
-2.360146790742874146e-01
-5.592306852340698242e-01
4.540925025939941406e-01
6.990566849708557129e-01
-1.290631651878356934e+00
6.375459432601928711e-01
1.311144232749938965e+00
-1.918482333421707153e-01
-1.246425285935401917e-01
-6.253234744071960449e-01
-8.718870580196380615e-02
-2.449329495429992676e-01
-2.235038578510284424e-01
-9.189777970314025879e-01
6.524887084960937500e-01
3.573067486286163330e-01
4.044961929321289062e-01
7.205697298049926758e-01
1.029671192169189453e+00
-6.201301813125610352e-01
-3.781333863735198975e-01
-3.417270481586456299e-01
5.331530570983886719e-01
-2.196162194013595581e-02
-3.009629547595977783e-01
-5.412483811378479004e-01
-2.435743957757949829e-01
5.285567045211791992e-01
-1.555417478084564209e-01
1.539037942886352539e+00
5.071277022361755371e-01
3.668877184391021729e-01
3.286196589469909668e-01
5.561410784721374512e-01
-1.538191139698028564e-01
7.186942100524902344e-01
2.242077291011810303e-01
1.374176982790231705e-02
3.265935182571411133e-01
1.628764629364013672e+00
1.186644434928894043e+00
-1.110659074038267136e-02
1.699522435665130615e-01
2.678057849407196045e-01
-1.375881433486938477e+00
5.741706490516662598e-01
2.723767161369323730e-01
-1.305481553077697754e+00
-3.607397973537445068e-01
3.079205453395843506e-01
8.394129276275634766e-01
-1.216379404067993164e+00
-1.375084996223449707e+00
2.738169431686401367e-01
5.482040811330080032e-03
-1.704735159873962402e+00
1.922549754381179810e-01
-1.338150024414062500e+00
1.291930079460144043e-01
1.131248474121093750e+00
-5.766298174858093262e-01
-1.890559673309326172e+00
-5.147696137428283691e-01
1.066475987434387207e+00
-9.191719293594360352e-01
-6.694979667663574219e-01
-1.791895478963851929e-01
-3.085723221302032471e-01
-1.092156171798706055e+00
4.361876845359802246e-01
2.094826459884643555e+00
-1.309356451034545898e+00
2.297032028436660767e-01
-6.076545715332031250e-01
-1.521684885025024414e+00
2.149032592773437500e+00
-2.440930366516113281e+00
1.244620561599731445e+00
4.217745363712310791e-02
9.333143383264541626e-02
-7.327298521995544434e-01
1.988475024700164795e-01
-9.924067184329032898e-03
-5.244015455245971680e-01
2.054896831512451172e+00
-1.138405323028564453e+00
7.404599189758300781e-01
-6.807033419609069824e-01
-8.886454701423645020e-01
-3.173491954803466797e-01
8.504824042320251465e-01
-6.596243977546691895e-01
7.223739624023437500e-01
-1.791933536529541016e+00
-9.564197659492492676e-01
-7.608250379562377930e-01
-6.780884861946105957e-01
3.579215407371520996e-01
-3.678033947944641113e-01
-2.083108425140380859e-01
1.254670619964599609e-01
-5.922728180885314941e-01
-5.680463314056396484e-01
5.831679701805114746e-01
-1.127067565917968750e+00
9.146003127098083496e-01
-9.914950132369995117e-01
-3.816364705562591553e-01
5.019162297248840332e-01
-1.195924505591392517e-01
-3.019582629203796387e-01
1.362571239471435547e+00
-1.832297325134277344e+00
-9.489289671182632446e-02
-8.066341280937194824e-01
-1.366307377815246582e+00
1.099892109632492065e-01
4.589054584503173828e-01
-7.988969683647155762e-01
7.527351975440979004e-01
-7.385545372962951660e-01
-9.375780224800109863e-01
-1.195816278457641602e+00
-1.038923025131225586e+00
1.056783199310302734e+00
-1.322931982576847076e-02
3.341640710830688477e+00
-7.736929655075073242e-01
-9.754494763910770416e-03
-3.493398800492286682e-02
8.560498952865600586e-01
-8.946530818939208984e-01
-7.496115565299987793e-01
-3.906314261257648468e-03
1.186449646949768066e+00
-4.784963726997375488e-01
1.357081890106201172e+00
-7.505371570587158203e-01
-5.937657952308654785e-01
1.176876902580261230e+00
-2.278397232294082642e-01
-7.242005318403244019e-02
-1.382876396179199219e+00
1.369913339614868164e+00
-2.587839961051940918e-01
-2.791283130645751953e-01
3.252768516540527344e-01
-7.408834695816040039e-01
8.144497871398925781e-01
1.842947006225585938e+00
-1.567267067730426788e-02
1.524486206471920013e-02
1.865591406822204590e-01
-3.511616289615631104e-01
9.363150596618652344e-01
-4.072487354278564453e-01
-9.062193632125854492e-01
-1.083492264151573181e-01
-1.467902183532714844e+00
-1.643986701965332031e-01
6.163374781608581543e-01
-1.479798793792724609e+00
1.500961780548095703e-01
-9.056974202394485474e-02
2.672547698020935059e-01
-8.621855638921260834e-03
-2.114396333694458008e+00
-8.874859213829040527e-01
8.610580861568450928e-02
-1.209041237831115723e+00
4.437113404273986816e-01
-2.373202294111251831e-01
9.882988929748535156e-01
-4.735971093177795410e-01
-2.348168343305587769e-01
-1.859105229377746582e-01
-7.974997162818908691e-01
-3.710018396377563477e-01
-4.984887242317199707e-01
1.143424034118652344e+00
-8.545561432838439941e-01
9.912096858024597168e-01
3.762307763099670410e-01
-3.321968913078308105e-01
4.368697106838226318e-01
3.763005882501602173e-02
-2.472297549247741699e-01
1.640386581420898438e+00
1.800193637609481812e-01
-1.663779020309448242e+00
8.329089879989624023e-01
1.392071127891540527e+00
-3.892286866903305054e-02
5.655485987663269043e-01
8.138406872749328613e-01
9.660575389862060547e-01
1.219974398612976074e+00
-1.051041364669799805e+00
1.835720688104629517e-01
-7.836719751358032227e-01
1.060718059539794922e+00
-1.385817527770996094e+00
1.176445484161376953e+00
1.297332167625427246e+00
-7.928394079208374023e-01
-4.234688878059387207e-01
1.772658824920654297e-01
1.657749056816101074e+00
-4.462964534759521484e+00
-9.737719297409057617e-01
1.082649528980255127e-01
6.559656858444213867e-01
-2.757392823696136475e-01
-7.858507633209228516e-01
2.621251046657562256e-01
-1.271647930145263672e+00
2.587107717990875244e-01
-1.162622451782226562e+00
-5.360437035560607910e-01
2.164874225854873657e-01
-3.454953730106353760e-01
4.435710310935974121e-01
5.624873638153076172e-01
8.756604976952075958e-03
-1.126704692840576172e+00
5.702332258224487305e-01
3.621925711631774902e-01
-1.885720789432525635e-01
2.759032845497131348e-01
-1.022330641746520996e+00
-1.066476941108703613e+00
1.743848770856857300e-01
-3.251909017562866211e-01
-3.014185726642608643e-01
-9.134432077407836914e-01
8.043292164802551270e-01
1.332601457834243774e-01
-9.986094832420349121e-01
8.277292251586914062e-01
1.381694674491882324e+00
-6.636981368064880371e-01
6.144830584526062012e-01
1.114720940589904785e+00
3.841901421546936035e-01
-1.078945398330688477e+00
-8.098644018173217773e-02
9.210842847824096680e-02
2.987868785858154297e-01
-5.430654883384704590e-01
-3.733825087547302246e-01
-6.408040523529052734e-01
7.089762687683105469e-01
1.795120120048522949e+00
1.494919806718826294e-01
-7.757800221443176270e-01
-3.355984687805175781e-01
1.335636824369430542e-01
1.387631054967641830e-02
7.319008111953735352e-01
-7.248895764350891113e-01
-1.845096230506896973e+00
-7.815910130739212036e-02
-1.329398632049560547e+00
-7.869060635566711426e-01
5.524362325668334961e-01
1.238052025437355042e-01
3.730929493904113770e-01
5.150987207889556885e-02
9.372658729553222656e-01
-1.167318671941757202e-01
-2.626313944347202778e-04
1.039449349045753479e-01
1.262502312660217285e+00
1.307832896709442139e-01
-5.408949851989746094e-01
5.046067833900451660e-01
1.186538100242614746e+00
-1.392483413219451904e-01
1.164505600929260254e+00
8.540672063827514648e-01
-6.033453345298767090e-01
1.054712176322937012e+00
2.298339754343032837e-01
-9.568232297897338867e-01
1.740574836730957031e-01
7.904285788536071777e-01
-1.447219699621200562e-01
8.656932711601257324e-01
-3.502566218376159668e-01
-4.144817888736724854e-01
1.204217553138732910e+00
-9.155078530311584473e-01
5.150095820426940918e-01
-4.833023995161056519e-02
-8.001926541328430176e-01
7.183072566986083984e-01
-7.706204652786254883e-01
1.370815485715866089e-01
-2.303902432322502136e-02
-9.242565631866455078e-01
-1.309665739536285400e-01
8.328508734703063965e-01
-1.056690096855163574e+00
-2.261289656162261963e-01
4.779053032398223877e-01
-1.482771486043930054e-01
-3.471847474575042725e-01
-9.159821271896362305e-01
7.242214679718017578e-01
1.523587703704833984e+00
3.853958845138549805e-01
5.961784720420837402e-01
-4.679090380668640137e-01
1.357187628746032715e-01
-9.726046919822692871e-01
2.824627459049224854e-01
-7.206343412399291992e-01
-6.931484937667846680e-01
-3.456694781780242920e-01
-1.194767713546752930e+00
-2.405850887298583984e-01
2.187099158763885498e-01
-4.539706408977508545e-01
8.045818805694580078e-01
-2.085584551095962524e-01
-8.296464085578918457e-01
1.136576890945434570e+00
-1.808777928352355957e+00
-3.650116324424743652e-01
6.689436435699462891e-01
4.837709665298461914e-02
3.897752463817596436e-01
1.727595329284667969e+00
-9.247243404388427734e-01
1.734953641891479492e+00
-1.972653269767761230e-01
6.979535222053527832e-01
1.234002113342285156e+00
1.817253977060317993e-01
9.323936887085437775e-03
-5.664505958557128906e-01
-4.207689762115478516e-01
-5.182116627693176270e-01
-6.649595499038696289e-01
-9.225891232490539551e-01
2.735980451107025146e-01
5.318092107772827148e-01
-6.074576377868652344e-01
7.834919691085815430e-01
4.860423803329467773e-01
1.309280872344970703e+00
-9.631239175796508789e-01
4.445681273937225342e-01
-1.153401255607604980e+00
6.824102997779846191e-01
1.746307730674743652e+00
-4.575238704681396484e+00
-5.299042463302612305e-01
-4.513591527938842773e-01
7.758228778839111328e-01
9.411357641220092773e-01
-4.172606170177459717e-01
-1.156684517860412598e+00
-2.846650481224060059e-01
5.883839726448059082e-01
-9.909430146217346191e-01
-9.770597815513610840e-01
-4.925414025783538818e-01
-4.134439945220947266e+00
6.534988880157470703e-01
1.404280781745910645e+00
-4.445304274559020996e-01
-1.204341769218444824e+00
-7.910382151603698730e-01
-5.512812733650207520e-01
-2.751877605915069580e-01
7.482740283012390137e-01
9.491727352142333984e-01
3.187760412693023682e-01
1.396282017230987549e-01
-3.576324582099914551e-01
-5.376907587051391602e-01
3.906293809413909912e-01
1.627460867166519165e-01
1.527988195419311523e+00
7.467802166938781738e-01
-7.841712236404418945e-01
-3.364225327968597412e-01
-1.590836167335510254e+00
1.484903097152709961e+00
-1.807086765766143799e-01
-2.003307342529296875e-01
6.404287219047546387e-01
3.971619307994842529e-01
1.552687525749206543e+00
-1.373053312301635742e+00
5.173745155334472656e-01
1.536425054073333740e-01
-1.284312129020690918e+00
-3.850627660751342773e+00
-1.010558962821960449e+00
-7.708022743463516235e-02
3.900472223758697510e-01
9.797579050064086914e-01
-1.160464406013488770e+00
-7.235825061798095703e-01
2.088729381561279297e+00
-2.102180480957031250e+00
1.762316226959228516e-01
-9.271028637886047363e-01
1.007542729377746582e+00
7.836673855781555176e-01
-4.293108284473419189e-01
-2.455694198608398438e+00
-1.092592701315879822e-01
1.296190917491912842e-01
-5.287824273109436035e-01
2.406615495681762695e+00
4.396160244941711426e-01
-4.218563735485076904e-01
-2.965635061264038086e-02
-5.056078433990478516e-01
-7.950720787048339844e-01
-4.909015074372291565e-02
-5.009236335754394531e-01
-1.630959272384643555e+00
5.422875881195068359e-01
6.991097703576087952e-03
4.432445764541625977e-01
-2.014706730842590332e-01
-1.326852679252624512e+00
-2.808131873607635498e-01
2.510645151138305664e+00
1.102630138397216797e+00
2.563734650611877441e-01
1.562601089477539062e+00
-4.404148161411285400e-01
7.418709993362426758e-01
1.060570597648620605e+00
-5.202195644378662109e-01
-2.619044184684753418e-01
3.989479690790176392e-02
-8.660045266151428223e-01
-8.967438936233520508e-01
9.982010126113891602e-01
1.348447442054748535e+00
5.796936154365539551e-01
8.582618832588195801e-01
-4.560866653919219971e-01
-3.755393922328948975e-01
2.917729318141937256e-01
-7.724897861480712891e-01
-8.454926609992980957e-01
-6.637202948331832886e-02
1.665838241577148438e+00
3.420938551425933838e-01
-7.243054509162902832e-01
2.047051489353179932e-01
-5.933938622474670410e-01
7.623051106929779053e-02
-5.628575086593627930e-01
6.356527209281921387e-01
-2.930090427398681641e-01
-1.850446701049804688e+00
-5.600101351737976074e-01
-3.658877909183502197e-01
-1.145690679550170898e+00
-1.852388143539428711e+00
-5.156735181808471680e-01
1.042792201042175293e+00
-6.831668317317962646e-03
5.716177225112915039e-01
-6.663947105407714844e-01
2.494187653064727783e-01
9.824974089860916138e-02
6.588171124458312988e-01
7.917912006378173828e-01
1.135543704032897949e+00
6.591862440109252930e-01
