-1.307534933090209961e+00
5.341942906379699707e-01
8.058754801750183105e-01
9.816995859146118164e-01
2.697353959083557129e-01
-9.326004385948181152e-01
-1.575520634651184082e+00
9.848214685916900635e-02
6.647561788558959961e-01
8.631038665771484375e-01
2.418759822845458984e+00
-5.876176953315734863e-01
7.683780789375305176e-01
-5.354060977697372437e-02
-1.288314819335937500e+00
6.993182003498077393e-02
-9.748535156250000000e-01
-9.789188504219055176e-01
-1.148089691996574402e-01
2.646522819995880127e-01
-4.274546802043914795e-01
-8.744266629219055176e-02
7.323300838470458984e-01
8.734573125839233398e-01
-5.473302677273750305e-02
-1.056633234024047852e+00
-6.959035992622375488e-01
9.985792040824890137e-01
-5.194097161293029785e-01
1.743531823158264160e+00
-1.492213308811187744e-01
-9.385031461715698242e-02
-1.746898055076599121e+00
-5.933532118797302246e-01
3.743107914924621582e-01
3.507962524890899658e-01
-1.070661664009094238e+00
-2.138569593429565430e+00
-2.548382580280303955e-01
-3.018128871917724609e-01
-7.427796125411987305e-01
-6.488696336746215820e-01
2.539756774902343750e+00
3.510904014110565186e-01
-3.068901598453521729e-01
7.222504019737243652e-01
4.775730893015861511e-02
-7.614723443984985352e-01
-8.217107653617858887e-01
9.898164868354797363e-02
-1.416484452784061432e-02
5.231102108955383301e-01
-6.664643287658691406e-01
-8.450760245323181152e-01
-4.397877454757690430e-01
-1.446638703346252441e-01
7.458163499832153320e-01
-8.166262507438659668e-01
-2.286031991243362427e-01
7.072142362594604492e-01
-9.141654968261718750e-01
1.137238144874572754e+00
5.643286705017089844e-01
-4.266700744628906250e-01
-2.352570742368698120e-01
-3.679913878440856934e-01
7.411416172981262207e-01
1.991323083639144897e-01
1.510315179824829102e+00
-1.512400031089782715e+00
6.448861956596374512e-01
-1.265988469123840332e+00
-5.024762153625488281e-01
-1.618074297904968262e+00
-2.960564494132995605e-01
9.346429705619812012e-01
6.309469342231750488e-01
-6.340888738632202148e-01
1.301615595817565918e+00
1.114371776580810547e+00
3.543379008769989014e-01
-5.283610224723815918e-01
7.230545282363891602e-01
-9.628424644470214844e-01
-5.179842114448547363e-01
2.522354841232299805e+00
-7.836599349975585938e-01
1.176043987274169922e+00
-1.554445385932922363e+00
1.146774172782897949e+00
5.824155211448669434e-01
-3.773379564285278320e+00
-9.758489131927490234e-01
5.888318419456481934e-01
8.504162728786468506e-02
6.672137379646301270e-01
-8.262006044387817383e-01
3.500421643257141113e-01
7.545235157012939453e-01
1.534177541732788086e+00
-6.495631933212280273e-01
-2.217327594757080078e+00
7.323898077011108398e-01
-5.622288584709167480e-01
-3.773871064186096191e-01
-4.121031165122985840e-01
-1.398118257522583008e+00
2.224327564239501953e+00
-9.851644933223724365e-02
-4.390140175819396973e-01
1.124655246734619141e+00
5.363435149192810059e-01
7.617587596178054810e-02
-9.743219017982482910e-01
-9.802100807428359985e-02
1.071019291877746582e+00
-5.515084266662597656e-01
-4.156718254089355469e+00
-3.232778608798980713e-01
8.340179920196533203e-01
-2.369018793106079102e-01
5.010608434677124023e-01
-1.130824804306030273e+00
1.114241242408752441e+00
-3.515257537364959717e-01
5.650460720062255859e-01
6.142858862876892090e-01
-6.837129592895507812e-01
-9.835164248943328857e-02
-7.744503617286682129e-01
6.132787466049194336e-01
-1.402692198753356934e+00
6.484530568122863770e-01
-1.376172780990600586e+00
-2.879791259765625000e+00
3.591939508914947510e-01
-3.085474073886871338e-01
-1.017882823944091797e+00
-9.379625916481018066e-01
7.102028131484985352e-01
-8.486816287040710449e-01
2.006670236587524414e-01
1.299668192863464355e+00
-2.227503992617130280e-02
5.624812245368957520e-01
-8.748127818107604980e-01
-1.487684130668640137e+00
2.106870412826538086e+00
1.278697967529296875e+00
-1.453775882720947266e+00
4.444853663444519043e-01
-7.653697729110717773e-01
-1.014246225357055664e+00
6.637881398200988770e-01
1.476059556007385254e+00
-1.123480558395385742e+00
-1.382696628570556641e+00
2.440855026245117188e+00
8.582864403724670410e-01
1.123045325279235840e+00
-2.005081176757812500e-01
-1.820834279060363770e+00
7.144346237182617188e-01
-8.022810220718383789e-01
-4.563438296318054199e-01
5.572863668203353882e-02
-3.246226608753204346e-01
3.360859751701354980e-01
-2.083958864212036133e+00
3.880651593208312988e-01
-6.920356154441833496e-01
-3.780414462089538574e-01
-1.724188566207885742e+00
-2.543474733829498291e-01
-7.170282602310180664e-01
4.574759006500244141e-01
-4.592261016368865967e-01
-4.856376647949218750e-01
-1.920059621334075928e-01
2.629515230655670166e-01
-3.827115893363952637e-01
-7.280027270317077637e-01
-1.865821957588195801e+00
8.988196849822998047e-01
-5.728901177644729614e-02
-1.435494899749755859e+00
-1.598473042249679565e-01
-8.626739978790283203e-01
-2.615171372890472412e-01
2.679279804229736328e+00
1.442982349544763565e-02
-1.258195161819458008e+00
-4.793693721294403076e-01
-8.421533703804016113e-01
2.495148330926895142e-01
1.359877824783325195e+00
5.738422870635986328e-01
-3.504200279712677002e-01
-9.993172287940979004e-01
-6.457735300064086914e-01
-5.562763214111328125e-01
1.020805478096008301e+00
-7.678062915802001953e-01
-1.012934803962707520e+00
7.200429439544677734e-01
1.154249459505081177e-01
-1.592131614685058594e+00
2.069430202245712280e-01
1.473198771476745605e+00
3.253798186779022217e-01
-2.412547826766967773e+00
-2.198541164398193359e-01
4.827242493629455566e-01
-1.039744377136230469e+00
9.549428820610046387e-01
-7.581839561462402344e-01
-7.195687770843505859e+00
-1.035932660102844238e+00
-6.189619898796081543e-01
8.809538483619689941e-01
3.443576395511627197e-01
5.663195848464965820e-01
-8.933141827583312988e-01
8.191587328910827637e-01
-2.588278651237487793e-01
2.548738010227680206e-02
5.834515094757080078e-01
5.738995075225830078e-01
-3.633298575878143311e-01
-3.867352306842803955e-01
8.755192756652832031e-01
-8.038578629493713379e-01
1.052174091339111328e+00
2.238527834415435791e-01
2.178911924362182617e+00
8.743735402822494507e-02
1.228251218795776367e+00
3.355780243873596191e-01
6.566034555435180664e-01
-5.836343169212341309e-01
2.484423965215682983e-01
-1.419026613235473633e+00
-1.837504506111145020e-01
1.103520989418029785e+00
-1.889489889144897461e+00
8.895853757858276367e-01
1.631877541542053223e+00
1.081303000450134277e+00
-9.264400601387023926e-02
-1.786793768405914307e-01
-4.798926711082458496e-01
-2.012109994888305664e+00
-7.487998008728027344e-01
-9.431444108486175537e-02
2.183498144149780273e+00
-1.258209943771362305e+00
1.142008543014526367e+00
-7.363960742950439453e-01
-3.243538737297058105e-01
-4.761247336864471436e-01
-6.125875115394592285e-01
-9.699766635894775391e-01
-1.148620963096618652e+00
-1.045362234115600586e+00
-6.902218461036682129e-01
9.039636254310607910e-01
-8.210061192512512207e-01
-7.958161830902099609e-01
-2.156568765640258789e+00
-1.713496923446655273e+00
7.300041913986206055e-01
1.110640540719032288e-01
-2.172930687665939331e-01
-1.599642634391784668e-02
-1.080424666404724121e+00
-3.624204635620117188e+00
-5.558575391769409180e-01
-5.228392481803894043e-01
-1.071336269378662109e+00
-4.500019922852516174e-02
9.455218911170959473e-01
3.687479197978973389e-01
4.762551188468933105e-01
1.559266448020935059e+00
4.445337653160095215e-01
1.700102835893630981e-01
-4.199325144290924072e-01
-3.277318179607391357e-01
6.988294720649719238e-01
6.541041731834411621e-01
-6.958820223808288574e-01
1.344630002975463867e+00
1.025638103485107422e+00
5.676897048950195312e+00
-2.852399945259094238e-01
-1.118541717529296875e+00
-1.170769706368446350e-01
4.223826229572296143e-01
-8.595831990242004395e-01
-5.981239676475524902e-01
-1.211367845535278320e-01
-1.051528573036193848e+00
-8.445252478122711182e-02
-7.842839956283569336e-01
8.571550846099853516e-01
6.861056089401245117e-01
-2.316279262304306030e-01
5.495539307594299316e-01
-3.465889990329742432e-01
-2.129866629838943481e-01
-1.094362735748291016e+00
2.909075319766998291e-01
-6.510586142539978027e-01
1.043676137924194336e+00
-9.032655358314514160e-01
8.690180182456970215e-01
6.547068357467651367e-01
1.682639718055725098e+00
1.408964246511459351e-01
-8.882290720939636230e-01
-7.289746403694152832e-01
4.441808909177780151e-02
1.129840612411499023e+00
2.080903291702270508e+00
7.784074544906616211e-01
1.821980714797973633e+00
1.074899315834045410e+00
7.380844354629516602e-01
-7.620961666107177734e-01
1.719073392450809479e-02
-1.592357873916625977e+00
-1.245890021324157715e+00
-1.299909830093383789e+00
2.360426485538482666e-01
6.578167676925659180e-01
-1.055257439613342285e+00
-1.608090400695800781e-01
-8.798053264617919922e-01
3.550773859024047852e-01
-1.371994733810424805e+00
-3.517220616340637207e-01
-4.270074665546417236e-01
-9.277638196945190430e-01
-5.757850408554077148e-01
-1.215957283973693848e+00
-1.401420593261718750e+00
-3.902498781681060791e-01
-6.990700215101242065e-02
1.029121398925781250e+00
-8.064934015274047852e-01
-3.464774489402770996e-01
-4.644484817981719971e-01
-5.942908525466918945e-01
9.001646637916564941e-01
-1.229912638664245605e+00
2.471763640642166138e-01
6.351248025894165039e-01
-5.093374252319335938e-01
5.787661075592041016e-01
-2.203515358269214630e-02
-2.450511604547500610e-01
-2.400353103876113892e-01
5.001955032348632812e-01
-4.409001767635345459e-01
1.263577044010162354e-01
-5.701304674148559570e-01
6.075478196144104004e-01
-3.337424695491790771e-01
-4.623213708400726318e-01
-1.136320114135742188e+00
-1.914507746696472168e-01
4.188364371657371521e-02
2.395290881395339966e-01
1.944901585578918457e+00
-1.566156625747680664e+00
-1.176812872290611267e-01
5.704386234283447266e-01
-2.927850186824798584e-01
-4.107036590576171875e-01
6.692252159118652344e-01
1.571216225624084473e+00
5.997890233993530273e-01
-2.481115341186523438e+00
-1.230587005615234375e+00
-1.755491256713867188e+00
-6.340569853782653809e-01
-3.527629673480987549e-01
-2.571152448654174805e-01
1.138277292251586914e+00
1.330090880393981934e+00
2.543058693408966064e-01
9.050183296203613281e-01
1.032317519187927246e+00
-3.408806920051574707e-01
-4.040310084819793701e-01
-5.328564643859863281e-01
-1.851365923881530762e+00
-2.953266799449920654e-01
-9.219384193420410156e-01
9.730069339275360107e-02
2.603947743773460388e-02
-6.550570130348205566e-01
-2.251275777816772461e-01
9.445071220397949219e-01
-2.593620717525482178e-01
7.209441065788269043e-01
-1.353412032127380371e+00
-8.632157742977142334e-02
8.172205686569213867e-01
-9.434099793434143066e-01
-8.943407535552978516e-01
-2.011022716760635376e-01
9.837288856506347656e-01
2.900727689266204834e-01
-1.678375750780105591e-01
4.653346538543701172e+00
1.145489215850830078e+00
5.221483111381530762e-01
-5.399606227874755859e-01
-5.181121230125427246e-01
1.031825020909309387e-01
-1.619564533233642578e+00
1.218846738338470459e-01
1.593761205673217773e+00
-1.013112068176269531e+00
1.039809346199035645e+00
3.171451687812805176e-01
8.181686401367187500e-01
-2.826802134513854980e-01
-1.709816306829452515e-01
2.388810664415359497e-01
1.758216023445129395e-01
1.070127487182617188e+00
6.511537432670593262e-01
-9.891974925994873047e-01
6.890363097190856934e-01
7.137764692306518555e-01
9.157437831163406372e-02
1.029414534568786621e+00
-1.033981740474700928e-01
8.146702647209167480e-01
-2.894201576709747314e-01
6.251463294029235840e-01
5.332976579666137695e-01
5.905600786209106445e-01
5.292398333549499512e-01
4.499064683914184570e-01
-1.073003292083740234e+00
1.149934887886047363e+00
-1.385276317596435547e+00
-1.811168551445007324e+00
1.068544030189514160e+00
6.161034703254699707e-01
3.679557144641876221e-02
-1.038437008857727051e+00
-2.024856805801391602e+00
3.468679189682006836e-01
1.572792649269104004e+00
1.873020827770233154e-01
1.756611347198486328e+00
1.237986683845520020e+00
-5.388166308403015137e-01
-1.554272174835205078e+00
1.279913634061813354e-01
-8.947004079818725586e-01
7.892297506332397461e-01
-1.311349868774414062e-01
-7.644323110580444336e-01
8.472464680671691895e-01
-1.294277459383010864e-01
1.444182634353637695e+00
1.644186824560165405e-01
-9.064634442329406738e-01
-1.231021285057067871e+00
-1.144343852996826172e+00
3.201245069503784180e-01
9.597012996673583984e-01
-7.354482263326644897e-02
-1.133407473564147949e+00
4.163699746131896973e-01
-2.344699203968048096e-01
4.801391959190368652e-01
6.721200942993164062e-01
-5.548972487449645996e-01
7.148461341857910156e-01
9.912100434303283691e-01
8.869859576225280762e-01
-1.537120461463928223e+00
-6.010918617248535156e-01
-3.987125456333160400e-01
-1.449148297309875488e+00
-3.578989207744598389e-01
2.054426074028015137e-01
1.557322263717651367e+00
-1.811485767364501953e+00
4.346089959144592285e-01
8.775226771831512451e-02
-4.272763729095458984e+00
1.754692673683166504e+00
3.333092927932739258e-01
-4.270376563072204590e-01
6.009493470191955566e-01
1.018575906753540039e+00
9.059171080589294434e-01
-1.514078140258789062e+00
-8.950956910848617554e-02
6.966674327850341797e-02
2.671005725860595703e-01
5.693119764328002930e-01
-5.759345293045043945e-01
-8.482825160026550293e-01
-4.686500728130340576e-01
-1.012454867362976074e+00
5.809272527694702148e-01
8.864725232124328613e-01
6.304638385772705078e-01
-3.244118690490722656e-01
2.389469146728515625e-01
-4.661768376827239990e-01
-1.088129520416259766e+00
-6.852947473526000977e-01
6.357911974191665649e-02
-1.125445723533630371e+00
1.197086796164512634e-01
6.954464912414550781e-01
-4.866071939468383789e-01
-6.649487018585205078e-01
-1.354117870330810547e+00
-3.952321596443653107e-03
-1.242995038628578186e-01
7.376174330711364746e-01
1.902219176292419434e+00
3.561656773090362549e-01
-1.328485727310180664e+00
6.482793688774108887e-01
-6.376793980598449707e-01
-2.756160259246826172e+00
5.725149437785148621e-02
-1.770170569419860840e+00
-8.654951453208923340e-01
1.648625373840332031e+00
8.272668719291687012e-01
3.327760100364685059e-01
-4.530427157878875732e-01
-6.582562923431396484e-01
1.350462436676025391e+00
7.565773725509643555e-01
-1.341544151306152344e+00
3.713477551937103271e-01
-1.063257336616516113e+00
4.954470098018646240e-01
3.846701681613922119e-01
1.044021368026733398e+00
-1.155934095382690430e+00
1.097470045089721680e+00
5.377696752548217773e-01
-3.271492123603820801e-01
1.371009349822998047e-01
6.916291117668151855e-01
5.300269126892089844e-01
6.129979491233825684e-01
1.523249745368957520e+00
-5.211549401283264160e-01
-2.268092334270477295e-01
7.482599616050720215e-01
8.079826235771179199e-01
1.478474885225296021e-01
2.612000405788421631e-01
2.141160488128662109e+00
7.938253693282604218e-03
8.358695358037948608e-02
-3.089047968387603760e-01
-3.337632417678833008e-01
-7.685239911079406738e-01
-1.346200704574584961e+00
1.008067846298217773e+00
1.142661571502685547e+00
6.938755512237548828e-02
-2.818750143051147461e-01
8.090165257453918457e-01
-5.468142628669738770e-01
8.298193812370300293e-01
7.430845499038696289e-01
-1.041831254959106445e+00
-5.315141081809997559e-01
-1.634313613176345825e-01
-1.231268286705017090e+00
-4.170503020286560059e-01
-3.783753812313079834e-01
8.900997638702392578e-01
3.424246609210968018e-01
3.643846809864044189e-01
-7.333145141601562500e-01
3.868796825408935547e-01
4.822763502597808838e-01
4.568633437156677246e-01
4.282404482364654541e-01
1.394732743501663208e-01
1.864546686410903931e-01
-7.433559298515319824e-01
3.764268755912780762e-01
1.351404905319213867e+00
3.176771998405456543e-01
-4.872094839811325073e-02
-3.997831046581268311e-01
-1.194942593574523926e+00
2.601096034049987793e-01
-8.797260522842407227e-01
4.649411141872406006e-01
1.156685948371887207e+00
9.644300341606140137e-01
-5.179352164268493652e-01
6.935999989509582520e-01
7.717994451522827148e-01
-1.168433189392089844e+00
1.389627933502197266e+00
1.016152381896972656e+00
-3.436558246612548828e-01
5.394900441169738770e-01
-3.346020877361297607e-01
-8.036351799964904785e-01
-6.871960163116455078e-01
-2.558657646179199219e+00
-1.266188144683837891e+00
5.010853409767150879e-01
6.739144325256347656e-01
3.236621618270874023e-01
-3.162512481212615967e-01
8.041575551033020020e-01
-2.438481092453002930e+00
6.682406663894653320e-01
2.540894448757171631e-01
-6.795440912246704102e-01
-6.595841050148010254e-01
-1.142746329307556152e+00
6.128202080726623535e-01
-1.898661613464355469e+00
3.724830150604248047e-01
-5.956787243485450745e-02
5.268717408180236816e-01
8.714133501052856445e-01
-1.406983613967895508e+00
2.115270495414733887e-01
9.322166442871093750e-01
-1.470229327678680420e-01
2.305842399597167969e+00
-1.389601945877075195e+00
1.050357222557067871e+00
-4.033608138561248779e-01
-2.413399815559387207e-01
-1.299127221107482910e+00
-3.029251694679260254e-01
-4.601439535617828369e-01
-8.294395208358764648e-01
1.278107643127441406e+00
5.132255554199218750e-01
-4.338945746421813965e-01
-1.945865869522094727e+00
1.897291541099548340e-01
6.982368826866149902e-01
-7.302514910697937012e-01
3.626766502857208252e-01
1.015505552291870117e+00
1.234117150306701660e+00
9.519133716821670532e-02
6.695755124092102051e-01
-4.058898687362670898e-01
3.759594857692718506e-01
5.502645969390869141e-01
4.206122457981109619e-01
2.229792773723602295e-01
-1.119690895080566406e+00
4.109956622123718262e-01
1.957710027694702148e+00
2.437859535217285156e+00
-7.171533107757568359e-01
-1.564644575119018555e+00
-1.433915942907333374e-01
4.874301254749298096e-01
-1.171855688095092773e+00
-2.628813982009887695e-01
3.958006799221038818e-01
8.478158712387084961e-02
1.405935406684875488e+00
-2.111618369817733765e-01
-2.313538193702697754e-01
-3.480767011642456055e-01
-1.684423208236694336e+00
-4.351537704467773438e+00
-2.602185010910034180e-01
-6.516061425209045410e-01
1.639056682586669922e+00
1.965652465820312500e+00
6.963775753974914551e-01
-7.001551985740661621e-01
8.541901707649230957e-01
-7.183467596769332886e-02
-1.352772474288940430e+00
-7.300248742103576660e-01
-1.678078413009643555e+00
-1.415739655494689941e+00
7.544233202934265137e-01
-2.583748698234558105e-01
-4.782079905271530151e-02
-2.282019555568695068e-01
5.237227305769920349e-02
2.693191289901733398e+00
-7.224230766296386719e-01
-3.673112154006958008e+00
4.930599927902221680e-01
-3.924649059772491455e-01
-7.941954135894775391e-01
-6.779411435127258301e-01
-3.391530811786651611e-01
-3.972517549991607666e-01
4.843974113464355469e-01
3.018691539764404297e-01
-1.318560361862182617e+00
8.841670304536819458e-02
2.258679717779159546e-01
3.249691054224967957e-02
-4.654886722564697266e-01
-1.026390433311462402e+00
-7.849703431129455566e-01
2.186772674322128296e-01
6.987804770469665527e-01
1.123152449727058411e-01
8.703727126121520996e-01
-5.423983931541442871e-02
-1.843011140823364258e+00
-8.698346614837646484e-01
-1.242891788482666016e+00
-1.079694330692291260e-01
-5.019156336784362793e-01
1.364950835704803467e-01
1.408471584320068359e+00
2.552415728569030762e-01
4.413844048976898193e-01
1.228397130966186523e+00
-6.615383625030517578e-01
-1.600988805294036865e-01
-1.384308099746704102e+00
1.022760629653930664e+00
-2.455493658781051636e-01
5.197788476943969727e-01
1.014161109924316406e-01
-3.878685235977172852e-01
7.104213833808898926e-01
-3.828534483909606934e-01
-6.295812726020812988e-01
3.011007010936737061e-01
1.725208461284637451e-01
-9.154813885688781738e-01
-2.002170324325561523e+00
-6.153253912925720215e-01
6.730465888977050781e-01
2.407168626785278320e+00
1.145410180091857910e+00
-3.942028284072875977e-01
-1.025106549263000488e+00
-1.439383745193481445e+00
9.875673055648803711e-01
1.312811732292175293e+00
5.434489250183105469e-01
3.595218956470489502e-01
1.299175769090652466e-01
1.592682003974914551e-01
-2.366451919078826904e-01
