2.846603691577911377e-01
-4.618347585201263428e-01
9.550988078117370605e-01
-5.777050852775573730e-01
1.234131380915641785e-01
-1.584510684013366699e+00
1.032726883888244629e+00
1.735062301158905029e-01
3.304091691970825195e-01
9.481529593467712402e-01
5.438584685325622559e-01
-1.083476066589355469e+00
-1.062849387526512146e-01
-4.592446088790893555e-01
-1.207150891423225403e-02
3.163826763629913330e-01
-6.405735611915588379e-01
-4.530620202422142029e-02
-3.031889498233795166e-01
-1.140218257904052734e+00
-2.400397956371307373e-01
3.509896621108055115e-02
1.625906944274902344e+00
-3.163516521453857422e-01
3.796186149120330811e-01
-1.234663009643554688e+00
1.515430361032485962e-01
6.996884346008300781e-01
-2.258366823196411133e+00
2.188969135284423828e+00
-2.455044984817504883e+00
-8.067446947097778320e-01
-1.159791231155395508e+00
-3.625472486019134521e-01
-1.967949718236923218e-01
-3.846726417541503906e-01
-1.962593793869018555e-01
-4.274737834930419922e+00
-1.718080937862396240e-01
8.538877964019775391e-01
-1.702074885368347168e+00
-1.552688121795654297e+00
7.722463607788085938e-01
-1.769103527069091797e+00
-2.366424649953842163e-01
1.073212996125221252e-01
1.787091642618179321e-01
-1.335049629211425781e+00
-1.886829495429992676e+00
-1.110227465629577637e+00
-1.274910807609558105e+00
-1.012381672859191895e+00
6.620686054229736328e-01
1.161628007888793945e+00
4.359590411186218262e-01
-7.855047583580017090e-01
-3.583486974239349365e-01
-9.152073264122009277e-01
-1.598272323608398438e-01
1.263844013214111328e+00
1.507760286331176758e+00
-6.298966407775878906e-01
2.664563059806823730e-01
1.263040423393249512e+00
1.700455784797668457e+00
4.672817289829254150e-01
1.405963778495788574e+00
2.340897470712661743e-01
4.889723360538482666e-01
-5.968803763389587402e-01
4.371826648712158203e-01
-6.442594528198242188e-01
-1.119742035865783691e+00
-2.540956974029541016e+00
-6.691653132438659668e-01
6.063771843910217285e-01
3.360330164432525635e-01
-8.754498958587646484e-01
-9.056341648101806641e-01
-1.298512578010559082e+00
3.645462393760681152e-01
-5.391162633895874023e-01
-2.019889116287231445e+00
-1.384529352188110352e+00
6.875693053007125854e-02
5.354155302047729492e-01
-1.655008554458618164e+00
8.676564693450927734e-01
-9.527627825736999512e-01
-1.804803609848022461e-01
2.506675243377685547e+00
-3.422344923019409180e+00
4.419586360454559326e-01
4.749642014503479004e-01
7.914783954620361328e-01
3.246086835861206055e-01
1.056563019752502441e+00
5.896648168563842773e-01
-3.702229261398315430e-01
-1.016574740409851074e+00
-3.270703256130218506e-01
-1.991310238838195801e+00
5.538430213928222656e-01
5.918620228767395020e-01
-1.426505088806152344e+00
1.656806021928787231e-01
-7.597121596336364746e-01
-2.377678900957107544e-01
-5.185983777046203613e-01
-8.591793477535247803e-02
-1.384988129138946533e-01
5.897968411445617676e-01
-8.565797805786132812e-01
-1.463725924491882324e+00
1.774524152278900146e-01
-6.968861818313598633e-01
3.730117082595825195e-01
-5.211723804473876953e+00
-2.276716679334640503e-01
1.244036555290222168e+00
-4.854781329631805420e-01
1.105110168457031250e+00
-1.416635155677795410e+00
9.201100468635559082e-01
-5.255888104438781738e-01
6.374443173408508301e-01
2.365150451660156250e+00
-5.099734663963317871e-02
1.069511175155639648e+00
-4.901017248630523682e-01
-9.461661428213119507e-02
7.527894377708435059e-01
2.763049304485321045e-01
-3.049733400344848633e+00
-6.857674121856689453e-01
1.050125002861022949e+00
-8.673969507217407227e-01
-1.595507264137268066e-01
1.016932800412178040e-01
4.754773676395416260e-01
-1.702922582626342773e-02
-1.803370118141174316e-01
1.086307764053344727e+00
1.875984191894531250e+00
-2.992330789566040039e-01
-2.520471811294555664e-02
-5.831241607666015625e-01
-3.042913973331451416e-01
8.512922525405883789e-01
1.418718934059143066e+00
-2.034566998481750488e-01
-1.439330339431762695e+00
3.017009496688842773e-01
-8.448930978775024414e-01
8.268651366233825684e-01
-1.548610925674438477e-01
-2.730550289154052734e+00
-1.542301893234252930e+00
6.908551454544067383e-01
2.984334230422973633e-01
-5.356837511062622070e-01
-3.140258491039276123e-01
-1.214673161506652832e+00
-5.568325519561767578e-01
1.956015080213546753e-01
8.747066855430603027e-01
-1.224245548248291016e+00
5.941813588142395020e-01
-6.335125118494033813e-02
-2.841097414493560791e-01
-4.483662843704223633e-01
-3.443015217781066895e-01
-1.000722646713256836e+00
3.690078854560852051e-01
4.155652970075607300e-02
-8.859711140394210815e-02
5.841289162635803223e-01
1.139362677931785583e-01
-8.683411478996276855e-01
1.084905743598937988e+00
1.269411593675613403e-01
-1.675432324409484863e+00
-8.782029151916503906e-01
6.405354738235473633e-01
3.746581375598907471e-01
-1.715509057044982910e+00
-1.093070030212402344e+00
8.567962050437927246e-01
-1.253481745719909668e+00
1.925820112228393555e+00
4.163430333137512207e-01
-1.000197291374206543e+00
-6.875389218330383301e-01
2.137026339769363403e-01
4.910805523395538330e-01
4.152722060680389404e-01
7.343770861625671387e-01
7.820719480514526367e-01
-4.358802437782287598e-01
-7.459883689880371094e-01
1.007098674774169922e+00
1.185501933097839355e+00
-3.833674192428588867e-01
-1.079738855361938477e+00
-1.032094717025756836e+00
-1.141537070274353027e+00
-5.932646393775939941e-01
-3.081468045711517334e-01
8.156259655952453613e-01
-6.736572831869125366e-02
-7.781624794006347656e-01
8.537420034408569336e-01
-4.909666478633880615e-01
-1.217787384986877441e+00
-3.168579638004302979e-01
5.786516666412353516e-01
2.598638534545898438e+00
1.121261239051818848e+00
5.146505311131477356e-02
1.532341986894607544e-01
1.458251953125000000e+00
9.020882844924926758e-01
-1.499454736709594727e+00
-2.136211842298507690e-01
4.393200278282165527e-01
1.297470211982727051e+00
4.267863035202026367e-01
5.390670895576477051e-02
6.946479678153991699e-01
4.269342720508575439e-01
8.393996953964233398e-01
-1.972551047801971436e-01
4.929649233818054199e-01
5.541799068450927734e-01
4.482594728469848633e-01
1.246571838855743408e-01
1.519600391387939453e+00
1.926101326942443848e+00
4.707860052585601807e-01
1.293042395263910294e-02
-2.745915018022060394e-02
-2.608941793441772461e+00
1.187612488865852356e-01
1.347315430641174316e+00
-1.364998102188110352e+00
2.038577757775783539e-02
3.734360039234161377e-01
-8.403791785240173340e-01
-1.163600161671638489e-01
-1.520588994026184082e+00
-2.202620267868041992e+00
-2.063393220305442810e-02
7.717701792716979980e-02
-4.635152518749237061e-01
1.999813318252563477e+00
-7.522201538085937500e-01
-6.507382392883300781e-01
-4.036446809768676758e-01
-1.416995882987976074e+00
-1.389396309852600098e+00
-5.870893597602844238e-01
-1.772724539041519165e-01
1.007509708404541016e+00
-1.241490125656127930e+00
-2.420596480369567871e-01
3.400294780731201172e-01
4.018214046955108643e-01
1.767172217369079590e+00
-1.527010083198547363e+00
-5.065945982933044434e-01
7.615438103675842285e-01
-6.689873337745666504e-01
1.436161994934082031e-01
-7.053834199905395508e-01
-6.987504959106445312e-01
-9.363026022911071777e-01
1.240586280822753906e+00
1.270408630371093750e-01
1.532071590423583984e+00
-1.386913895606994629e+00
1.318768501281738281e+00
-7.749357819557189941e-01
1.214524880051612854e-01
1.467593431472778320e+00
4.270839989185333252e-01
4.608742892742156982e-01
-1.490210652351379395e+00
-1.681068301200866699e+00
-1.234879612922668457e+00
-5.370494723320007324e-01
-1.956355571746826172e-01
1.108323812484741211e+00
1.153528332710266113e+00
2.434547185897827148e+00
-2.672055661678314209e-01
6.378463506698608398e-01
7.079933285713195801e-01
1.512157320976257324e+00
5.747210383415222168e-01
-4.039793014526367188e-01
-4.955400228500366211e-01
-7.723217010498046875e-01
-2.749122083187103271e-01
-1.467771768569946289e+00
2.890402793884277344e+00
1.486460685729980469e+00
-4.230125844478607178e-01
2.289302587509155273e+00
-9.963165223598480225e-02
1.037073493003845215e+00
-1.204022765159606934e+00
-4.072194993495941162e-01
2.712063491344451904e-01
1.376592278480529785e+00
-1.112451314926147461e+00
-1.257831305265426636e-01
7.392421960830688477e-01
1.306296706199645996e+00
6.953477263450622559e-01
-3.070373088121414185e-02
-1.163481831550598145e+00
2.019421577453613281e+00
1.683428168296813965e+00
6.699264645576477051e-01
-1.635243594646453857e-01
1.759025216102600098e+00
-2.531805038452148438e-01
-3.589032292366027832e-01
-6.028065681457519531e-01
-5.167372226715087891e-01
-9.849274158477783203e-01
-9.667446017265319824e-01
-1.766386389732360840e+00
8.337365388870239258e-01
7.674153447151184082e-01
-7.702175974845886230e-01
-1.853761434555053711e+00
1.430372744798660278e-01
5.345373153686523438e-01
-6.982392668724060059e-01
7.805306464433670044e-02
-9.175081849098205566e-01
-1.345915913581848145e+00
4.778946042060852051e-01
9.363976716995239258e-01
3.866877853870391846e-01
-2.359202623367309570e+00
1.076917409896850586e+00
-2.012954950332641602e+00
1.211556345224380493e-01
-1.230877637863159180e+00
3.254842460155487061e-01
-2.343024164438247681e-01
3.975160717964172363e-01
-9.930676817893981934e-01
6.374815106391906738e-02
8.428485393524169922e-01
2.990250289440155029e-01
5.239798128604888916e-02
1.585334658622741699e+00
-1.233891248703002930e+00
-3.129505515098571777e-01
-1.239615440368652344e+00
-1.355903387069702148e+00
1.043970465660095215e+00
-1.723987609148025513e-01
3.574400842189788818e-01
2.261997312307357788e-01
-7.896801829338073730e-01
-2.555483281612396240e-01
9.333241581916809082e-01
3.145409822463989258e-01
1.489886879920959473e+00
-8.455595374107360840e-01
-1.644904613494873047e+00
-1.104606389999389648e+00
-7.877605557441711426e-01
5.978018641471862793e-01
-7.218480706214904785e-01
4.365104138851165771e-01
1.636089920997619629e+00
3.258997797966003418e-01
-2.426891565322875977e+00
-1.236698627471923828e+00
-1.891121029853820801e+00
-1.380846142768859863e+00
8.455242514610290527e-01
-5.003450512886047363e-01
1.174760609865188599e-01
1.067319154739379883e+00
-1.801705598831176758e+00
-3.209860622882843018e-02
-1.779621243476867676e+00
5.556191802024841309e-01
9.874732494354248047e-01
-7.591363787651062012e-01
-1.187914729118347168e+00
2.362480312585830688e-01
7.312653064727783203e-01
9.463183879852294922e-01
3.009227812290191650e-01
-3.839145183563232422e+00
1.410679817199707031e+00
-5.537661314010620117e-01
-2.223561331629753113e-02
-6.440238356590270996e-01
-1.496260285377502441e+00
1.832396835088729858e-01
5.307731032371520996e-01
-3.922922313213348389e-01
-6.574591398239135742e-01
-2.395131587982177734e+00
1.929496765136718750e+00
-4.944365620613098145e-01
-2.179130017757415771e-01
4.013639926910400391e+00
8.183159232139587402e-01
1.157543897628784180e+00
-2.230968177318572998e-01
4.138286411762237549e-01
-1.121396794915199280e-01
-2.438821077346801758e+00
1.412040233612060547e+00
2.724494338035583496e-01
-1.279667615890502930e+00
5.598249435424804688e-01
-6.229650378227233887e-01
1.090237200260162354e-01
6.494135260581970215e-01
-1.819942235946655273e+00
1.001028537750244141e+00
9.132077097892761230e-01
-3.314417600631713867e-01
8.047610521316528320e-02
1.142937466502189636e-01
1.134150624275207520e+00
-7.854530811309814453e-01
5.847977995872497559e-01
4.110605269670486450e-02
8.875700831413269043e-01
-7.641723752021789551e-02
-1.545963406562805176e+00
-1.234599232673645020e+00
3.904889523983001709e-01
9.109147787094116211e-01
-7.429740428924560547e-01
2.138291597366333008e-01
3.676268160343170166e-01
8.218758106231689453e-01
-3.311508893966674805e-01
-1.095632091164588928e-01
3.231692612171173096e-01
1.140115782618522644e-01
1.814173221588134766e+00
-2.120114266872406006e-01
-7.541182637214660645e-01
1.408995032310485840e+00
1.126461863517761230e+00
-1.403099894523620605e+00
-1.342907905578613281e+00
-3.740892410278320312e-01
-3.915856778621673584e-01
-7.501444816589355469e-01
3.466929495334625244e-01
-8.733859062194824219e-01
3.375620245933532715e-01
2.057080566883087158e-01
-2.839244127273559570e+00
3.928673565387725830e-01
-5.390248894691467285e-01
-3.435565233230590820e-01
5.124151110649108887e-01
2.455991506576538086e-02
-7.227395772933959961e-01
-1.187555670738220215e+00
-5.723027512431144714e-02
2.560090065002441406e+00
-4.155767858028411865e-01
-6.714441180229187012e-01
-1.012077927589416504e+00
1.011267781257629395e+00
9.070004820823669434e-01
1.251637816429138184e+00
2.186088413000106812e-01
4.274886250495910645e-01
-6.122037768363952637e-02
4.963536560535430908e-01
1.889723092317581177e-01
6.287071108818054199e-01
4.205447435379028320e-01
-4.878022074699401855e-01
-7.888231277465820312e-01
3.900925815105438232e-01
1.614712774753570557e-01
-4.710853993892669678e-01
-8.503811806440353394e-02
-1.076939478516578674e-01
-3.435422897338867188e+00
3.067779242992401123e-01
-1.013093292713165283e-01
-7.926337122917175293e-01
5.953403115272521973e-01
1.783556491136550903e-01
-6.443276405334472656e-01
-1.971220970153808594e+00
1.190779685974121094e+00
2.648242413997650146e-01
-6.030879020690917969e-01
1.280507564544677734e+00
3.235804289579391479e-02
-3.334838449954986572e-01
-5.665234327316284180e-01
-1.428846955299377441e+00
-4.324996173381805420e-01
1.760283857583999634e-01
1.931913644075393677e-01
-8.627284169197082520e-01
-2.742314338684082031e-01
-6.215107440948486328e-01
3.008377365767955780e-02
4.601785540580749512e-01
5.976797938346862793e-01
-2.664672434329986572e-01
7.132921218872070312e-01
1.741813421249389648e-01
7.106313109397888184e-01
-1.429271459579467773e+00
5.109265446662902832e-01
1.231596946716308594e+00
-1.523093938827514648e+00
1.001967906951904297e+00
5.629808902740478516e-01
1.798099994659423828e+00
1.904828101396560669e-02
-7.077159732580184937e-02
-8.181844949722290039e-01
9.461714029312133789e-01
-2.949038743972778320e-01
-2.252435922622680664e+00
8.273511379957199097e-02
1.012685298919677734e+00
6.974878907203674316e-01
1.622901111841201782e-01
8.035414814949035645e-01
-9.451810121536254883e-01
8.101808428764343262e-01
1.082082867622375488e+00
1.886759139597415924e-02
7.952464222908020020e-01
-6.846420001238584518e-03
-4.742421209812164307e-02
-1.818325161933898926e+00
-1.755383610725402832e+00
-9.248985648155212402e-01
1.447403311729431152e+00
2.407471835613250732e-01
-1.012348890304565430e+00
1.331804513931274414e+00
1.285399079322814941e+00
1.010181188583374023e+00
1.544563770294189453e-01
3.531553447246551514e-01
3.010743856430053711e-01
1.176955819129943848e+00
4.630794823169708252e-01
1.270514369010925293e+00
2.669245600700378418e-01
2.089254856109619141e+00
1.426126122474670410e+00
-7.890342473983764648e-01
1.294054627418518066e+00
-1.929721385240554810e-01
-6.174846887588500977e-01
1.796899676322937012e+00
-2.049400091171264648e+00
1.064846396446228027e+00
-7.401890754699707031e-01
-4.041629135608673096e-01
-1.359166502952575684e+00
2.909423112869262695e-01
-1.083262443542480469e+00
1.983461678028106689e-01
-2.903109788894653320e-02
-2.456644624471664429e-01
-4.367986023426055908e-01
4.770243465900421143e-01
2.164136916399002075e-01
1.045884490013122559e+00
-8.967727422714233398e-01
7.536479085683822632e-02
-6.523731946945190430e-01
-7.268024981021881104e-02
-1.219355463981628418e+00
3.531602025032043457e-02
4.937823414802551270e-01
2.215560436248779297e+00
-1.247107267379760742e+00
-4.632074534893035889e-01
5.555301904678344727e-01
7.021838799118995667e-03
4.886905550956726074e-01
-3.021617531776428223e-01
7.096604108810424805e-01
2.181037217378616333e-01
1.713331639766693115e-01
-1.804699778556823730e+00
2.882271111011505127e-01
-7.691914439201354980e-01
-1.425464868545532227e+00
-1.684359163045883179e-01
7.306629419326782227e-01
6.574304103851318359e-01
-5.195032358169555664e-01
-2.114769965410232544e-01
-8.147354125976562500e-01
-1.229281276464462280e-01
-5.874645709991455078e-01
5.161154866218566895e-01
-7.748920917510986328e-01
-9.555035233497619629e-01
-1.982389986515045166e-01
3.939641714096069336e-01
-1.399066329002380371e+00
-1.117737650871276855e+00
9.558374881744384766e-01
6.142977476119995117e-01
1.458751916885375977e+00
-1.663627326488494873e-01
7.605977058410644531e-01
-1.202698826789855957e+00
-1.528325438499450684e+00
-3.820148408412933350e-01
1.736568957567214966e-01
8.821697235107421875e-01
-1.466197848320007324e+00
1.775084495544433594e+00
-2.563879251480102539e+00
1.315047264099121094e+00
1.265937685966491699e+00
2.175897121429443359e+00
6.591939330101013184e-01
1.512926697731018066e+00
1.008993014693260193e-01
-3.465149700641632080e-01
4.329397380352020264e-01
3.926990509033203125e+00
-1.004949212074279785e+00
-1.321201086044311523e+00
-4.122384488582611084e-01
1.319589495658874512e+00
1.235345244407653809e+00
-1.441541612148284912e-01
7.745828032493591309e-01
3.136515617370605469e-01
-4.163578897714614868e-02
7.857011556625366211e-01
-1.120941862463951111e-01
-1.331834793090820312e+00
-1.100999236106872559e+00
1.768757700920104980e+00
-7.045393586158752441e-01
-1.507887959480285645e+00
4.595429897308349609e-01
5.845120549201965332e-01
1.028700113296508789e+00
1.393231868743896484e+00
1.185771822929382324e+00
-1.578234508633613586e-02
1.299763083457946777e+00
2.046972274780273438e+00
-2.174029648303985596e-01
5.205405354499816895e-01
-4.091361761093139648e-01
1.707215785980224609e+00
1.115031957626342773e+00
-5.212820172309875488e-01
-6.730197072029113770e-01
-1.704824209213256836e+00
3.346954882144927979e-01
-4.994700253009796143e-01
3.604451119899749756e-01
1.836816430091857910e+00
2.404282689094543457e-01
2.069517612457275391e+00
6.318794935941696167e-02
-2.971779406070709229e-01
-1.827569603919982910e+00
-1.362458586692810059e+00
-7.263461589813232422e+00
4.499943554401397705e-01
-1.344447493553161621e+00
-6.441915631294250488e-01
2.471119880676269531e+00
-1.110538020730018616e-01
-2.561522006988525391e+00
9.420837461948394775e-02
-2.288612872362136841e-01
1.415553450584411621e+00
3.974119126796722412e-01
1.427591681480407715e+00
2.941670417785644531e-01
-1.672546625137329102e+00
-2.023660659790039062e+00
-1.229683279991149902e+00
1.754433661699295044e-01
9.723369479179382324e-01
3.597591638565063477e+00
-7.451887130737304688e-01
-3.502737998962402344e+00
6.698737144470214844e-01
-1.777426838874816895e+00
-9.659894704818725586e-01
-1.138221286237239838e-02
-2.404541075229644775e-01
-7.129570841789245605e-01
4.996457695960998535e-01
1.488000154495239258e+00
-9.230522513389587402e-01
6.604201197624206543e-01
5.538296103477478027e-01
-8.252385258674621582e-02
-1.165893912315368652e+00
-7.609629631042480469e-01
6.155212521553039551e-01
3.199774920940399170e-01
-6.061195135116577148e-01
-1.705635637044906616e-01
2.010435014963150024e-01
-5.885444879531860352e-01
4.302587807178497314e-01
-1.379561543464660645e+00
3.885973691940307617e-01
-1.375081896781921387e+00
3.515262603759765625e-01
-1.960361301898956299e-01
1.101291298866271973e+00
1.005352139472961426e+00
-6.819915175437927246e-01
1.121240735054016113e+00
4.960277378559112549e-01
-1.265188157558441162e-01
-7.833043932914733887e-01
1.135302901268005371e+00
1.718725264072418213e-01
-4.324993193149566650e-01
3.980942070484161377e-01
-3.388221859931945801e-01
1.240319490432739258e+00
-1.256731390953063965e+00
-2.143203318119049072e-01
-1.048562765121459961e+00
8.485978841781616211e-01
-5.348820090293884277e-01
-2.584683418273925781e+00
-1.430913805961608887e+00
9.243142008781433105e-01
2.161538362503051758e+00
1.042995452880859375e-01
1.414470911026000977e+00
7.754783332347869873e-02
-8.248820304870605469e-01
1.828289628028869629e+00
-9.322175979614257812e-01
1.658059716224670410e+00
-6.423815488815307617e-01
8.395783305168151855e-01
5.154045224189758301e-01
1.009388491511344910e-01
