1.249635338783264160e+00
3.885964453220367432e-01
3.985575437545776367e-01
-7.145075201988220215e-01
-6.975190639495849609e-01
-1.458496332168579102e+00
5.125056505203247070e-01
1.406201869249343872e-01
-2.360035419464111328e+00
-2.273648738861083984e+00
1.284999132156372070e+00
-1.872693538665771484e+00
7.695758938789367676e-01
6.565836071968078613e-01
-4.362038671970367432e-01
-6.650660037994384766e-01
-5.952700972557067871e-01
4.501862823963165283e-01
-5.919428467750549316e-01
1.171137452125549316e+00
1.371863782405853271e-01
-1.564402341842651367e+00
6.492999196052551270e-01
-4.083296954631805420e-01
1.370970368385314941e+00
1.126696467399597168e+00
3.380263149738311768e-01
1.144506096839904785e+00
-2.186920166015625000e+00
1.172601461410522461e+00
3.444220125675201416e-01
5.855689644813537598e-01
-1.982747554779052734e+00
9.044133871793746948e-02
-4.748927652835845947e-01
3.121451139450073242e-01
-3.779861927032470703e-01
-3.913162946701049805e+00
3.266554698348045349e-02
-1.271125301718711853e-02
-1.718230605125427246e+00
-6.474571824073791504e-01
-4.774252697825431824e-02
-3.085786998271942139e-01
8.137421607971191406e-01
6.779885888099670410e-01
5.756579637527465820e-01
2.839456796646118164e-01
3.020164556801319122e-02
8.864722847938537598e-01
-2.640996826812624931e-03
-6.230268478393554688e-01
-8.150322437286376953e-01
4.558603465557098389e-01
1.339423954486846924e-01
-1.792133331298828125e+00
4.905167222023010254e-02
1.630166620016098022e-01
6.581068038940429688e-01
-5.321424007415771484e-01
-6.139122843742370605e-01
6.048046946525573730e-01
1.677801847457885742e+00
-6.197749376296997070e-01
1.625919461250305176e+00
-1.095214635133743286e-01
5.257319808006286621e-01
2.332945019006729126e-01
9.129366874694824219e-01
-8.039975762367248535e-01
-6.085405871272087097e-02
3.991420269012451172e-01
1.455995440483093262e-01
-8.984196931123733521e-02
-9.746446609497070312e-01
1.117708921432495117e+00
-5.770381689071655273e-01
5.835590362548828125e-01
-1.774256676435470581e-02
1.300715327262878418e+00
4.327639341354370117e-01
6.913754940032958984e-01
-1.214177966117858887e+00
-2.971171028912067413e-02
4.039277434349060059e-01
-7.475649118423461914e-01
-6.326149702072143555e-01
-7.539890706539154053e-02
-8.482276201248168945e-01
-1.068105220794677734e+00
-1.488025784492492676e+00
-9.198178052902221680e-01
7.588325142860412598e-01
1.377458810806274414e+00
-9.038111567497253418e-02
6.288024783134460449e-01
1.508002161979675293e+00
5.700904726982116699e-01
-1.323333859443664551e+00
-3.647052645683288574e-01
7.903727889060974121e-01
9.961356520652770996e-01
7.229478359222412109e-01
-3.145414590835571289e-01
-1.363223910331726074e+00
-1.367452621459960938e+00
-2.174209356307983398e+00
1.026407837867736816e+00
-7.642560452222824097e-02
-2.348834723234176636e-01
8.483536243438720703e-01
1.659690499305725098e+00
-1.195265889167785645e+00
-1.117949366569519043e+00
2.087876200675964355e-01
-7.515683025121688843e-02
2.592734992504119873e-01
-5.622629523277282715e-01
-3.696295022964477539e-01
1.893968343734741211e+00
-8.806218951940536499e-02
5.324912071228027344e-01
-4.032041132450103760e-01
6.750023961067199707e-01
7.651215195655822754e-01
-1.002983331680297852e+00
7.783018946647644043e-01
1.319883584976196289e+00
-1.331094384193420410e+00
-1.012101531028747559e+00
8.423040509223937988e-01
-1.844281792640686035e+00
6.633999943733215332e-01
-4.824293851852416992e-01
-2.488303184509277344e+00
-7.795100808143615723e-01
3.680682927370071411e-02
-1.448995023965835571e-01
-5.250415205955505371e-01
1.920063346624374390e-01
-7.648404687643051147e-02
1.661198496818542480e+00
1.355342984199523926e+00
-7.119974493980407715e-01
-1.480561137199401855e+00
-3.179306983947753906e-01
5.520563125610351562e-01
-1.730197668075561523e+00
1.925383508205413818e-01
-5.775173902511596680e-01
2.765848934650421143e-01
-4.647032022476196289e-01
-2.965162098407745361e-01
-4.961429536342620850e-01
1.756320118904113770e+00
7.755846530199050903e-02
-1.504517197608947754e+00
-6.027992963790893555e-01
-6.169873476028442383e-01
-1.449072360992431641e-01
7.807524800300598145e-01
-4.005736708641052246e-01
4.774773716926574707e-01
-7.587116360664367676e-01
2.336065173149108887e-01
-1.224298477172851562e+00
-5.981521606445312500e-01
8.753935247659683228e-02
-6.162833571434020996e-01
4.779119789600372314e-01
-4.325040876865386963e-01
-2.170093536376953125e+00
-1.042791962623596191e+00
1.214922308921813965e+00
4.418317973613739014e-01
1.511281967163085938e+00
1.043379545211791992e+00
3.521081060171127319e-02
1.294360961765050888e-02
1.498925685882568359e+00
-1.794011145830154419e-01
-9.232505559921264648e-01
-9.821305274963378906e-01
4.729319736361503601e-02
7.163332104682922363e-01
5.182856321334838867e-01
-1.867205262184143066e+00
-3.098180890083312988e-01
2.066197872161865234e+00
7.231558561325073242e-01
3.255346789956092834e-02
-7.899674177169799805e-01
-5.610215663909912109e-01
1.065254807472229004e+00
-5.601794123649597168e-01
-2.687141895294189453e-01
1.022699713706970215e+00
2.059564143419265747e-01
1.246361255645751953e+00
-2.392271161079406738e-01
-9.120010733604431152e-01
1.995572686195373535e+00
1.742963194847106934e+00
-7.257037758827209473e-01
1.204697966575622559e+00
-9.671584367752075195e-01
1.549389004707336426e+00
-1.811017870903015137e+00
4.073420464992523193e-01
-3.405779600143432617e-01
1.029786467552185059e-01
-7.523229122161865234e-01
9.328884482383728027e-01
2.344945222139358521e-01
-2.766181528568267822e-01
-4.506903290748596191e-01
-3.145242452621459961e+00
-2.319977581501007080e-01
-6.978845596313476562e-02
-4.291014373302459717e-01
3.458350002765655518e-01
5.232849121093750000e-01
1.239711999893188477e+00
-5.533927306532859802e-02
6.152301430702209473e-01
-4.953395575284957886e-02
6.129212975502014160e-01
4.418455660343170166e-01
-5.068868398666381836e-01
-1.863983869552612305e+00
3.767814338207244873e-01
-1.589780926704406738e+00
-7.179366350173950195e-01
4.759021401405334473e-01
2.287366241216659546e-01
5.671103596687316895e-01
9.256030917167663574e-01
5.549885034561157227e-01
-8.501370549201965332e-01
-1.982645094394683838e-01
8.222108483314514160e-01
5.003005862236022949e-01
-1.050546407699584961e+00
1.059328466653823853e-01
-1.833106398582458496e+00
3.787908852100372314e-01
-4.739496111869812012e-01
8.524396270513534546e-02
1.696738302707672119e-01
-9.167629480361938477e-01
6.605736017227172852e-01
-9.060829281806945801e-01
-2.122247219085693359e+00
-1.315833330154418945e+00
2.151396512985229492e+00
-7.912148237228393555e-01
-2.627035379409790039e-01
9.918300509452819824e-01
-8.040339350700378418e-01
1.101787760853767395e-01
5.629002451896667480e-01
2.522536516189575195e-01
1.416501879692077637e+00
-8.785315155982971191e-01
-8.936133384704589844e-01
1.408563971519470215e+00
-4.196529462933540344e-02
-4.767202138900756836e-01
3.868196249008178711e+00
6.314257979393005371e-01
-7.290711402893066406e-01
8.450614809989929199e-01
1.134940028190612793e+00
1.254210114479064941e+00
-5.706967711448669434e-01
3.641585707664489746e-01
-8.896336555480957031e-01
-6.323954463005065918e-02
8.506353199481964111e-02
-1.666934847831726074e+00
1.213769793510437012e+00
-1.845060825347900391e+00
1.256803631782531738e+00
4.615609645843505859e-01
6.415289640426635742e-02
1.165303826332092285e+00
-2.400261908769607544e-01
2.510083317756652832e-01
-2.780849337577819824e-01
-6.489871740341186523e-01
-2.295990228652954102e+00
2.308731228113174438e-01
2.805398702621459961e-01
-2.025092124938964844e+00
1.344512701034545898e+00
-1.350208282470703125e+00
-4.001660943031311035e-01
-8.753028512001037598e-01
1.726863235235214233e-01
1.069459915161132812e+00
2.747878134250640869e-01
-1.975383281707763672e+00
-1.171886697411537170e-01
2.444267421960830688e-01
2.337230443954467773e+00
7.793019413948059082e-01
1.707058399915695190e-01
-1.113844037055969238e+00
2.086076140403747559e-02
1.423806250095367432e-01
-1.905248045921325684e+00
-2.175438880920410156e+00
-5.740012526512145996e-01
1.066998839378356934e+00
2.444259077310562134e-01
1.075173020362854004e+00
1.183016300201416016e+00
3.774393498897552490e-01
1.038350820541381836e+00
-1.625257660634815693e-03
-1.029817342758178711e+00
1.309712648391723633e+00
7.765226960182189941e-01
-1.935820132493972778e-01
-1.379114627838134766e+00
1.111014246940612793e+00
-3.604222089052200317e-02
-6.093751788139343262e-01
-1.308567404747009277e+00
8.715373873710632324e-01
-6.124191284179687500e-01
-4.880704283714294434e-01
1.452470779418945312e+00
3.872199952602386475e-01
7.423409074544906616e-02
-8.779129981994628906e-01
-5.773359537124633789e-01
-1.082980036735534668e+00
2.292370319366455078e+00
-3.607598245143890381e-01
6.419120430946350098e-01
-4.159524440765380859e-01
8.297674655914306641e-01
7.426630854606628418e-01
4.119050204753875732e-01
1.455574870109558105e+00
-1.034354448318481445e+00
8.750046491622924805e-01
-8.450638055801391602e-01
9.832810610532760620e-02
-6.452062129974365234e-01
-1.518924713134765625e+00
5.648623108863830566e-01
6.500460505485534668e-01
-9.345273375511169434e-01
-2.413868010044097900e-01
-5.063224434852600098e-01
-9.989195466041564941e-01
-3.490690886974334717e-01
1.745974540710449219e+00
1.644820719957351685e-01
-1.146831870079040527e+00
5.898213386535644531e-01
-3.660722374916076660e-01
-1.774473905563354492e+00
-4.375558793544769287e-01
1.449199795722961426e+00
-7.124512195587158203e-01
9.157880544662475586e-01
9.921976327896118164e-01
-3.382610678672790527e-01
-5.339587330818176270e-01
-9.612435102462768555e-01
2.526556730270385742e+00
8.950648903846740723e-01
5.039382576942443848e-01
-3.750105202198028564e-01
-9.516613483428955078e-01
-4.672337472438812256e-01
1.139010906219482422e+00
9.263761043548583984e-01
6.024333834648132324e-01
3.440320193767547607e-01
3.908369541168212891e-01
-5.056392550468444824e-01
-1.707715541124343872e-01
-6.831435561180114746e-01
-3.824857175350189209e-01
1.183504939079284668e+00
-1.033106684684753418e+00
1.377634406089782715e+00
5.175929665565490723e-01
1.535263285040855408e-02
-9.779990911483764648e-01
2.047801971435546875e+00
-7.223798036575317383e-01
-1.142162203788757324e+00
-2.418491989374160767e-01
-7.857258319854736328e-01
3.620488047599792480e-01
-2.139713019132614136e-01
-1.010614037513732910e+00
-2.182854115962982178e-01
-6.480520367622375488e-01
-1.717468738555908203e+00
-6.013680100440979004e-01
-4.981448128819465637e-02
1.273110747337341309e+00
5.830754637718200684e-01
-8.443442583084106445e-01
-1.244404092431068420e-01
1.658629775047302246e-01
-5.434466004371643066e-01
8.316172361373901367e-01
1.268611311912536621e+00
1.158599853515625000e+00
-4.771879613399505615e-01
-3.826189041137695312e-01
-4.077109396457672119e-01
2.005414009094238281e+00
-3.639370203018188477e-01
-1.612049490213394165e-01
2.507114112377166748e-01
1.654317140579223633e+00
-6.635160446166992188e-01
4.245179891586303711e-01
-1.279446840286254883e+00
-1.080963611602783203e+00
-1.296269893646240234e+00
-3.738145828247070312e-01
-5.166855454444885254e-01
1.918406963348388672e+00
-1.950273662805557251e-01
-1.022266626358032227e+00
-9.356946945190429688e-01
7.218447923660278320e-01
8.116950392723083496e-01
7.589449882507324219e-01
6.775315403938293457e-01
6.160557866096496582e-01
-1.215759992599487305e+00
-9.477099031209945679e-02
-1.144766807556152344e+00
1.766452938318252563e-01
1.021675229072570801e+00
-6.785830855369567871e-01
-9.921926856040954590e-01
1.840080916881561279e-01
8.396878838539123535e-02
-1.338404536247253418e+00
-8.578703403472900391e-01
-8.768417239189147949e-01
-4.159194529056549072e-01
-1.071644783020019531e+00
-6.874448060989379883e-01
-3.694971501827239990e-01
5.353068709373474121e-01
8.659581542015075684e-01
-1.434454768896102905e-01
-5.363943800330162048e-02
1.169798731803894043e+00
3.252444788813591003e-02
-3.395187556743621826e-01
8.604296445846557617e-01
-1.163803696632385254e+00
-1.521595418453216553e-01
5.324475094676017761e-02
1.508296489715576172e+00
-3.167374730110168457e-01
1.132072091102600098e+00
5.570067167282104492e-01
1.789002180099487305e+00
-5.839938521385192871e-01
4.287084341049194336e-01
-3.705593645572662354e-01
-9.302819371223449707e-01
7.738753557205200195e-01
-1.546259075403213501e-01
-1.087788343429565430e+00
1.145170569419860840e+00
4.920451343059539795e-01
-3.965262174606323242e-01
-8.290675282478332520e-01
1.284230232238769531e+00
3.096986711025238037e-01
-8.577238321304321289e-01
8.408440947532653809e-01
2.395621240139007568e-01
-6.371085643768310547e-01
-1.058729171752929688e+00
7.979179620742797852e-01
1.689882040023803711e+00
-3.406783938407897949e-01
5.080062150955200195e-01
-1.750824689865112305e+00
1.016761541366577148e+00
-8.159657716751098633e-01
-2.265840291976928711e+00
1.135686516761779785e+00
-3.822147548198699951e-01
4.693516343832015991e-02
4.047896862030029297e-01
-8.851230144500732422e-01
7.434943914413452148e-01
-1.842394828796386719e+00
1.329904347658157349e-01
-6.212067008018493652e-01
-9.171621203422546387e-01
-2.608587145805358887e-01
4.824571013450622559e-01
6.076428890228271484e-01
-2.055106759071350098e-01
-4.570326507091522217e-01
5.912801250815391541e-02
7.478942275047302246e-01
1.518042087554931641e+00
-4.438437521457672119e-01
-1.059357047080993652e+00
8.275831341743469238e-01
-1.827236264944076538e-01
-5.910826325416564941e-01
-3.742751181125640869e-01
-1.369179725646972656e+00
-6.332815885543823242e-01
4.108232855796813965e-01
6.468641161918640137e-01
2.673439309000968933e-02
2.468614280223846436e-01
1.367467880249023438e+00
1.386825442314147949e-01
-6.728138923645019531e-01
1.762919545173645020e+00
1.021952271461486816e+00
-9.132212400436401367e-01
1.499269753694534302e-01
-1.485246658325195312e+00
-1.026358485221862793e+00
3.664231896400451660e-01
-1.071592092514038086e+00
2.693493664264678955e-01
-1.131252646446228027e+00
-6.172606945037841797e-01
-2.026922702789306641e-01
-1.496596187353134155e-01
1.409118056297302246e+00
-3.387757241725921631e-01
5.917259454727172852e-01
5.132455229759216309e-01
-1.732960820198059082e+00
1.320109963417053223e+00
5.142374038696289062e-01
5.058625936508178711e-01
-1.391074895858764648e+00
-1.657597422599792480e+00
-5.281476974487304688e-01
6.169186234474182129e-01
-1.336017131805419922e+00
9.931334257125854492e-01
-1.032767519354820251e-01
-2.319407224655151367e+00
8.628832101821899414e-01
1.384804487228393555e+00
-1.379189014434814453e+00
-2.935987114906311035e-01
1.856943219900131226e-01
-4.316334724426269531e-01
5.667120814323425293e-01
8.150485157966613770e-01
1.975620627403259277e+00
-1.896178275346755981e-01
5.872464179992675781e-01
1.457650065422058105e-01
-1.801552414894104004e+00
-9.029376506805419922e-01
-1.516464591026306152e+00
-6.989117264747619629e-01
-6.631975769996643066e-01
-7.087308168411254883e-01
7.716009020805358887e-01
-4.911297857761383057e-01
-8.063112497329711914e-01
7.621570229530334473e-01
5.284370183944702148e-01
2.205135822296142578e-01
8.540303707122802734e-01
3.884381353855133057e-01
-8.168497681617736816e-01
-1.883859992027282715e+00
-1.229599356651306152e+00
-1.902807503938674927e-01
7.677836418151855469e-01
-1.837560296058654785e+00
-5.633710026741027832e-01
-4.770671129226684570e-01
1.908209025859832764e-01
-9.182652235031127930e-01
-9.695329666137695312e-01
2.383820265531539917e-01
3.324041366577148438e-01
-4.075662791728973389e-01
-4.463430047035217285e-01
-2.022995233535766602e+00
7.536143660545349121e-01
-3.624394908547401428e-02
2.060534715652465820e+00
-2.423015236854553223e-01
-4.215889871120452881e-01
-9.943205714225769043e-01
3.555079102516174316e-01
6.041617393493652344e-01
3.609541654586791992e-01
1.847867518663406372e-01
7.087143063545227051e-01
-6.955745220184326172e-01
2.486623823642730713e-01
-1.025238394737243652e+00
6.296238899230957031e-01
-7.480601072311401367e-01
6.052538156509399414e-01
1.109520867466926575e-01
9.007428586483001709e-02
1.206119656562805176e+00
-1.921764016151428223e+00
1.966779977083206177e-01
2.185523658990859985e-01
1.026235699653625488e+00
-5.070866644382476807e-02
1.336126774549484253e-01
5.486423969268798828e-01
-2.785636901855468750e+00
3.826089203357696533e-01
5.825545191764831543e-01
5.905889272689819336e-01
1.669161558151245117e+00
8.478399515151977539e-01
8.349216580390930176e-01
-6.524102091789245605e-01
1.092931509017944336e+00
-9.039604067802429199e-01
7.800959944725036621e-01
-1.209065437316894531e+00
1.380823552608489990e-01
-9.755412936210632324e-01
6.729073822498321533e-02
1.743105500936508179e-01
4.204063415527343750e+00
-6.216157674789428711e-01
-2.180276662111282349e-01
5.107267498970031738e-01
-2.605633735656738281e-01
-1.156649470329284668e+00
-1.094974353909492493e-01
-2.171911001205444336e-01
5.920466780662536621e-01
7.339528799057006836e-01
-5.960586667060852051e-01
-8.966866135597229004e-01
-9.035465717315673828e-01
8.094050288200378418e-01
1.445297360420227051e+00
2.293611019849777222e-01
9.058965444564819336e-01
2.261876761913299561e-01
1.676874309778213501e-01
-1.934718042612075806e-01
2.241532504558563232e-01
-1.025547742843627930e+00
8.123064041137695312e-01
-1.866524815559387207e-01
-1.078807234764099121e+00
-2.867949660867452621e-03
-1.787978112697601318e-01
1.393737554550170898e+00
2.430816411972045898e+00
9.852300882339477539e-01
-3.537448644638061523e-01
4.934674501419067383e-01
-1.077839851379394531e+00
3.254176378250122070e-01
5.285587906837463379e-01
2.133738100528717041e-01
-7.992963790893554688e-01
-8.102684020996093750e-01
1.121856212615966797e+00
-4.845663905143737793e-01
1.312785148620605469e-01
-7.349418401718139648e-01
-6.669595837593078613e-02
2.224317550659179688e+00
8.436620831489562988e-01
9.238125383853912354e-02
-3.267972469329833984e-01
-3.291218578815460205e-01
-1.381375342607498169e-01
-1.401493698358535767e-01
1.061104774475097656e+00
-6.540470123291015625e-01
4.392833411693572998e-01
-1.169618010520935059e+00
2.302045822143554688e-01
-1.860907822847366333e-01
-5.143334716558456421e-02
4.249522387981414795e-01
4.800256490707397461e-01
3.801628053188323975e-01
-3.895641565322875977e-01
8.796045184135437012e-02
4.530496597290039062e-01
-1.405062079429626465e+00
4.834178090095520020e-01
3.884035050868988037e-01
-1.348591991700232029e-03
1.135395169258117676e-01
-8.625049591064453125e-01
-1.541100025177001953e+00
-4.980132281780242920e-01
7.152146100997924805e-01
-8.924568295478820801e-01
5.705346465110778809e-01
-7.196267843246459961e-01
-1.262133955955505371e+00
-1.748419523239135742e+00
-6.747480630874633789e-01
-7.853701114654541016e-01
-7.405026257038116455e-02
4.539965838193893433e-02
-4.843065738677978516e-01
3.690081834793090820e-01
1.888418197631835938e+00
-7.870681881904602051e-01
1.072620868682861328e+00
-1.487006068229675293e+00
-1.321823596954345703e+00
6.067091599106788635e-02
2.406601756811141968e-01
7.266628146171569824e-01
-2.403287887573242188e-01
-6.687439084053039551e-01
1.374208211898803711e+00
1.047810196876525879e+00
4.727028012275695801e-01
-6.865866184234619141e-01
1.981028199195861816e+00
1.527402281761169434e+00
-8.264303207397460938e-02
-5.135581493377685547e-01
6.399689316749572754e-01
-2.156724631786346436e-01
1.802842617034912109e+00
1.126932621002197266e+00
8.814598917961120605e-01
-1.518188416957855225e-01
-1.059055089950561523e+00
3.466354012489318848e-01
-6.462194919586181641e-01
1.033229827880859375e+00
2.554122209548950195e-01
3.865815997123718262e-01
-5.160912871360778809e-01
9.515194892883300781e-01
6.292677670717239380e-02
6.074436902999877930e-01
3.204647004604339600e-01
2.014229148626327515e-01
1.477118611335754395e+00
9.539201855659484863e-01
-3.041436076164245605e-01
-2.392171919345855713e-01
