4.201374053955078125e-01
-2.163298279047012329e-01
7.642025351524353027e-01
-6.875818371772766113e-01
-4.854994714260101318e-01
-9.864313602447509766e-01
-6.401101946830749512e-01
6.343314051628112793e-01
-1.818861484527587891e+00
-6.988073587417602539e-01
1.145635366439819336e+00
-2.231616258621215820e+00
1.265753805637359619e-01
5.549470186233520508e-01
-6.604267954826354980e-01
-6.543242931365966797e-01
-9.724152088165283203e-01
-1.468796133995056152e-01
-3.278713822364807129e-01
9.525374770164489746e-01
9.439924955368041992e-01
-6.781021952629089355e-01
1.225451111793518066e+00
-3.482899367809295654e-01
9.250135421752929688e-01
6.313037276268005371e-01
1.596844494342803955e-01
1.755646705627441406e+00
-1.882798790931701660e+00
3.099250793457031250e-01
1.470319479703903198e-01
-3.146282136440277100e-01
-1.629595041275024414e+00
-1.041583940386772156e-01
-6.802584528923034668e-01
1.331430822610855103e-01
-5.437036752700805664e-01
-3.446347951889038086e+00
-4.210093244910240173e-02
1.047545790672302246e+00
-8.466312289237976074e-02
-8.303989768028259277e-01
-9.044989012181758881e-03
-1.267490386962890625e+00
2.768070101737976074e-01
1.693880558013916016e-02
2.434741407632827759e-01
1.223506592214107513e-02
4.971884787082672119e-01
1.009406805038452148e+00
-6.732376217842102051e-01
2.816405594348907471e-01
-3.778927028179168701e-01
8.712294101715087891e-01
1.638437986373901367e+00
-1.116375684738159180e+00
-2.304093390703201294e-01
7.237824201583862305e-01
8.460846543312072754e-01
6.243365406990051270e-01
1.075450301170349121e+00
1.022279500961303711e+00
2.939132690429687500e+00
-1.083962678909301758e+00
1.154722332954406738e+00
-9.003654867410659790e-02
2.717260420322418213e-01
1.058613181114196777e+00
1.256241798400878906e+00
-4.373861253261566162e-01
2.441384457051753998e-02
-8.575633168220520020e-01
9.237199425697326660e-01
-2.251128554344177246e-01
-2.875445783138275146e-01
1.294046044349670410e+00
-3.873167037963867188e-01
4.252113103866577148e-01
-7.137952446937561035e-01
1.366191059350967407e-01
7.100195288658142090e-01
3.240643069148063660e-02
-8.333340287208557129e-01
-1.528897166252136230e+00
-5.093161463737487793e-01
4.640399515628814697e-01
-1.052634000778198242e+00
6.259356737136840820e-01
-2.990430593490600586e-01
-1.711764931678771973e+00
-1.157174468040466309e+00
-1.310609459877014160e+00
-2.738453075289726257e-02
1.869341969490051270e+00
-3.633105009794235229e-02
6.175451278686523438e-01
9.741407632827758789e-01
1.276035070419311523e+00
-1.122859597206115723e+00
-1.479160189628601074e-01
-3.830250203609466553e-01
1.286214351654052734e+00
1.243375658988952637e+00
-8.434324860572814941e-01
-1.509923577308654785e+00
-1.161965608596801758e+00
-1.013580799102783203e+00
-1.905783079564571381e-02
4.699589610099792480e-01
-1.097585201263427734e+00
-2.422256320714950562e-01
1.605970859527587891e+00
-1.431873440742492676e+00
-1.135316967964172363e+00
-3.868403434753417969e-01
-1.339709460735321045e-01
-1.616454571485519409e-01
-1.770541310310363770e+00
-2.062769792973995209e-02
2.221572875976562500e+00
-5.866301804780960083e-02
9.115878939628601074e-01
-4.274594187736511230e-01
2.253297865390777588e-01
5.209861993789672852e-01
-1.881227791309356689e-01
8.227016925811767578e-01
7.488780021667480469e-01
-8.176541328430175781e-01
-8.189686536788940430e-01
2.103694677352905273e-01
-1.244788169860839844e+00
1.733717441558837891e+00
-7.092913240194320679e-02
-3.044630050659179688e+00
-1.267548203468322754e+00
-2.488026767969131470e-01
1.063309237360954285e-02
-5.380986332893371582e-01
2.289509773254394531e-02
-3.868389725685119629e-01
1.834347009658813477e+00
5.270490050315856934e-01
4.807810783386230469e-01
-9.965498447418212891e-01
-4.344060122966766357e-01
1.933296322822570801e+00
-3.209010958671569824e-01
-9.080452919006347656e-01
-2.952292561531066895e-02
5.867819860577583313e-02
9.847055077552795410e-01
-3.940686285495758057e-01
-2.844110131263732910e-01
1.219907164573669434e+00
-8.750706315040588379e-01
-1.633947491645812988e+00
-3.594405055046081543e-01
-8.873088359832763672e-01
2.228695005178451538e-01
1.038910865783691406e+00
3.210708498954772949e-02
-4.171179533004760742e-01
-1.445547223091125488e+00
5.567435026168823242e-01
-1.698163866996765137e+00
-4.189217090606689453e-01
4.616093337535858154e-01
-8.123104572296142578e-01
3.355630338191986084e-01
-8.515430092811584473e-01
-1.315527677536010742e+00
-1.430119752883911133e+00
7.147884964942932129e-01
1.142574548721313477e+00
1.065193414688110352e+00
1.547758936882019043e+00
-4.759300947189331055e-01
-1.494155973196029663e-01
1.907018870115280151e-01
-3.992214500904083252e-01
-5.711356401443481445e-01
-9.632149012759327888e-04
-6.131144613027572632e-02
8.973229527473449707e-01
-6.593555212020874023e-01
-2.749841451644897461e+00
3.971123695373535156e-01
7.263835072517395020e-01
7.652790546417236328e-01
8.028652667999267578e-01
-4.660971164703369141e-01
-3.062523901462554932e-01
1.178040862083435059e+00
-1.206037640571594238e+00
3.883262276649475098e-01
3.082424961030483246e-02
-1.743445992469787598e-01
4.737774729728698730e-01
-1.231685876846313477e+00
6.414074897766113281e-01
1.962110519409179688e+00
1.417798042297363281e+00
1.701967567205429077e-01
2.687811553478240967e-01
-5.236777067184448242e-01
6.882709860801696777e-01
-1.379247784614562988e+00
7.918967604637145996e-01
-1.928955078125000000e+00
6.152411103248596191e-01
-3.793735802173614502e-01
-3.722685277462005615e-01
-2.424488067626953125e-01
-4.785083979368209839e-02
5.243380069732666016e-01
-4.192951679229736328e+00
-3.302775695919990540e-02
-8.164809346199035645e-01
-1.327889084815979004e+00
-5.752632394433021545e-02
9.358636736869812012e-01
1.938192546367645264e-01
-2.042959481477737427e-01
1.666598200798034668e+00
3.483450114727020264e-01
1.242760300636291504e+00
6.121331453323364258e-01
-3.764151036739349365e-01
-1.624949574470520020e+00
9.875121116638183594e-01
-1.486150860786437988e+00
-8.187695741653442383e-01
1.603961586952209473e+00
9.470539093017578125e-01
3.533146381378173828e-01
2.270177841186523438e+00
-4.197623133659362793e-01
-4.674140810966491699e-01
-2.475519478321075439e-01
8.299746513366699219e-01
3.794928789138793945e-01
-1.361659884452819824e+00
1.852319538593292236e-01
-2.085481882095336914e+00
1.938004940748214722e-01
6.579137407243251801e-04
1.308246374130249023e+00
1.032755255699157715e+00
-4.628364443778991699e-01
4.884293079376220703e-01
-5.887236595153808594e-01
-1.713079094886779785e+00
-1.639747470617294312e-01
1.559436678886413574e+00
-1.454014301300048828e+00
-1.245412155985832214e-01
1.406606519594788551e-03
-6.132396459579467773e-01
4.398063570261001587e-02
2.005260705947875977e+00
4.427688121795654297e-01
1.921754479408264160e+00
-1.009968161582946777e+00
-1.486673593521118164e+00
9.847477078437805176e-01
2.426908612251281738e-01
-3.064929246902465820e-01
4.612040996551513672e+00
8.767361640930175781e-01
-7.586226332932710648e-03
1.033262014389038086e+00
1.299222707748413086e+00
1.470786452293395996e+00
-1.612078547477722168e+00
-2.969410121440887451e-01
-1.218452006578445435e-01
-8.197864890098571777e-01
-1.961133778095245361e-01
-8.235353231430053711e-01
1.193642139434814453e+00
-1.166259527206420898e+00
1.421065449714660645e+00
1.228742480278015137e+00
6.147941946983337402e-01
5.214846134185791016e-01
-7.793006300926208496e-01
-3.510989248752593994e-01
9.750006347894668579e-02
-7.991863489151000977e-01
-1.480167865753173828e+00
-1.317289918661117554e-01
-1.109697148203849792e-01
-1.057895660400390625e+00
5.787115097045898438e-01
-7.557504177093505859e-01
-1.215604618191719055e-01
-3.264630436897277832e-01
8.057411313056945801e-01
3.595825433731079102e-01
-1.904168128967285156e-01
-1.413715958595275879e+00
6.055546998977661133e-01
3.160014450550079346e-01
1.942585229873657227e+00
-2.314582020044326782e-01
-4.342195093631744385e-01
-3.176276758313179016e-02
1.948979496955871582e-01
9.410439729690551758e-01
-1.652669310569763184e+00
-1.713880777359008789e+00
-6.418768167495727539e-01
1.103206157684326172e+00
2.924868762493133545e-01
8.400322794914245605e-01
1.528785228729248047e+00
2.636107504367828369e-01
1.246153950691223145e+00
3.018629550933837891e-01
-8.276767134666442871e-01
1.064325213432312012e+00
1.723809987306594849e-01
-1.335325688123703003e-01
-1.708134859800338745e-01
1.214164972305297852e+00
-3.619042634963989258e-01
-1.751740574836730957e-01
-1.582581877708435059e+00
1.474836826324462891e+00
-4.551219046115875244e-01
-8.793665170669555664e-01
3.080585896968841553e-01
3.654045462608337402e-01
4.815729558467864990e-01
-7.623695731163024902e-01
-4.397043585777282715e-01
-7.711625695228576660e-01
1.657753348350524902e+00
-1.344989180564880371e+00
-1.015019193291664124e-01
-3.956662118434906006e-01
2.001783698797225952e-01
5.125096440315246582e-01
6.801621317863464355e-01
7.927060127258300781e-01
-2.376841455698013306e-01
9.206204414367675781e-01
1.476961821317672729e-01
4.062996804714202881e-01
-1.136640667915344238e+00
-1.167348384857177734e+00
-1.075675606727600098e+00
-1.834506392478942871e-01
-7.240288257598876953e-01
-4.108868539333343506e-01
-5.617292523384094238e-01
-4.519852697849273682e-01
-1.104093194007873535e+00
1.082097411155700684e+00
-4.222888126969337463e-02
-6.125939488410949707e-01
1.406439542770385742e-01
-5.869109630584716797e-01
-1.118907094001770020e+00
-7.080520391464233398e-01
9.016271233558654785e-01
-4.669204950332641602e-01
8.854090571403503418e-01
3.449058234691619873e-01
5.896644592285156250e-01
4.189882874488830566e-01
-6.473267078399658203e-01
3.073326349258422852e+00
-2.294448614120483398e-01
-4.297928810119628906e-01
-2.111524492502212524e-01
-9.044103622436523438e-01
-3.142928779125213623e-01
8.381537199020385742e-01
4.029441475868225098e-01
-1.374866217374801636e-01
-2.599167823791503906e-01
-3.917315602302551270e-01
-9.318591356277465820e-01
-4.651100933551788330e-02
-3.015024363994598389e-01
1.544855237007141113e-01
-2.228632718324661255e-01
-6.172540187835693359e-01
1.809573411941528320e+00
-4.509391784667968750e-01
-1.654417663812637329e-01
-8.967201113700866699e-01
1.476216912269592285e+00
1.812809705734252930e-02
-8.282968997955322266e-01
3.596341013908386230e-01
-8.311696052551269531e-01
1.396737694740295410e+00
3.582463264465332031e-01
-1.300483822822570801e+00
1.896656304597854614e-01
-8.221152424812316895e-01
-6.565217375755310059e-01
1.658801883459091187e-01
-3.374752700328826904e-01
7.559999227523803711e-01
1.724895238876342773e-01
-9.149274230003356934e-01
2.173908203840255737e-01
-3.561053574085235596e-01
-4.247341752052307129e-01
8.084198832511901855e-01
8.978159427642822266e-01
2.034600496292114258e+00
-3.539572954177856445e-01
-6.018247604370117188e-01
-9.919997304677963257e-02
1.399730324745178223e+00
-5.781546831130981445e-01
-1.416862130165100098e+00
8.432786464691162109e-01
1.792567133903503418e+00
-5.646819472312927246e-01
6.980302929878234863e-01
-1.032523274421691895e+00
-8.545801639556884766e-01
-3.586756587028503418e-01
-1.026594281196594238e+00
4.902226384729146957e-03
-5.349743738770484924e-02
3.936384320259094238e-01
1.036824062466621399e-01
-7.203149199485778809e-01
1.988062858581542969e-01
7.490932941436767578e-01
5.662571787834167480e-01
-1.805221736431121826e-01
3.239771425724029541e-01
1.506694406270980835e-01
-5.918720364570617676e-01
-8.247917294502258301e-01
-1.229693889617919922e+00
9.594238996505737305e-01
5.379853248596191406e-01
-3.921926021575927734e-01
-1.937439888715744019e-01
-4.756909906864166260e-01
-1.898401975631713867e+00
-9.257844090461730957e-01
-2.169010162353515625e+00
3.908257484436035156e-01
-5.790819525718688965e-01
-7.590702176094055176e-01
-1.088271260261535645e+00
1.085448980331420898e+00
-4.512771666049957275e-01
-8.034945726394653320e-01
6.911712139844894409e-02
1.347216725349426270e+00
-7.596359848976135254e-01
-1.066404767334461212e-02
7.252542376518249512e-01
-1.257878661155700684e+00
-1.001040488481521606e-01
1.721915155649185181e-01
1.041264653205871582e+00
4.756679534912109375e-01
3.354923725128173828e-01
-4.769778251647949219e-01
1.716348528861999512e+00
-2.625305056571960449e-01
-5.059363842010498047e-01
1.778180152177810669e-01
-1.156849145889282227e+00
9.401586651802062988e-01
-9.006960391998291016e-01
-7.549544572830200195e-01
7.556409239768981934e-01
7.853825688362121582e-01
9.189895987510681152e-01
-5.839173793792724609e-01
2.742917537689208984e-01
-8.034695386886596680e-01
-4.971770346164703369e-01
7.339373230934143066e-01
-3.997869044542312622e-02
-4.411973655223846436e-01
-8.747941851615905762e-01
9.425999522209167480e-01
9.546881914138793945e-01
-8.315265923738479614e-02
1.349496841430664062e+00
-1.006436467170715332e+00
1.405955195426940918e+00
-7.231441736221313477e-01
-2.950078725814819336e+00
8.823525905609130859e-01
-7.809866070747375488e-01
9.514327645301818848e-01
8.338309526443481445e-01
4.721412062644958496e-02
1.137847900390625000e+00
-1.891792416572570801e+00
-2.253229916095733643e-01
-6.592958569526672363e-01
-5.024181008338928223e-01
2.811349630355834961e-01
1.122314214706420898e+00
4.610190689563751221e-01
-7.946731448173522949e-01
-8.474492430686950684e-01
1.165423870086669922e+00
1.698754876852035522e-01
2.998691201210021973e-01
-6.937821507453918457e-01
-2.835171818733215332e-01
8.734133243560791016e-01
2.475948780775070190e-01
-5.707851052284240723e-01
-8.971046656370162964e-02
-1.724250316619873047e+00
-5.700220465660095215e-01
3.363099694252014160e-01
5.393130779266357422e-01
1.874651461839675903e-01
5.762628912925720215e-01
4.708833694458007812e-01
-5.927328467369079590e-01
2.563250362873077393e-01
1.288199543952941895e+00
6.040467619895935059e-01
-5.608531832695007324e-01
4.776597023010253906e-01
-1.554873347282409668e+00
-2.686656713485717773e-01
5.201413035392761230e-01
-2.037063121795654297e+00
-2.850785553455352783e-01
1.863556802272796631e-01
-7.971717119216918945e-01
1.165270358324050903e-01
-6.059410572052001953e-01
1.242479920387268066e+00
-7.363811731338500977e-01
-2.368600219488143921e-01
1.026121854782104492e+00
-1.383770108222961426e+00
6.801977753639221191e-01
2.365974038839340210e-01
5.182467699050903320e-01
-1.397102594375610352e+00
-1.249384731054306030e-01
-5.757912993431091309e-01
5.618427991867065430e-01
-2.740090489387512207e-01
1.688060164451599121e-01
3.088508546352386475e-01
-2.204093694686889648e+00
9.420308470726013184e-01
1.987038731575012207e+00
-1.044163703918457031e+00
-2.374723851680755615e-01
4.110278785228729248e-01
-8.687607049942016602e-01
-3.848149776458740234e-01
1.019034147262573242e+00
2.101121664047241211e+00
-5.053596496582031250e-01
3.805430829524993896e-01
-3.213217556476593018e-01
-1.462323784828186035e+00
-1.783727765083312988e+00
-1.410640716552734375e+00
-1.059872984886169434e+00
-1.385405182838439941e+00
4.945075809955596924e-01
9.586648643016815186e-02
-1.342041343450546265e-01
-1.600192666053771973e+00
5.141817927360534668e-01
1.297037363052368164e+00
1.173328608274459839e-01
1.035759076476097107e-01
8.028287291526794434e-01
-1.205335617065429688e+00
-2.160418033599853516e+00
-8.110184967517852783e-02
4.124412834644317627e-01
4.958251118659973145e-01
-9.792679548263549805e-01
-8.392986655235290527e-01
2.492224872112274170e-01
-2.009077668190002441e-01
-7.144251465797424316e-01
-1.809999495744705200e-01
-8.069762587547302246e-02
1.604863554239273071e-01
3.808772563934326172e-01
-6.295191049575805664e-01
-8.917711973190307617e-01
4.340168237686157227e-01
3.976410999894142151e-02
4.423354566097259521e-01
-8.786998987197875977e-01
-3.400169610977172852e-01
-8.625163435935974121e-01
-7.836108803749084473e-01
2.776170074939727783e-01
-1.197014935314655304e-02
-4.497300088405609131e-01
5.666999816894531250e-01
-5.051667094230651855e-01
4.092296659946441650e-01
-7.677688598632812500e-01
-1.847713887691497803e-01
-4.407664537429809570e-01
7.469739913940429688e-01
1.549560725688934326e-01
-5.534941554069519043e-01
9.234488010406494141e-01
-2.411376953125000000e+00
-5.945822000503540039e-01
-8.754131197929382324e-01
1.188767194747924805e+00
7.051109671592712402e-01
1.182634472846984863e+00
7.283542156219482422e-01
-8.925651907920837402e-01
-1.842510253190994263e-01
7.995759844779968262e-01
8.621969819068908691e-01
1.860396504402160645e+00
1.806796193122863770e-01
3.125774860382080078e-01
7.397506833076477051e-01
5.181285738945007324e-01
-2.568761706352233887e-01
1.162883564829826355e-01
1.967925429344177246e-01
-3.272226452827453613e-02
-1.278600573539733887e+00
-1.027197763323783875e-02
-8.786941319704055786e-02
3.580596685409545898e+00
-4.513473212718963623e-01
8.061460256576538086e-01
1.393281221389770508e+00
-6.084861159324645996e-01
-2.086615562438964844e-01
-3.115399777889251709e-01
-1.664746284484863281e+00
9.299140423536300659e-02
5.952062010765075684e-01
-9.723988771438598633e-01
2.580154836177825928e-01
-1.411745786666870117e+00
-1.173382699489593506e-01
1.763833522796630859e+00
5.451537966728210449e-01
8.756225705146789551e-01
2.456153035163879395e-01
7.311863303184509277e-01
-4.250314235687255859e-01
2.320261001586914062e-01
-6.611351966857910156e-01
4.293532967567443848e-01
-3.488797247409820557e-01
-7.034310102462768555e-01
2.883620746433734894e-02
3.996175900101661682e-02
9.670333862304687500e-01
1.938245058059692383e+00
1.138848185539245605e+00
-1.205663084983825684e+00
8.841887712478637695e-01
-1.131507039070129395e+00
7.741531133651733398e-01
-1.500962376594543457e-01
-1.182923540472984314e-01
1.436557061970233917e-02
-1.310624480247497559e+00
3.879845142364501953e-01
-8.431020975112915039e-01
3.317685127258300781e-01
-9.455347657203674316e-01
-7.423321604728698730e-01
8.483337759971618652e-01
1.137371301651000977e+00
8.224036693572998047e-01
4.815844893455505371e-01
4.787545800209045410e-01
-6.124840378761291504e-01
-8.537008762359619141e-01
-6.763469576835632324e-01
-1.474457740783691406e+00
1.678478121757507324e-01
-1.235097646713256836e+00
4.110358357429504395e-01
-3.596819937229156494e-01
-9.753269702196121216e-02
4.836349487304687500e-01
-1.275914758443832397e-01
-2.294705063104629517e-02
-4.112511575222015381e-01
5.614470243453979492e-01
-2.686429210007190704e-02
-1.139884710311889648e+00
3.335549533367156982e-01
-1.216690335422754288e-02
-5.589667558670043945e-01
-9.744426012039184570e-01
-6.640095710754394531e-01
-5.476470589637756348e-01
-1.615521907806396484e-01
-1.432340264320373535e+00
-1.122605323791503906e+00
3.588578104972839355e-01
1.408200412988662720e-01
-9.888426661491394043e-01
-8.508574962615966797e-01
-1.471807509660720825e-01
-7.302719354629516602e-01
3.044249415397644043e-01
-3.171884715557098389e-01
-6.584991812705993652e-01
5.061560869216918945e-01
6.637638211250305176e-01
-6.318067908287048340e-01
3.484563231468200684e-01
-1.319786071777343750e+00
-1.097485184669494629e+00
8.234053850173950195e-01
-5.855507850646972656e-01
9.973435401916503906e-01
-8.101536631584167480e-01
-1.269851624965667725e-02
7.138047218322753906e-01
6.702718734741210938e-01
4.516817331314086914e-01
-7.470693588256835938e-01
2.276864051818847656e+00
1.190993785858154297e+00
-8.113161921501159668e-01
-1.397829890251159668e+00
5.386120676994323730e-01
-4.627307951450347900e-01
1.314253687858581543e+00
4.992347955703735352e-01
6.791962385177612305e-01
-1.680097579956054688e-01
-8.360695838928222656e-01
7.148708701133728027e-01
2.915453612804412842e-01
8.504934310913085938e-01
7.922621965408325195e-01
6.953256726264953613e-01
-6.020641326904296875e-01
-2.456907182931900024e-01
6.757320761680603027e-01
7.199541926383972168e-01
6.396023035049438477e-01
5.489892363548278809e-01
4.771436452865600586e-01
1.204715847969055176e+00
-1.474446058273315430e-01
-5.787615180015563965e-01
