1.684503197669982910e+00
4.052812159061431885e-01
9.507350921630859375e-01
-1.833661675453186035e+00
-1.858344316482543945e+00
-2.950699806213378906e+00
1.326912760734558105e+00
-1.954029202461242676e+00
-1.357953071594238281e+00
-1.685294389724731445e+00
1.545240879058837891e+00
-2.165580391883850098e-01
1.445624113082885742e+00
3.859874904155731201e-01
-1.162601232528686523e+00
-1.924134492874145508e+00
-1.126916289329528809e+00
1.265711426734924316e+00
-9.149629473686218262e-01
-6.528844833374023438e-01
-2.620900273323059082e-01
-4.706066474318504333e-02
-3.897547423839569092e-01
-1.036547064781188965e+00
7.448970675468444824e-01
-9.596662968397140503e-02
1.289960294961929321e-01
2.078616619110107422e+00
-7.299714088439941406e-01
1.604927778244018555e+00
2.055124759674072266e+00
3.666791617870330811e-01
-6.015108227729797363e-01
1.671782612800598145e+00
-8.580530881881713867e-01
-6.431684643030166626e-02
-3.099117279052734375e-01
-3.140857934951782227e+00
-1.656855829060077667e-02
9.630565047264099121e-01
-1.583189249038696289e+00
-1.864102333784103394e-01
1.032945036888122559e+00
2.139424085617065430e+00
1.107015967369079590e+00
1.023430228233337402e+00
-7.893503308296203613e-01
1.120621442794799805e+00
-1.088889479637145996e+00
6.248574256896972656e-01
-1.147274136543273926e+00
-1.264994144439697266e+00
9.882847070693969727e-01
-4.038468599319458008e-01
-1.263786792755126953e+00
-1.853412032127380371e+00
4.029433131217956543e-01
-1.781118363142013550e-01
-1.343872100114822388e-01
-8.872404098510742188e-01
1.207593083381652832e+00
1.313171982765197754e+00
2.000092267990112305e-01
-6.433315873146057129e-01
1.212706565856933594e+00
-6.020101308822631836e-01
1.033983528614044189e-01
-2.120334655046463013e-01
1.978068232536315918e+00
-6.591545343399047852e-01
1.617673277854919434e+00
6.326764225959777832e-01
1.049294114112854004e+00
4.255941137671470642e-02
8.406520485877990723e-01
3.935657262802124023e+00
-7.207064628601074219e-01
1.237345218658447266e+00
-3.894210755825042725e-01
1.588812589645385742e+00
-2.895388305187225342e-01
-1.320231556892395020e+00
-1.444362282752990723e+00
1.417208075523376465e+00
2.770885705947875977e+00
3.378224074840545654e-01
-1.376318693161010742e+00
-7.755537033081054688e-01
3.456994295120239258e-01
-7.408473491668701172e-01
5.266801118850708008e-01
-1.731631994247436523e+00
7.526743412017822266e-01
2.469808578491210938e+00
-8.073879778385162354e-02
-1.405755281448364258e+00
8.308296799659729004e-01
6.260538697242736816e-01
2.016348689794540405e-01
-4.988110065460205078e-01
8.318570256233215332e-01
1.046340584754943848e+00
1.985905766487121582e+00
-3.872511908411979675e-02
-1.119679927825927734e+00
-1.317932177335023880e-02
-1.652397036552429199e+00
1.923317313194274902e+00
5.875916481018066406e-01
-4.230431318283081055e-01
-1.219933986663818359e+00
2.779118537902832031e+00
-7.696902155876159668e-01
-1.450777888298034668e+00
3.281809091567993164e-01
1.693727374076843262e-01
-8.009151816368103027e-01
4.983288347721099854e-01
8.189601451158523560e-02
1.112471461296081543e+00
-4.590187966823577881e-01
-6.336119771003723145e-01
-6.374151110649108887e-01
-7.211606949567794800e-02
2.989009916782379150e-01
-4.791749119758605957e-01
1.055226996541023254e-01
1.090211153030395508e+00
5.758009552955627441e-01
-5.642103403806686401e-02
1.139924153685569763e-01
1.694150090217590332e+00
2.107253313064575195e+00
-1.819019794464111328e+00
-4.296623706817626953e+00
-3.758705854415893555e-01
-1.094768717885017395e-01
-2.153753995895385742e+00
-1.646200180053710938e+00
-1.284097135066986084e-01
9.113906621932983398e-01
1.348387122154235840e+00
7.771599888801574707e-01
-1.055805608630180359e-01
-2.752890586853027344e+00
-1.055371284484863281e+00
1.369179725646972656e+00
-1.512813687324523926e+00
2.560173511505126953e+00
-1.518648743629455566e+00
4.785823523998260498e-01
-9.232637286186218262e-01
-1.383556604385375977e+00
9.020753502845764160e-01
1.180127859115600586e+00
6.090461611747741699e-01
-2.656946420669555664e+00
-1.746994018554687500e+00
-3.105216026306152344e-01
-1.680919408798217773e+00
1.358162283897399902e+00
1.702958583831787109e+00
7.454873323440551758e-01
8.838909268379211426e-01
9.784106612205505371e-01
-2.498032569885253906e+00
-5.781480669975280762e-01
4.168565273284912109e-01
-3.784414827823638916e-01
-1.517153382301330566e+00
-2.106219053268432617e+00
-2.500948667526245117e+00
7.558511197566986084e-02
-2.139794975519180298e-01
4.614683687686920166e-01
6.345298290252685547e-01
-1.207544207572937012e+00
2.537503540515899658e-01
-6.644991636276245117e-01
5.471844077110290527e-01
1.631035447120666504e+00
-2.223918437957763672e+00
-7.815424799919128418e-01
3.670742809772491455e-01
2.582801878452301025e-01
-4.045726656913757324e-01
6.761573553085327148e-01
-5.532006621360778809e-01
2.869534969329833984e+00
1.130227804183959961e+00
2.099101543426513672e+00
3.932780921459197998e-01
-1.299062848091125488e+00
2.257833927869796753e-01
-1.693351566791534424e-01
-2.612150013446807861e-01
1.513746738433837891e+00
-7.790711522102355957e-01
1.461836814880371094e+00
5.277692154049873352e-02
7.359899282455444336e-01
-9.317564964294433594e-02
1.989367723464965820e+00
-2.907116174697875977e+00
8.881688117980957031e-01
-8.011969327926635742e-01
-8.162472248077392578e-01
-1.399867177009582520e+00
7.816127538681030273e-01
-1.267533063888549805e+00
-6.169340759515762329e-02
-7.226490974426269531e-01
1.647713065147399902e+00
-7.864335775375366211e-01
-4.495776593685150146e-01
-1.351686000823974609e+00
-7.658516883850097656e+00
4.221370816230773926e-01
4.269399046897888184e-01
2.391625642776489258e-01
7.988294363021850586e-01
1.350118964910507202e-01
1.725160628557205200e-01
-1.523072123527526855e+00
4.972376823425292969e+00
5.185296535491943359e-01
9.985807538032531738e-01
8.531014323234558105e-01
-1.040544152259826660e+00
-4.844013750553131104e-01
-3.820924758911132812e-01
-8.320027589797973633e-01
8.486126661300659180e-01
1.253416895866394043e+00
-5.281110405921936035e-01
1.248017787933349609e+00
1.095877647399902344e+00
-2.088269740343093872e-01
-8.094193339347839355e-01
-1.735852798447012901e-03
2.421921193599700928e-01
1.789192318916320801e+00
-4.926881492137908936e-01
8.837986588478088379e-01
-2.633872509002685547e+00
1.049337983131408691e+00
5.718807578086853027e-01
-1.114817261695861816e+00
1.237901926040649414e+00
-1.458664052188396454e-02
-6.158248335123062134e-02
-1.092731952667236328e+00
-2.118266969919204712e-01
2.128642797470092773e+00
3.483170270919799805e+00
-1.936800956726074219e+00
1.467184185981750488e+00
8.098070621490478516e-01
4.559437334537506104e-01
-1.914475202560424805e+00
-1.573918104171752930e+00
-2.853479385375976562e-01
2.578010857105255127e-01
-8.643361330032348633e-01
-1.536580324172973633e+00
-2.038774013519287109e+00
-3.500084280967712402e-01
1.838872432708740234e-01
5.892513275146484375e+00
9.585120677947998047e-01
6.184310913085937500e-01
1.002359747886657715e+00
1.294180899858474731e-01
1.023008942604064941e+00
3.488781452178955078e-01
-1.501283049583435059e+00
-1.245166301727294922e+00
1.425606489181518555e+00
-9.347929805517196655e-02
-7.016991972923278809e-01
2.539084672927856445e+00
-2.859166860580444336e+00
-9.596285820007324219e-01
3.262169957160949707e-01
7.476279735565185547e-01
1.619302868843078613e+00
-1.099552154541015625e+00
-6.164111495018005371e-01
1.045458391308784485e-01
-1.391456365585327148e+00
-8.876813054084777832e-01
1.580347895622253418e+00
1.088562607765197754e+00
-1.413635492324829102e+00
-1.052782032638788223e-02
5.932529568672180176e-01
7.733365893363952637e-01
-2.208074808120727539e+00
-6.753962039947509766e-01
1.286843061447143555e+00
6.570082306861877441e-01
-1.177659749984741211e+00
-6.560239195823669434e-02
1.096775412559509277e+00
1.868221759796142578e+00
1.858587265014648438e+00
-1.997981548309326172e+00
-1.973311424255371094e+00
9.293194413185119629e-01
3.439005911350250244e-01
-5.288348197937011719e-01
-1.528150796890258789e+00
-5.341227650642395020e-01
1.197674751281738281e+00
-2.736833989620208740e-01
1.318276166915893555e+00
4.537678360939025879e-01
6.740409135818481445e-01
1.082668781280517578e+00
2.625582218170166016e-01
-7.208889722824096680e-02
2.395000696182250977e+00
-5.896619558334350586e-01
3.155137896537780762e-01
1.467353105545043945e-01
-1.652094721794128418e-01
-4.310729205608367920e-01
9.587619304656982422e-01
1.676015019416809082e+00
2.297120332717895508e+00
3.958344757556915283e-01
-1.086291670799255371e+00
1.035320997238159180e+00
1.270122528076171875e-01
1.538855791091918945e+00
-3.844516575336456299e-01
5.151596069335937500e-01
-5.278704166412353516e-01
1.315890312194824219e+00
-1.141191482543945312e+00
-3.504503145813941956e-02
-1.152084350585937500e+00
2.742667496204376221e-01
-4.192831814289093018e-01
1.500964403152465820e+00
1.589515209197998047e+00
-1.990986227989196777e+00
1.760895997285842896e-01
-1.156491756439208984e+00
-5.883690118789672852e-01
-1.261013746261596680e+00
-1.555359363555908203e+00
5.504315495491027832e-01
4.352941811084747314e-01
4.010364413261413574e-01
-4.264065921306610107e-01
-2.125253200531005859e+00
4.169048070907592773e-01
1.054963469505310059e+00
3.457673192024230957e-01
-7.739987373352050781e-01
-1.976275593042373657e-01
-3.496134877204895020e-01
-2.952536940574645996e-01
-2.038543224334716797e+00
1.022161468863487244e-01
1.677170038223266602e+00
6.268641352653503418e-02
1.269632935523986816e+00
-2.783870220184326172e+00
-8.418248891830444336e-01
-7.102552056312561035e-01
2.683296203613281250e-01
2.012076616287231445e+00
8.247405886650085449e-01
2.715688943862915039e-01
3.179337978363037109e-01
-1.821346282958984375e-01
-2.229302227497100830e-01
2.025852441787719727e+00
3.646189272403717041e-01
4.728614985942840576e-01
-8.457437753677368164e-01
5.814161300659179688e-01
-4.869918227195739746e-01
-1.674460053443908691e+00
-1.239457130432128906e+00
-2.872504591941833496e-01
1.274286746978759766e+00
3.298643529415130615e-01
-2.336309432983398438e+00
-1.330063223838806152e+00
7.378672957420349121e-01
-3.899334967136383057e-01
1.489985466003417969e+00
-2.511457204818725586e+00
-3.002403080463409424e-01
7.765427231788635254e-01
-1.674249529838562012e+00
3.559475243091583252e-01
-1.223122835159301758e+00
-9.044150710105895996e-01
-4.420835971832275391e-01
4.204651415348052979e-01
-1.859015107154846191e+00
2.313436508178710938e+00
1.194777965545654297e+00
-1.139264088124036789e-02
-5.231935977935791016e-01
-2.584171772003173828e+00
3.075470626354217529e-01
-1.359363079071044922e+00
4.667938128113746643e-02
2.141327708959579468e-01
1.506178855895996094e+00
1.317791342735290527e+00
5.106754973530769348e-02
-3.692394793033599854e-01
4.191808700561523438e-01
1.807761549949645996e+00
-6.456044912338256836e-01
-1.494357228279113770e+00
1.289087295532226562e+00
2.646974086761474609e+00
-1.352227568626403809e+00
1.086610317230224609e+00
-1.222306370735168457e+00
-2.043872624635696411e-01
-1.114195704460144043e+00
-3.211858272552490234e-01
6.043644547462463379e-01
1.499512076377868652e+00
3.913206458091735840e-01
1.750276386737823486e-01
-2.021739244461059570e+00
1.425705105066299438e-01
-3.489311635494232178e-01
2.395215630531311035e-01
1.256444692611694336e+00
1.219604730606079102e+00
-2.015340805053710938e+00
-1.004156112670898438e+00
-3.168033361434936523e+00
1.478107273578643799e-01
-7.091499567031860352e-01
-7.717747688293457031e-01
-8.715249896049499512e-01
8.816592693328857422e-01
-1.751636564731597900e-01
1.559244096279144287e-01
-2.585483312606811523e+00
-2.120285749435424805e+00
1.013095259666442871e+00
1.226508393883705139e-01
-1.132320046424865723e+00
-2.730714082717895508e+00
1.323113679885864258e+00
2.394803762435913086e+00
-1.200163602828979492e+00
-6.659764051437377930e-01
7.745791673660278320e-01
-3.191851139068603516e+00
8.027748465538024902e-01
7.908571958541870117e-01
-1.590955704450607300e-01
-7.265366315841674805e-01
-4.493724405765533447e-01
4.074238538742065430e-01
-4.290149509906768799e-01
-5.118239298462867737e-02
-9.010393023490905762e-01
-1.699999719858169556e-01
7.617940194904804230e-03
5.192309617996215820e-01
8.935714364051818848e-01
9.692382812500000000e-01
1.164598107337951660e+00
8.183121681213378906e-01
-6.825974583625793457e-01
1.577707171440124512e+00
-1.151288077235221863e-01
5.927564203739166260e-02
-2.369140535593032837e-01
1.754566468298435211e-02
1.576605677604675293e+00
1.750058382749557495e-01
1.029154539108276367e+00
-1.295671463012695312e+00
1.312150716781616211e+00
-1.188893795013427734e+00
2.408282309770584106e-01
1.236805558204650879e+00
-6.418637037277221680e-01
-1.690767258405685425e-01
-3.651573896408081055e+00
2.473926782608032227e+00
-1.341908097267150879e+00
-3.014314413070678711e+00
3.700675964355468750e-01
-1.404311656951904297e+00
-2.082475274801254272e-01
2.405615568161010742e+00
-1.368743419647216797e+00
-1.412054777145385742e+00
-2.289200872182846069e-01
1.894136786460876465e+00
-3.004489839076995850e-01
1.758239388465881348e+00
-3.034767210483551025e-01
3.360670208930969238e-01
1.029592037200927734e+00
-1.535925865173339844e+00
5.867677181959152222e-02
-1.557226896286010742e+00
1.856803297996520996e+00
7.736394181847572327e-03
1.081663250923156738e+00
1.303916573524475098e+00
4.862629175186157227e-01
-1.308173537254333496e+00
-3.393504396080970764e-02
7.208985835313796997e-02
-1.678404331207275391e+00
-1.657450318336486816e+00
1.120603680610656738e+00
2.618564963340759277e-01
-3.099461495876312256e-01
-4.288898408412933350e-01
1.544705986976623535e+00
3.198466449975967407e-02
-2.308061599731445312e+00
-2.159122943878173828e+00
2.269947052001953125e+00
-2.826623991131782532e-02
4.765260219573974609e-01
-6.582255959510803223e-01
-2.925374209880828857e-01
1.167510598897933960e-01
1.809845268726348877e-01
-8.498829007148742676e-01
-1.450825214385986328e+00
-7.037500739097595215e-01
-3.194303214550018311e-01
8.872010111808776855e-01
2.125683546066284180e+00
-8.485778570175170898e-01
1.342899084091186523e+00
-3.170110225677490234e+00
-1.716458916664123535e+00
4.062957763671875000e-01
-7.628489285707473755e-02
3.033719062805175781e-01
3.694973289966583252e-01
-1.011798024177551270e+00
8.990897536277770996e-01
6.322796940803527832e-01
-1.525419235229492188e+00
4.226276278495788574e-01
5.661060214042663574e-01
-1.994536995887756348e+00
8.619698137044906616e-02
1.249315023422241211e+00
3.261570632457733154e-01
1.668412446975708008e+00
-1.188682690262794495e-01
6.409205794334411621e-01
4.519422650337219238e-01
2.366168737411499023e+00
1.773912161588668823e-01
2.101787030696868896e-01
6.766823679208755493e-02
3.017609715461730957e-01
8.270093798637390137e-02
-1.796492457389831543e+00
-1.544946789741516113e+00
-1.137421965599060059e+00
1.744285821914672852e+00
6.410980224609375000e-02
-1.092661142349243164e+00
5.541923046112060547e-01
-5.718253180384635925e-02
-3.528813421726226807e-01
8.940317630767822266e-01
5.907521396875381470e-02
-1.635710746049880981e-01
-6.936865448951721191e-01
-3.030939996242523193e-01
-9.564177393913269043e-01
-1.809015512466430664e+00
-3.256598114967346191e-01
5.786042213439941406e-01
-1.126902341842651367e+00
-1.536033034324645996e+00
-1.081030011177062988e+00
-1.442416310310363770e+00
-1.496017694473266602e+00
9.084027409553527832e-01
-3.442717194557189941e-01
1.670854538679122925e-01
-3.569006547331809998e-02
-5.880272388458251953e-01
3.131386041641235352e-01
-1.185686111450195312e+00
-1.056776762008666992e+00
1.673474788665771484e+00
-6.013846993446350098e-01
-8.911092877388000488e-01
-1.251697778701782227e+00
-3.950932919979095459e-01
-9.605915546417236328e-01
-3.006892278790473938e-02
6.680693626403808594e-01
-1.399085164070129395e+00
1.168707251548767090e+00
-7.451598644256591797e-01
3.835055232048034668e-01
9.920706748962402344e-01
-6.597845554351806641e-01
1.310015916824340820e+00
-7.564757466316223145e-01
-5.391603112220764160e-01
1.624270081520080566e-01
-1.558722376823425293e+00
-4.311112463474273682e-01
1.048991560935974121e+00
6.914626359939575195e-01
1.212823152542114258e+00
2.598016560077667236e-01
-4.738803803920745850e-01
-2.776774406433105469e+00
-3.813705174252390862e-03
1.200009956955909729e-01
1.357397437095642090e+00
1.706815481185913086e+00
3.046102225780487061e-01
1.495523333549499512e+00
1.124716520309448242e+00
2.148344963788986206e-01
-4.231310486793518066e-01
8.147424459457397461e-02
-1.653420686721801758e+00
-1.740561872720718384e-01
-9.204577207565307617e-01
-1.061938881874084473e+00
1.040793955326080322e-01
3.412612199783325195e+00
-8.522530198097229004e-01
-2.261188507080078125e+00
-1.063816905021667480e+00
2.829506695270538330e-01
-2.075103759765625000e+00
1.269151568412780762e+00
3.749184012413024902e-01
1.486223220825195312e+00
-4.156934022903442383e-01
-3.464550375938415527e-01
-3.417093753814697266e-01
5.370972156524658203e-01
-6.474682092666625977e-01
1.572798132896423340e+00
5.219997167587280273e-01
-3.653522208333015442e-02
1.241482496261596680e+00
-1.806528091430664062e+00
-1.258129596710205078e+00
1.142312139272689819e-01
-1.383653402328491211e+00
9.399573802947998047e-01
-9.910568594932556152e-01
8.206559717655181885e-02
7.257037758827209473e-01
6.986609697341918945e-01
9.551898241043090820e-01
1.794416546821594238e+00
-2.690559923648834229e-01
-5.338944196701049805e-01
2.633608877658843994e-02
-3.981973528861999512e-01
3.604207038879394531e-01
1.803068667650222778e-01
1.609178185462951660e-01
-3.939853049814701080e-04
-2.189069092273712158e-01
1.688637852668762207e+00
-1.388528704643249512e+00
2.637916207313537598e-01
-1.722770810127258301e+00
-2.236716032028198242e+00
-1.680142045021057129e+00
2.263755947351455688e-01
3.389755785465240479e-01
-6.956309080123901367e-02
3.374154865741729736e-01
1.359369039535522461e+00
-1.074501872062683105e+00
1.541735887527465820e+00
5.556651353836059570e-01
-1.263200879096984863e+00
-1.269976139068603516e+00
2.488296031951904297e+00
1.033510044217109680e-01
1.947272777557373047e+00
-1.819079220294952393e-01
1.383877992630004883e-01
-1.248575210571289062e+00
2.334944605827331543e-01
9.456566572189331055e-01
1.027726173400878906e+00
-1.083299636840820312e+00
-1.008492827415466309e+00
-1.379661083221435547e+00
1.723100244998931885e-02
2.998626530170440674e-01
4.521730840206146240e-01
-1.082409024238586426e+00
-8.525356650352478027e-01
1.196641445159912109e+00
-3.443836271762847900e-01
1.893373966217041016e+00
9.581727385520935059e-01
-4.337634742259979248e-01
1.967200487852096558e-01
-1.922141462564468384e-01
2.092605531215667725e-01
1.637840509414672852e+00
-1.038656949996948242e+00
-1.096792578697204590e+00
-7.400158047676086426e-01
1.158142805099487305e+00
8.176015019416809082e-01
-1.110042929649353027e+00
-5.920507311820983887e-01
4.069283008575439453e-01
1.560420870780944824e+00
-1.016513824462890625e+00
1.560980796813964844e+00
-5.960661768913269043e-01
1.617646932601928711e+00
-1.313781619071960449e+00
-2.848645150661468506e-01
-5.966539382934570312e-01
-4.503057599067687988e-01
-1.069629192352294922e+00
2.116150781512260437e-02
-5.510146617889404297e-01
1.157394766807556152e+00
1.046589493751525879e+00
-2.202570915222167969e+00
6.540016531944274902e-01
-6.219853758811950684e-01
-1.758126616477966309e+00
-1.371157288551330566e+00
1.356408149003982544e-01
1.131711363792419434e+00
-1.518166184425354004e+00
3.245980143547058105e-01
8.694381713867187500e-01
-3.417965024709701538e-02
6.916455030441284180e-01
5.814170837402343750e-01
-8.928226232528686523e-01
-4.122937321662902832e-01
7.859410643577575684e-01
9.242888092994689941e-01
-3.052731454372406006e-01
3.261400014162063599e-02
-1.679117828607559204e-01
-7.583037614822387695e-01
