1.363379836082458496e+00
-8.427125960588455200e-02
-1.628917753696441650e-01
-1.451982259750366211e-01
-9.191016554832458496e-01
-1.716057896614074707e+00
-4.662596285343170166e-01
-1.398379653692245483e-01
-1.683658242225646973e+00
-1.363332986831665039e+00
4.979299902915954590e-01
-1.822535872459411621e+00
1.997993469238281250e+00
-7.910333573818206787e-03
-1.246917247772216797e+00
-1.222577095031738281e-01
1.492745727300643921e-01
5.047143250703811646e-02
7.052110880613327026e-02
-2.912279367446899414e-01
1.584749966859817505e-01
-2.060755014419555664e+00
5.602987408638000488e-01
-1.535844802856445312e+00
1.361682653427124023e+00
1.018316030502319336e+00
-6.097896695137023926e-01
5.213856101036071777e-01
-1.150773048400878906e+00
1.146124362945556641e+00
-7.205740809440612793e-01
5.899844169616699219e-01
-1.361732602119445801e+00
-6.761991977691650391e-01
-2.763453722000122070e-01
6.721447110176086426e-01
-1.151083111763000488e+00
-3.376999378204345703e+00
1.082578226923942566e-01
1.735855042934417725e-01
-8.943780064582824707e-01
-1.883393883705139160e+00
-1.011451244354248047e+00
1.267191469669342041e-01
1.209795713424682617e+00
8.435750603675842285e-01
-1.887854635715484619e-01
1.279515504837036133e+00
1.165462732315063477e-01
2.125906229019165039e+00
-6.605065464973449707e-01
-9.508143663406372070e-01
4.630851000547409058e-02
9.023178815841674805e-01
7.813973352313041687e-03
-8.582670688629150391e-01
-3.821504414081573486e-01
-5.338201522827148438e-01
1.135273933410644531e+00
-4.941018521785736084e-01
-4.852129518985748291e-01
3.257904052734375000e-01
1.230063796043395996e+00
-9.788687825202941895e-01
1.393694639205932617e+00
-6.952652335166931152e-01
1.319150567054748535e+00
1.732265800237655640e-01
1.121505260467529297e+00
-1.212753415107727051e+00
4.874508976936340332e-01
1.224076628684997559e+00
-2.677699178457260132e-02
-3.500894308090209961e-01
-1.124107480049133301e+00
2.924332916736602783e-01
6.158630251884460449e-01
9.297839552164077759e-02
-6.630988717079162598e-01
1.815729022026062012e+00
4.875923097133636475e-01
4.974506497383117676e-01
-2.544753074645996094e+00
5.725290253758430481e-02
3.861623108386993408e-01
-4.314239025115966797e-01
2.222386896610260010e-01
-6.044469475746154785e-01
1.593038998544216156e-02
-1.099980473518371582e+00
-6.015047430992126465e-01
-9.952315688133239746e-01
-1.666003763675689697e-01
8.811223506927490234e-01
-5.489020943641662598e-01
1.166523456573486328e+00
9.815234690904617310e-02
2.273534983396530151e-01
8.967574834823608398e-01
-1.351920813322067261e-01
4.585353136062622070e-01
1.254681229591369629e+00
1.538484334945678711e+00
-1.355155855417251587e-01
-1.301553964614868164e+00
-3.231353163719177246e-01
-2.200736999511718750e+00
1.282905459403991699e+00
-1.976738423109054565e-01
4.561749696731567383e-01
9.006488919258117676e-01
1.482100963592529297e+00
-3.329975008964538574e-01
-1.647849440574645996e+00
-8.584282398223876953e-01
4.108509719371795654e-01
-3.244905769824981689e-01
1.126683592796325684e+00
2.869009785354137421e-02
1.318889498710632324e+00
8.498926758766174316e-01
1.009989261627197266e+00
-1.560502290725708008e+00
6.603006124496459961e-01
4.180464148521423340e-01
-6.521964669227600098e-01
-3.264338895678520203e-02
1.501710653305053711e+00
-9.962294697761535645e-01
-6.725690960884094238e-01
9.489675164222717285e-01
-9.848159551620483398e-01
2.411108464002609253e-01
-1.560714006423950195e+00
-2.239026308059692383e+00
-3.842429816722869873e-01
-1.392620354890823364e-01
-4.134297966957092285e-01
-1.407314300537109375e+00
3.861514031887054443e-01
1.737914532423019409e-01
6.405056715011596680e-01
6.152932643890380859e-01
-3.080185055732727051e-01
-1.601702332496643066e+00
2.381531447172164917e-01
8.607144951820373535e-01
-8.687024712562561035e-01
-6.388571858406066895e-02
-9.962536096572875977e-01
1.715180873870849609e+00
-3.089061677455902100e-01
3.361940979957580566e-01
-6.210440993309020996e-01
1.315841674804687500e+00
-6.142509579658508301e-01
-4.373724758625030518e-01
-5.060564279556274414e-01
1.528301686048507690e-01
5.963830947875976562e-01
4.258996844291687012e-01
3.235866725444793701e-01
3.280318975448608398e-01
3.143863081932067871e-01
-1.830422729253768921e-01
-9.154663085937500000e-01
-2.084987640380859375e+00
-1.879241764545440674e-01
6.324037164449691772e-02
1.188775777816772461e+00
-1.249480724334716797e+00
-1.853935837745666504e+00
-1.449375748634338379e+00
1.878388643264770508e+00
9.115797877311706543e-01
1.184137105941772461e+00
5.796134471893310547e-01
5.314251035451889038e-02
-4.439485669136047363e-01
1.207884073257446289e+00
-7.348133921623229980e-01
-8.631969690322875977e-01
-5.827732682228088379e-01
1.077329158782958984e+00
1.500104784965515137e+00
7.069050073623657227e-01
-1.210852146148681641e+00
-3.347347080707550049e-01
2.119060754776000977e+00
9.035484790802001953e-01
3.311151564121246338e-01
-6.420787572860717773e-01
-1.341055870056152344e+00
1.153433918952941895e+00
-7.677043080329895020e-01
-5.387753844261169434e-01
-1.964690238237380981e-01
-4.376902878284454346e-01
5.921936631202697754e-01
4.679508805274963379e-01
3.240711987018585205e-01
1.320304751396179199e+00
2.520738124847412109e+00
-1.025630593299865723e+00
1.188391566276550293e+00
-6.867890954017639160e-01
-5.406267046928405762e-01
-2.158777475357055664e+00
8.200393915176391602e-01
3.227040171623229980e-01
-3.406810760498046875e-01
-9.682468771934509277e-01
5.925096869468688965e-01
-3.211531341075897217e-01
-1.414175271987915039e+00
-3.376283645629882812e-01
-1.779749512672424316e+00
-1.909828037023544312e-01
3.976350426673889160e-01
7.912042737007141113e-01
-2.595299780368804932e-01
8.847939968109130859e-01
1.400175809860229492e+00
3.260312378406524658e-01
5.513380765914916992e-01
-9.748958051204681396e-02
5.151948928833007812e-01
-1.425635516643524170e-01
-8.913082480430603027e-01
-1.090054750442504883e+00
-2.483919262886047363e-01
-1.128033876419067383e+00
-4.572651982307434082e-01
1.556920766830444336e+00
-1.774206012487411499e-01
1.709232479333877563e-02
-7.875117063522338867e-01
2.934308052062988281e-01
-1.179549455642700195e+00
4.384794533252716064e-01
8.846195340156555176e-01
8.355553150177001953e-01
-1.284511923789978027e+00
4.280861616134643555e-01
-1.894094705581665039e+00
4.774470031261444092e-01
-1.159350156784057617e+00
-1.517514735460281372e-01
-6.805124878883361816e-02
-5.241345763206481934e-01
-3.466935753822326660e-01
-3.921262174844741821e-02
-1.005659222602844238e+00
-7.937980890274047852e-01
1.728912353515625000e+00
-6.643447279930114746e-02
7.344460487365722656e-01
7.569314241409301758e-01
-2.539791762828826904e-01
1.145613789558410645e+00
6.588520109653472900e-02
6.735544651746749878e-02
1.673336386680603027e+00
-8.060247898101806641e-01
-1.613223552703857422e+00
2.880235612392425537e-01
7.673866748809814453e-01
-1.520457983016967773e+00
3.667181015014648438e+00
1.610213994979858398e+00
-1.020953893661499023e+00
7.483472228050231934e-01
1.193290472030639648e+00
1.258163094520568848e+00
-3.926621973514556885e-01
8.100113868713378906e-01
-5.976998805999755859e-02
-4.381555616855621338e-01
8.221186399459838867e-01
-1.488879680633544922e+00
6.987178325653076172e-01
-1.521340966224670410e+00
6.925450563430786133e-01
1.143643185496330261e-01
2.619820535182952881e-01
1.507462739944458008e+00
-6.448349356651306152e-01
1.573648691177368164e+00
1.135273720137774944e-03
-4.996577203273773193e-01
-1.912093281745910645e+00
1.244376778602600098e+00
4.709443151950836182e-01
-4.201319217681884766e+00
1.839581966400146484e+00
-1.534163594245910645e+00
5.900604128837585449e-01
1.240183636546134949e-01
6.842198967933654785e-02
5.465198755264282227e-01
7.421694695949554443e-02
-1.161206126213073730e+00
6.548208743333816528e-02
5.708908438682556152e-01
1.741306066513061523e+00
1.071408867835998535e+00
9.592236876487731934e-01
-1.277195692062377930e+00
6.939691305160522461e-02
-6.368949413299560547e-01
-1.742659091949462891e+00
-2.727570533752441406e+00
-7.691039443016052246e-01
6.390524506568908691e-01
-5.471820384263992310e-02
6.922220587730407715e-01
1.706095457077026367e+00
9.435608386993408203e-01
3.023637831211090088e-01
1.746243685483932495e-01
-1.082040429115295410e+00
9.939631819725036621e-01
1.150844931602478027e+00
-3.471505939960479736e-01
-1.227219939231872559e+00
-5.719307661056518555e-01
-4.771975576877593994e-01
-1.780767440795898438e-01
5.351576954126358032e-02
2.022316694259643555e+00
1.131500005722045898e+00
-1.119730323553085327e-01
1.725432515144348145e+00
4.946081340312957764e-01
5.503255128860473633e-01
-2.174935191869735718e-01
-1.680191457271575928e-01
-9.750193357467651367e-01
1.926536083221435547e+00
-2.889761887490749359e-02
2.280343760503455997e-04
5.062854886054992676e-01
7.358281612396240234e-01
1.950019001960754395e-01
4.276420772075653076e-01
1.535793066024780273e+00
-2.028368949890136719e+00
1.014967799186706543e+00
-9.942305684089660645e-01
-1.118731498718261719e+00
-1.841875612735748291e-01
-9.520708322525024414e-01
1.177123412489891052e-01
-6.695952415466308594e-01
-1.234683915972709656e-01
-3.422558307647705078e-01
-6.443250179290771484e-01
-3.339593112468719482e-01
1.672587245702743530e-01
7.989788055419921875e-01
4.397127032279968262e-01
-1.019165754318237305e+00
-3.276505172252655029e-01
-3.689932227134704590e-01
-2.400103330612182617e+00
3.516334891319274902e-01
2.334583282470703125e+00
1.422100067138671875e-01
1.382820844650268555e+00
1.015280246734619141e+00
1.584532976150512695e+00
-7.979266643524169922e-01
-1.210434675216674805e+00
2.466709613800048828e+00
1.346247911453247070e+00
2.323332726955413818e-01
-5.474091172218322754e-01
-1.991295933723449707e+00
-5.396883487701416016e-01
6.707545518875122070e-01
1.117383837699890137e+00
1.022341609001159668e+00
4.968254268169403076e-01
-6.249777674674987793e-01
-5.533486008644104004e-01
-4.292939007282257080e-01
-6.318519115447998047e-01
-8.833245635032653809e-01
2.151386260986328125e+00
-3.355745971202850342e-02
1.193331360816955566e+00
4.877222478389739990e-01
3.922177553176879883e-01
-1.416830778121948242e+00
2.229352235794067383e+00
-1.916261315345764160e-01
-5.907391905784606934e-01
-1.894278079271316528e-01
-1.148010849952697754e+00
7.927084565162658691e-01
-3.267552554607391357e-01
-8.132754564285278320e-01
-1.755970343947410583e-02
-1.715605854988098145e+00
-1.235605239868164062e+00
2.233630418777465820e-01
-5.386778116226196289e-01
1.009009838104248047e+00
-2.167832106351852417e-01
-7.255538702011108398e-01
-1.285354048013687134e-01
-4.328816533088684082e-01
-1.127066135406494141e+00
6.393694877624511719e-01
4.543493986129760742e-01
7.539377212524414062e-01
-1.972983032464981079e-01
1.479599177837371826e-01
-1.114034771919250488e+00
1.975957036018371582e+00
-1.049901127815246582e+00
-9.849437475204467773e-01
3.302870690822601318e-01
1.428440213203430176e+00
2.124071270227432251e-01
5.008797645568847656e-01
-1.174380898475646973e+00
-6.142171621322631836e-01
-2.765790700912475586e+00
-1.949232369661331177e-01
-3.111265897750854492e-01
2.095191240310668945e+00
1.707449436187744141e+00
-1.079904079437255859e+00
-2.197433030232787132e-03
5.406758785247802734e-01
1.020498991012573242e+00
-5.657628774642944336e-01
2.135144472122192383e-01
6.386703252792358398e-01
8.161095976829528809e-01
1.243454217910766602e+00
-1.534300804138183594e+00
7.241222858428955078e-01
-3.716266155242919922e-01
-1.909285426139831543e+00
-6.626135706901550293e-01
7.773430347442626953e-01
-2.310523986816406250e-01
-1.021659374237060547e+00
-1.198835611343383789e+00
-1.058620333671569824e+00
-5.941908359527587891e-01
-1.780143857002258301e+00
-1.289871692657470703e+00
-1.087890505790710449e+00
5.825186967849731445e-01
1.050038337707519531e+00
-5.186668634414672852e-01
-1.911966085433959961e+00
2.034226804971694946e-01
-8.882666379213333130e-02
-3.043138682842254639e-01
1.474600881338119507e-01
-1.140062689781188965e+00
4.603698104619979858e-02
-8.862563967704772949e-01
8.087247014045715332e-01
-5.111011266708374023e-01
5.288365483283996582e-01
6.662066280841827393e-02
1.235868930816650391e+00
-6.188579201698303223e-01
4.492719471454620361e-01
-1.871672868728637695e-01
-6.118232011795043945e-01
2.910570204257965088e-01
1.909740418195724487e-01
-9.195177555084228516e-01
1.676601529121398926e+00
9.331042766571044922e-01
2.563815712928771973e-01
-1.369241952896118164e+00
1.070226311683654785e+00
7.503355741500854492e-01
-9.360457658767700195e-01
4.483350515365600586e-01
1.035560488700866699e+00
9.416819214820861816e-01
-2.314519882202148438e-01
9.620165228843688965e-01
1.638697504997253418e+00
4.114229977130889893e-01
2.857750058174133301e-01
-5.594190359115600586e-01
1.070754647254943848e+00
-1.854829907417297363e+00
-2.557938575744628906e+00
2.635408341884613037e-01
-6.447448730468750000e-01
-4.642716646194458008e-01
1.477195620536804199e-01
-1.667152047157287598e+00
1.906653195619583130e-01
-9.850614070892333984e-01
7.588885426521301270e-01
-2.340223640203475952e-01
1.616438925266265869e-01
5.536307692527770996e-01
1.192690849304199219e+00
8.871790766716003418e-01
-9.581705927848815918e-02
-1.311839818954467773e-01
-8.433642983436584473e-01
1.126905202865600586e+00
9.817222356796264648e-01
-1.558484137058258057e-01
-7.958007454872131348e-01
5.668414235115051270e-01
-9.091018140316009521e-02
-2.148217707872390747e-01
-1.504824638366699219e+00
-1.207054495811462402e+00
-1.158720970153808594e+00
-8.874567598104476929e-02
1.141362071037292480e+00
8.147324323654174805e-01
3.577956855297088623e-01
1.836173653602600098e+00
-1.251428842544555664e+00
-9.153205156326293945e-01
9.309646487236022949e-01
8.033958673477172852e-01
-1.740256249904632568e-01
-4.752727746963500977e-01
-1.379929661750793457e+00
-7.706809639930725098e-01
8.720283508300781250e-01
-7.781137228012084961e-01
-3.708569705486297607e-02
-9.651983380317687988e-01
1.416664868593215942e-01
-9.458301067352294922e-01
-5.787413716316223145e-01
6.351869702339172363e-01
-1.158448100090026855e+00
1.197238802909851074e+00
-3.985989838838577271e-02
-4.686287045478820801e-01
1.309915184974670410e+00
2.040676623582839966e-01
-6.572645306587219238e-01
-1.532770395278930664e+00
-1.263322472572326660e+00
6.562460660934448242e-01
8.665374517440795898e-01
-7.023117542266845703e-01
1.165948271751403809e+00
-6.396109461784362793e-01
-1.447976708412170410e+00
6.257246136665344238e-01
6.981051564216613770e-01
-9.078456163406372070e-01
7.046890258789062500e-01
-6.500828266143798828e-01
-2.891689538955688477e-01
1.158083200454711914e+00
1.919986844062805176e+00
1.327206492424011230e+00
-8.551547527313232422e-01
1.027472734451293945e+00
-7.161175608634948730e-01
-1.474478006362915039e+00
-4.599563479423522949e-01
-8.804421424865722656e-01
2.202471904456615448e-02
-4.218186438083648682e-01
-6.802402734756469727e-01
9.873189926147460938e-01
-7.321677803993225098e-01
-1.083065629005432129e+00
2.041020393371582031e-01
3.958561122417449951e-01
1.371900081634521484e+00
1.936836838722229004e+00
-2.528630197048187256e-01
-8.065422773361206055e-01
-1.700772523880004883e+00
-2.183030128479003906e+00
-1.050927489995956421e-01
1.531833410263061523e-01
-4.407174587249755859e-01
-1.086730718612670898e+00
-8.251759409904479980e-02
-1.569879949092864990e-01
-1.946619510650634766e+00
-4.786346256732940674e-01
1.049235612154006958e-01
8.169671893119812012e-01
6.251610815525054932e-02
-8.132256865501403809e-01
-1.594342589378356934e+00
4.979889988899230957e-01
1.871656477451324463e-01
1.608921170234680176e+00
-8.877390027046203613e-01
-3.426244258880615234e-01
-8.416994214057922363e-01
-4.527691751718521118e-02
1.022568702697753906e+00
-1.115367650985717773e+00
-4.848863482475280762e-01
1.690492033958435059e-01
1.426738798618316650e-01
-9.958969354629516602e-01
-1.890591830015182495e-01
-2.108209133148193359e-01
-9.372032880783081055e-01
1.449272394180297852e+00
1.673837751150131226e-01
-8.627438545227050781e-01
6.762964725494384766e-01
-2.383312225341796875e+00
7.277091145515441895e-01
-4.959587454795837402e-01
9.293215274810791016e-01
6.100231548771262169e-04
-3.026672601699829102e-01
4.883360266685485840e-01
-2.458580255508422852e+00
1.077704548835754395e+00
3.937297463417053223e-01
9.674777984619140625e-01
1.182643771171569824e+00
5.828284621238708496e-01
-4.227915108203887939e-01
-3.315268158912658691e-01
1.253258287906646729e-01
-1.801099061965942383e+00
6.573101878166198730e-01
-1.018911838531494141e+00
6.211280822753906250e-01
-4.562934935092926025e-01
7.656203210353851318e-02
-1.167475581169128418e+00
2.889011383056640625e+00
-5.815373659133911133e-01
-7.297900915145874023e-01
-1.552270054817199707e-01
-9.598229527473449707e-01
-2.215527057647705078e+00
-1.091219067573547363e+00
7.968569993972778320e-01
2.451771944761276245e-01
5.153323411941528320e-01
-1.273971796035766602e+00
3.321693837642669678e-01
-9.173720479011535645e-01
6.980354785919189453e-01
7.367886304855346680e-01
4.527234435081481934e-01
8.987547159194946289e-01
7.069160789251327515e-02
-1.355803728103637695e+00
8.274469971656799316e-01
8.993735909461975098e-01
-8.585971593856811523e-01
5.184206366539001465e-01
-3.136470913887023926e-01
-1.275400161743164062e+00
2.569946348667144775e-01
-3.442325070500373840e-02
1.153691932559013367e-01
1.598026752471923828e+00
1.452961087226867676e+00
-4.095233082771301270e-01
9.225413203239440918e-01
-1.078476667404174805e+00
7.265696525573730469e-01
3.321829140186309814e-01
-4.432264268398284912e-01
-3.314072787761688232e-01
-3.839392662048339844e-01
6.515831351280212402e-01
-5.164433717727661133e-01
-1.136141866445541382e-01
-6.933721899986267090e-01
-1.057444334030151367e+00
2.132019996643066406e+00
1.473329544067382812e+00
-6.434752941131591797e-01
-8.075861334800720215e-01
2.128510773181915283e-01
-8.337509632110595703e-01
4.719642102718353271e-01
1.132257580757141113e+00
-5.967316031455993652e-01
4.270267188549041748e-01
-2.315386682748794556e-01
9.419679641723632812e-01
6.358541250228881836e-01
-2.345472872257232666e-01
-6.782608032226562500e-01
3.736104369163513184e-01
4.294299185276031494e-01
-7.398640513420104980e-01
6.958148479461669922e-01
8.909937143325805664e-01
-5.341964960098266602e-01
-7.852622866630554199e-01
1.639375537633895874e-01
3.838332593441009521e-01
1.193714067339897156e-01
-1.227322816848754883e+00
-1.406792998313903809e+00
-4.762929379940032959e-01
6.805277466773986816e-01
-1.281216979026794434e+00
1.075624465942382812e+00
-1.201027154922485352e+00
-6.446693539619445801e-01
-3.041081130504608154e-01
6.255497336387634277e-01
7.997099757194519043e-01
-2.533997176215052605e-03
6.794934868812561035e-01
1.357718259096145630e-01
1.783021450042724609e+00
1.160476326942443848e+00
-3.102901577949523926e-01
6.722055077552795410e-01
-1.272898793220520020e+00
1.409192383289337158e-01
-5.496939271688461304e-02
1.461774855852127075e-01
3.813024759292602539e-01
5.692476630210876465e-01
4.135845601558685303e-01
2.658648788928985596e-01
8.278558254241943359e-01
5.159186720848083496e-01
-1.232476234436035156e+00
-3.068521618843078613e-01
1.292066693305969238e+00
3.018617816269397736e-02
-3.224040269851684570e-01
4.908160269260406494e-01
2.025690525770187378e-01
2.043329477310180664e+00
-8.393743634223937988e-02
1.382503867149353027e+00
-2.088236361742019653e-01
-9.383137226104736328e-01
4.507227540016174316e-01
-1.222064733505249023e+00
6.397770047187805176e-01
-1.907462000846862793e+00
-1.495435714721679688e+00
2.592523097991943359e-01
8.022552132606506348e-01
5.362549424171447754e-01
-4.617014154791831970e-02
-3.044474720954895020e-01
3.335633277893066406e-01
1.421094059944152832e+00
8.995513916015625000e-01
3.197970688343048096e-01
-1.032141745090484619e-01
