2.249923944473266602e+00
1.872909367084503174e-01
4.404628872871398926e-01
-9.972729086875915527e-01
-1.394345879554748535e+00
-1.826723575592041016e+00
-1.074680387973785400e-01
-3.790837824344635010e-01
-1.679307699203491211e+00
-1.660443544387817383e+00
4.158864021301269531e-01
-1.804053783416748047e+00
1.909819245338439941e+00
-3.318739831447601318e-01
-6.740019321441650391e-01
-6.649576425552368164e-01
-3.922322988510131836e-01
-2.339390851557254791e-02
-1.359299290925264359e-02
1.821437329053878784e-01
5.973715782165527344e-01
-1.513427615165710449e+00
6.796942949295043945e-01
-1.111091852188110352e+00
1.436825037002563477e+00
9.852309226989746094e-01
-6.722656488418579102e-01
7.014691829681396484e-01
-7.329742312431335449e-01
7.079427242279052734e-01
-1.423227787017822266e+00
8.501840829849243164e-01
-2.173178911209106445e+00
-4.087551832199096680e-01
-6.336818933486938477e-01
1.325522780418395996e+00
-9.032050371170043945e-01
-3.513241529464721680e+00
4.687124490737915039e-02
1.829793602228164673e-01
-1.090386748313903809e+00
-1.733185410499572754e+00
-7.380515933036804199e-01
-1.332658678293228149e-01
1.623868584632873535e+00
7.402470111846923828e-01
-6.259853839874267578e-01
1.774424314498901367e+00
1.304407119750976562e-01
1.056974649429321289e+00
-8.442263603210449219e-01
-9.977578520774841309e-01
-4.868491888046264648e-01
1.150124430656433105e+00
-1.863379627466201782e-01
-9.011868834495544434e-01
-7.439106702804565430e-01
-4.673196077346801758e-01
9.221434593200683594e-01
-1.063985586166381836e+00
4.218354523181915283e-01
6.777025461196899414e-01
1.024912834167480469e+00
-1.871128529310226440e-01
1.570374965667724609e+00
-5.844853520393371582e-01
8.529788255691528320e-01
-1.278220862150192261e-01
1.962071537971496582e+00
-1.303092598915100098e+00
2.839292585849761963e-01
1.700674533843994141e+00
-2.745189070701599121e-01
-1.185512542724609375e+00
-1.143218755722045898e+00
3.005128502845764160e-01
1.226805076003074646e-01
3.696543164551258087e-03
-8.273413777351379395e-01
1.878576517105102539e+00
1.074657320976257324e+00
6.601011753082275391e-01
-2.086488246917724609e+00
3.290455937385559082e-01
4.840564131736755371e-01
-4.564200937747955322e-01
1.507742106914520264e-01
-6.189609169960021973e-01
-4.734056293964385986e-01
-7.430233359336853027e-01
-1.081215977668762207e+00
-1.780904889106750488e+00
-1.026425957679748535e-01
4.396892488002777100e-01
-7.798385024070739746e-01
8.984183669090270996e-01
5.334827303886413574e-01
1.727108061313629150e-01
1.727412045001983643e-01
-4.075494781136512756e-02
2.389152050018310547e-01
5.328463315963745117e-01
1.145957469940185547e+00
-7.138710021972656250e-01
-1.711570143699645996e+00
-1.005595088005065918e+00
-1.993047237396240234e+00
8.099474310874938965e-01
1.279851794242858887e-01
-4.812498763203620911e-02
1.079476594924926758e+00
1.864489674568176270e+00
2.849079072475433350e-01
-1.031025052070617676e+00
-1.397220790386199951e-01
3.808109164237976074e-01
-3.589571416378021240e-01
7.631572335958480835e-02
4.592984616756439209e-01
1.629963994026184082e+00
1.596445143222808838e-01
1.280867218971252441e+00
-1.575352549552917480e+00
8.617046475410461426e-01
5.385354757308959961e-01
-6.465997695922851562e-01
6.078866720199584961e-01
1.505158066749572754e+00
-8.944597840309143066e-01
-4.731808900833129883e-01
1.421096444129943848e+00
-8.067107796669006348e-01
-5.333017185330390930e-02
-1.399085760116577148e+00
-1.701029419898986816e+00
-6.853979229927062988e-01
-1.604541093111038208e-01
-8.694371581077575684e-01
-8.822017908096313477e-01
4.862086474895477295e-01
3.691977635025978088e-02
1.991791725158691406e-01
7.726895809173583984e-01
-5.980074405670166016e-01
-2.601866006851196289e+00
3.882085382938385010e-01
7.088105082511901855e-01
-1.017648577690124512e+00
3.655025660991668701e-01
-9.877413511276245117e-01
1.299951076507568359e+00
-3.490906357765197754e-01
5.217316150665283203e-01
-9.858860969543457031e-01
1.283307313919067383e+00
-7.763359546661376953e-01
-1.559142827987670898e+00
-6.586008667945861816e-01
-1.594902575016021729e-01
4.937019348144531250e-01
5.632303357124328613e-01
3.623331785202026367e-01
5.714142918586730957e-01
-5.626003723591566086e-03
3.406542241573333740e-01
-9.524695575237274170e-02
-1.824105262756347656e+00
-9.694535732269287109e-01
2.878206074237823486e-01
1.279134035110473633e+00
-1.127848744392395020e+00
-2.378376722335815430e+00
-2.589466333389282227e+00
1.311409235000610352e+00
1.769248247146606445e-01
1.026878476142883301e+00
-1.034692168235778809e+00
5.990095734596252441e-01
-4.539169371128082275e-01
1.274289846420288086e+00
-6.601757407188415527e-01
-1.388192296028137207e+00
-1.352154731750488281e+00
1.104210853576660156e+00
1.182411670684814453e+00
1.429386973381042480e+00
-2.307600528001785278e-01
-3.243906497955322266e-01
2.075889825820922852e+00
1.966153740882873535e+00
-4.904326796531677246e-01
-1.332898378372192383e+00
-9.688082337379455566e-01
1.332965046167373657e-01
-8.403625488281250000e-01
-1.086072564125061035e+00
3.363366723060607910e-01
-2.363383024930953979e-01
7.403215169906616211e-01
1.023373603820800781e+00
6.819416582584381104e-02
1.574001550674438477e+00
1.072735309600830078e+00
-6.295386552810668945e-01
8.331612348556518555e-01
-9.618901610374450684e-01
6.116350740194320679e-02
-2.261423349380493164e+00
8.682645559310913086e-01
2.411668002605438232e-01
-9.064718484878540039e-01
-1.617660045623779297e+00
1.228756189346313477e+00
5.966761112213134766e-01
-1.652013540267944336e+00
-1.090146541595458984e+00
-4.810611531138420105e-02
-1.373361945152282715e-01
6.823314428329467773e-01
5.383722782135009766e-01
-2.806733250617980957e-01
4.125526919960975647e-02
1.240887641906738281e+00
1.092706561088562012e+00
1.083079427480697632e-01
1.153005734086036682e-01
1.006229400634765625e+00
-8.934592008590698242e-01
-8.831021785736083984e-01
-1.128464460372924805e+00
1.347181648015975952e-01
-3.426451086997985840e-01
-9.955971837043762207e-01
7.990126013755798340e-01
-5.591969937086105347e-02
3.423407375812530518e-01
-5.308926701545715332e-01
6.895305514335632324e-01
-6.773051023483276367e-01
3.594770729541778564e-01
1.235397219657897949e+00
-2.272043609991669655e-03
-8.147452473640441895e-01
1.137159347534179688e+00
-1.792936086654663086e+00
6.565307378768920898e-01
-2.741663753986358643e-01
-1.535316258668899536e-01
4.955394566059112549e-01
-1.229786992073059082e+00
-2.413254827260971069e-01
-1.069691896438598633e+00
-1.868735551834106445e+00
-1.484180092811584473e+00
1.286409258842468262e+00
-4.162988960742950439e-01
9.543501138687133789e-01
7.808921933174133301e-01
1.699761748313903809e-01
3.789474070072174072e-01
-9.297706186771392822e-02
7.907625436782836914e-01
1.386135339736938477e+00
-1.274132013320922852e+00
-1.598704934120178223e+00
2.035088092088699341e-01
3.232961595058441162e-01
-8.330318927764892578e-01
2.998643159866333008e+00
4.092133343219757080e-01
-2.132198661565780640e-01
6.201367378234863281e-01
9.521060585975646973e-01
1.201025366783142090e+00
3.175166845321655273e-01
3.109520077705383301e-01
-7.775773108005523682e-02
-5.440505146980285645e-01
2.533327937126159668e-01
-1.466985225677490234e+00
9.685432314872741699e-01
-1.443288326263427734e+00
6.653398871421813965e-01
6.340680718421936035e-01
9.677922725677490234e-01
1.941601872444152832e+00
-1.458669155836105347e-01
1.241851449012756348e+00
-5.695048570632934570e-01
-9.525310993194580078e-01
-1.789789915084838867e+00
9.781805872917175293e-01
9.695540666580200195e-01
-2.915183544158935547e+00
2.228416919708251953e+00
-9.101009368896484375e-01
5.984386205673217773e-01
-6.181277036666870117e-01
1.844684183597564697e-01
8.496675491333007812e-01
6.693004965782165527e-01
-5.116454958915710449e-01
-2.819302380084991455e-01
2.822735607624053955e-01
2.352008104324340820e+00
6.681274771690368652e-01
1.183454990386962891e+00
-2.543907761573791504e-01
-1.152680367231369019e-01
-9.032968878746032715e-01
-1.738839626312255859e+00
-2.929841279983520508e+00
-1.190911531448364258e+00
1.576447844505310059e+00
5.281199216842651367e-01
1.205393552780151367e+00
1.862558722496032715e+00
1.328151345252990723e+00
1.934016048908233643e-01
-5.772022008895874023e-01
-8.642249107360839844e-01
8.693179488182067871e-01
9.528636336326599121e-01
6.608300805091857910e-01
-4.831848740577697754e-01
2.205184102058410645e-01
-1.256696879863739014e-01
2.202151715755462646e-01
3.042450845241546631e-01
4.623424112796783447e-01
2.067175209522247314e-01
-7.874717116355895996e-01
1.493054151535034180e+00
4.852498173713684082e-01
5.337381362915039062e-01
-3.113053441047668457e-01
-2.240191996097564697e-01
-1.507104277610778809e+00
2.090800762176513672e+00
2.077939659357070923e-01
7.881069928407669067e-02
6.148155927658081055e-01
2.592643201351165771e-01
2.817766964435577393e-01
4.784483611583709717e-01
1.495012879371643066e+00
-2.472004175186157227e+00
9.302116632461547852e-01
-1.720322251319885254e+00
-9.110195040702819824e-01
-6.662757992744445801e-01
-6.622935533523559570e-01
7.869918942451477051e-01
1.091303229331970215e-01
-5.304360985755920410e-01
-3.601434528827667236e-01
-7.030146121978759766e-01
-1.378287553787231445e+00
5.669587254524230957e-01
1.630520105361938477e+00
3.548343181610107422e-01
-1.359105229377746582e+00
-9.504018425941467285e-01
7.466954411938786507e-04
-2.967331409454345703e+00
8.066411614418029785e-01
2.098750829696655273e+00
2.492655664682388306e-01
1.682462096214294434e+00
1.535907626152038574e+00
3.686513602733612061e-01
1.885592378675937653e-02
-1.236410617828369141e+00
2.357456207275390625e+00
1.081805706024169922e+00
1.580360233783721924e-01
-1.697637557983398438e+00
-1.639263987541198730e+00
-5.514943003654479980e-01
1.223052382469177246e+00
1.284456014633178711e+00
8.622782230377197266e-01
-2.052340060472488403e-01
2.802113294601440430e-01
-4.621168375015258789e-01
-5.984602570533752441e-01
-7.158108353614807129e-01
-1.728296726942062378e-01
2.501769542694091797e+00
2.681597769260406494e-01
1.188142418861389160e+00
9.758752584457397461e-01
8.191245794296264648e-01
-5.343019366264343262e-01
2.041548490524291992e+00
-3.111208081245422363e-01
-1.058833003044128418e+00
-2.233467698097229004e-01
-4.872715473175048828e-01
1.849673032760620117e+00
1.329669207334518433e-01
-1.484114885330200195e+00
-9.094541668891906738e-01
-1.796765804290771484e+00
-9.233085513114929199e-01
8.544673025608062744e-02
-6.540329009294509888e-02
9.579948186874389648e-01
1.999855339527130127e-01
-9.609797000885009766e-01
1.114267706871032715e-01
-1.857931464910507202e-01
-8.801086992025375366e-02
5.582332983613014221e-02
7.454746961593627930e-01
1.623551964759826660e+00
2.873275876045227051e-01
2.281735837459564209e-01
-8.456450104713439941e-01
1.650754451751708984e+00
-1.557350516319274902e+00
-1.779969036579132080e-01
5.710855126380920410e-01
1.892531991004943848e+00
5.654757618904113770e-01
4.715348780155181885e-01
-1.428086519241333008e+00
-1.582463532686233521e-01
-1.785820126533508301e+00
-9.496682286262512207e-01
-5.221038460731506348e-01
2.158957242965698242e+00
2.059085369110107422e+00
-1.015487909317016602e+00
-5.587434768676757812e-01
7.769529819488525391e-01
7.081829905509948730e-01
-2.002751976251602173e-01
3.270381391048431396e-01
4.675883054733276367e-01
7.119668126106262207e-01
4.118708968162536621e-01
-1.012020349502563477e+00
1.428285598754882812e+00
-4.630225896835327148e-01
-9.762827157974243164e-01
1.397888958454132080e-01
4.182648658752441406e-01
2.036697566509246826e-01
-1.001279234886169434e+00
-1.488497376441955566e+00
-8.578687310218811035e-01
-4.511950016021728516e-01
-1.444566607475280762e+00
-9.504810720682144165e-02
-7.323125004768371582e-01
9.568330645561218262e-02
1.409350275993347168e+00
-3.812181651592254639e-01
-2.001557826995849609e+00
1.180364251136779785e+00
-2.085529863834381104e-01
-3.678481280803680420e-01
6.363620162010192871e-01
-1.096482157707214355e+00
1.632614582777023315e-01
-8.530001044273376465e-01
6.664333939552307129e-01
-2.020075470209121704e-01
8.318889141082763672e-01
-8.804251998662948608e-02
1.281587243080139160e+00
-4.436346590518951416e-01
7.541433721780776978e-02
3.826577961444854736e-01
-5.773900076746940613e-02
9.189328551292419434e-01
-1.827797293663024902e-01
-1.776807904243469238e+00
7.593260407447814941e-01
1.275910615921020508e+00
-4.993244111537933350e-01
-1.376449704170227051e+00
9.746304750442504883e-01
3.279681205749511719e-01
-5.788987874984741211e-01
1.205965161323547363e+00
1.024208903312683105e+00
4.783106446266174316e-01
-4.873761236667633057e-01
5.386051535606384277e-01
1.481460452079772949e+00
5.098430514335632324e-01
6.154770255088806152e-01
-7.718715667724609375e-01
2.394306510686874390e-01
-2.090311288833618164e+00
-2.952985048294067383e+00
-3.640931546688079834e-01
2.245011925697326660e-01
1.489109247922897339e-01
7.792115956544876099e-02
-1.508332133293151855e+00
-4.759993255138397217e-01
-7.994129061698913574e-01
1.153418898582458496e+00
-6.609537005424499512e-01
6.557786464691162109e-01
8.938907831907272339e-02
5.756490826606750488e-01
1.225040674209594727e+00
-1.686293631792068481e-01
-8.109821081161499023e-01
-7.360290288925170898e-01
1.300807833671569824e+00
5.524684190750122070e-01
-2.892362773418426514e-01
-9.175670742988586426e-01
4.167036414146423340e-01
-8.201860189437866211e-01
-3.663254678249359131e-01
-1.348152518272399902e+00
-1.755075812339782715e+00
-9.605910181999206543e-01
-2.671049833297729492e-01
1.120653152465820312e+00
2.448351122438907623e-02
1.314705610275268555e-01
2.186954975128173828e+00
-9.189946651458740234e-01
-1.151468992233276367e+00
1.120583057403564453e+00
-2.038565576076507568e-01
-3.903777301311492920e-01
-7.982232570648193359e-01
-1.186586380004882812e+00
-1.084503412246704102e+00
2.679747641086578369e-01
-8.382508158683776855e-01
1.964181661605834961e-01
-6.028655767440795898e-01
4.108924567699432373e-01
-1.399000883102416992e+00
7.644724100828170776e-02
3.806342929601669312e-02
-1.121317386627197266e+00
9.309487938880920410e-01
-4.335327446460723877e-02
-8.243388533592224121e-01
1.130663275718688965e+00
3.279338479042053223e-01
-6.052727699279785156e-01
-1.042767167091369629e+00
-1.394150972366333008e+00
1.734237074851989746e+00
4.867600500583648682e-01
-7.164722084999084473e-01
1.627800822257995605e+00
-4.668080210685729980e-01
-1.797783732414245605e+00
-1.305572129786014557e-02
5.596731901168823242e-01
-7.230972051620483398e-01
2.198708504438400269e-01
-7.927734851837158203e-01
2.947696447372436523e-01
1.446516394615173340e+00
1.895387291908264160e+00
1.157509326934814453e+00
8.816041052341461182e-02
3.188341259956359863e-01
-5.588970780372619629e-01
-1.591649532318115234e+00
-4.135911762714385986e-01
-1.066264867782592773e+00
1.150841116905212402e-01
-8.642800152301788330e-02
-4.932960569858551025e-01
1.220108389854431152e+00
-7.278878092765808105e-01
-1.465581417083740234e+00
-1.638478413224220276e-02
1.572302877902984619e-01
1.330726504325866699e+00
1.290219545364379883e+00
-6.881196498870849609e-01
-8.437688946723937988e-01
-1.964993953704833984e+00
-2.798699378967285156e+00
2.944219112396240234e-01
5.640851706266403198e-02
-3.285411000251770020e-02
-9.617739319801330566e-01
-3.601753115653991699e-01
4.737491160631179810e-02
-1.156142830848693848e+00
-1.071806788444519043e+00
6.573399901390075684e-01
7.407408356666564941e-01
7.034980654716491699e-01
-1.025595545768737793e+00
-1.689992070198059082e+00
1.480324506759643555e+00
1.098003517836332321e-02
2.360369443893432617e+00
-7.204863429069519043e-01
-1.196023464202880859e+00
-1.608234286308288574e+00
1.563906222581863403e-01
5.190344452857971191e-01
-3.468204736709594727e-01
2.703704237937927246e-01
5.474689602851867676e-01
-8.225011825561523438e-01
-1.513244032859802246e+00
-6.817029714584350586e-01
3.304750621318817139e-01
-9.718980193138122559e-01
1.212872266769409180e+00
-1.645465497858822346e-03
-2.054895460605621338e-01
9.174652099609375000e-01
-3.044182777404785156e+00
1.624529510736465454e-01
-3.202050924301147461e-01
1.078650832176208496e+00
1.341664791107177734e-01
-3.383125662803649902e-01
4.949261546134948730e-01
-2.291789770126342773e+00
8.558357357978820801e-01
6.661593317985534668e-01
7.994039058685302734e-01
1.144016265869140625e+00
4.023122787475585938e-01
-3.385497927665710449e-01
-8.083155751228332520e-01
3.837764561176300049e-01
-1.166093587875366211e+00
9.551251530647277832e-01
-7.372416853904724121e-01
6.979898214340209961e-01
-1.047774314880371094e+00
4.072096645832061768e-01
-5.482082962989807129e-01
2.970005273818969727e+00
-1.189670801162719727e+00
-2.220671474933624268e-01
2.694143354892730713e-01
-1.365834355354309082e+00
-2.151528120040893555e+00
-1.006520509719848633e+00
-2.699892222881317139e-01
5.345626473426818848e-01
3.278530538082122803e-01
-7.050124406814575195e-01
1.776706129312515259e-01
-1.122765541076660156e+00
8.630823493003845215e-01
-6.835900545120239258e-01
-5.325945615768432617e-01
1.442005187273025513e-01
4.100162684917449951e-01
-1.466764450073242188e+00
8.413788080215454102e-01
1.663301348686218262e+00
-2.293167561292648315e-01
1.389055848121643066e-01
-3.782990574836730957e-01
-1.667710065841674805e+00
5.133865475654602051e-01
-5.931317210197448730e-01
8.170219659805297852e-01
1.163458943367004395e+00
1.663715839385986328e+00
-7.144346833229064941e-01
-3.551007714122533798e-03
-1.019177079200744629e+00
6.956484634429216385e-03
9.887628555297851562e-01
-2.711371779441833496e-01
-1.420622944831848145e+00
-2.403350323438644409e-01
1.307685971260070801e+00
-7.564756870269775391e-01
-1.082407355308532715e+00
-4.676148295402526855e-01
-1.682046502828598022e-01
-2.750815153121948242e-01
1.936380386352539062e+00
-9.593921899795532227e-02
-6.999325752258300781e-01
-2.423207312822341919e-01
-5.686475634574890137e-01
1.400566935539245605e+00
1.680612325668334961e+00
1.066896989941596985e-01
2.544564008712768555e-01
-3.128846585750579834e-01
1.450980663299560547e+00
1.182864427566528320e+00
7.807163894176483154e-02
-6.982240676879882812e-01
-2.151992768049240112e-01
4.862417578697204590e-01
-8.970178365707397461e-01
8.446146249771118164e-01
6.917646527290344238e-01
-1.121029257774353027e+00
-5.832613706588745117e-01
-4.765127599239349365e-01
4.946030974388122559e-01
6.659188866615295410e-01
-1.532216191291809082e+00
-1.810375452041625977e+00
-1.191425547003746033e-01
2.281397022306919098e-02
-1.125311970710754395e+00
1.155977487564086914e+00
-1.085373640060424805e+00
-8.186984658241271973e-01
6.686856746673583984e-01
5.932529568672180176e-01
4.970415532588958740e-01
2.751073241233825684e-01
-1.716456562280654907e-01
-3.883925974369049072e-01
4.152398109436035156e-01
8.755787014961242676e-01
-2.438058704137802124e-01
8.975604176521301270e-02
-1.594959855079650879e+00
7.582768797874450684e-02
6.391674280166625977e-02
3.029755949974060059e-01
4.795535504817962646e-01
1.229533910751342773e+00
3.900224566459655762e-01
6.235492825508117676e-01
4.999547004699707031e-01
7.511600852012634277e-01
-7.645567059516906738e-01
4.719830453395843506e-01
1.069053530693054199e+00
1.219010427594184875e-01
-5.641208291053771973e-01
1.131300926208496094e-01
3.586960434913635254e-01
1.862572550773620605e+00
-7.297628521919250488e-01
1.244129180908203125e+00
-6.692727208137512207e-01
-7.808410525321960449e-01
2.437149584293365479e-01
-2.041316270828247070e+00
6.735708117485046387e-01
-7.437760829925537109e-01
-7.411898970603942871e-01
-2.573911845684051514e-01
7.764279842376708984e-01
5.405586361885070801e-01
-1.700308322906494141e-01
1.406501084566116333e-01
4.497785270214080811e-01
2.154342651367187500e+00
-1.939094662666320801e-01
-4.638911783695220947e-01
7.346128672361373901e-02
