5.662404894828796387e-01
3.578535467386245728e-02
2.890054583549499512e-01
-7.459728121757507324e-01
-7.655357718467712402e-01
-1.990957140922546387e+00
-4.321597889065742493e-02
1.350504904985427856e-01
-1.656626939773559570e+00
-2.550918579101562500e+00
3.008273839950561523e-01
-1.888685464859008789e+00
1.194338202476501465e+00
5.424126386642456055e-01
-1.138828039169311523e+00
-7.015852928161621094e-01
-1.909784227609634399e-01
2.974843084812164307e-01
6.761074066162109375e-01
-4.194829165935516357e-01
-1.964166015386581421e-01
-1.208330035209655762e+00
1.339078903198242188e+00
-7.605010867118835449e-01
1.808187723159790039e+00
3.750038444995880127e-01
-1.300040036439895630e-01
1.831127047538757324e+00
-1.438856363296508789e+00
1.056905627250671387e+00
-1.273329854011535645e+00
3.052502572536468506e-01
-1.453631162643432617e+00
-8.135744929313659668e-01
-5.062530636787414551e-01
1.738576591014862061e-01
-1.303435802459716797e+00
-3.675660848617553711e+00
7.254413515329360962e-02
4.655337035655975342e-01
-1.550976991653442383e+00
-1.420037865638732910e+00
-4.632693827152252197e-01
1.499200910329818726e-01
1.396025657653808594e+00
2.037575483322143555e+00
2.010993808507919312e-01
8.229619264602661133e-01
8.473100662231445312e-01
9.329431504011154175e-02
-8.652557730674743652e-01
-5.591638088226318359e-01
1.443902701139450073e-01
1.317917466163635254e+00
6.736730784177780151e-02
-1.541942119598388672e+00
8.310838043689727783e-02
-4.195320904254913330e-01
5.881568193435668945e-01
-6.775652170181274414e-01
-9.610200673341751099e-02
3.523678183555603027e-01
1.712678074836730957e+00
2.254631072282791138e-01
1.585601091384887695e+00
-1.031653881072998047e+00
1.071213126182556152e+00
2.721382081508636475e-01
1.112918019294738770e+00
-1.446661114692687988e+00
-2.960537970066070557e-01
-2.059053070843219757e-02
2.247546426951885223e-02
2.457891777157783508e-02
-7.076275348663330078e-01
1.162559628486633301e+00
3.230910003185272217e-01
8.480198383331298828e-01
-3.690124452114105225e-01
1.820420265197753906e+00
5.657050013542175293e-01
1.026168704032897949e+00
-1.078417658805847168e+00
-2.455672025680541992e-01
1.884410679340362549e-01
-4.535883963108062744e-01
-1.075483113527297974e-01
1.783148050308227539e-01
-2.882250845432281494e-01
-7.958885431289672852e-01
-1.858461797237396240e-01
-9.629815220832824707e-01
-3.736811876296997070e-01
7.997242808341979980e-01
6.208277940750122070e-01
4.245316088199615479e-01
6.086366176605224609e-01
5.646531581878662109e-01
1.685161143541336060e-01
3.081294000148773193e-01
7.514490485191345215e-01
1.458285927772521973e+00
1.068986058235168457e+00
5.805022548884153366e-03
-7.638592720031738281e-01
-1.029772043228149414e+00
-2.146368980407714844e+00
1.275076389312744141e+00
2.792393267154693604e-01
-2.575565278530120850e-01
7.464270591735839844e-01
1.331282854080200195e+00
-7.683610320091247559e-01
-1.299127340316772461e+00
7.597631216049194336e-02
4.855802059173583984e-01
-9.065737575292587280e-02
-5.789904296398162842e-02
-6.163214147090911865e-02
1.451575994491577148e+00
1.721325912512838840e-03
5.341823697090148926e-01
-7.823240160942077637e-01
-3.440821915864944458e-02
-1.822501122951507568e-01
-2.379213720560073853e-01
6.557134985923767090e-01
1.546288847923278809e+00
-4.951511919498443604e-01
-3.785559237003326416e-01
2.946702837944030762e-01
-1.003434062004089355e+00
7.696569561958312988e-01
-1.542758464813232422e+00
-2.509205818176269531e+00
-1.051710247993469238e+00
3.843628764152526855e-01
-2.010112404823303223e-01
-1.233541727066040039e+00
-4.238520562648773193e-01
6.950227618217468262e-01
1.535967350006103516e+00
9.674303978681564331e-02
-1.274933576583862305e+00
-1.516514897346496582e+00
4.867383539676666260e-01
6.908400654792785645e-01
-1.648319602012634277e+00
-3.295294344425201416e-01
1.464940756559371948e-01
1.165476441383361816e+00
-5.252036452293395996e-02
4.084491431713104248e-01
1.875808686017990112e-01
1.344242811203002930e+00
-4.406198561191558838e-01
-1.503515005111694336e+00
-1.784890443086624146e-01
-7.592223286628723145e-01
3.089164197444915771e-01
4.088329672813415527e-01
-3.649651110172271729e-01
2.454487085342407227e-01
-4.501011371612548828e-01
-2.186384648084640503e-01
-6.207481026649475098e-01
-6.759264469146728516e-01
-3.329620063304901123e-01
1.085784211754798889e-01
1.092880368232727051e+00
-1.105906248092651367e+00
-2.574195623397827148e+00
-1.700709462165832520e+00
1.489302754402160645e+00
8.363200426101684570e-01
1.504145145416259766e+00
7.183194756507873535e-01
6.054916977882385254e-01
-4.344700574874877930e-01
1.651590108871459961e+00
-1.186197996139526367e+00
-2.452877610921859741e-01
-5.159614086151123047e-01
1.216819882392883301e+00
1.075970888137817383e+00
1.085984185338020325e-01
-1.402373790740966797e+00
-2.852326631546020508e-01
1.878118038177490234e+00
1.136616587638854980e+00
3.026691377162933350e-01
-3.357559740543365479e-01
-1.213461399078369141e+00
5.803087949752807617e-01
-1.028028130531311035e+00
-3.194245509803295135e-03
-1.181236356496810913e-01
-3.142305910587310791e-01
8.086001873016357422e-01
2.890133559703826904e-01
5.690715312957763672e-01
1.821814775466918945e+00
1.222900867462158203e+00
-9.681702256202697754e-01
1.681273877620697021e-01
-2.158682197332382202e-01
2.188521325588226318e-01
-1.299797773361206055e+00
9.004247933626174927e-02
-2.135760188102722168e-01
-3.764461874961853027e-01
-9.803780913352966309e-01
2.618536949157714844e-01
5.296888351440429688e-01
-8.659412860870361328e-01
6.505836248397827148e-01
-2.648367643356323242e+00
1.845535449683666229e-02
4.636749327182769775e-01
-7.945947349071502686e-02
-7.057368010282516479e-02
1.050213932991027832e+00
6.419792771339416504e-01
-6.858056783676147461e-01
1.194340705871582031e+00
3.121443688869476318e-01
4.469032287597656250e-01
5.228244066238403320e-01
-3.224381208419799805e-01
-1.579276800155639648e+00
-4.301533401012420654e-01
-8.468558192253112793e-01
-8.116760253906250000e-01
1.688284277915954590e+00
5.626228451728820801e-02
8.742935657501220703e-01
9.511311650276184082e-01
1.658474951982498169e-01
-1.304352998733520508e+00
5.449335575103759766e-01
1.175561070442199707e+00
9.474445581436157227e-01
-1.349899291992187500e+00
1.223874807357788086e+00
-1.434214591979980469e+00
1.172232627868652344e-01
-7.304599285125732422e-01
3.534879088401794434e-01
1.216315925121307373e-01
-9.129609465599060059e-01
-9.159763902425765991e-02
-6.138606667518615723e-01
-1.392887830734252930e+00
-1.355393648147583008e+00
1.246369600296020508e+00
-1.000895380973815918e+00
-8.556476235389709473e-02
-5.168637633323669434e-02
3.547779023647308350e-01
1.144284248352050781e+00
8.252301216125488281e-01
7.316444516181945801e-01
1.966702580451965332e+00
-1.079526662826538086e+00
-1.378210663795471191e+00
5.025545954704284668e-01
-3.051563799381256104e-01
-6.941345930099487305e-01
3.775482416152954102e+00
8.928182721138000488e-01
-3.956996798515319824e-01
4.122884869575500488e-01
1.000009775161743164e+00
1.339903235435485840e+00
-7.889526337385177612e-02
3.753090798854827881e-01
-5.213021039962768555e-01
-5.907565355300903320e-01
7.973493933677673340e-01
-1.732053399085998535e+00
1.282965064048767090e+00
-8.010526895523071289e-01
1.389453172683715820e+00
-4.533053934574127197e-01
4.192137420177459717e-01
1.468383193016052246e+00
-5.436172708868980408e-02
5.384802818298339844e-01
-1.882560364902019501e-02
-5.060486197471618652e-01
-1.607506752014160156e+00
1.192123174667358398e+00
2.526457607746124268e-01
-2.992703676223754883e+00
1.188268065452575684e+00
-1.159622669219970703e+00
2.706293761730194092e-01
-5.134738683700561523e-01
4.444994032382965088e-01
5.134028196334838867e-01
1.017530679702758789e+00
-1.197930335998535156e+00
2.207719162106513977e-02
9.781483411788940430e-01
2.284179687500000000e+00
7.152627706527709961e-01
9.038175940513610840e-01
-8.963688015937805176e-01
3.345451503992080688e-02
-1.197794601321220398e-01
-1.712540626525878906e+00
-2.531893491744995117e+00
-1.211365222930908203e+00
1.740414261817932129e+00
3.196839988231658936e-01
7.213064432144165039e-01
1.130380272865295410e+00
4.992301166057586670e-01
3.470224440097808838e-01
1.782786473631858826e-02
-1.158734083175659180e+00
1.537849307060241699e+00
8.379123210906982422e-01
1.152718305587768555e+00
-6.678973436355590820e-01
4.260688126087188721e-01
9.343398362398147583e-02
-1.565016955137252808e-01
-5.797765851020812988e-01
3.933636546134948730e-01
9.237310290336608887e-01
-8.210148215293884277e-01
1.150856614112854004e+00
7.154961228370666504e-01
2.964474819600582123e-02
-9.504959583282470703e-01
-2.641384303569793701e-01
-9.383232593536376953e-01
1.970072150230407715e+00
-4.989179372787475586e-01
-6.421481966972351074e-01
5.918112993240356445e-01
6.740440428256988525e-02
4.142970144748687744e-01
7.138489484786987305e-01
8.319976329803466797e-01
-1.315836668014526367e+00
7.565765380859375000e-01
-1.045895099639892578e+00
-2.600606977939605713e-01
-9.551466703414916992e-01
-1.036493897438049316e+00
-4.024159908294677734e-01
-1.426618844270706177e-01
-5.922150015830993652e-01
-1.684498548507690430e+00
-4.951756000518798828e-01
-1.116378784179687500e+00
-2.462981268763542175e-02
1.146492719650268555e+00
7.045890688896179199e-01
-8.970171213150024414e-01
2.855426967144012451e-01
-1.155640244483947754e+00
-1.806465029716491699e+00
8.516618013381958008e-01
2.081550836563110352e+00
1.005149409174919128e-01
8.906782269477844238e-01
3.389347195625305176e-01
5.475898981094360352e-01
4.616893082857131958e-02
-1.287028908729553223e+00
1.640996456146240234e+00
8.420896530151367188e-01
-1.943532228469848633e-01
-3.698838055133819580e-01
-1.142399787902832031e+00
-5.051026865839958191e-02
7.492920160293579102e-01
5.129485726356506348e-01
1.202220797538757324e+00
-1.059371605515480042e-01
4.910978376865386963e-01
-6.231749653816223145e-01
-3.001050055027008057e-01
-1.014434769749641418e-01
-5.205329656600952148e-01
1.652622818946838379e+00
-3.735915124416351318e-01
1.120346665382385254e+00
4.690276086330413818e-01
1.318058073520660400e-01
-1.243014454841613770e+00
2.206675052642822266e+00
-7.197101116180419922e-01
-5.885982513427734375e-01
1.443859219551086426e+00
4.931504651904106140e-02
3.093729019165039062e-01
-5.847218632698059082e-01
-1.892199277877807617e+00
1.814340800046920776e-01
-1.182531356811523438e+00
-1.614892125129699707e+00
-1.269237399101257324e-01
-1.971699148416519165e-01
5.742920041084289551e-01
-7.412732392549514771e-02
-1.500509977340698242e+00
3.224631547927856445e-01
-2.182487994432449341e-01
-8.825030326843261719e-01
1.112715601921081543e+00
4.194006323814392090e-01
1.076757907867431641e+00
-1.009742736816406250e+00
3.295294567942619324e-02
-4.556415081024169922e-01
1.299336194992065430e+00
-6.760653853416442871e-01
-1.477209210395812988e+00
3.877257406711578369e-01
2.066403627395629883e+00
3.207778930664062500e-02
2.435323446989059448e-01
-1.271315097808837891e+00
-5.054899454116821289e-01
-1.641362190246582031e+00
-1.118530705571174622e-01
5.500753223896026611e-02
1.759042143821716309e+00
1.200573205947875977e+00
-8.525209426879882812e-01
-1.236672997474670410e+00
-2.428854256868362427e-01
9.293602705001831055e-01
-8.785470128059387207e-01
5.574867129325866699e-01
5.088273286819458008e-01
-4.914129972457885742e-01
1.111750751733779907e-01
-3.500308394432067871e-01
9.803308248519897461e-01
-5.092657208442687988e-01
-5.550200343132019043e-01
-2.972484230995178223e-01
3.972378373146057129e-01
-6.008357405662536621e-01
-1.361270427703857422e+00
-1.109589457511901855e+00
-1.386806607246398926e+00
-5.687512755393981934e-01
-5.888999700546264648e-01
-4.879775047302246094e-01
-7.011576890945434570e-01
8.341287374496459961e-01
5.654191374778747559e-01
4.456254541873931885e-01
-8.520827889442443848e-01
9.493237137794494629e-01
6.687787771224975586e-01
3.490313589572906494e-01
7.606125473976135254e-01
-7.987138032913208008e-01
-7.618175446987152100e-02
-1.043639332056045532e-01
7.007888555526733398e-01
-2.451195567846298218e-01
-8.891538977622985840e-01
1.810044050216674805e-01
3.107279837131500244e-01
-9.828455448150634766e-01
1.373939812183380127e-01
-6.608366370201110840e-01
-2.260203361511230469e-01
1.384836673736572266e+00
-6.537359356880187988e-01
-1.534380197525024414e+00
8.404083251953125000e-01
1.144930362701416016e+00
-3.067092299461364746e-01
-9.454468488693237305e-01
1.483010530471801758e+00
5.640275478363037109e-01
-2.571732699871063232e-01
1.263854622840881348e+00
8.232420310378074646e-03
1.576297283172607422e-01
-7.906286120414733887e-01
6.362870931625366211e-01
1.465753316879272461e+00
4.811829626560211182e-01
8.939218521118164062e-01
-9.193372726440429688e-01
1.518925726413726807e-01
-2.023689299821853638e-01
-2.208920717239379883e+00
9.133332967758178711e-01
3.149450719356536865e-01
3.043313920497894287e-01
3.106634318828582764e-01
-1.389009237289428711e+00
3.977033793926239014e-01
-1.097905278205871582e+00
7.702897191047668457e-01
-9.668969511985778809e-01
4.394168555736541748e-01
4.483051002025604248e-01
8.137317299842834473e-01
7.720965743064880371e-01
-1.149164915084838867e+00
-8.875331878662109375e-01
-3.193708360195159912e-01
1.327438712120056152e+00
8.607437014579772949e-01
-6.139671802520751953e-01
-3.442517220973968506e-01
9.027375578880310059e-01
-1.004165530204772949e+00
-1.576552242040634155e-01
3.335647583007812500e-01
-2.205665349960327148e+00
-8.756462335586547852e-01
4.132459461688995361e-01
1.209731936454772949e+00
1.143404394388198853e-01
1.033369541168212891e+00
1.111960411071777344e+00
-7.202339172363281250e-01
-1.027701795101165771e-01
7.271199226379394531e-01
3.271507024765014648e-01
-5.411395430564880371e-02
-4.427948296070098877e-01
-8.873806595802307129e-01
-8.237809538841247559e-01
2.684696912765502930e-01
-7.436136007308959961e-01
4.261966049671173096e-01
-5.481505393981933594e-01
9.508788585662841797e-03
-5.500623583793640137e-01
-1.167361378669738770e+00
1.532247662544250488e+00
-1.365665555000305176e+00
5.346267223358154297e-01
4.012869596481323242e-01
-8.135043382644653320e-01
6.228477358818054199e-01
-5.626533925533294678e-02
4.335734844207763672e-01
-1.330845713615417480e+00
-1.254286050796508789e+00
7.710573077201843262e-01
1.044548273086547852e+00
-1.233536005020141602e+00
1.496282935142517090e+00
-1.037221908569335938e+00
-2.277009248733520508e+00
2.747535109519958496e-01
7.850919961929321289e-01
-9.858317375183105469e-01
3.082669377326965332e-01
6.094984412193298340e-01
-3.953764140605926514e-01
9.176801443099975586e-01
4.681281149387359619e-01
1.609368205070495605e+00
-9.294475317001342773e-01
8.373631238937377930e-01
1.883387565612792969e-02
-1.379487156867980957e+00
-9.628537297248840332e-01
-1.038929224014282227e+00
-4.420422315597534180e-01
1.187322884798049927e-01
-5.431064367294311523e-01
7.668868303298950195e-01
-9.688983559608459473e-01
-8.101124763488769531e-01
2.400969266891479492e-01
2.138745933771133423e-01
1.265652656555175781e+00
1.087489843368530273e+00
-1.783800721168518066e-01
-6.330724954605102539e-01
-1.523015379905700684e+00
-1.657670974731445312e+00
-2.475258857011795044e-01
-2.176800519227981567e-01
-1.543417811393737793e+00
-5.302553176879882812e-01
1.567640006542205811e-01
-6.529738903045654297e-01
-9.745252728462219238e-01
-6.132827401161193848e-01
-2.484171241521835327e-01
3.133668005466461182e-01
1.793721914291381836e-01
-1.026320815086364746e+00
-8.000251650810241699e-01
6.029864549636840820e-01
3.521601110696792603e-02
1.387851476669311523e+00
-7.488591670989990234e-01
-4.891944825649261475e-01
-1.092568874359130859e+00
-6.943970452994108200e-03
1.224752143025398254e-01
-2.629351317882537842e-01
2.836427688598632812e-01
-1.388493776321411133e-01
-3.277766704559326172e-01
-6.008300781250000000e-01
-6.265806555747985840e-01
-7.380971312522888184e-02
-2.525966167449951172e-01
1.541125416755676270e+00
-2.503804266452789307e-01
-1.157658815383911133e+00
7.646297216415405273e-01
-2.112022876739501953e+00
1.224385499954223633e+00
-5.495449304580688477e-01
3.342171013355255127e-01
-1.692476421594619751e-01
-4.799030423164367676e-01
1.056455612182617188e+00
-1.654259443283081055e+00
1.007058501243591309e+00
1.159829258918762207e+00
3.939459025859832764e-01
5.335876345634460449e-01
6.766911149024963379e-01
1.482247561216354370e-01
-8.041996955871582031e-01
1.850197762250900269e-01
-8.400847911834716797e-01
6.378961801528930664e-01
-1.398564696311950684e+00
7.089250683784484863e-01
-1.322329521179199219e+00
-2.039488554000854492e-01
-3.251606971025466919e-02
3.353154182434082031e+00
-6.388068795204162598e-01
-6.545283198356628418e-01
1.201098799705505371e+00
-9.240412116050720215e-01
-1.999588012695312500e+00
-1.306558400392532349e-01
1.429079025983810425e-01
-4.668134152889251709e-01
3.385683596134185791e-01
-1.023600339889526367e+00
-5.597887635231018066e-01
-9.706038832664489746e-01
6.288803219795227051e-01
6.731137037277221680e-01
-6.943818926811218262e-01
1.465173363685607910e+00
-2.262244522571563721e-01
-9.088064432144165039e-01
-1.979359388351440430e-01
9.032193422317504883e-01
-4.960701763629913330e-01
7.913038730621337891e-01
-2.190643697977066040e-01
-7.568752169609069824e-01
6.116900444030761719e-01
1.100843325257301331e-01
1.667679101228713989e-01
2.388190984725952148e+00
9.522243738174438477e-01
-1.208796724677085876e-01
7.774080038070678711e-01
-9.716088771820068359e-01
2.741894721984863281e-01
1.522530466318130493e-01
-1.593921631574630737e-01
-9.488257765769958496e-01
7.659483700990676880e-02
8.562954068183898926e-01
-6.432133316993713379e-01
2.061283439397811890e-01
-4.403170049190521240e-01
-3.781935274600982666e-01
1.634192585945129395e+00
1.104215025901794434e+00
-2.774504721164703369e-01
-4.119263887405395508e-01
-7.068380713462829590e-01
-2.678051292896270752e-01
1.167748689651489258e+00
1.192549824714660645e+00
-9.776731729507446289e-01
3.128105774521827698e-02
-7.588466405868530273e-01
6.562204957008361816e-01
5.648473501205444336e-01
3.788515627384185791e-01
-2.012150734663009644e-01
5.560700893402099609e-01
2.951506078243255615e-01
-6.939014196395874023e-01
4.223401248455047607e-01
4.816150963306427002e-01
-5.041787624359130859e-01
6.419365108013153076e-02
6.510468572378158569e-02
-2.568495571613311768e-01
-4.043461084365844727e-01
-8.191212415695190430e-01
-9.579584002494812012e-01
-3.894720971584320068e-02
1.913087248802185059e+00
-1.206022381782531738e+00
7.705581784248352051e-01
-3.471287786960601807e-01
-1.207370638847351074e+00
-4.544243812561035156e-01
-3.392430245876312256e-01
3.772591054439544678e-02
-6.364836096763610840e-01
-2.476383447647094727e-01
-7.805302739143371582e-01
6.270589232444763184e-01
1.133687615394592285e+00
-8.046914935111999512e-01
9.440420567989349365e-02
-1.035944461822509766e+00
-4.919460713863372803e-01
-3.514222800731658936e-01
-4.398370385169982910e-01
4.763978421688079834e-01
-2.954179942607879639e-01
3.646719083189964294e-02
3.299549520015716553e-01
9.194638133049011230e-01
3.373273015022277832e-01
-1.404818296432495117e+00
1.144567012786865234e+00
1.249244570732116699e+00
4.719272255897521973e-01
-5.676341652870178223e-01
9.903977513313293457e-01
-1.846015080809593201e-02
2.377132415771484375e+00
9.969770908355712891e-02
9.022409915924072266e-01
4.397515356540679932e-01
-8.393480181694030762e-01
8.793976902961730957e-01
-2.015954971313476562e+00
8.277106881141662598e-01
-8.593193888664245605e-01
-4.422691762447357178e-01
-8.966366201639175415e-02
2.949424386024475098e-01
2.704342305660247803e-01
-3.353878259658813477e-01
-1.358484983444213867e+00
1.143028959631919861e-01
1.415178775787353516e+00
1.437809318304061890e-01
-6.065099835395812988e-01
-5.040441155433654785e-01
