2.639850139617919922e+00
-2.344106435775756836e+00
7.097318768501281738e-02
-1.685379266738891602e+00
-2.092735052108764648e+00
-1.833535283803939819e-01
1.372978806495666504e+00
-1.169162988662719727e+00
-2.811351120471954346e-01
-7.577276825904846191e-01
-3.027471303939819336e-01
-1.270110249519348145e+00
9.307093024253845215e-01
-4.492271244525909424e-01
-2.168438434600830078e+00
-8.740516304969787598e-01
-6.102427244186401367e-01
-3.517875671386718750e-01
-5.852143764495849609e-01
-9.730528593063354492e-01
-6.985414028167724609e-01
-2.191487550735473633e+00
1.592226028442382812e+00
-4.892072677612304688e-01
-9.709297418594360352e-01
1.647661924362182617e+00
-1.446682810783386230e-01
9.136453270912170410e-01
-8.756475448608398438e-01
-6.396020054817199707e-01
-9.448659420013427734e-01
-7.204485535621643066e-01
-1.228597998619079590e+00
1.656197428703308105e+00
-1.733713150024414062e+00
-1.172828972339630127e-01
8.562846183776855469e-01
-3.203449964523315430e+00
8.830762654542922974e-02
-5.118798613548278809e-01
-9.048516750335693359e-01
-1.125245094299316406e+00
3.869296014308929443e-01
-1.205583810806274414e+00
-1.125917077064514160e+00
8.548541665077209473e-01
-4.789663255214691162e-01
8.236311674118041992e-01
-2.426456689834594727e+00
1.433622241020202637e+00
-1.053410172462463379e+00
-7.716454863548278809e-01
-1.743792369961738586e-02
1.219927430152893066e+00
-2.162851840257644653e-01
-2.038184165954589844e+00
-2.501956820487976074e-01
1.815048605203628540e-01
7.429705262184143066e-01
4.503223001956939697e-01
-9.538896083831787109e-01
8.274549841880798340e-01
1.505813002586364746e+00
-2.044971704483032227e+00
4.503809213638305664e-01
-1.431674718856811523e+00
1.229892730712890625e+00
-8.218740820884704590e-01
-3.034221231937408447e-01
-2.331987142562866211e+00
1.044636964797973633e+00
1.891585230827331543e+00
1.805211305618286133e+00
7.823523879051208496e-01
-1.110973834991455078e+00
-1.418909430503845215e-01
-5.588186383247375488e-01
4.580444097518920898e-01
2.675615251064300537e-01
3.642365336418151855e-01
-7.767191529273986816e-01
-9.066494107246398926e-01
-1.803262233734130859e+00
-9.639274477958679199e-01
1.051690697669982910e+00
8.191947937011718750e-01
-1.760536551475524902e+00
-1.265760540962219238e+00
6.831400096416473389e-02
7.281363476067781448e-03
3.776671290397644043e-01
-2.609065532684326172e+00
3.915348351001739502e-01
1.048534750938415527e+00
-2.008241117000579834e-01
-6.922736167907714844e-01
1.722651600837707520e+00
-4.852338731288909912e-01
1.319409012794494629e-01
-1.003508806228637695e+00
-7.706359624862670898e-01
5.309894084930419922e-01
-4.176045954227447510e-02
-1.040373444557189941e+00
-1.191382408142089844e+00
1.676988601684570312e-02
-2.060593128204345703e+00
3.069455921649932861e-01
-7.811722159385681152e-01
-4.575887918472290039e-01
-2.334326654672622681e-01
8.919931650161743164e-01
-1.410153269767761230e+00
-1.860881447792053223e+00
5.009237527847290039e-01
-5.184047669172286987e-02
-1.717567324638366699e+00
-1.159187078475952148e+00
-2.847856879234313965e-01
1.644188880920410156e+00
-3.875987529754638672e-01
3.498207926750183105e-01
3.973163366317749023e-01
9.344606399536132812e-01
2.811720371246337891e-01
4.140959084033966064e-01
1.092847824096679688e+00
2.064111471176147461e+00
7.329089045524597168e-01
-7.640402913093566895e-01
1.043783545494079590e+00
9.233410656452178955e-02
1.346001029014587402e+00
-5.427550077438354492e-01
-3.968765020370483398e+00
7.010415792465209961e-01
9.269357323646545410e-01
-2.111026287078857422e+00
2.524697780609130859e-01
-7.531502246856689453e-01
5.553677678108215332e-02
1.444194078445434570e+00
1.462155580520629883e+00
-1.933793067932128906e+00
-1.702315688133239746e+00
1.448566436767578125e+00
8.511547446250915527e-01
-7.251483798027038574e-01
1.033626317977905273e+00
-5.863248705863952637e-01
-2.636650018393993378e-02
-8.566029667854309082e-01
2.978460397571325302e-04
4.078167676925659180e-02
5.314602255821228027e-01
1.331499695777893066e+00
-1.518030285835266113e+00
-1.051989570260047913e-01
1.726001977920532227e+00
-3.795787572860717773e+00
1.283583283424377441e+00
1.269474148750305176e+00
2.828364074230194092e-01
-3.908943533897399902e-01
4.930082857608795166e-01
-8.940684795379638672e-01
2.575291991233825684e-01
-2.655585482716560364e-02
-8.207856863737106323e-02
-8.686553835868835449e-01
-5.686072707176208496e-01
-1.970813870429992676e+00
7.454233765602111816e-01
5.730883479118347168e-01
-5.500749945640563965e-01
1.004415750503540039e-01
7.477470040321350098e-01
-1.052883744239807129e+00
3.190021514892578125e-01
1.003571629524230957e+00
5.010251402854919434e-01
-3.879543542861938477e-01
-1.197591662406921387e+00
4.666259884834289551e-02
-9.410454332828521729e-02
-2.462444454431533813e-01
2.723597884178161621e-01
7.809101939201354980e-01
2.594134092330932617e+00
-9.970457851886749268e-02
1.030346870422363281e+00
4.514758288860321045e-02
-5.146717429161071777e-01
-2.231196910142898560e-01
3.154196739196777344e-01
4.920531511306762695e-01
-3.083233237266540527e-01
-1.440914154052734375e+00
2.593744993209838867e+00
3.636071979999542236e-01
1.578251004219055176e+00
1.699729412794113159e-01
1.652889251708984375e+00
-6.789033412933349609e-01
7.130295634269714355e-01
-1.143547534942626953e+00
2.999774515628814697e-01
-2.333183050155639648e+00
1.319913268089294434e-01
-4.255799651145935059e-01
4.126101434230804443e-01
1.495407074689865112e-01
1.443858981132507324e+00
-4.766963124275207520e-01
-6.291454434394836426e-01
-1.348755955696105957e+00
-5.624340057373046875e+00
6.170580387115478516e-01
6.339757889509201050e-02
1.723687052726745605e+00
1.573916316032409668e+00
-2.887846529483795166e-01
4.035280942916870117e-01
-7.849403023719787598e-01
1.621331214904785156e+00
-1.276477891951799393e-02
1.156679630279541016e+00
1.007431149482727051e+00
-3.197263479232788086e-01
-7.207117080688476562e-01
8.725439906120300293e-01
-7.400785088539123535e-01
1.030620813369750977e+00
1.264887094497680664e+00
-1.108624339103698730e+00
4.735758602619171143e-01
7.895632982254028320e-01
6.098923683166503906e-01
-3.736895024776458740e-01
8.858782052993774414e-01
1.420198082923889160e-01
-4.800051748752593994e-01
1.120903730392456055e+00
1.138338327407836914e+00
-2.039118528366088867e+00
1.388676166534423828e+00
2.272722721099853516e-01
-8.215134739875793457e-01
6.247802376747131348e-01
1.113947868347167969e+00
1.273768305778503418e+00
2.784033715724945068e-01
1.251204609870910645e+00
8.478935956954956055e-01
2.862839460372924805e+00
2.462128102779388428e-01
1.439854145050048828e+00
4.368793070316314697e-01
1.095947623252868652e+00
-1.083706989884376526e-01
-2.591815710067749023e+00
-5.899710655212402344e-01
-7.751924395561218262e-01
-1.743451476097106934e+00
-7.239326238632202148e-01
-1.063353419303894043e+00
9.188866615295410156e-01
-5.142936706542968750e-01
5.411605834960937500e+00
7.819334268569946289e-01
-9.853783994913101196e-02
-1.258476614952087402e+00
-1.199072822928428650e-01
2.946575880050659180e-01
-2.780179083347320557e-01
-7.746196985244750977e-01
7.367903590202331543e-01
5.604914426803588867e-01
-6.217947602272033691e-01
-9.239056706428527832e-01
1.144809365272521973e+00
-1.133364439010620117e+00
-1.772429943084716797e+00
-8.172313570976257324e-01
-1.038389682769775391e+00
1.385744810104370117e+00
-2.116472832858562469e-02
-4.008553624153137207e-01
6.027200818061828613e-01
-1.110682964324951172e+00
-1.942008137702941895e+00
1.781133294105529785e+00
1.328702569007873535e+00
-1.950419306755065918e+00
1.152212738990783691e+00
1.894638985395431519e-01
-1.608779467642307281e-02
-4.176891744136810303e-01
-5.060367584228515625e-01
6.710692048072814941e-01
5.519650578498840332e-01
-7.997689843177795410e-01
-1.183440923690795898e+00
1.467721343040466309e+00
7.738943099975585938e-01
9.458247423171997070e-01
-1.227176096290349960e-02
-5.522361993789672852e-01
1.542014718055725098e+00
3.028072714805603027e-01
-4.937787353992462158e-01
-1.576998591423034668e+00
-1.522644758224487305e-01
-9.726273417472839355e-01
-1.155122160911560059e+00
1.201943039894104004e+00
-1.233815312385559082e+00
-1.053575515747070312e+00
1.392051458358764648e+00
2.080902338027954102e+00
1.357708275318145752e-01
1.878845930099487305e+00
-3.065303266048431396e-01
-1.316481590270996094e+00
-3.733271062374114990e-01
1.224971890449523926e+00
-4.499198496341705322e-01
5.635607838630676270e-01
1.329881072044372559e+00
2.693974018096923828e+00
-6.421932578086853027e-01
-8.704559803009033203e-01
1.091428041458129883e+00
4.947029948234558105e-01
1.173876643180847168e+00
5.525721907615661621e-01
7.362155616283416748e-02
-1.701926589012145996e-01
7.684686183929443359e-01
-1.654819965362548828e+00
6.704582571983337402e-01
-5.682465434074401855e-01
8.130387663841247559e-01
-1.655446141958236694e-01
2.829312682151794434e-01
2.051447629928588867e+00
-1.327789068222045898e+00
1.201095938682556152e+00
-1.732530236244201660e+00
5.679003000259399414e-01
1.908344030380249023e-01
-7.295019626617431641e-01
8.651790209114551544e-03
-9.509371966123580933e-02
-6.326665282249450684e-01
-2.484171390533447266e-01
-9.904356598854064941e-01
2.660671472549438477e-01
2.521273493766784668e-01
9.955732822418212891e-01
-7.755181789398193359e-01
-1.009486079216003418e+00
9.798154979944229126e-02
6.254875659942626953e-02
9.557420015335083008e-02
-3.643049597740173340e-01
2.105433940887451172e+00
3.230040669441223145e-01
-7.640098333358764648e-01
2.014488428831100464e-01
8.206946849822998047e-01
-1.057255148887634277e+00
-2.667905203998088837e-02
3.796181917190551758e+00
-6.806108355522155762e-01
2.149737358093261719e+00
6.057690978050231934e-01
-1.264881253242492676e+00
-7.098380327224731445e-01
1.765447258949279785e+00
1.956895709037780762e+00
7.859704643487930298e-02
-9.374938607215881348e-01
1.585228323936462402e+00
-1.166032195091247559e+00
-5.048615932464599609e-01
-4.667506217956542969e-01
2.742426693439483643e-01
1.345967769622802734e+00
-2.768018245697021484e-01
-2.031388729810714722e-01
-4.470093846321105957e-01
1.515581727027893066e+00
-2.020075321197509766e+00
8.207243084907531738e-01
-2.455554485321044922e+00
-3.450935781002044678e-01
-4.990016520023345947e-01
-3.902896046638488770e-01
4.149672091007232666e-01
-1.876695156097412109e-01
-1.010959863662719727e+00
3.200637400150299072e-01
-2.082347869873046875e-01
-1.519225478172302246e+00
9.316329360008239746e-01
-1.491298712790012360e-02
-1.088551402091979980e+00
-2.537082135677337646e-01
-1.692078351974487305e+00
-1.500223726034164429e-01
-1.400730609893798828e+00
-3.122871220111846924e-01
-5.721180438995361328e-01
1.230168461799621582e+00
7.859530448913574219e-01
3.945444151759147644e-02
-1.723373234272003174e-01
1.549165099859237671e-01
1.318153619766235352e+00
-9.395943284034729004e-01
-4.978888332843780518e-01
3.125790059566497803e-01
3.521309614181518555e+00
-9.133093953132629395e-01
1.374748706817626953e+00
-5.524691566824913025e-02
5.687015503644943237e-02
-9.793602228164672852e-01
7.803511619567871094e-01
-8.102077841758728027e-01
1.713360309600830078e+00
-2.395927533507347107e-02
3.261877596378326416e-01
-1.327646017074584961e+00
-2.212157011032104492e+00
8.114626407623291016e-01
4.546090587973594666e-02
2.319116592407226562e+00
1.348920583724975586e+00
-1.448728442192077637e+00
-9.031990915536880493e-02
1.228243708610534668e-01
-1.142798423767089844e+00
-1.156337618827819824e+00
1.906599998474121094e-01
-3.372746407985687256e-01
7.671800851821899414e-01
2.125050127506256104e-01
-2.579808235168457031e-01
-2.451369524002075195e+00
-7.059783339500427246e-01
8.406549096107482910e-01
-1.806859970092773438e-01
-2.033077716827392578e+00
-1.370374679565429688e+00
-3.152282536029815674e-01
3.395970582962036133e+00
-6.502215862274169922e-01
-8.613246679306030273e-01
1.059192061424255371e+00
-1.361023783683776855e+00
-5.116885304450988770e-01
6.734173297882080078e-01
4.310011565685272217e-01
1.261410713195800781e+00
2.270633578300476074e-01
1.457025885581970215e+00
-7.505724430084228516e-01
1.145135402679443359e+00
-7.466015219688415527e-02
-7.613946199417114258e-01
-8.959158062934875488e-01
9.683557748794555664e-01
2.109322994947433472e-01
-1.361870765686035156e+00
5.223155021667480469e-01
2.765654623508453369e-01
6.305828094482421875e-01
1.397239804267883301e+00
6.759215593338012695e-01
-2.745079398155212402e-01
-8.711747825145721436e-02
-9.446808695793151855e-02
1.089486002922058105e+00
-4.469366669654846191e-01
-8.292706608772277832e-01
-3.491471111774444580e-01
7.211869359016418457e-01
-4.631234407424926758e-01
2.935081243515014648e+00
7.126698493957519531e-01
2.721762657165527344e-01
4.455988854169845581e-02
-7.434989213943481445e-01
1.674963593482971191e+00
-1.098560214042663574e+00
-4.414440989494323730e-01
4.065069258213043213e-01
5.804612040519714355e-01
-1.011695981025695801e+00
5.653582215309143066e-01
1.274825036525726318e-01
4.117323160171508789e-01
-7.360844612121582031e-01
9.453098773956298828e-01
-8.403573036193847656e-01
-1.776439696550369263e-02
3.661313652992248535e-01
1.790481060743331909e-01
8.662538528442382812e-01
3.259071409702301025e-01
1.869839668273925781e+00
-3.629922270774841309e-01
2.095054626464843750e+00
4.928642809391021729e-01
4.665420353412628174e-01
1.410075664520263672e+00
4.030639827251434326e-01
-2.700602402910590172e-03
7.694685459136962891e-01
-3.893314898014068604e-01
4.729810059070587158e-01
-2.071165084838867188e+00
-3.695381805300712585e-02
2.510142028331756592e-01
1.581517457962036133e+00
1.659102082252502441e+00
1.517153263092041016e+00
-1.338034272193908691e-01
1.550275236368179321e-01
-2.171355485916137695e+00
8.929640650749206543e-01
2.410213202238082886e-01
1.994794964790344238e+00
4.672089591622352600e-02
-1.979736328125000000e+00
1.315480828285217285e+00
2.042551040649414062e-01
-1.007505893707275391e+00
-2.392132282257080078e+00
3.414314985275268555e-01
2.681181952357292175e-02
-5.387564897537231445e-01
1.142662405967712402e+00
7.956426143646240234e-01
-5.021489858627319336e-01
-2.376369714736938477e+00
-1.833901286125183105e+00
1.143566966056823730e+00
1.578514277935028076e-01
5.040010213851928711e-01
3.500418961048126221e-01
1.889462113380432129e+00
-2.948127686977386475e-01
7.644160985946655273e-01
2.912881672382354736e-01
-1.635382056236267090e+00
-1.075083732604980469e+00
-4.831323027610778809e-01
5.335560441017150879e-01
1.740736484527587891e+00
-5.318353176116943359e-01
5.835139155387878418e-01
2.337502501904964447e-02
1.699464172124862671e-01
-1.910929381847381592e-01
3.056454896926879883e+00
-4.428113102912902832e-01
-1.346624374389648438e+00
-5.775035619735717773e-01
4.292599856853485107e-01
-1.909039497375488281e+00
-7.537924647331237793e-01
-1.140581130981445312e+00
5.577623248100280762e-01
2.673712968826293945e-01
-1.992578506469726562e-01
-1.212993785738945007e-01
-1.259903073310852051e+00
-1.212867498397827148e+00
-3.640375137329101562e-01
3.599376380443572998e-01
7.286553382873535156e-01
-6.526053547859191895e-01
-5.142266154289245605e-01
2.481563836336135864e-01
-9.684364497661590576e-02
-1.213033080101013184e+00
-1.971743255853652954e-01
2.737719416618347168e-01
-1.904419809579849243e-01
-9.315711855888366699e-01
-7.815843224525451660e-01
-1.319613456726074219e-01
-1.077470183372497559e+00
-5.816421508789062500e-01
-4.008893966674804688e-01
7.033208608627319336e-01
-2.013280153274536133e+00
8.704975843429565430e-01
-5.045983791351318359e-01
-7.337061762809753418e-01
4.672530889511108398e-01
1.709064096212387085e-01
-1.460616588592529297e+00
1.856080770492553711e+00
-1.136086463928222656e+00
-1.369194149971008301e+00
3.202688395977020264e-01
-6.417018175125122070e-01
4.130965173244476318e-01
-1.000393852591514587e-01
2.708687543869018555e+00
-1.296843647956848145e+00
-7.797707915306091309e-01
7.191525306552648544e-03
1.325126141309738159e-01
2.006962895393371582e-01
-4.603861570358276367e-01
1.799024194478988647e-01
-1.758558005094528198e-01
-1.734080791473388672e+00
3.622155487537384033e-01
-3.688803315162658691e-01
1.348511338233947754e+00
5.676691532135009766e-01
-2.392396628856658936e-01
2.201207637786865234e+00
-1.346356749534606934e+00
3.541262447834014893e-01
-8.936131596565246582e-01
8.046376705169677734e-01
9.562000036239624023e-01
9.100994467735290527e-01
-3.602632284164428711e-01
1.383638381958007812e+00
5.608342289924621582e-01
-9.340425133705139160e-01
-1.660380363464355469e+00
-1.086171388626098633e+00
1.301230490207672119e-01
-1.924235343933105469e+00
5.217094421386718750e-01
2.641323208808898926e-01
4.038666248321533203e+00
6.600727885961532593e-02
4.109992831945419312e-02
-1.784413814544677734e+00
-1.682907342910766602e+00
-1.175886511802673340e+00
9.031865000724792480e-01
-5.837372541427612305e-01
-1.561759859323501587e-01
-1.026003003120422363e+00
-9.778491854667663574e-01
-1.364883661270141602e+00
-8.388710021972656250e-01
1.430992245674133301e+00
-1.268745809793472290e-01
6.081987619400024414e-01
2.607672810554504395e-01
1.544592022895812988e+00
-1.246531844139099121e+00
-7.934211492538452148e-01
-4.360919594764709473e-01
-6.630882024765014648e-01
1.713652133941650391e+00
-1.228706121444702148e+00
-3.908827900886535645e-01
2.931504249572753906e-01
-3.185897767543792725e-01
1.646878600120544434e+00
1.916308879852294922e+00
1.356363654136657715e+00
6.639155149459838867e-01
7.068504095077514648e-01
-1.787396818399429321e-01
7.374548912048339844e-01
2.283534765243530273e+00
5.480135604739189148e-02
-1.594562828540802002e-01
-5.495370030403137207e-01
-9.742712974548339844e-01
-5.258179903030395508e-01
-5.622344017028808594e-01
-8.936490416526794434e-01
2.077035903930664062e-01
2.239230871200561523e+00
4.698142111301422119e-01
-1.220852971076965332e+00
-1.021623134613037109e+00
-4.657240211963653564e-01
-4.002813994884490967e-01
2.900355160236358643e-01
-4.210558235645294189e-01
1.621994733810424805e+00
-1.183100223541259766e+00
-1.936996817588806152e+00
-1.310088187456130981e-01
9.402303397655487061e-02
2.869677543640136719e-01
-1.561477899551391602e+00
4.884342104196548462e-02
-3.580214381217956543e-01
-9.903363883495330811e-02
1.541703224182128906e+00
6.185325980186462402e-01
-3.565711259841918945e+00
-1.345429539680480957e+00
5.573759675025939941e-01
-1.141323819756507874e-01
-7.883438467979431152e-01
-3.176162540912628174e-01
-1.744832038879394531e+00
5.143707990646362305e-01
1.446129322052001953e+00
-1.693983316421508789e+00
1.060473442077636719e+00
-4.997219443321228027e-01
-1.909278512001037598e+00
-1.680323600769042969e+00
-8.117570877075195312e-01
6.796418223530054092e-03
2.438126564025878906e+00
-1.284312248229980469e+00
3.402752801775932312e-02
-1.189869523048400879e+00
8.458317518234252930e-01
-1.564996123313903809e+00
7.264527082443237305e-01
-1.336865067481994629e+00
3.964317142963409424e-01
-2.787886857986450195e-01
-5.675969645380973816e-03
1.508850097656250000e+00
6.211929321289062500e-01
3.947666585445404053e-01
-1.509475231170654297e+00
-9.898104518651962280e-02
5.697117373347282410e-02
-6.714488267898559570e-01
-1.258568525314331055e+00
1.130265235900878906e+00
-6.987577080726623535e-01
1.916358470916748047e+00
1.342040657997131348e+00
-3.427085161209106445e+00
2.904206275939941406e+00
-8.859546780586242676e-01
2.198077440261840820e-01
-6.212601065635681152e-01
-4.242709279060363770e-02
7.900434136390686035e-01
-1.111477375030517578e+00
1.123176574707031250e+00
1.168671846389770508e+00
-3.796860575675964355e-01
-5.793134868144989014e-02
5.650914311408996582e-01
-1.036988377571105957e+00
-3.565447777509689331e-02
-4.510729610919952393e-01
1.512148022651672363e+00
1.772514462471008301e+00
-7.567278742790222168e-01
1.007275819778442383e+00
-9.778426885604858398e-01
