2.931470423936843872e-02
5.423788726329803467e-02
3.084691464900970459e-01
-5.311979651451110840e-01
-5.126134753227233887e-01
-1.358174800872802734e+00
-4.163085296750068665e-02
6.187971308827400208e-02
-2.031560659408569336e+00
-2.210740566253662109e+00
9.941895604133605957e-01
-1.794420003890991211e+00
9.833493828773498535e-01
5.715774893760681152e-01
-8.941041827201843262e-01
1.360389497131109238e-02
5.772581323981285095e-02
5.729408189654350281e-02
8.369787931442260742e-01
-5.251724720001220703e-01
-2.641746699810028076e-01
-1.597302436828613281e+00
1.337357997894287109e+00
-1.166775465011596680e+00
2.095988988876342773e+00
1.450790882110595703e+00
1.789942011237144470e-02
1.926798939704895020e+00
-1.791593194007873535e+00
2.883037328720092773e-01
-7.608711719512939453e-01
-4.647446870803833008e-01
-2.083838224411010742e+00
1.504891961812973022e-01
-1.299752116203308105e+00
-2.450252771377563477e-01
-6.724671125411987305e-01
-3.719346523284912109e+00
8.588542789220809937e-02
3.058370947837829590e-01
-1.342337489128112793e+00
-1.007686734199523926e+00
1.293446719646453857e-01
-4.243880212306976318e-01
1.137799978256225586e+00
1.554977059364318848e+00
2.289605326950550079e-02
7.414653301239013672e-01
1.042643189430236816e+00
4.776238501071929932e-01
-1.011491417884826660e+00
2.143255919218063354e-01
3.133062720298767090e-01
9.544520825147628784e-02
4.338001310825347900e-01
-2.195423841476440430e+00
-7.413474321365356445e-01
6.814466714859008789e-01
5.588416457176208496e-01
-1.185507774353027344e+00
4.134439229965209961e-01
7.285516858100891113e-01
1.795095682144165039e+00
-6.071920394897460938e-01
1.347429394721984863e+00
-5.102451443672180176e-01
7.326940894126892090e-01
6.847628951072692871e-02
6.931703686714172363e-01
-1.375625371932983398e+00
1.105588078498840332e-01
-2.657538652420043945e-01
2.593194544315338135e-01
2.852906882762908936e-01
-5.622434020042419434e-01
1.340391278266906738e+00
1.086702346801757812e-01
5.791717171669006348e-01
9.121596813201904297e-02
1.338220000267028809e+00
-3.622193038463592529e-01
5.787267684936523438e-01
-8.901595473289489746e-01
-1.124761343002319336e+00
1.026860833168029785e+00
-2.853875607252120972e-02
-3.899902105331420898e-01
2.839547693729400635e-01
2.942715398967266083e-02
-8.739603757858276367e-01
-5.876306891441345215e-01
-9.021940827369689941e-01
7.629693746566772461e-01
9.494580626487731934e-01
1.156406104564666748e-02
1.074571132659912109e+00
4.479768276214599609e-01
1.038343787193298340e+00
-1.445233106613159180e+00
-8.854488730430603027e-01
1.973546445369720459e-01
1.130924940109252930e+00
1.208926558494567871e+00
-3.838655650615692139e-01
-4.873142391443252563e-02
-1.524836778640747070e+00
-1.600711107254028320e+00
1.056655406951904297e+00
6.595057249069213867e-01
2.451065741479396820e-02
1.475543975830078125e-01
1.247549653053283691e+00
-3.614775240421295166e-01
-4.331241548061370850e-01
2.200826108455657959e-01
3.601766824722290039e-01
6.854845285415649414e-01
-5.140650868415832520e-01
-9.756730794906616211e-01
1.842745900154113770e+00
4.142251610755920410e-01
2.585582733154296875e-01
-9.919255375862121582e-01
2.624269761145114899e-02
5.906023979187011719e-01
3.079005479812622070e-01
9.126944541931152344e-01
1.281099438667297363e+00
-1.516537308692932129e+00
4.795035123825073242e-01
1.643256068229675293e+00
-1.378216266632080078e+00
9.285930395126342773e-01
-1.027518749237060547e+00
-3.077782869338989258e+00
-2.473681271076202393e-01
2.723260223865509033e-01
-5.972341299057006836e-01
-8.387765884399414062e-01
-6.933493167161941528e-02
1.411685198545455933e-01
9.051028490066528320e-01
4.736224412918090820e-01
-7.932216525077819824e-01
-1.867793440818786621e+00
-5.477371811866760254e-02
1.148087024688720703e+00
-7.435377240180969238e-01
-1.934065520763397217e-01
3.055180311203002930e-01
5.429120063781738281e-01
4.183367192745208740e-01
-4.787760972976684570e-01
1.008335053920745850e-01
6.813613176345825195e-01
-2.482697218656539917e-01
-9.175321459770202637e-01
-3.926470577716827393e-01
-8.020334243774414062e-01
3.092984259128570557e-01
-1.114799529314041138e-01
3.682381287217140198e-02
1.842724233865737915e-01
-7.347989678382873535e-01
-3.620490729808807373e-01
-1.006101250648498535e+00
-4.391543865203857422e-01
-1.615765839815139771e-01
-5.150194168090820312e-01
1.131738543510437012e+00
-8.721786141395568848e-01
-2.162213563919067383e+00
-9.276625514030456543e-01
1.745838165283203125e+00
4.770195782184600830e-01
8.336175084114074707e-01
7.910635471343994141e-01
2.964670956134796143e-01
-3.787639737129211426e-02
1.230499863624572754e+00
-1.484091639518737793e+00
-7.913377881050109863e-01
3.559162020683288574e-01
4.232364296913146973e-01
1.300712108612060547e+00
7.583989500999450684e-01
-1.865364432334899902e+00
-8.085123896598815918e-01
2.546945571899414062e+00
1.021400213241577148e+00
5.121223330497741699e-01
-7.616750597953796387e-01
-1.429475784301757812e+00
5.414018034934997559e-01
-8.903571367263793945e-01
1.323389708995819092e-01
4.142748117446899414e-01
2.260398119688034058e-01
1.277781486511230469e+00
-2.753112614154815674e-01
3.981667459011077881e-01
1.736551046371459961e+00
1.408996582031250000e+00
-1.006551384925842285e+00
5.713452100753784180e-01
-8.917350769042968750e-01
1.924718171358108521e-01
-1.499342441558837891e+00
8.104082942008972168e-01
-3.838724493980407715e-01
1.245616227388381958e-01
-6.576400995254516602e-01
7.952555418014526367e-01
-2.979174442589282990e-02
1.819510459899902344e-01
-3.953378200531005859e-01
-2.489735603332519531e+00
-7.711929082870483398e-01
7.230478525161743164e-01
-6.594598889350891113e-01
1.721525043249130249e-01
1.405150890350341797e+00
1.178338408470153809e+00
-1.116121292114257812e+00
3.104594945907592773e-01
1.030673310160636902e-01
3.617077469825744629e-01
-1.113447472453117371e-01
-1.050182461738586426e+00
-1.923387885093688965e+00
-1.581583172082901001e-01
-9.315454959869384766e-01
-2.975964248180389404e-01
1.565037250518798828e+00
1.070642322301864624e-01
4.643593430519104004e-01
3.705486953258514404e-01
6.008809804916381836e-01
-1.155423164367675781e+00
2.359039038419723511e-01
8.180627822875976562e-01
4.896453022956848145e-01
-5.600593686103820801e-01
1.235109686851501465e+00
-1.919303417205810547e+00
9.391183853149414062e-01
1.270917896181344986e-02
6.230866312980651855e-01
3.307480812072753906e-01
-7.182130813598632812e-01
3.020273447036743164e-01
-2.596321702003479004e-01
-1.656284689903259277e+00
-1.457924008369445801e+00
2.050530672073364258e+00
-1.561837196350097656e+00
-5.242068767547607422e-01
4.902346432209014893e-01
-1.703311800956726074e-01
8.374727964401245117e-01
4.395898282527923584e-01
5.216704010963439941e-01
8.734184503555297852e-01
-9.550602436065673828e-01
-1.055202364921569824e+00
4.798187017440795898e-01
-7.247785478830337524e-02
-8.255487084388732910e-01
3.278283119201660156e+00
1.090323090553283691e+00
-7.792679667472839355e-01
9.786151647567749023e-01
1.343231052160263062e-01
4.152863025665283203e-01
-4.025314003229141235e-02
4.516230821609497070e-01
1.495624780654907227e-01
-7.550119161605834961e-01
4.470706582069396973e-01
-1.163186669349670410e+00
1.159428596496582031e+00
-1.002133727073669434e+00
1.049336671829223633e+00
3.749220073223114014e-01
2.863372862339019775e-01
8.840138912200927734e-01
1.359526962041854858e-01
-6.007993817329406738e-01
7.463061809539794922e-01
-1.938363909721374512e-02
-1.396043896675109863e+00
1.751379847526550293e+00
9.612860083580017090e-01
-2.791124582290649414e+00
9.895022511482238770e-01
-1.398542284965515137e+00
-3.807494342327117920e-01
-1.325918138027191162e-01
2.387002855539321899e-01
1.042337656021118164e+00
5.352293848991394043e-01
-1.681362986564636230e+00
5.946362614631652832e-01
-2.182477414608001709e-01
2.219383955001831055e+00
6.955838203430175781e-01
1.062705516815185547e+00
-7.669026255607604980e-01
-4.671927168965339661e-02
-5.269283056259155273e-01
-1.638185024261474609e+00
-1.957034468650817871e+00
-1.406047105789184570e+00
6.942754387855529785e-01
2.254819571971893311e-01
2.117333710193634033e-01
1.167376279830932617e+00
5.371932983398437500e-01
-2.640076577663421631e-01
-8.657215535640716553e-02
-2.121391773223876953e+00
1.068648457527160645e+00
8.707845807075500488e-01
-4.920628666877746582e-01
-2.039631903171539307e-01
5.036647915840148926e-01
-3.873366415500640869e-01
4.557041078805923462e-02
-2.064492106437683105e-01
1.127969980239868164e+00
2.165913283824920654e-01
-1.548650026321411133e+00
9.865475893020629883e-01
1.174651160836219788e-01
4.479664862155914307e-01
-2.129932641983032227e+00
-9.609718918800354004e-01
-1.034926176071166992e+00
1.348187208175659180e+00
-1.875180751085281372e-01
2.961548268795013428e-01
8.737838268280029297e-02
4.702502787113189697e-01
9.305696487426757812e-01
2.178799360990524292e-01
8.253320455551147461e-01
-9.723507165908813477e-01
9.712057709693908691e-01
-1.211420893669128418e+00
-5.806263089179992676e-01
-1.090809464454650879e+00
-9.468320608139038086e-01
-1.079988479614257812e+00
9.359516203403472900e-02
-1.057951331138610840e+00
-1.577988266944885254e+00
-1.695184856653213501e-01
-1.412027716636657715e+00
6.604142189025878906e-01
2.107517480850219727e+00
1.215704679489135742e-01
-2.137893885374069214e-01
-4.870216846466064453e-01
-9.357877969741821289e-01
-8.015657067298889160e-01
3.195530474185943604e-01
2.102013826370239258e+00
-2.127063721418380737e-01
9.107095599174499512e-01
2.433250695466995239e-01
5.061219930648803711e-01
-9.009824991226196289e-01
-8.615747094154357910e-02
2.477833271026611328e+00
8.753305077552795410e-01
2.372574657201766968e-01
-3.666644096374511719e-01
-1.279503703117370605e+00
-5.494064092636108398e-01
7.850593328475952148e-01
8.450830578804016113e-01
1.290406942367553711e+00
3.970306813716888428e-01
1.973589360713958740e-01
-6.821756362915039062e-01
-3.866644203662872314e-02
-3.213702440261840820e-01
-3.594570979475975037e-02
3.450118303298950195e-01
-1.058115482330322266e+00
1.852585434913635254e+00
2.672443985939025879e-01
-1.638832688331604004e-01
-7.344806790351867676e-01
9.469547867774963379e-01
-7.986518740653991699e-01
-7.925212383270263672e-01
5.856871604919433594e-01
-3.570937216281890869e-01
2.114471048116683960e-01
9.547311067581176758e-02
-1.954388737678527832e+00
-2.270909696817398071e-01
-9.471375346183776855e-01
-1.078200817108154297e+00
5.857605934143066406e-01
-3.042966425418853760e-01
9.974669218063354492e-01
5.273166298866271973e-01
-1.055988788604736328e+00
3.374048173427581787e-01
2.024209648370742798e-01
-7.666074633598327637e-01
5.919011831283569336e-01
1.761608123779296875e-01
8.223299980163574219e-01
-7.721604108810424805e-01
-4.567220062017440796e-02
5.505836606025695801e-01
2.219323396682739258e+00
-2.225923061370849609e+00
-1.067836523056030273e+00
-2.014183998107910156e-01
9.398473501205444336e-01
6.653326153755187988e-01
4.348054826259613037e-01
-1.441760063171386719e+00
-1.031210064888000488e+00
-8.627181649208068848e-01
-2.424692213535308838e-01
1.395909674465656281e-02
1.378434181213378906e+00
1.789301514625549316e+00
-7.018759846687316895e-01
-1.193178653717041016e+00
-5.368518233299255371e-01
1.281588554382324219e+00
-4.725222885608673096e-01
2.743131220340728760e-01
6.800966262817382812e-01
-1.029466748237609863e+00
1.136071920394897461e+00
-9.501577615737915039e-01
5.022341609001159668e-01
3.329791426658630371e-01
-2.363670021295547485e-01
-4.116294384002685547e-01
3.182423487305641174e-02
3.625767230987548828e-01
-8.466237783432006836e-01
-8.519929051399230957e-01
-1.268303155899047852e+00
-2.229161113500595093e-01
-1.561673730611801147e-01
-8.250362277030944824e-01
-5.506408214569091797e-01
1.101145148277282715e+00
1.056617975234985352e+00
-3.567633926868438721e-01
-1.078126192092895508e+00
1.230568051338195801e+00
-2.076887153089046478e-02
4.494632035493850708e-02
1.038962960243225098e+00
-1.277376413345336914e+00
2.419504523277282715e-01
-2.167124301195144653e-01
1.313462495803833008e+00
-5.843081474304199219e-01
-4.762153625488281250e-01
5.150095224380493164e-01
1.287614345550537109e+00
-1.102438807487487793e+00
2.310885637998580933e-01
-3.226804733276367188e-01
-4.427486099302768707e-03
1.827623486518859863e+00
-2.328849583864212036e-01
-1.066105127334594727e+00
5.514894723892211914e-01
8.864208459854125977e-01
-1.470732837915420532e-01
-7.794812917709350586e-01
9.395509362220764160e-01
4.705140888690948486e-01
-1.466232091188430786e-01
8.100647330284118652e-01
7.516341209411621094e-01
-1.999743580818176270e-01
-2.908885478973388672e-01
1.387271285057067871e+00
9.622303247451782227e-01
-4.249536097049713135e-01
2.431487143039703369e-01
-6.850565671920776367e-01
5.314041376113891602e-01
-7.680899500846862793e-01
-1.810046434402465820e+00
1.392455399036407471e-01
-1.125292778015136719e-01
3.726049661636352539e-01
1.193666577339172363e+00
-1.220672130584716797e+00
1.077861666679382324e+00
-1.218726634979248047e+00
1.209857940673828125e+00
-4.348862469196319580e-01
-4.852999746799468994e-01
8.823593854904174805e-01
8.154388666152954102e-01
1.466487884521484375e+00
-2.909704446792602539e-01
-2.896809391677379608e-02
7.715668082237243652e-01
1.271430134773254395e+00
1.480385780334472656e+00
-8.209457397460937500e-01
-4.205349385738372803e-01
3.174300193786621094e-01
-1.278163671493530273e+00
-8.577597737312316895e-01
2.929539382457733154e-01
-2.371020317077636719e+00
-1.227085113525390625e+00
2.735600769519805908e-01
5.768809318542480469e-01
3.931219577789306641e-01
3.809528350830078125e-01
8.356117606163024902e-01
-4.348466917872428894e-02
-1.159890294075012207e+00
1.240970864892005920e-01
9.822682738304138184e-01
-4.943988025188446045e-01
1.281112730503082275e-01
-1.916671156883239746e+00
-1.680508375167846680e+00
9.632219076156616211e-01
-1.365196943283081055e+00
7.238017916679382324e-01
-7.895516157150268555e-01
-4.451377987861633301e-01
-1.019539758563041687e-01
-1.303027987480163574e+00
1.963258981704711914e+00
-1.558351874351501465e+00
1.405254006385803223e+00
4.597890079021453857e-01
-1.542575478553771973e+00
1.206083178520202637e+00
-4.111064076423645020e-01
2.241988852620124817e-02
-1.715068578720092773e+00
-3.692529201507568359e-01
6.853263378143310547e-01
1.422392368316650391e+00
-7.537891268730163574e-01
6.015272140502929688e-01
-7.132096290588378906e-01
-2.229132652282714844e+00
9.576154947280883789e-01
1.377086400985717773e+00
-1.276584386825561523e+00
2.052517980337142944e-01
4.015801846981048584e-01
2.355686873197555542e-01
5.218821763992309570e-01
1.305186867713928223e+00
2.142397642135620117e+00
-7.468784451484680176e-01
4.865270853042602539e-01
2.599944174289703369e-01
-2.179607391357421875e+00
-1.316227793693542480e+00
-9.142653346061706543e-01
-7.421250343322753906e-01
3.782701492309570312e-02
-2.430789619684219360e-01
1.014956593513488770e+00
-8.118157386779785156e-01
-1.329965233802795410e+00
5.239818692207336426e-01
2.860844433307647705e-01
-1.427604407072067261e-01
6.431868672370910645e-01
6.472571492195129395e-01
-5.059208273887634277e-01
-4.690531790256500244e-01
-1.222570180892944336e+00
-1.189863801002502441e+00
3.696258664131164551e-01
-1.306139945983886719e+00
-8.696824908256530762e-01
2.601637840270996094e-01
-3.858072161674499512e-01
-8.162431120872497559e-01
-1.270641446113586426e+00
-8.074214309453964233e-02
-4.914771020412445068e-01
-7.597385644912719727e-01
-6.205262541770935059e-01
-2.694722712039947510e-01
1.095244526863098145e+00
8.147777616977691650e-02
1.830223321914672852e+00
-9.004235863685607910e-01
-5.833480954170227051e-01
-1.157735943794250488e+00
4.887332394719123840e-02
2.944090962409973145e-01
-3.751355707645416260e-01
5.758294463157653809e-01
3.172985017299652100e-01
-1.009801179170608521e-01
-8.280165195465087891e-01
-4.456847906112670898e-01
-3.119377195835113525e-01
2.968879044055938721e-02
9.347476363182067871e-01
2.915341556072235107e-01
-6.723322868347167969e-01
1.589219719171524048e-01
-1.577081203460693359e+00
4.400585591793060303e-01
-3.800146579742431641e-01
8.198148012161254883e-01
3.773304522037506104e-01
4.152909219264984131e-01
7.231385707855224609e-01
-1.096841573715209961e+00
1.225115299224853516e+00
8.435291051864624023e-01
1.195416212081909180e+00
9.566903710365295410e-01
-9.409500658512115479e-02
-2.334490716457366943e-01
-5.862277150154113770e-01
6.543450951576232910e-01
-7.237256765365600586e-01
7.603499889373779297e-01
-1.223521113395690918e+00
4.785713553428649902e-01
-8.579709529876708984e-01
6.405429840087890625e-01
1.107427943497896194e-02
3.520441055297851562e+00
-2.463635988533496857e-02
-4.099325537681579590e-01
5.046657919883728027e-01
-7.440577745437622070e-01
-1.963221669197082520e+00
-1.010713815689086914e+00
-6.169000864028930664e-01
6.979494094848632812e-01
4.291910827159881592e-01
-8.615065813064575195e-01
-7.864688038825988770e-01
-4.877401590347290039e-01
8.823918700218200684e-01
1.651965141296386719e+00
2.080657929182052612e-01
1.317525982856750488e+00
1.638089567422866821e-01
-6.829542517662048340e-01
6.356970220804214478e-02
1.050973057746887207e+00
-2.868287563323974609e-01
5.773839950561523438e-01
-4.981927573680877686e-01
-1.111380219459533691e+00
4.818077981472015381e-01
-3.343518078327178955e-01
9.184513688087463379e-01
1.989821434020996094e+00
1.350287318229675293e+00
7.367978692054748535e-01
1.610027104616165161e-01
-4.316469728946685791e-01
8.565535545349121094e-01
-1.299126148223876953e-01
-6.049880385398864746e-01
-5.706964731216430664e-01
-2.625709176063537598e-01
9.111957550048828125e-01
-8.215118050575256348e-01
8.276536464691162109e-01
-7.772762775421142578e-01
-5.308007597923278809e-01
2.920230627059936523e+00
1.328375816345214844e+00
-3.612481653690338135e-01
4.951694011688232422e-01
-6.425782442092895508e-01
1.242262125015258789e-01
6.140389442443847656e-01
1.008535504341125488e+00
-1.235152006149291992e+00
-2.104242891073226929e-01
-2.743203938007354736e-01
-6.140037178993225098e-01
-2.496183663606643677e-02
-2.099808305501937866e-01
-3.950752913951873779e-01
2.607979476451873779e-01
-1.952882260084152222e-01
-5.642410516738891602e-01
2.259107492864131927e-02
6.343845725059509277e-01
-3.244026601314544678e-01
-3.477283567190170288e-02
2.481390684843063354e-01
-8.346232026815414429e-02
-1.096276640892028809e+00
-8.364038467407226562e-01
-1.191282153129577637e+00
9.473249316215515137e-03
1.933336734771728516e+00
-7.425287365913391113e-01
3.546192944049835205e-01
-6.816512346267700195e-01
-1.151061296463012695e+00
-1.357278108596801758e+00
-8.041134476661682129e-01
-6.506847590208053589e-02
-6.363013386726379395e-01
4.697497189044952393e-01
-3.714425563812255859e-01
1.917274296283721924e-01
1.727654933929443359e-01
1.333751380443572998e-01
7.509458661079406738e-01
-9.130537509918212891e-01
-4.738167822360992432e-01
-1.095173656940460205e-01
2.356022447347640991e-01
4.906060695648193359e-01
4.711459204554557800e-02
1.199852347373962402e+00
5.831777453422546387e-01
-1.984996348619461060e-01
2.225185185670852661e-01
-1.480256557464599609e+00
8.381815552711486816e-01
1.158254861831665039e+00
2.023608386516571045e-01
-6.080304980278015137e-01
1.177666544914245605e+00
-5.206964015960693359e-01
1.103381276130676270e+00
5.682760477066040039e-01
9.611806273460388184e-01
-1.817116588354110718e-01
-1.590456128120422363e+00
8.084648847579956055e-01
-1.126473784446716309e+00
7.683901190757751465e-01
-4.853805601596832275e-01
-1.057465314865112305e+00
-5.251451730728149414e-01
5.297170281410217285e-01
-4.509715437889099121e-01
2.307743728160858154e-01
-1.369588017463684082e+00
6.943590044975280762e-01
7.064495086669921875e-01
3.432646095752716064e-01
-2.335795760154724121e-01
-2.585364282131195068e-01
