8.333104252815246582e-01
4.929299056529998779e-01
-1.383291184902191162e-01
1.148529723286628723e-01
-3.963405787944793701e-01
-8.551771640777587891e-01
-1.363282203674316406e+00
-9.883952140808105469e-01
-3.013478517532348633e+00
-4.627358913421630859e-01
2.135060310363769531e+00
-1.542595863342285156e+00
3.929362595081329346e-01
8.035072088241577148e-01
-2.506688535213470459e-01
-1.467335700988769531e+00
-5.699589252471923828e-01
1.072567105293273926e+00
2.427899837493896484e-01
4.397943615913391113e-01
4.967040717601776123e-01
-4.353103339672088623e-01
7.435505986213684082e-01
-1.606797933578491211e+00
2.511826038360595703e+00
5.259020254015922546e-02
1.058363541960716248e-01
-6.034625172615051270e-01
-1.293315291404724121e+00
1.608816266059875488e+00
7.925047874450683594e-01
1.721788406372070312e+00
-2.035667419433593750e+00
1.287522792816162109e+00
-1.545182466506958008e+00
-2.011705040931701660e-01
-8.331056833267211914e-01
-3.953907966613769531e+00
4.876260831952095032e-02
1.546549797058105469e-01
9.575790911912918091e-02
-1.346070528030395508e+00
-6.123926043510437012e-01
6.214984655380249023e-01
1.130357146263122559e+00
3.267431557178497314e-01
-5.068250000476837158e-02
1.997655510902404785e+00
-1.293883621692657471e-01
2.800089120864868164e+00
-3.462435007095336914e-01
-2.405522316694259644e-01
-5.155417323112487793e-01
-8.755654096603393555e-03
5.390230566263198853e-02
-5.841287970542907715e-01
3.817464113235473633e-01
-5.090466737747192383e-01
1.101928591728210449e+00
-1.549936652183532715e+00
1.109956860542297363e+00
4.237224459648132324e-01
1.613912224769592285e+00
-1.069160342216491699e+00
4.248990416526794434e-01
-3.047091066837310791e-01
1.898185610771179199e+00
-5.136498808860778809e-01
2.214444398880004883e+00
-1.622811555862426758e+00
2.280955791473388672e+00
1.440529227256774902e+00
1.021899819374084473e+00
-6.968356966972351074e-01
-9.545446038246154785e-01
1.776009798049926758e+00
1.183109641075134277e+00
4.746907949447631836e-01
2.477516233921051025e-01
-3.000147454440593719e-02
-9.028360247611999512e-02
2.168248146772384644e-01
-2.405822992324829102e+00
7.263358235359191895e-01
7.307856678962707520e-01
-7.512243390083312988e-01
-5.342209339141845703e-01
-4.056636244058609009e-02
4.459906741976737976e-02
-6.923507452011108398e-01
-3.071433603763580322e-01
-1.042072772979736328e+00
1.311813890933990479e-01
1.911760210990905762e+00
6.590589880943298340e-01
1.013501167297363281e+00
-6.260620951652526855e-01
9.544917941093444824e-01
3.695540726184844971e-01
-5.018278360366821289e-01
-5.016962289810180664e-01
1.035350203514099121e+00
1.851747393608093262e+00
-1.504225879907608032e-01
-2.254302263259887695e+00
-1.603889763355255127e-01
-2.190129280090332031e+00
1.050468087196350098e+00
7.070771455764770508e-01
-8.122090697288513184e-01
1.363598704338073730e+00
2.073340415954589844e+00
-1.006196022033691406e+00
-1.047343611717224121e+00
-1.168650627136230469e+00
1.723619550466537476e-01
-5.375413298606872559e-01
-4.458103477954864502e-01
7.584726810455322266e-01
2.515410900115966797e+00
8.226976990699768066e-01
1.590655088424682617e+00
-2.189812660217285156e+00
3.408994376659393311e-01
9.020408987998962402e-02
-5.670093297958374023e-01
2.319379746913909912e-01
1.142904758453369141e+00
-1.311558723449707031e+00
-7.858017683029174805e-01
8.014602661132812500e-01
-1.639699578285217285e+00
1.406995654106140137e-01
-4.959404766559600830e-01
-3.131110429763793945e+00
-7.968761771917343140e-02
-4.040978252887725830e-01
-8.677753806114196777e-01
-1.464790940284729004e+00
2.155417203903198242e-01
7.589436173439025879e-01
7.887682318687438965e-01
2.685137033462524414e+00
6.506093144416809082e-01
-1.488387942314147949e+00
-4.134961068630218506e-01
1.480762481689453125e+00
-1.300005614757537842e-01
3.052721321582794189e-01
-1.441711783409118652e+00
1.906414508819580078e+00
-3.448816835880279541e-01
4.926713109016418457e-01
-3.133624196052551270e-01
1.065629005432128906e+00
-8.145015239715576172e-01
-1.813268184661865234e+00
5.785696506500244141e-01
5.689938068389892578e-01
3.751828074455261230e-01
1.742830872535705566e+00
3.076865971088409424e-01
7.670183777809143066e-01
6.203773617744445801e-01
2.995420396327972412e-01
-2.493560314178466797e+00
-1.010922074317932129e+00
4.362480044364929199e-01
-5.323489308357238770e-01
7.704669833183288574e-01
-4.237565398216247559e-01
-1.797892451286315918e+00
-3.038186311721801758e+00
6.009658575057983398e-01
9.197157025337219238e-01
7.200377583503723145e-01
1.204791188240051270e+00
3.071530163288116455e-01
-1.080255627632141113e+00
1.485913634300231934e+00
-1.168416261672973633e+00
-1.750559926033020020e+00
-1.482408642768859863e+00
2.194126844406127930e-01
1.074104309082031250e+00
4.429878294467926025e-01
-7.443834543228149414e-01
-1.638521254062652588e-01
2.872269392013549805e+00
1.281334519386291504e+00
8.962724804878234863e-01
-1.924996137619018555e+00
-4.639894068241119385e-01
2.360223054885864258e+00
-9.066599607467651367e-02
-1.087364673614501953e+00
6.123478412628173828e-01
4.449888467788696289e-01
1.193344473838806152e+00
-1.806442856788635254e+00
4.334284663200378418e-01
1.284999847412109375e+00
1.840810328722000122e-01
-2.516434907913208008e+00
1.055747389793395996e+00
-5.783836245536804199e-01
6.064642071723937988e-01
-2.842488527297973633e+00
7.905926108360290527e-01
5.652083754539489746e-01
-2.750809192657470703e-01
-1.413773536682128906e+00
9.371113777160644531e-01
-4.348396062850952148e-01
-9.399594068527221680e-01
7.065426111221313477e-01
-3.922503232955932617e+00
-2.494783848524093628e-01
9.287306070327758789e-01
-7.355488091707229614e-02
-9.560079872608184814e-02
1.434406042098999023e-01
9.159755110740661621e-01
-4.734991490840911865e-02
1.196561336517333984e+00
-2.782015502452850342e-01
7.716115117073059082e-01
-3.074750900268554688e-01
-6.707917451858520508e-01
-4.466835558414459229e-01
-4.842941462993621826e-01
-2.673201084136962891e+00
-3.241173326969146729e-01
4.182249009609222412e-01
-6.587075591087341309e-01
-3.437964022159576416e-01
1.858488082885742188e+00
-9.292699694633483887e-01
-1.578666567802429199e+00
-4.228349924087524414e-01
1.741177678108215332e+00
9.370593428611755371e-01
-1.262222647666931152e+00
3.550180792808532715e-01
-9.978216290473937988e-01
1.645378470420837402e-01
-5.683488845825195312e-01
-3.835406303405761719e-01
6.032125949859619141e-01
-1.436693429946899414e+00
-4.549957066774368286e-02
-8.680716753005981445e-01
-1.119209289550781250e+00
-1.072022318840026855e+00
2.723821640014648438e+00
-2.163978368043899536e-01
2.012604027986526489e-01
-1.317127645015716553e-01
3.238487839698791504e-01
5.824744701385498047e-01
-4.034188985824584961e-01
-7.926782965660095215e-01
1.114949464797973633e+00
-2.315113842487335205e-01
-1.284927845001220703e+00
6.630450487136840820e-01
1.275642514228820801e-01
-6.113612055778503418e-01
2.922661304473876953e+00
1.322542905807495117e+00
-2.449185252189636230e-01
7.199954986572265625e-01
1.993730902671813965e+00
2.191503763198852539e+00
-8.293661475181579590e-01
5.372750163078308105e-01
-1.561584711074829102e+00
5.763480663299560547e-01
5.005378723144531250e-01
-5.942989587783813477e-01
7.060786485671997070e-01
-1.322932124137878418e+00
1.898962974548339844e+00
2.350076846778392792e-02
1.352655053138732910e+00
8.979445695877075195e-01
1.703701913356781006e-02
5.614838600158691406e-01
1.471471786499023438e-01
-1.384658098220825195e+00
-2.178045988082885742e+00
8.665344119071960449e-01
1.157411456108093262e+00
-3.268863439559936523e+00
8.311297297477722168e-01
-3.653227686882019043e-01
-8.527023792266845703e-01
1.124427169561386108e-01
-6.336685419082641602e-01
3.999177515506744385e-01
2.357407808303833008e-01
-1.004623293876647949e+00
2.854761481285095215e-01
9.989477992057800293e-01
2.921189069747924805e+00
1.701532959938049316e+00
-4.122286140918731689e-01
-1.785820484161376953e+00
-4.609190225601196289e-01
6.986154913902282715e-01
-2.080605268478393555e+00
-1.874415755271911621e+00
-1.875218391418457031e+00
1.716810107231140137e+00
-5.486707091331481934e-01
1.026062250137329102e+00
1.475313663482666016e+00
7.957532405853271484e-01
1.027911067008972168e+00
-7.393880486488342285e-01
-8.398968577384948730e-01
1.152598738670349121e+00
1.538752794265747070e+00
-1.128763437271118164e+00
-9.733645319938659668e-01
-6.478952765464782715e-01
-5.976059436798095703e-01
-7.997851371765136719e-01
-8.384381532669067383e-01
1.834331750869750977e+00
4.974682629108428955e-01
-8.590201139450073242e-01
1.889824151992797852e+00
1.659119576215744019e-01
9.013672471046447754e-01
-5.297113060951232910e-01
6.237383186817169189e-02
-1.753133893013000488e+00
1.980014681816101074e+00
-1.341814398765563965e+00
7.102409601211547852e-01
-7.713062167167663574e-01
8.207312822341918945e-01
1.233600974082946777e-01
4.218045473098754883e-01
1.183124423027038574e+00
-2.490751743316650391e+00
2.124156713485717773e+00
-3.293593823909759521e-01
-1.923846125602722168e+00
-1.799945116043090820e+00
-1.060108900070190430e+00
1.821329891681671143e-01
-3.023688495159149170e-01
-3.490388095378875732e-01
6.504025459289550781e-01
3.179498314857482910e-01
-1.606147885322570801e+00
-1.494288682937622070e+00
7.302643060684204102e-01
4.708259999752044678e-01
-8.514621108770370483e-02
1.039935350418090820e+00
-8.800874948501586914e-01
-1.529129743576049805e+00
1.185437664389610291e-01
3.218231201171875000e+00
-5.004253387451171875e-01
1.032622814178466797e+00
4.906778410077095032e-02
1.615038156509399414e+00
-1.438534706830978394e-01
-1.936913490295410156e+00
3.275953292846679688e+00
1.678973883390426636e-01
5.406826138496398926e-01
1.441420763731002808e-01
-5.718514919281005859e-01
-5.405892729759216309e-01
6.404922008514404297e-01
-4.625572562217712402e-01
7.871805429458618164e-01
3.183795213699340820e-01
-1.187618613243103027e+00
-9.652183651924133301e-01
-7.443071007728576660e-01
-7.503834366798400879e-01
-2.108436971902847290e-01
1.104100823402404785e+00
-7.899035215377807617e-01
2.081737756729125977e+00
-1.433811187744140625e-01
-1.901932507753372192e-01
-1.189740777015686035e+00
2.407073974609375000e+00
-1.009994387626647949e+00
-1.769015550613403320e+00
1.224102824926376343e-01
-1.044111847877502441e+00
6.974962949752807617e-01
-1.033117175102233887e-01
-2.452450990676879883e+00
-8.713362812995910645e-01
-7.463387250900268555e-01
-3.206927478313446045e-01
1.190324947237968445e-01
-1.206014990806579590e+00
5.317664146423339844e-01
4.694034457206726074e-01
8.490794152021408081e-02
-8.164264559745788574e-01
9.288397431373596191e-01
-1.621742360293865204e-02
2.112710237503051758e+00
9.226439893245697021e-02
1.747249841690063477e+00
-7.047566771507263184e-01
3.318589031696319580e-01
3.655081689357757568e-01
1.567876100540161133e+00
-1.364581704139709473e+00
-2.366886138916015625e-01
6.191738247871398926e-01
1.623068332672119141e+00
-1.700548529624938965e+00
7.160626053810119629e-01
-1.007065296173095703e+00
-9.695791602134704590e-01
-1.657341122627258301e+00
-7.181140780448913574e-01
-4.933616816997528076e-01
1.517749071121215820e+00
8.193960785865783691e-01
-1.605674862861633301e+00
-1.076486110687255859e+00
2.396010458469390869e-01
7.918959259986877441e-01
-3.091038763523101807e-01
3.630941510200500488e-01
7.913514971733093262e-01
-2.025691606104373932e-02
4.864334166049957275e-01
-2.850547552108764648e+00
1.608363986015319824e-01
-2.734388113021850586e-01
-1.028950333595275879e+00
-5.166766047477722168e-01
1.013937219977378845e-01
-1.655853539705276489e-02
-4.866522848606109619e-01
-1.710900664329528809e+00
-1.333404183387756348e+00
-4.296104237437248230e-02
-1.329256057739257812e+00
-9.235196709632873535e-01
-7.405056953430175781e-01
6.245535612106323242e-01
3.637049496173858643e-01
4.360525310039520264e-02
-1.427565813064575195e+00
8.036159873008728027e-01
-5.352900028228759766e-01
-4.005320370197296143e-01
1.000249505043029785e+00
-7.197530865669250488e-01
-2.345192432403564453e-01
-1.252547502517700195e-01
4.752882122993469238e-01
3.289922140538692474e-03
1.050541758537292480e+00
-8.160071820020675659e-02
1.269209146499633789e+00
-1.349282622337341309e+00
4.098273217678070068e-01
-1.101618528366088867e+00
3.629614114761352539e-01
7.851774692535400391e-01
-3.101536035537719727e-01
-7.022413015365600586e-01
7.378299236297607422e-01
1.542585611343383789e+00
-1.255665868520736694e-01
-1.229140520095825195e+00
1.622003078460693359e+00
6.208685636520385742e-01
-1.664137989282608032e-01
1.122040748596191406e+00
-1.098362445831298828e+00
9.449593424797058105e-01
-1.465353012084960938e+00
-3.099602460861206055e-01
1.538448572158813477e+00
1.594530642032623291e-01
8.911334723234176636e-02
-9.305623173713684082e-01
2.668117523193359375e+00
-1.832860112190246582e+00
-3.837148427963256836e+00
9.931660294532775879e-01
-9.283107519149780273e-01
1.544736981391906738e+00
2.929211556911468506e-01
-6.365929841995239258e-01
-2.475051134824752808e-01
-2.944122076034545898e+00
5.978429913520812988e-01
3.112975060939788818e-01
-3.824035227298736572e-01
-2.396894097328186035e-01
1.508098483085632324e+00
2.990125715732574463e-01
8.232343941926956177e-02
5.885067954659461975e-02
-2.251939922571182251e-01
7.104198336601257324e-01
2.782085180282592773e+00
9.612498432397842407e-02
-6.025390028953552246e-01
9.827967882156372070e-01
-5.770493149757385254e-01
1.052744165062904358e-01
3.502459079027175903e-02
-1.227246403694152832e+00
-1.249022722244262695e+00
3.691606521606445312e-01
2.921547889709472656e-01
-1.200810909271240234e+00
9.402322173118591309e-01
1.343550086021423340e+00
-1.639204025268554688e+00
-2.758552551269531250e+00
1.103224635124206543e+00
7.643883824348449707e-01
-5.010777115821838379e-01
2.839414477348327637e-01
-1.029158234596252441e+00
-2.092889398336410522e-01
4.144242703914642334e-01
-2.076237440109252930e+00
1.350435167551040649e-01
-3.197463452816009521e-01
5.416254997253417969e-01
-1.471977472305297852e+00
7.026012539863586426e-01
1.100793242454528809e+00
-1.110405802726745605e+00
-9.030430018901824951e-02
7.525385618209838867e-01
-1.260837316513061523e+00
-3.955570459365844727e-01
3.043995797634124756e-01
-6.068681478500366211e-01
-2.248988866806030273e+00
-1.036578416824340820e+00
-7.044830918312072754e-01
8.420333862304687500e-01
-8.556580543518066406e-01
1.462333649396896362e-01
3.893740177154541016e-01
-1.671880006790161133e+00
9.787416458129882812e-01
7.070258259773254395e-01
-2.821836769580841064e-01
5.501167774200439453e-01
-2.758787274360656738e-01
2.849359512329101562e-01
1.048716664314270020e+00
2.531779527664184570e+00
2.814450502395629883e+00
-8.565308898687362671e-02
2.383896589279174805e+00
-7.528902590274810791e-02
-7.630208730697631836e-01
-6.958276033401489258e-01
-7.238335013389587402e-01
1.419996619224548340e-01
6.534506380558013916e-02
-5.835765004158020020e-01
-4.743085801601409912e-01
-1.360971212387084961e+00
-1.179094672203063965e+00
5.850638151168823242e-01
5.247599482536315918e-01
1.465270519256591797e-01
7.523902654647827148e-01
-1.844570785760879517e-01
-2.917721033096313477e+00
-6.995189189910888672e-01
-1.183982372283935547e+00
-9.498803317546844482e-02
4.859138727188110352e-01
-3.005322515964508057e-01
-3.711383044719696045e-01
-7.626678347587585449e-01
-1.897841691970825195e-01
-4.648623764514923096e-01
1.031694337725639343e-01
-8.225136995315551758e-02
-1.338710784912109375e-01
4.327909946441650391e-01
6.363502740859985352e-01
-1.491055488586425781e+00
2.106709241867065430e+00
-5.641042068600654602e-02
2.294766187667846680e+00
4.928246736526489258e-01
-1.389684826135635376e-01
-1.007575869560241699e+00
7.763111591339111328e-02
1.169249773025512695e+00
-3.624496459960937500e-01
-9.322413057088851929e-02
-9.275979995727539062e-01
-4.627714157104492188e-01
-3.563362061977386475e-01
4.020270705223083496e-01
-4.566412046551704407e-02
-5.654101967811584473e-01
7.269535660743713379e-01
-2.251713424921035767e-01
-3.080379068851470947e-01
1.244023561477661133e+00
-2.025205850601196289e+00
5.982415676116943359e-01
4.165524244308471680e-01
2.050438165664672852e+00
5.173906683921813965e-01
1.521154046058654785e-01
-3.702258169651031494e-01
-2.113750934600830078e+00
3.718044757843017578e-01
5.879861116409301758e-01
5.192185640335083008e-01
1.049196362495422363e+00
8.113286644220352173e-02
6.849668622016906738e-01
-1.433662652969360352e+00
-1.038698330521583557e-01
-1.737039804458618164e+00
1.536918044090270996e+00
-4.816999733448028564e-01
1.175666213035583496e+00
1.613926142454147339e-01
4.081964492797851562e-01
-2.709722220897674561e-01
3.302032947540283203e+00
-1.137328505516052246e+00
-3.533635437488555908e-01
-3.084561526775360107e-01
7.789825648069381714e-02
-2.233079910278320312e+00
-8.787067532539367676e-01
1.576899528503417969e+00
1.346963793039321899e-01
-2.218759506940841675e-01
-8.576754927635192871e-01
-1.869891136884689331e-01
-6.851479411125183105e-01
-1.790709942579269409e-01
2.035742044448852539e+00
2.897144556045532227e-01
1.675991117954254150e-01
-4.586459398269653320e-01
-7.187101244926452637e-01
5.428484678268432617e-01
3.415823876857757568e-01
-1.513535976409912109e+00
5.554798841476440430e-01
9.130529761314392090e-01
-1.980830550193786621e+00
-1.695269346237182617e-01
-8.749026060104370117e-01
2.408225983381271362e-01
2.365362405776977539e+00
1.700606822967529297e+00
-3.919024169445037842e-01
3.739153593778610229e-02
-1.385079264640808105e+00
1.630823969841003418e+00
-6.299546957015991211e-01
1.153568848967552185e-01
-2.252186834812164307e-01
-1.462016940116882324e+00
1.299206852912902832e+00
9.240727871656417847e-02
-1.310783863067626953e+00
-2.109822183847427368e-01
-1.065157175064086914e+00
9.462594389915466309e-01
1.110459208488464355e+00
-5.035856962203979492e-01
-2.808549702167510986e-01
-2.439430207014083862e-01
-1.025943040847778320e+00
-2.165589109063148499e-02
8.129325695335865021e-03
-2.285739898681640625e+00
-9.199484586715698242e-01
-1.041986227035522461e+00
2.329210996627807617e+00
-4.539951682090759277e-01
-8.373928070068359375e-01
-8.205681443214416504e-01
5.035448074340820312e-02
-7.348464131355285645e-01
-3.139595314860343933e-02
9.839619994163513184e-01
1.301417827606201172e+00
-1.706146478652954102e+00
-4.517387747764587402e-01
5.592150092124938965e-01
5.327836871147155762e-01
-6.382910013198852539e-01
-7.241062521934509277e-01
-9.713979363441467285e-01
-5.227333307266235352e-01
-1.831593662500381470e-01
-1.016053795814514160e+00
1.196201562881469727e+00
-8.744657039642333984e-01
-2.335807561874389648e+00
-5.817236304283142090e-01
-6.013220548629760742e-01
-2.708786129951477051e-01
3.315994739532470703e-01
1.023409605026245117e+00
2.257830500602722168e-01
1.714354276657104492e+00
4.058306813240051270e-01
8.489840477705001831e-02
4.283944964408874512e-01
-1.184100508689880371e+00
-1.116457700729370117e+00
8.245345205068588257e-02
-6.545476913452148438e-01
7.431752085685729980e-01
7.314605712890625000e-01
5.613533258438110352e-01
1.242013812065124512e+00
7.474052254110574722e-03
9.230124950408935547e-01
-6.211426854133605957e-01
2.148177385330200195e+00
7.928828597068786621e-01
7.143060564994812012e-01
-8.370551466941833496e-01
1.330415904521942139e-01
2.159088253974914551e-01
1.583089351654052734e+00
6.589992344379425049e-02
3.472479879856109619e-01
-1.211162447929382324e+00
-1.096076250076293945e+00
2.708467245101928711e-01
-5.019994378089904785e-01
1.160265445709228516e+00
-9.064534306526184082e-01
-8.539207577705383301e-01
-1.492360979318618774e-01
5.387396812438964844e-01
3.462322950363159180e-01
-3.644271492958068848e-01
5.380344763398170471e-02
3.622416257858276367e-01
1.825131058692932129e+00
5.099066495895385742e-01
-3.456773161888122559e-01
-1.619734168052673340e-01
