2.253916025161743164e+00
-4.447142183780670166e-01
-2.707296907901763916e-01
-7.810617685317993164e-01
-7.727729678153991699e-01
-1.299939870834350586e+00
-3.036522269248962402e-01
-8.535453677177429199e-02
-7.014166116714477539e-01
-1.266226053237915039e+00
5.537280440330505371e-02
-2.059024572372436523e+00
1.418666005134582520e+00
-7.060358524322509766e-01
-7.751501202583312988e-01
6.769345700740814209e-02
2.573499083518981934e-01
-3.755247890949249268e-01
4.704418778419494629e-01
-3.763464093208312988e-01
-5.851158499717712402e-01
-2.231963634490966797e+00
4.194408059120178223e-01
-9.724693298339843750e-01
6.784889101982116699e-01
1.043740034103393555e+00
-4.487436413764953613e-01
7.554375529289245605e-01
-8.698922395706176758e-01
-4.442166984081268311e-01
-5.430481433868408203e-01
4.820191562175750732e-01
-1.491696357727050781e+00
-3.164227604866027832e-01
-7.814826965332031250e-01
6.443207859992980957e-01
-4.182638823986053467e-01
-3.460546493530273438e+00
1.276904791593551636e-01
1.540732532739639282e-01
-1.044691205024719238e+00
-1.227827787399291992e+00
-1.065280556678771973e+00
2.415106445550918579e-01
1.329889059066772461e+00
1.189788341522216797e+00
-6.137263178825378418e-01
1.696572780609130859e+00
-1.200357794761657715e+00
1.516192674636840820e+00
-6.954239606857299805e-01
-4.633622765541076660e-01
-4.542770683765411377e-01
6.892120838165283203e-01
-1.094266891479492188e+00
-7.397075891494750977e-01
-2.332214564085006714e-01
-3.441730141639709473e-01
5.172949433326721191e-01
-4.230872690677642822e-01
-9.975292682647705078e-01
4.367436468601226807e-01
1.248439908027648926e+00
-1.189347982406616211e+00
1.621791601181030273e+00
-3.873565793037414551e-01
1.571465492248535156e+00
-3.154993057250976562e-01
6.058120131492614746e-01
-1.508728504180908203e+00
2.589864730834960938e-01
2.182133674621582031e+00
3.194268643856048584e-01
-2.474146783351898193e-01
-8.695935010910034180e-01
-2.031945995986461639e-02
6.261442303657531738e-01
1.564057022333145142e-01
1.247329358011484146e-02
1.371345758438110352e+00
2.934668958187103271e-01
1.158041507005691528e-01
-2.873384952545166016e+00
-3.937382400035858154e-01
-2.236596308648586273e-02
-3.935941755771636963e-01
-2.783222198486328125e-01
-1.322605729103088379e+00
-3.815286755561828613e-01
-7.347124814987182617e-01
-5.069232583045959473e-01
-6.161961555480957031e-01
9.627545624971389771e-02
1.010509729385375977e+00
3.811252489686012268e-02
1.098164916038513184e+00
2.180975079536437988e-01
3.770676255226135254e-01
8.111798763275146484e-01
-6.821783781051635742e-01
-7.560632824897766113e-01
1.103111743927001953e+00
1.415437936782836914e+00
-4.719502627849578857e-01
-1.454361081123352051e+00
-1.219961792230606079e-01
-1.414858222007751465e+00
1.993223905563354492e+00
1.617946624755859375e-01
5.417572855949401855e-01
1.408103823661804199e+00
1.616830348968505859e+00
-3.584930300712585449e-01
-1.877740144729614258e+00
-2.551528215408325195e-01
4.917255938053131104e-01
-6.016529798507690430e-01
5.114840269088745117e-01
2.777072191238403320e-01
1.675593733787536621e+00
1.244803309440612793e+00
8.817659616470336914e-01
-1.617153644561767578e+00
1.065235853195190430e+00
2.112426161766052246e-01
-8.897491097450256348e-01
3.321697115898132324e-01
1.752839326858520508e+00
-1.183607339859008789e+00
-9.438160061836242676e-01
1.095188140869140625e+00
-1.184375286102294922e+00
4.246747195720672607e-01
-1.099722504615783691e+00
-2.342853069305419922e+00
-4.919809699058532715e-01
-2.892323732376098633e-01
-7.340552806854248047e-01
-1.250629544258117676e+00
7.926519513130187988e-01
6.352632641792297363e-01
1.049583077430725098e+00
9.892774820327758789e-01
-1.197368621826171875e+00
-2.285095691680908203e+00
3.173925876617431641e-01
3.228185176849365234e-01
-1.124137401580810547e+00
-2.008243650197982788e-01
-9.489582777023315430e-01
1.175890684127807617e+00
-2.237553149461746216e-01
3.477694988250732422e-01
-3.107506036758422852e-01
1.164118647575378418e+00
-4.373250901699066162e-01
-4.530616402626037598e-01
2.306089252233505249e-01
-1.390770226716995239e-01
-1.776197105646133423e-01
6.037593483924865723e-01
5.512366294860839844e-01
9.038207530975341797e-01
2.895383238792419434e-01
2.814701497554779053e-01
-1.024647831916809082e+00
-2.066682338714599609e+00
-8.032376170158386230e-01
-1.640655696392059326e-01
1.335890531539916992e+00
-1.488316535949707031e+00
-1.921502113342285156e+00
-1.289148807525634766e+00
1.321267127990722656e+00
1.042936146259307861e-01
4.813072085380554199e-01
-1.758719235658645630e-01
4.929417967796325684e-01
2.808626294136047363e-01
9.813005924224853516e-01
-8.798894882202148438e-01
-7.439940571784973145e-01
-1.490526437759399414e+00
9.530993103981018066e-01
2.463642597198486328e+00
9.831352233886718750e-01
-5.946269035339355469e-01
-3.865883350372314453e-01
1.952452421188354492e+00
6.289845108985900879e-01
-6.812419891357421875e-01
-9.230240583419799805e-01
-1.197622299194335938e+00
1.187803149223327637e+00
-9.033949375152587891e-01
-8.325748443603515625e-01
-2.484496682882308960e-01
-2.734786570072174072e-01
8.615967035293579102e-01
1.381358623504638672e+00
5.901657044887542725e-02
1.421943306922912598e+00
1.293229103088378906e+00
-6.185497045516967773e-01
9.398252367973327637e-01
-1.168260574340820312e+00
-6.996031403541564941e-01
-2.578036546707153320e+00
9.985745549201965332e-01
1.296055465936660767e-01
-1.345749050378799438e-01
-9.404538869857788086e-01
4.239153563976287842e-01
2.095282226800918579e-01
-1.105865120887756348e+00
-5.203256607055664062e-01
-3.154767036437988281e+00
-7.097851019352674484e-03
5.681646466255187988e-01
9.580477476119995117e-01
-4.532228708267211914e-01
-5.303356051445007324e-02
1.714757323265075684e+00
6.928047537803649902e-01
2.185329794883728027e-01
-2.650745809078216553e-01
7.797138690948486328e-01
-1.978332698345184326e-01
-9.136182069778442383e-01
-1.083432793617248535e+00
-6.138156056404113770e-01
-7.638109326362609863e-01
-4.661088585853576660e-01
1.199498534202575684e+00
-2.219737023115158081e-01
-1.732520200312137604e-02
-3.196816444396972656e-01
6.755131483078002930e-01
-7.201883792877197266e-01
8.889605998992919922e-01
5.446510910987854004e-01
4.902956485748291016e-01
-6.463503837585449219e-01
7.177451252937316895e-01
-1.849014997482299805e+00
8.633764982223510742e-01
-1.105824232101440430e+00
-4.943674504756927490e-01
1.679243743419647217e-01
-1.239822983741760254e+00
3.021085560321807861e-01
2.970124483108520508e-01
-1.073276400566101074e+00
-1.011651158332824707e+00
1.392154812812805176e+00
3.353182971477508545e-01
5.765383243560791016e-01
1.097423434257507324e+00
2.718518376350402832e-01
1.181960105895996094e+00
-3.664070963859558105e-01
-3.982332348823547363e-01
1.067958593368530273e+00
-9.188677072525024414e-01
-1.703184008598327637e+00
1.879417598247528076e-01
1.449922561645507812e+00
-1.492468476295471191e+00
3.805341482162475586e+00
1.489090442657470703e+00
-8.676477670669555664e-01
6.312063932418823242e-01
9.949592351913452148e-01
1.288186788558959961e+00
-2.801111638545989990e-01
1.220044612884521484e+00
2.397097647190093994e-01
1.868889778852462769e-01
5.472912788391113281e-01
-1.683198332786560059e+00
7.715400457382202148e-01
-1.445085525512695312e+00
8.255496025085449219e-01
-3.059281408786773682e-01
-3.306620940566062927e-02
7.921530008316040039e-01
5.278307944536209106e-02
9.678516387939453125e-01
-5.611221790313720703e-01
-6.275901198387145996e-01
-1.860664844512939453e+00
1.168976902961730957e+00
1.140508651733398438e+00
-3.971704006195068359e+00
1.881680250167846680e+00
-6.490961313247680664e-01
3.963676393032073975e-01
-7.543728500604629517e-02
6.467970609664916992e-01
1.414593338966369629e+00
-2.239744178950786591e-02
-4.031080603599548340e-01
-2.300149202346801758e-01
-2.152331024408340454e-01
1.858214974403381348e+00
1.401710391044616699e+00
1.014788150787353516e+00
-6.662923097610473633e-01
-1.303440630435943604e-01
-2.795116305351257324e-01
-1.592688798904418945e+00
-2.088714599609375000e+00
-1.014027953147888184e+00
6.427795290946960449e-01
-1.197695061564445496e-01
1.086585164070129395e+00
2.184515953063964844e+00
1.046915411949157715e+00
7.070465385913848877e-02
6.728727370500564575e-02
-1.214526891708374023e+00
5.406533479690551758e-01
1.360865592956542969e+00
-3.071194291114807129e-01
-7.674637436866760254e-01
-2.637204946950078011e-03
-7.760900855064392090e-01
-1.259537190198898315e-01
5.118773579597473145e-01
1.393348813056945801e+00
9.145265817642211914e-01
-1.614285111427307129e-01
1.474230527877807617e+00
3.491666615009307861e-01
8.819836974143981934e-01
-3.941178321838378906e-01
-1.695818156003952026e-01
-4.367972612380981445e-01
2.193457365036010742e+00
-1.363612562417984009e-01
4.324485063552856445e-01
6.865571141242980957e-01
8.233762979507446289e-01
1.244889646768569946e-01
7.695429027080535889e-02
1.365473508834838867e+00
-2.304795026779174805e+00
1.434680819511413574e+00
-1.830697536468505859e+00
-8.587002754211425781e-01
-2.814980447292327881e-01
-7.471948266029357910e-01
7.151200771331787109e-01
-9.060030579566955566e-01
-4.345879554748535156e-01
-5.293452739715576172e-01
-8.415046334266662598e-01
-6.566684693098068237e-02
9.547416120767593384e-02
1.118791580200195312e+00
9.601593613624572754e-01
-1.308010458946228027e+00
-5.526795983314514160e-01
-5.733122825622558594e-01
-2.510683536529541016e+00
8.642609119415283203e-01
2.291472911834716797e+00
6.620973348617553711e-02
1.321610450744628906e+00
1.572187066078186035e+00
1.152260184288024902e+00
-5.972951650619506836e-01
-1.453866243362426758e+00
2.485777616500854492e+00
5.382513403892517090e-01
8.473455309867858887e-01
-3.335674703121185303e-01
-1.490552186965942383e+00
-1.089229583740234375e+00
7.894454598426818848e-01
1.702995419502258301e+00
8.935755491256713867e-01
6.909320354461669922e-01
1.877265572547912598e-01
-7.407551407814025879e-01
1.127488836646080017e-01
-7.640333771705627441e-01
-8.468286395072937012e-01
2.066527366638183594e+00
2.380553185939788818e-01
7.681787014007568359e-01
1.237010717391967773e+00
9.398056268692016602e-01
-1.510287404060363770e+00
2.156240224838256836e+00
-5.530300140380859375e-01
-1.098828673362731934e+00
-2.605654597282409668e-01
-2.398906052112579346e-01
1.427829146385192871e+00
-1.271411124616861343e-02
-1.348260998725891113e+00
-2.535075247287750244e-01
-1.387606739997863770e+00
-8.349732756614685059e-01
-4.125393554568290710e-02
-5.211709737777709961e-01
1.526097416877746582e+00
-4.260744452476501465e-01
-9.032540321350097656e-01
-8.045544028282165527e-01
-1.788518726825714111e-01
-9.810900688171386719e-01
5.478429198265075684e-01
2.126117497682571411e-01
4.646020233631134033e-01
-1.044824197888374329e-01
1.233561933040618896e-01
-1.271856784820556641e+00
1.582220792770385742e+00
-4.277074038982391357e-01
-1.042341709136962891e+00
-7.794838398694992065e-02
1.981876611709594727e+00
4.046075046062469482e-01
6.521378159523010254e-01
-1.232163310050964355e+00
-1.466954499483108521e-01
-2.480547666549682617e+00
-1.063367724418640137e-01
-1.447874546051025391e+00
2.387906312942504883e+00
1.205894947052001953e+00
-1.988516092300415039e+00
1.760895363986492157e-02
3.971608821302652359e-03
1.333825469017028809e+00
-5.397527813911437988e-01
1.138941347599029541e-01
1.315379291772842407e-01
8.083932399749755859e-01
1.302910685539245605e+00
-7.185155153274536133e-01
7.819390296936035156e-01
-4.351548552513122559e-01
-1.472039818763732910e+00
-8.775954842567443848e-01
4.611023962497711182e-01
-1.038278043270111084e-01
-6.701379418373107910e-01
-1.234913349151611328e+00
-7.225291132926940918e-01
-6.916671395301818848e-01
-1.514850497245788574e+00
-2.030619382858276367e+00
-8.789501190185546875e-01
1.846703439950942993e-01
7.536098957061767578e-01
4.274682104587554932e-01
-2.230760574340820312e+00
7.509462833404541016e-01
5.200995802879333496e-01
-1.143674254417419434e-01
-5.132495891302824020e-03
-1.528823137283325195e+00
3.346201181411743164e-01
-6.531447172164916992e-01
1.449249505996704102e+00
-8.555888533592224121e-01
8.432878255844116211e-01
1.510343253612518311e-01
1.089197039604187012e+00
-9.776208400726318359e-01
3.013320565223693848e-01
-4.639187753200531006e-01
-3.842536807060241699e-01
7.008891105651855469e-01
-4.593561589717864990e-01
-5.621029734611511230e-01
2.104254007339477539e+00
1.506038546562194824e+00
2.199188917875289917e-01
-1.541272044181823730e+00
5.432183146476745605e-01
7.067010402679443359e-01
-6.361401081085205078e-01
7.298368811607360840e-01
1.428845882415771484e+00
3.756331279873847961e-02
-5.298517346382141113e-01
1.384140253067016602e+00
1.693764925003051758e+00
2.264238297939300537e-01
1.441049456596374512e+00
-1.248869523406028748e-01
4.370658993721008301e-01
-1.560329675674438477e+00
-2.154094457626342773e+00
-9.462276101112365723e-01
6.064301133155822754e-01
6.988353282213211060e-02
5.136927366256713867e-01
-1.443382620811462402e+00
2.410128712654113770e-01
-9.001437425613403320e-01
1.138350248336791992e+00
-4.206768870353698730e-01
-1.889660060405731201e-01
4.809983074665069580e-01
8.910207748413085938e-01
5.482513308525085449e-01
5.380465984344482422e-01
5.039508342742919922e-01
-6.536185741424560547e-02
1.174634695053100586e+00
7.640146017074584961e-01
-2.809041440486907959e-01
-1.715311169624328613e+00
2.147661596536636353e-01
-3.246024847030639648e-01
-3.558858633041381836e-01
-1.379611372947692871e+00
-1.235890984535217285e+00
-1.074985027313232422e+00
3.772502020001411438e-02
1.502295613288879395e+00
1.785884201526641846e-01
-1.339627802371978760e-01
1.892141580581665039e+00
-1.063837289810180664e+00
-8.017804622650146484e-01
1.462679624557495117e+00
5.004085302352905273e-01
-2.443578690290451050e-01
3.713339269161224365e-01
-8.579369783401489258e-01
-1.177338719367980957e+00
4.226508438587188721e-01
-7.634489536285400391e-01
4.827445745468139648e-01
-1.381231427192687988e+00
5.339355468750000000e-01
-7.340024113655090332e-01
-4.159611091017723083e-02
1.026332736015319824e+00
-9.189090728759765625e-01
9.646486043930053711e-01
-1.194819062948226929e-01
-1.540573239326477051e-01
9.966191053390502930e-01
-3.745166584849357605e-02
-4.063392281532287598e-01
-9.390591979026794434e-01
-5.145896673202514648e-01
9.574766159057617188e-01
6.011024713516235352e-01
-5.909445285797119141e-01
1.487074375152587891e+00
-1.113772392272949219e+00
-9.481002092361450195e-01
-5.697993189096450806e-02
6.586721539497375488e-01
-8.484856486320495605e-01
3.937498927116394043e-01
-1.089014291763305664e+00
-5.588473081588745117e-01
1.099045157432556152e+00
1.936794281005859375e+00
1.138283252716064453e+00
-2.315235435962677002e-01
1.258558154106140137e+00
-6.143679022789001465e-01
-1.440272331237792969e+00
-9.414255023002624512e-01
-3.410185873508453369e-01
-4.765200912952423096e-01
-5.390696525573730469e-01
-2.623229660093784332e-02
9.420842528343200684e-01
-1.312028169631958008e+00
-8.347277641296386719e-01
2.490703761577606201e-01
3.224778175354003906e-01
9.015625119209289551e-01
1.837398290634155273e+00
2.865997552871704102e-01
1.890850961208343506e-01
-2.195036649703979492e+00
-2.175295591354370117e+00
4.028873443603515625e-01
1.083925142884254456e-01
-2.634242177009582520e-01
-9.054411053657531738e-01
-9.191203117370605469e-02
3.296648263931274414e-01
-1.919836640357971191e+00
-6.109828352928161621e-01
-2.766388468444347382e-02
6.498128175735473633e-01
5.162693858146667480e-01
-2.042889446020126343e-01
-1.431731581687927246e+00
8.732929825782775879e-01
5.070352554321289062e-01
1.553685069084167480e+00
-1.506040573120117188e+00
-2.312703244388103485e-02
-1.028379917144775391e+00
-2.295024096965789795e-01
1.609313607215881348e+00
-1.279062777757644653e-01
-5.234326720237731934e-01
6.560559272766113281e-01
-2.615044414997100830e-01
-9.737441539764404297e-01
-5.342400074005126953e-01
4.185289144515991211e-01
-3.424375951290130615e-01
1.088797926902770996e+00
-1.331931650638580322e-01
-1.251887559890747070e+00
1.241932034492492676e+00
-1.683180570602416992e+00
8.428203463554382324e-01
-5.674123764038085938e-01
4.326233565807342529e-01
6.848127394914627075e-02
-2.084936201572418213e-01
7.341357469558715820e-01
-2.710429430007934570e+00
1.506301403045654297e+00
-2.749408222734928131e-02
3.018882870674133301e-01
1.369660258293151855e+00
-8.089292049407958984e-02
-8.387205004692077637e-01
-1.187625169754028320e+00
8.731191754341125488e-01
-1.695727586746215820e+00
4.278985857963562012e-01
-1.184144735336303711e+00
5.438181757926940918e-01
-3.585135042667388916e-01
5.962256789207458496e-01
-1.398144960403442383e+00
2.877249479293823242e+00
-6.578190326690673828e-01
4.699095487594604492e-01
-5.884354114532470703e-01
-1.869310021400451660e+00
-2.567683696746826172e+00
-1.108447432518005371e+00
7.428696751594543457e-01
-3.105186223983764648e-01
3.486726880073547363e-01
-1.623225808143615723e+00
1.862795054912567139e-01
-8.308681249618530273e-01
1.289846181869506836e+00
-2.614347934722900391e-01
-5.136656761169433594e-01
1.247341513633728027e+00
8.283534049987792969e-01
-1.830023884773254395e+00
8.562729358673095703e-01
1.192157983779907227e+00
-5.516805052757263184e-01
7.084462642669677734e-01
-4.130103886127471924e-01
-9.846181273460388184e-01
1.870066970586776733e-01
-6.193102896213531494e-02
4.712317287921905518e-01
1.554422259330749512e+00
1.355424046516418457e+00
-1.363187003880739212e-02
3.262585103511810303e-01
-7.027439475059509277e-01
4.949772059917449951e-01
5.918246507644653320e-01
-1.101684570312500000e-01
-8.764492869377136230e-01
-4.460697770118713379e-01
8.816394209861755371e-01
-5.882205367088317871e-01
-9.877499341964721680e-01
-8.468969464302062988e-01
-8.086541891098022461e-01
2.862099170684814453e+00
1.604703426361083984e+00
-8.908648490905761719e-01
-6.878997683525085449e-01
-3.184912204742431641e-01
-1.150521397590637207e+00
1.236020445823669434e+00
8.071343302726745605e-01
2.344131916761398315e-01
1.056025996804237366e-01
-2.235159128904342651e-01
9.818913936614990234e-01
8.447589278221130371e-01
-3.850789070129394531e-01
-1.091725349426269531e+00
4.310841560363769531e-01
5.087881088256835938e-01
-7.028756737709045410e-01
8.980369567871093750e-01
1.066267251968383789e+00
-9.626135230064392090e-01
-5.685456991195678711e-01
6.089487075805664062e-01
-7.527740299701690674e-02
1.084095910191535950e-01
-8.917721509933471680e-01
-1.741249203681945801e+00
8.750719577074050903e-02
1.533125489950180054e-01
-1.234938263893127441e+00
1.456505894660949707e+00
-1.676842093467712402e+00
-1.048121690750122070e+00
-6.425054669380187988e-01
-1.893787458539009094e-02
2.194301187992095947e-01
1.699812412261962891e-01
6.050237268209457397e-02
-2.315196692943572998e-01
1.227809071540832520e+00
9.139413237571716309e-01
-7.232894897460937500e-01
7.243543863296508789e-01
-1.062561511993408203e+00
-4.391482472419738770e-01
2.203905135393142700e-01
4.311963617801666260e-01
8.680826425552368164e-01
9.530028104782104492e-01
7.532575726509094238e-01
-1.369557678699493408e-01
4.443777203559875488e-01
5.131738781929016113e-01
-8.071063756942749023e-01
1.947932988405227661e-01
1.861138463020324707e+00
9.374174475669860840e-02
-1.701928675174713135e-01
1.632957756519317627e-01
3.309742212295532227e-01
2.212105989456176758e+00
-2.041038721799850464e-01
2.050796031951904297e+00
-5.792770385742187500e-01
-1.328825712203979492e+00
7.202118635177612305e-01
-1.332595825195312500e+00
1.107192397117614746e+00
-1.650379300117492676e+00
-1.426507234573364258e+00
-3.864501416683197021e-01
9.723006486892700195e-01
-1.533858105540275574e-02
-2.025947161018848419e-02
1.227277796715497971e-02
7.789798378944396973e-01
9.642450213432312012e-01
5.727566480636596680e-01
-9.233161062002182007e-02
-2.762919664382934570e-01
