8.813099861145019531e-01
4.175027608871459961e-01
1.035124421119689941e+00
1.933680534362792969e+00
-2.652634382247924805e-01
-3.143240213394165039e+00
-2.491395771503448486e-01
4.273129403591156006e-01
4.599936008453369141e-01
1.811093568801879883e+00
2.628632783889770508e-01
-4.609023779630661011e-02
8.033944368362426758e-01
-7.601870894432067871e-01
3.459495306015014648e-01
-3.945995867252349854e-01
-9.383701086044311523e-01
6.035434007644653320e-01
-1.124349474906921387e+00
5.462392047047615051e-02
-2.474750131368637085e-01
-8.938951492309570312e-01
7.960718274116516113e-01
-3.983623981475830078e-01
2.116979360580444336e+00
-2.109968900680541992e+00
1.282850503921508789e+00
-6.001321673393249512e-01
-1.037318944931030273e+00
1.117485284805297852e+00
-8.532437086105346680e-01
9.030576944351196289e-01
-2.354841977357864380e-01
6.276735067367553711e-01
4.347439110279083252e-01
2.179500907659530640e-01
-7.344046980142593384e-02
-3.265482187271118164e+00
-1.815425455570220947e-01
1.902917385101318359e+00
-1.904696583747863770e+00
-9.852375984191894531e-01
-1.341749906539916992e+00
-4.355781674385070801e-01
-1.244164466857910156e+00
1.707497239112854004e+00
-1.192409276962280273e+00
2.920372188091278076e-01
-2.186243057250976562e+00
-8.855994939804077148e-01
-2.003626339137554169e-02
5.371181964874267578e-01
3.933458030223846436e-02
3.252011239528656006e-01
1.376909464597702026e-01
-1.659224033355712891e-01
1.761409759521484375e+00
-1.396624207496643066e+00
-3.179557621479034424e-01
-8.442313224077224731e-02
-3.545309901237487793e-01
-1.463545858860015869e-01
3.174098432064056396e-01
1.146534085273742676e+00
5.567014217376708984e-01
1.521317720413208008e+00
7.075970768928527832e-01
5.184372663497924805e-01
5.930751562118530273e-02
-3.251889944076538086e+00
-2.543706655502319336e+00
-7.670524716377258301e-01
-2.765356600284576416e-01
-1.493319749832153320e+00
1.164515614509582520e+00
7.419757843017578125e-01
7.803337275981903076e-02
-1.126539632678031921e-01
-4.484412446618080139e-02
1.026537060737609863e+00
7.278087735176086426e-02
-5.156112313270568848e-01
4.278779923915863037e-01
-1.391464710235595703e+00
-4.910761117935180664e-01
1.346517920494079590e+00
-1.527135372161865234e+00
1.049867987632751465e+00
-1.004144906997680664e+00
4.859857559204101562e-01
-8.683113008737564087e-02
-1.813943862915039062e+00
-1.583970785140991211e-01
-8.669275790452957153e-02
-9.717082977294921875e-01
6.537280082702636719e-01
7.963473200798034668e-01
-6.497536301612854004e-01
6.591159701347351074e-01
-2.569816410541534424e-01
1.324841082096099854e-01
-9.189009666442871094e-01
-5.635152459144592285e-01
-2.537002563476562500e-01
7.520236968994140625e-01
-8.601926267147064209e-03
-1.293151736259460449e+00
7.883415818214416504e-01
-8.212428689002990723e-01
8.017391562461853027e-01
-5.545933842658996582e-01
3.350222408771514893e-01
2.258878201246261597e-01
1.095369458198547363e+00
-5.567794442176818848e-01
4.110115170478820801e-01
-6.769604086875915527e-01
-1.390544533729553223e+00
1.192300081253051758e+00
7.879942655563354492e-01
-6.414159536361694336e-01
-7.466836571693420410e-01
2.363032341003417969e+00
1.621426939964294434e+00
-1.416800737380981445e+00
-8.224426209926605225e-02
-4.760271012783050537e-01
1.212693452835083008e+00
1.414635300636291504e+00
1.952443480491638184e+00
1.419793069362640381e-01
-2.327228546142578125e+00
-6.591674089431762695e-01
-6.185472756624221802e-02
-7.601352930068969727e-01
-7.738034129142761230e-01
1.661546826362609863e-01
-4.210287928581237793e-01
-9.254152774810791016e-01
2.024066686630249023e+00
8.125725388526916504e-01
6.846387386322021484e-01
1.899617314338684082e+00
-9.934128522872924805e-01
2.668170332908630371e-01
-1.144890263676643372e-01
-4.983237385749816895e-01
-1.264657825231552124e-01
6.049221754074096680e-01
4.355714023113250732e-01
1.307109951972961426e+00
-4.423087239265441895e-01
-4.281326234340667725e-01
-1.118770718574523926e+00
7.668855190277099609e-01
-2.672456204891204834e-01
-3.926613569259643555e+00
-9.593054652214050293e-01
3.377804160118103027e-01
2.940805852413177490e-01
-9.770158529281616211e-01
8.054567575454711914e-01
-1.008301496505737305e+00
1.081191152334213257e-01
-3.739782571792602539e-01
1.237804770469665527e+00
4.272717051208019257e-03
-5.982131361961364746e-01
6.917016953229904175e-02
7.577134370803833008e-01
-3.238078057765960693e-01
5.657209157943725586e-01
-1.239982962608337402e+00
-3.843582868576049805e-01
-1.265764117240905762e+00
7.118027210235595703e-01
2.682766318321228027e-01
7.819542288780212402e-01
1.865848898887634277e-01
7.892901301383972168e-01
6.860055029392242432e-02
-4.120135009288787842e-01
-8.412580490112304688e-01
6.457698941230773926e-01
9.397550821304321289e-01
-1.913827180862426758e+00
-1.116293817758560181e-01
-2.224166870117187500e+00
2.348064631223678589e-01
3.211013793945312500e+00
-7.567247748374938965e-02
-1.457569003105163574e+00
-1.546047329902648926e-01
2.167478501796722412e-01
4.268854856491088867e-01
-7.883833646774291992e-01
1.099656939506530762e+00
-1.304962635040283203e-01
1.055914521217346191e+00
-2.637209594249725342e-01
1.406377315521240234e+00
1.092474341392517090e+00
-1.790964156389236450e-01
3.656852543354034424e-01
-3.876523375511169434e-01
-1.199395895004272461e+00
-4.246478974819183350e-01
1.055089831352233887e+00
2.667991161346435547e+00
2.097132205963134766e-01
-2.934641599655151367e+00
1.917510747909545898e+00
1.338277578353881836e+00
-6.683994531631469727e-01
4.837938845157623291e-01
-6.795257925987243652e-01
-8.805247306823730469e+00
2.031350731849670410e-01
1.155925631523132324e+00
2.237519741058349609e+00
2.209378719329833984e+00
-5.603869557380676270e-01
-1.001628756523132324e+00
-1.083007305860519409e-01
2.536090850830078125e+00
9.557565450668334961e-01
1.937713027000427246e+00
3.471570909023284912e-01
-3.394170403480529785e-01
-1.357143878936767578e+00
5.909116268157958984e-01
-1.329181790351867676e+00
-8.183500170707702637e-02
-1.463343977928161621e+00
1.432365775108337402e+00
-7.152152061462402344e-01
-5.317788720130920410e-01
6.065697669982910156e-01
1.784037470817565918e+00
1.972856879234313965e+00
5.863966345787048340e-01
1.060140952467918396e-01
-5.349838137626647949e-01
2.469531744718551636e-01
-2.120920896530151367e+00
1.670266836881637573e-01
8.174024224281311035e-01
1.311178803443908691e+00
1.284304380416870117e+00
-1.874774456024169922e+00
-6.099387407302856445e-01
4.213294386863708496e-02
-1.349635124206542969e+00
7.834329009056091309e-01
2.816190958023071289e+00
-2.167723178863525391e+00
5.769326090812683105e-01
-6.457036137580871582e-01
1.050866484642028809e+00
2.698910832405090332e-01
1.076620101928710938e+00
4.266489744186401367e-01
4.918741583824157715e-01
-8.656017780303955078e-01
-3.590884804725646973e-01
-1.123050928115844727e+00
5.541791319847106934e-01
3.605382144451141357e-01
1.610347747802734375e+00
-1.019068717956542969e+00
-1.743199676275253296e-01
-4.695514217019081116e-02
-8.515259623527526855e-01
4.205572903156280518e-01
2.607901990413665771e-01
-7.869589924812316895e-01
1.143943548202514648e+00
-5.085988044738769531e-01
8.362676948308944702e-02
-5.047967433929443359e-01
6.739783287048339844e-01
-1.404749274253845215e+00
-1.948843479156494141e+00
3.690928816795349121e-01
7.062741518020629883e-01
-1.685552895069122314e-01
-1.446004770696163177e-02
1.253978013992309570e-01
-1.164678782224655151e-01
7.802770733833312988e-01
-1.485849380493164062e+00
-2.820742130279541016e-01
4.918955266475677490e-01
6.701068282127380371e-01
-1.352368295192718506e-01
-4.768280088901519775e-01
-1.030289769172668457e+00
-1.671829938888549805e+00
-8.726955652236938477e-01
9.485633671283721924e-02
1.780328750610351562e+00
-3.522574305534362793e-01
1.643851399421691895e-01
-8.483736515045166016e-01
1.044694542884826660e+00
1.594928026199340820e+00
-4.473799765110015869e-01
1.775296479463577271e-01
1.591621339321136475e-01
-1.463127136230468750e+00
-2.882948219776153564e-01
7.026243805885314941e-01
-8.209566473960876465e-01
8.581777811050415039e-01
9.191570281982421875e-01
4.031412601470947266e-01
1.218794733285903931e-01
2.572345137596130371e-01
1.579347848892211914e+00
3.738436102867126465e-01
1.620294060558080673e-03
-3.766893446445465088e-01
1.487796187400817871e+00
-7.190857082605361938e-02
2.225781917572021484e+00
-1.610554456710815430e-01
-1.729948073625564575e-01
-1.143546476960182190e-01
7.596333324909210205e-02
2.120689004659652710e-01
-2.028947696089744568e-02
2.086168527603149414e-01
1.121379017829895020e+00
-6.302446126937866211e-01
1.167400479316711426e-01
-1.690015792846679688e-01
-1.404767483472824097e-01
9.132542610168457031e-01
1.360026955604553223e+00
-1.674952268600463867e+00
-1.543939828872680664e+00
-1.627496957778930664e+00
-9.467298984527587891e-01
7.845893502235412598e-02
1.926206648349761963e-01
5.869680047035217285e-01
7.344764471054077148e-01
-3.263866603374481201e-01
-2.894648909568786621e-01
-5.687112808227539062e-01
-1.576327323913574219e+00
-7.943317294120788574e-01
-8.348409086465835571e-02
1.186545610427856445e+00
-5.153668522834777832e-01
-1.897647500038146973e+00
-4.065860509872436523e-01
-2.144080877304077148e+00
-4.578358829021453857e-01
6.542038917541503906e-01
-1.399004101753234863e+00
-3.055073916912078857e-01
-3.545235097408294678e-01
-4.256305694580078125e-01
1.187586903572082520e+00
-1.385965108871459961e+00
1.968734622001647949e+00
-6.649847626686096191e-01
-1.908028870820999146e-01
-2.047882080078125000e+00
1.412827253341674805e+00
6.632046103477478027e-01
-9.065295755863189697e-02
1.385971307754516602e+00
-1.370115876197814941e+00
-5.983717441558837891e-01
-5.341687798500061035e-01
2.461431920528411865e-01
-2.850957773625850677e-02
-1.328968882560729980e+00
-5.052648782730102539e-01
1.698782563209533691e+00
-1.524134159088134766e+00
-2.006598472595214844e+00
-1.628780841827392578e+00
-1.283650636672973633e+00
-9.228917956352233887e-02
2.912849485874176025e-01
5.751022100448608398e-01
7.992404699325561523e-01
-2.865194082260131836e+00
2.435934692621231079e-01
5.342570543289184570e-01
6.422919034957885742e-01
6.413251161575317383e-01
-1.812798976898193359e+00
-1.588555693626403809e+00
1.855067163705825806e-01
-8.723467588424682617e-01
-3.569319546222686768e-01
9.775295257568359375e-01
-2.150799930095672607e-01
1.983208507299423218e-01
-3.557293862104415894e-02
-2.009003639221191406e+00
-5.659999251365661621e-01
-1.368683218955993652e+00
-5.038350820541381836e-01
-9.049222469329833984e-01
-1.384205818176269531e+00
-1.990123987197875977e+00
-1.679490923881530762e+00
-8.343750834465026855e-01
3.907914757728576660e-01
1.160369396209716797e+00
3.406004905700683594e+00
-5.521665215492248535e-01
1.229673147201538086e+00
-5.982423424720764160e-01
-7.675931602716445923e-02
1.045023873448371887e-01
-7.166749238967895508e-01
1.674664020538330078e-01
-6.563964486122131348e-01
-3.441881537437438965e-01
1.071104884147644043e+00
-1.046422943472862244e-01
1.729269623756408691e-01
2.121361941099166870e-01
-1.685246825218200684e-02
-3.513406813144683838e-01
1.110621809959411621e+00
2.174270391464233398e+00
-1.023566365242004395e+00
-1.102173089981079102e+00
1.415198564529418945e+00
-5.696777105331420898e-01
-2.034668922424316406e-01
1.196988105773925781e+00
1.448234319686889648e+00
-9.081818461418151855e-01
-2.485785074532032013e-02
4.715349972248077393e-01
-1.049568653106689453e+00
4.043366909027099609e-01
1.399790048599243164e-01
-1.219171881675720215e+00
-1.272585511207580566e+00
1.105188846588134766e+00
-3.699172139167785645e-01
-2.128064870834350586e+00
-7.233331203460693359e-01
2.618544101715087891e-01
1.149565100669860840e+00
-1.006230354309082031e+00
-1.230967164039611816e+00
-7.721939682960510254e-01
5.000799298286437988e-01
-5.167483687400817871e-01
-9.293529987335205078e-01
-1.723913431167602539e+00
5.334970951080322266e-01
4.262470304965972900e-01
1.910263597965240479e-01
-7.909598350524902344e-01
8.636717200279235840e-01
8.126554489135742188e-01
-6.100465655326843262e-01
-1.391227364540100098e+00
-2.490976333618164062e+00
9.673137664794921875e-01
-1.826573163270950317e-01
4.634773731231689453e-01
-4.402852654457092285e-01
3.278228938579559326e-01
-9.122544527053833008e-01
6.173627376556396484e-01
-6.320050954818725586e-01
-7.993550896644592285e-01
4.300242289900779724e-02
-1.658232212066650391e+00
1.705976247787475586e+00
1.399363875389099121e+00
1.102214574813842773e+00
-1.933574080467224121e-01
7.772987484931945801e-01
-1.982740163803100586e+00
-2.047241210937500000e+00
7.425840944051742554e-02
-2.036443948745727539e-01
-9.429145455360412598e-01
3.505144715309143066e-01
2.831447720527648926e-01
-5.226070284843444824e-01
-5.755905508995056152e-01
1.254035115242004395e+00
-1.278465032577514648e+00
-3.512126445770263672e+00
1.703510522842407227e+00
1.706970095634460449e+00
1.853274345397949219e+00
8.760702610015869141e-02
5.066267400979995728e-02
-9.074777364730834961e-01
-5.349355936050415039e-01
-2.428318113088607788e-01
-6.286749243736267090e-01
-3.319882750511169434e-01
-5.746132135391235352e-02
-2.437494397163391113e-01
1.441631436347961426e+00
1.599131673574447632e-01
-1.165853857994079590e+00
1.426673829555511475e-01
3.136324584484100342e-01
1.522579312324523926e+00
2.571858406066894531e+00
2.525742864236235619e-03
-6.259939074516296387e-01
-1.577672362327575684e+00
3.304317593574523926e-01
8.333230018615722656e-01
2.276575416326522827e-01
-8.752229213714599609e-01
1.737815737724304199e+00
-8.338333368301391602e-01
-3.184165954589843750e-01
-1.073277443647384644e-01
2.764253318309783936e-01
-1.948212981224060059e+00
2.347639083862304688e+00
-3.510591089725494385e-01
-6.994003653526306152e-01
3.187303245067596436e-02
-9.595924615859985352e-01
5.319581031799316406e-01
8.777289390563964844e-01
1.792659401893615723e+00
-2.028208971023559570e-01
-3.960555195808410645e-01
4.559323489665985107e-01
5.397977232933044434e-01
-2.371485607000067830e-04
-2.324425876140594482e-01
7.006180882453918457e-01
4.358065426349639893e-01
-9.745649695396423340e-01
-5.394732952117919922e-01
-1.446621775627136230e+00
-1.282970547676086426e+00
6.478983163833618164e-01
-6.669462472200393677e-02
-7.008073329925537109e-01
3.485280573368072510e-01
-6.027785688638687134e-02
-1.069263666868209839e-01
5.811000466346740723e-01
1.308183670043945312e+00
2.347803711891174316e-01
7.547084689140319824e-01
-1.357584357261657715e+00
2.619255304336547852e+00
1.856270313262939453e+00
2.037520110607147217e-01
1.794499605894088745e-01
4.624213650822639465e-02
-2.417915821075439453e+00
-1.839732050895690918e+00
2.390692710876464844e+00
-1.902489513158798218e-01
5.129541754722595215e-01
-1.252020120620727539e+00
-5.837870240211486816e-01
-5.281693339347839355e-01
6.202269792556762695e-01
-5.582857728004455566e-01
-4.419232904911041260e-01
8.664532303810119629e-01
-9.613591432571411133e-01
1.688228726387023926e+00
-1.249158501625061035e+00
-3.175612539052963257e-02
-4.422123730182647705e-01
-4.509702920913696289e-01
6.147803664207458496e-01
-1.094898343086242676e+00
-1.140539288520812988e+00
-1.249268174171447754e+00
6.746931374073028564e-02
-1.318201571702957153e-01
-5.341634154319763184e-01
7.360547780990600586e-01
-1.046979308128356934e+00
6.709157228469848633e-01
6.170380711555480957e-01
-4.872316867113113403e-02
3.996532559394836426e-01
-1.739731580018997192e-01
3.024609982967376709e-01
1.057003498077392578e+00
1.395861506462097168e+00
-1.980263292789459229e-01
-5.561612173914909363e-02
-7.566393017768859863e-01
-1.251187562942504883e+00
5.117273330688476562e-01
-2.452309131622314453e-01
7.438071966171264648e-01
-5.304065942764282227e-01
-6.504082083702087402e-01
1.636558622121810913e-01
1.457538604736328125e-01
1.537224501371383667e-01
3.406615257263183594e-01
-1.584270358085632324e+00
-8.770157694816589355e-01
-4.568588733673095703e-01
-2.796534299850463867e-01
-4.174790680408477783e-01
7.907996885478496552e-03
-3.715503513813018799e-01
-8.013514280319213867e-01
-8.939880132675170898e-01
1.055699110031127930e+00
1.987907662987709045e-02
-6.752755641937255859e-01
1.520678520202636719e+00
-4.215398132801055908e-01
-1.409891366958618164e+00
-9.427477717399597168e-01
-6.507360935211181641e-01
-4.511983692646026611e-02
8.425176143646240234e-02
-1.547573804855346680e-01
4.709963798522949219e-01
1.157740354537963867e+00
-1.262600183486938477e+00
-9.426722526550292969e-01
1.977259516716003418e-01
1.109875798225402832e+00
-6.646351814270019531e-01
-9.031160473823547363e-01
-2.753309965133666992e+00
-1.566006839275360107e-01
1.754945963621139526e-01
-4.361490726470947266e+00
-1.006713986396789551e+00
4.170014560222625732e-01
4.638867080211639404e-01
-5.791739225387573242e-01
2.354127019643783569e-01
-1.039823889732360840e+00
-7.151671051979064941e-01
1.416204810142517090e+00
6.671891212463378906e-01
-9.369959831237792969e-01
1.030928611755371094e+00
-1.485714793205261230e+00
-8.478842377662658691e-01
9.557995945215225220e-02
-1.539723426103591919e-01
-6.683797240257263184e-01
5.805086493492126465e-01
-3.962288796901702881e-01
2.455689944326877594e-02
-3.253872692584991455e-01
7.347698211669921875e-01
1.135339364409446716e-01
7.934423685073852539e-01
9.747586846351623535e-01
-8.921312093734741211e-01
-3.875743746757507324e-01
3.415659070014953613e-01
2.483160734176635742e+00
1.454058051109313965e+00
-1.234446391463279724e-01
-3.160416781902313232e-01
-4.990035593509674072e-01
6.438209414482116699e-01
-6.219121813774108887e-01
4.165318906307220459e-01
3.185853362083435059e-01
1.281215310096740723e+00
1.724399209022521973e+00
-1.519042998552322388e-01
1.298010163009166718e-02
-4.423880279064178467e-01
-9.850338697433471680e-01
-6.150664806365966797e+00
-1.278883516788482666e-01
2.039805412292480469e+00
-1.214979767799377441e+00
-3.245764598250389099e-02
2.631195187568664551e-01
-9.918259978294372559e-01
7.073751091957092285e-01
-8.969671130180358887e-01
-5.057452321052551270e-01
6.400795578956604004e-01
1.561224102973937988e+00
1.158574298024177551e-01
-3.202489316463470459e-01
-4.426006674766540527e-01
1.148945450782775879e+00
-2.116497308015823364e-01
5.284436941146850586e-01
4.117197990417480469e+00
1.159671545028686523e+00
-2.482120037078857422e+00
-3.631855845451354980e-01
7.857092618942260742e-01
-1.083022356033325195e+00
-5.531527996063232422e-01
6.229043602943420410e-01
-6.459831595420837402e-01
2.955900728702545166e-01
-1.269412159919738770e+00
-3.535926938056945801e-01
1.074707508087158203e+00
-1.064661502838134766e+00
3.834681212902069092e-02
1.458071470260620117e+00
2.080441638827323914e-02
-9.525866806507110596e-02
2.142005681991577148e+00
-9.410128593444824219e-01
7.181441783905029297e-01
4.453215003013610840e-01
1.099118828773498535e+00
5.588424205780029297e-01
-1.505797028541564941e+00
-3.753313422203063965e-01
1.954183280467987061e-01
1.181668043136596680e+00
-5.233721733093261719e-01
8.279914259910583496e-01
5.072174668312072754e-01
-1.952038258314132690e-01
8.568140864372253418e-01
1.703153848648071289e-01
-6.429722905158996582e-02
-9.383948445320129395e-01
-5.383203625679016113e-01
-5.351629257202148438e-01
1.144255042076110840e+00
-1.573372364044189453e+00
5.156102180480957031e-01
-3.824757635593414307e-01
-7.904249429702758789e-01
1.937253773212432861e-01
-1.447620391845703125e-01
-8.575891256332397461e-01
-7.541418075561523438e-01
-1.299118518829345703e+00
-8.405535221099853516e-01
1.665762186050415039e+00
-1.652322053909301758e+00
-4.942559003829956055e-01
1.476487398147583008e+00
-4.115314483642578125e-01
-9.905923157930374146e-02
3.184345662593841553e-01
3.434119820594787598e-01
8.629984259605407715e-01
6.788530945777893066e-02
9.982911348342895508e-01
1.129446983337402344e+00
-2.300180941820144653e-01
