-1.688312925398349762e-02
-8.460060507059097290e-02
2.111004441976547241e-01
-2.188323587179183960e-01
-1.077883958816528320e+00
-1.588649988174438477e+00
-3.710160553455352783e-01
4.652775228023529053e-01
4.530985057353973389e-01
1.001303344964981079e-01
7.942484021186828613e-01
-1.926911354064941406e+00
5.754427313804626465e-01
4.974010586738586426e-01
2.738302648067474365e-01
8.110868930816650391e-02
4.582134485244750977e-01
9.656498432159423828e-01
1.696255803108215332e-01
-2.014117389917373657e-01
6.635050177574157715e-01
-7.535783648490905762e-01
2.005342006683349609e+00
4.198172315955162048e-02
4.488077163696289062e-01
-5.106568336486816406e-01
8.907427638769149780e-02
1.537971019744873047e+00
-1.431922078132629395e+00
1.183787703514099121e+00
3.716635107994079590e-01
3.515412509441375732e-01
-1.665288329124450684e+00
2.904353737831115723e-01
1.068948388099670410e+00
-4.286381974816322327e-02
-3.551653325557708740e-01
-3.243983745574951172e+00
-7.882437855005264282e-02
5.912523865699768066e-01
2.708868980407714844e-01
-7.860283851623535156e-01
5.101234838366508484e-02
-1.139440417289733887e+00
-1.249399855732917786e-01
4.205665588378906250e-01
-3.959874212741851807e-01
2.878413498401641846e-01
7.068807482719421387e-01
2.698996961116790771e-01
4.438862577080726624e-02
2.931413054466247559e-01
-4.087830483913421631e-01
2.156711339950561523e+00
-1.624462939798831940e-02
-1.108020424842834473e+00
9.809944778680801392e-03
8.623046278953552246e-01
9.243910312652587891e-01
-1.589538455009460449e-01
-1.537193208932876587e-01
-2.883966565132141113e-01
1.310310840606689453e+00
-1.730524063110351562e+00
1.223320841789245605e+00
3.520134687423706055e-01
6.772115230560302734e-01
1.948001146316528320e+00
-1.092694848775863647e-01
-2.600054740905761719e+00
-1.383881364017724991e-02
4.906836152076721191e-01
-2.005839496850967407e-01
-7.747148871421813965e-01
-1.105369448661804199e+00
-1.300281286239624023e+00
1.130717158317565918e+00
-4.430984258651733398e-01
-1.148041963577270508e+00
-1.007771849632263184e+00
-1.183846354484558105e+00
-1.105574131011962891e+00
-7.939684987068176270e-01
-1.277612328529357910e+00
-5.565631985664367676e-01
1.091149568557739258e+00
-1.540388762950897217e-01
1.495131254196166992e+00
3.443489670753479004e-01
8.783468604087829590e-01
-5.529774427413940430e-01
-1.803426742553710938e+00
-1.592205286026000977e+00
7.489135265350341797e-01
-1.113925933837890625e+00
4.140910804271697998e-01
-2.964503765106201172e-01
4.025180041790008545e-01
-4.539415538311004639e-01
1.009591579437255859e+00
1.964234560728073120e-02
-6.180748343467712402e-01
1.151028752326965332e+00
-2.064561843872070312e-01
-1.406093955039978027e+00
-7.468255162239074707e-01
-6.121044158935546875e-01
2.630329132080078125e-01
3.200580924749374390e-02
-7.230674624443054199e-01
-1.978783756494522095e-01
1.355860114097595215e+00
1.064469590783119202e-01
1.578502506017684937e-01
-7.450332641601562500e-01
2.577687799930572510e-01
-2.727563381195068359e-01
-2.090463161468505859e+00
6.607269644737243652e-01
7.749769091606140137e-01
1.229323267936706543e+00
3.459463417530059814e-01
-8.369981646537780762e-01
1.250617265701293945e+00
3.249971270561218262e-01
-7.098453491926193237e-02
1.532718300819396973e+00
-1.916067302227020264e-01
-4.300069808959960938e-01
1.668647289276123047e+00
7.109922766685485840e-01
-1.620061635971069336e+00
1.807982176542282104e-01
1.071793884038925171e-01
-6.459766626358032227e-01
-1.053266748785972595e-01
-3.950597047805786133e-01
-3.908065259456634521e-01
-5.610573887825012207e-01
-2.134989351034164429e-01
5.859460234642028809e-01
-3.885349333286285400e-01
1.282088398933410645e+00
8.358549475669860840e-01
4.267819970846176147e-02
2.831360995769500732e-01
-4.428479969501495361e-01
-1.514581143856048584e-01
-1.413850545883178711e+00
-1.595672726631164551e+00
2.449578195810317993e-01
6.808572411537170410e-01
7.389301657676696777e-01
-1.241337418556213379e+00
9.143710732460021973e-01
-1.632480978965759277e+00
-2.728003263473510742e+00
-3.403201699256896973e-01
-4.902285933494567871e-01
1.148488283157348633e+00
1.458086490631103516e+00
-7.230383157730102539e-01
-2.859569787979125977e-01
-5.264741182327270508e-01
8.875852078199386597e-02
-6.412830352783203125e-01
-1.414916068315505981e-01
1.985885649919509888e-01
3.256129026412963867e-01
1.823946237564086914e+00
-1.505765914916992188e+00
-9.908550977706909180e-01
-3.365064620971679688e+00
1.228138089179992676e+00
1.428506493568420410e+00
6.481808423995971680e-01
2.650014877319335938e+00
-1.374911367893218994e-01
1.803190261125564575e-01
4.833303093910217285e-01
-4.125484228134155273e-01
3.609678447246551514e-01
-1.097930073738098145e+00
5.815522670745849609e-01
1.645956158638000488e+00
-1.045997738838195801e+00
-4.922401309013366699e-01
5.579680204391479492e-01
8.888568282127380371e-01
1.890441536903381348e+00
3.803966343402862549e-01
-1.683239459991455078e+00
-7.566386461257934570e-02
1.252500772476196289e+00
-1.214699149131774902e+00
-4.288416504859924316e-01
4.624452292919158936e-01
-2.479434758424758911e-01
4.685591757297515869e-01
6.013289839029312134e-02
1.573408126831054688e+00
1.463807344436645508e+00
1.144888162612915039e+00
-1.161175727844238281e+00
1.670220643281936646e-01
-1.184725165367126465e+00
3.716037571430206299e-01
-2.730604410171508789e-01
8.422775268554687500e-01
1.586632877588272095e-01
-1.867959260940551758e+00
-7.921448349952697754e-01
3.246332406997680664e-01
-2.133703231811523438e+00
-2.282258570194244385e-01
1.335517406463623047e+00
-2.213915824890136719e+00
-6.391542553901672363e-01
1.170026779174804688e+00
-1.164513349533081055e+00
9.924937784671783447e-02
1.594274282455444336e+00
5.720102787017822266e-01
-3.174616098403930664e-01
9.472770094871520996e-01
-9.693003296852111816e-01
1.363223075866699219e+00
-1.264647960662841797e+00
6.636325269937515259e-02
-5.291761830449104309e-02
1.352661252021789551e+00
-7.100659012794494629e-01
5.954563021659851074e-01
1.547780781984329224e-01
1.350801825523376465e+00
-2.537298500537872314e-01
8.248418569564819336e-01
-1.365040898323059082e+00
-3.313346803188323975e-01
-1.471995860338211060e-01
1.499033212661743164e+00
3.469383716583251953e-01
-1.548674702644348145e+00
1.032029151916503906e+00
5.112193822860717773e-01
-1.003167748451232910e+00
1.163713455200195312e+00
-2.770780622959136963e-01
8.830880522727966309e-01
-7.731866240501403809e-01
-8.295630812644958496e-01
-1.345069520175457001e-02
-6.648330092430114746e-01
2.291353791952133179e-01
5.258187055587768555e-01
-1.708131790161132812e+00
-3.579893708229064941e-02
-1.819332957267761230e+00
-1.102679491043090820e+00
2.983751595020294189e-01
8.650636672973632812e-01
-1.062034845352172852e+00
8.360803723335266113e-01
-1.508551836013793945e+00
-1.387882113456726074e+00
1.281762123107910156e+00
-1.624271750450134277e+00
-1.949573278427124023e+00
-4.015897512435913086e-01
1.207083344459533691e+00
-6.611679792404174805e-01
1.374190211296081543e+00
7.007058262825012207e-01
2.528181672096252441e-01
-8.737242817878723145e-01
3.301176726818084717e-01
-1.108527302742004395e+00
-6.221997141838073730e-01
-2.052524387836456299e-01
-9.751094579696655273e-01
1.151067733764648438e+00
-1.410228967666625977e+00
6.731249094009399414e-01
1.016144037246704102e+00
9.304602742195129395e-01
6.387258768081665039e-01
1.410130113363265991e-01
-8.869950771331787109e-01
1.703221201896667480e+00
-8.966799378395080566e-01
-2.582867383956909180e+00
1.035645127296447754e+00
3.474834933876991272e-02
-5.473035335540771484e+00
-5.804579854011535645e-01
2.150736749172210693e-01
-5.713601112365722656e-01
-6.962399482727050781e-01
1.208373606204986572e-01
-5.990358591079711914e-01
3.912171125411987305e-01
-3.995372354984283447e-01
5.727289319038391113e-01
3.861013054847717285e-01
2.437425374984741211e+00
2.467093318700790405e-01
9.997292608022689819e-02
8.233692049980163574e-01
2.379837632179260254e-01
-6.582335829734802246e-01
-2.305955410003662109e+00
1.165091156959533691e+00
-1.046664834022521973e+00
1.698823571205139160e+00
3.642617762088775635e-01
8.783332258462905884e-02
9.836555719375610352e-01
4.622140526771545410e-01
6.923539042472839355e-01
-4.589371085166931152e-01
-1.004346251487731934e+00
6.899395026266574860e-03
2.648645877838134766e+00
5.863434076309204102e-01
-8.190696239471435547e-01
1.215265035629272461e+00
-1.580928444862365723e+00
9.549908638000488281e-01
-9.567453265190124512e-01
1.086000919342041016e+00
7.378371059894561768e-02
-8.644567131996154785e-01
1.089112311601638794e-01
-6.818364858627319336e-01
2.416291385889053345e-01
-7.340368032455444336e-01
-6.448860764503479004e-01
-7.168459892272949219e-01
6.397385597229003906e-01
-4.292578995227813721e-01
-3.835012614727020264e-01
3.640051782131195068e-01
1.204833269119262695e+00
1.150135874748229980e+00
-2.236752808094024658e-01
4.681869745254516602e-01
-1.102142572402954102e+00
1.148950219154357910e+00
-2.104692608118057251e-01
-4.225963652133941650e-01
-7.455103397369384766e-01
-5.188155770301818848e-01
-5.355269908905029297e-01
-2.147036418318748474e-02
1.873250864446163177e-02
-3.563874959945678711e-01
2.635141313076019287e-01
-1.186132073402404785e+00
-4.195133447647094727e-01
1.542348861694335938e+00
7.358852028846740723e-02
6.446208059787750244e-02
-6.465532779693603516e-01
-7.243773341178894043e-01
-8.081586956977844238e-01
2.002901434898376465e-01
2.415256977081298828e+00
-1.291432023048400879e+00
2.372450381517410278e-01
4.411292970180511475e-01
1.781686305999755859e+00
-2.190909385681152344e-01
-1.110847592353820801e+00
1.505730867385864258e+00
-7.460832595825195312e-02
-1.581324219703674316e+00
-9.380784630775451660e-01
1.373512387275695801e+00
-4.385810792446136475e-01
-9.677962064743041992e-01
9.936868548393249512e-01
1.296271920204162598e+00
-1.963828563690185547e+00
-1.132307648658752441e+00
-9.003102183341979980e-01
-1.043039560317993164e+00
-8.697074651718139648e-01
9.074661135673522949e-01
2.164262812584638596e-03
-2.727663218975067139e-01
3.805441856384277344e+00
1.559923440217971802e-01
6.894291639328002930e-01
-4.489440917968750000e-01
1.232920646667480469e+00
-1.949348330497741699e+00
-1.241817593574523926e+00
1.658709406852722168e+00
8.318985700607299805e-01
7.959249019622802734e-01
1.837414354085922241e-01
-1.108065724372863770e+00
1.225288659334182739e-01
-8.785701990127563477e-01
7.117374986410140991e-02
-8.805655688047409058e-02
-3.947485983371734619e-01
-3.590676784515380859e-01
1.075108528137207031e+00
-1.285133838653564453e+00
-3.714416027069091797e-01
-1.265094876289367676e+00
-3.091970272362232208e-02
1.678241610527038574e+00
-9.464575909078121185e-03
3.395910978317260742e+00
-6.562568545341491699e-01
5.865329504013061523e-01
1.318488866090774536e-01
5.471649765968322754e-01
-4.224917292594909668e-01
-9.896081089973449707e-01
-4.740406945347785950e-02
-1.232431679964065552e-01
-2.107159793376922607e-01
1.438367247581481934e+00
-5.684328675270080566e-01
-1.197437405586242676e+00
-6.475415229797363281e-01
-8.848000168800354004e-01
2.125828117132186890e-01
1.464975953102111816e+00
3.519651293754577637e-01
-1.536891222000122070e+00
-9.937124699354171753e-02
3.046082556247711182e-01
8.412628769874572754e-01
6.284459829330444336e-01
-1.095342934131622314e-01
8.073453307151794434e-01
1.270509004592895508e+00
1.675586938858032227e+00
-7.418665289878845215e-01
-3.171514272689819336e-01
9.066361188888549805e-01
-5.231338739395141602e-01
-9.864104390144348145e-01
-2.563577890396118164e-01
7.514198869466781616e-02
-1.751906991004943848e+00
-6.122788786888122559e-01
-7.053113579750061035e-01
3.005343896802514791e-04
7.465534377843141556e-03
-1.662298083305358887e+00
-4.008724689483642578e-01
7.297024130821228027e-01
7.741272449493408203e-01
-3.673900365829467773e-01
-8.064249753952026367e-01
5.496579408645629883e-01
3.175339475274085999e-02
-6.565935015678405762e-01
-3.425707817077636719e-01
-8.161721229553222656e-01
3.336804211139678955e-01
-3.189999461174011230e-01
1.464556097984313965e+00
8.407465219497680664e-01
3.412698507308959961e-01
-2.371968626976013184e-01
1.155920147895812988e+00
-1.010482072830200195e+00
-6.907290816307067871e-01
3.969792723655700684e-01
1.211343780159950256e-01
-3.569827675819396973e-01
-1.931696057319641113e+00
-3.813323974609375000e-01
-5.923796445131301880e-02
1.993497967720031738e+00
-6.987659335136413574e-01
9.458136558532714844e-02
2.671267032623291016e+00
-3.758207857608795166e-01
1.269357651472091675e-01
-1.091930747032165527e+00
4.079477488994598389e-01
2.277729958295822144e-01
-2.605586946010589600e-01
8.321070671081542969e-01
4.790967404842376709e-01
-9.288327693939208984e-01
1.369546175003051758e+00
4.383572340011596680e-01
3.398922979831695557e-01
-1.497973203659057617e+00
-4.577204227447509766e+00
1.278385281562805176e+00
1.580287367105484009e-01
8.655889630317687988e-01
8.285760283470153809e-01
7.478427886962890625e-02
5.449914932250976562e-01
-2.643262386322021484e+00
1.588177680969238281e-01
-1.144403815269470215e+00
-5.267516970634460449e-01
1.205157518386840820e+00
1.352426290512084961e+00
-7.088202238082885742e-01
-6.633437871932983398e-01
-9.883153438568115234e-01
-6.397077441215515137e-01
6.705840826034545898e-01
1.367518424987792969e+00
-1.908481866121292114e-01
-2.854377925395965576e-01
7.072917222976684570e-01
3.963692113757133484e-02
-3.802627325057983398e-01
1.127539426088333130e-01
-9.326634407043457031e-01
-7.347213625907897949e-01
4.257639944553375244e-01
6.506140828132629395e-01
1.021427631378173828e+00
-9.197833538055419922e-01
6.536877900362014771e-02
-1.023321151733398438e-01
1.263910412788391113e+00
2.924990177154541016e+00
9.368869066238403320e-01
-9.990951418876647949e-01
-9.016626328229904175e-02
-1.821056604385375977e+00
-1.108115792274475098e+00
5.029843449592590332e-01
-1.871561408042907715e-01
2.233313173055648804e-01
4.795363843441009521e-01
8.671861290931701660e-01
-6.590084433555603027e-01
-5.576382279396057129e-01
-3.038973510265350342e-01
-2.740691006183624268e-01
1.157105937600135803e-01
1.197454258799552917e-01
-3.490558266639709473e-01
1.087935805320739746e+00
1.387010067701339722e-01
6.880463957786560059e-01
-1.180851101875305176e+00
-7.650508284568786621e-01
4.532696604728698730e-01
-2.346713989973068237e-01
4.749404191970825195e-01
1.294870853424072266e+00
6.299872994422912598e-01
-1.565814614295959473e+00
1.415230780839920044e-01
4.232523143291473389e-01
-9.913598895072937012e-01
7.450809329748153687e-02
-7.831158638000488281e-01
1.072480916976928711e+00
4.743189811706542969e-01
1.922685623168945312e+00
2.389335155487060547e+00
-8.998137116432189941e-01
-7.616117000579833984e-01
1.939801275730133057e-01
-1.937993645668029785e+00
-4.713144898414611816e-01
-1.179820060729980469e+00
-2.420603036880493164e-01
-2.797784283757209778e-02
4.716367647051811218e-02
-4.526276886463165283e-01
-4.069049358367919922e-01
-2.166804313659667969e+00
1.292198061943054199e+00
4.393532872200012207e-01
-1.097158074378967285e+00
1.393329143524169922e+00
1.519619226455688477e-01
-1.135194778442382812e+00
-1.888734400272369385e-01
1.010015845298767090e+00
7.330744862556457520e-01
5.383946895599365234e-01
-1.337679862976074219e+00
-4.647629261016845703e-01
-6.619698405265808105e-01
-1.410425424575805664e+00
7.330414056777954102e-01
-9.367531538009643555e-01
-1.125387072563171387e+00
1.631252408027648926e+00
1.612060517072677612e-01
-2.525424063205718994e-01
-5.216314196586608887e-01
3.489363491535186768e-01
-7.745840549468994141e-01
1.677680611610412598e+00
-1.305008888244628906e+00
-1.321055740118026733e-01
-7.926351428031921387e-01
3.218349814414978027e-02
1.646047592163085938e+00
-1.027209997177124023e+00
-2.742055952548980713e-01
-4.603984951972961426e-01
1.652061194181442261e-01
3.017133660614490509e-02
-1.604080677032470703e+00
-9.171974062919616699e-01
-9.964528083801269531e-01
9.774379134178161621e-01
-9.239200353622436523e-01
-1.509091138839721680e+00
1.524937599897384644e-01
-2.949861764907836914e+00
-1.498074173927307129e+00
5.036177039146423340e-01
1.225462794303894043e+00
9.474426507949829102e-01
-5.558440089225769043e-01
1.577879667282104492e+00
-1.236909329891204834e-01
-1.064983829855918884e-01
2.604638636112213135e-01
6.277704238891601562e-01
1.003664493560791016e+00
-4.152741432189941406e-01
-2.864964604377746582e-01
-9.022047519683837891e-01
-1.445309877395629883e+00
-7.087321281433105469e-01
2.216035842895507812e+00
-1.219448447227478027e+00
-1.611216068267822266e-01
-8.684124946594238281e-01
8.529677391052246094e-01
-1.259403824806213379e+00
1.036847591400146484e+00
-1.542774319648742676e+00
-1.308684110641479492e+00
-6.225021556019783020e-02
4.130871593952178955e-01
-1.873780339956283569e-01
-5.883122235536575317e-02
1.262741088867187500e+00
5.299291014671325684e-02
6.527456045150756836e-01
-8.946468830108642578e-01
-4.227032661437988281e-01
-3.678117692470550537e-01
-1.004730105400085449e+00
2.432078123092651367e+00
-5.887740850448608398e-01
7.142726182937622070e-01
2.973959445953369141e-01
-4.258657097816467285e-01
1.755984187126159668e+00
3.166060149669647217e-01
3.574216961860656738e-01
1.753982007503509521e-01
1.557092666625976562e+00
-6.554099321365356445e-01
-5.139596462249755859e-01
-1.676123023033142090e+00
8.330607414245605469e-01
2.140588045120239258e+00
-9.598600864410400391e-01
-1.547772169113159180e+00
1.395770430564880371e+00
-1.602141261100769043e+00
-5.234037637710571289e-01
4.413435161113739014e-01
8.012375235557556152e-02
4.592901170253753662e-01
-1.029969565570354462e-02
1.091375946998596191e-01
1.059019923210144043e+00
-1.156677484512329102e+00
-1.763865232467651367e+00
-1.048701405525207520e+00
9.331499934196472168e-01
1.472529172897338867e+00
1.225956380367279053e-01
-4.651611745357513428e-01
1.355851888656616211e+00
-1.853270173072814941e+00
4.712916314601898193e-01
2.076762728393077850e-02
4.124293029308319092e-01
5.480813980102539062e-01
4.978970885276794434e-01
-1.440800279378890991e-01
-2.113652974367141724e-01
-1.003905057907104492e+00
-9.179319441318511963e-02
-1.171184703707695007e-01
-1.149610057473182678e-01
-1.692489385604858398e+00
2.820223093032836914e+00
2.080067843198776245e-01
-3.259929180145263672e+00
6.949476599693298340e-01
1.541519314050674438e-01
3.004385530948638916e-01
-7.363693714141845703e-01
-1.515501178801059723e-02
-2.666603326797485352e-01
-4.431748986244201660e-01
-7.522939443588256836e-01
-8.656271696090698242e-01
4.223265647888183594e-01
-9.214583635330200195e-01
-5.488348603248596191e-01
-2.352164030075073242e+00
-1.137837409973144531e+00
-1.373333781957626343e-01
8.981555104255676270e-01
-1.216672420501708984e+00
2.222375869750976562e-01
1.285912394523620605e+00
-7.641884088516235352e-01
-1.663539290428161621e+00
-1.692237108945846558e-01
-4.874248504638671875e-01
-2.518976330757141113e-01
5.588966012001037598e-01
-8.140352964401245117e-01
6.532809138298034668e-01
2.986622750759124756e-01
3.220233321189880371e-01
8.977086544036865234e-01
1.027906894683837891e+00
6.284220218658447266e-01
-1.071538329124450684e+00
1.940399765968322754e+00
1.017047166824340820e+00
1.374645978212356567e-01
-2.878487408161163330e-01
4.602968096733093262e-01
-5.195130407810211182e-02
8.564875721931457520e-01
7.585616111755371094e-01
5.779272913932800293e-01
2.285762876272201538e-02
-5.674017667770385742e-01
-1.229927897453308105e+00
-1.858786582946777344e+00
5.199159383773803711e-01
-2.356616973876953125e+00
-9.719602763652801514e-02
4.433627724647521973e-01
-3.716661930084228516e-01
7.755625247955322266e-01
5.162982940673828125e-01
2.415944337844848633e-01
4.102111160755157471e-01
8.930315375328063965e-01
4.900433719158172607e-01
1.527935743331909180e+00
-7.145473361015319824e-01
