1.078642129898071289e+00
2.575283288955688477e+00
5.893319845199584961e-01
1.578719258308410645e+00
8.091698884963989258e-01
-1.144625902175903320e+00
-8.385578393936157227e-01
3.221593797206878662e-01
-8.068476319313049316e-01
1.446580052375793457e+00
-3.409526646137237549e-01
-9.247961044311523438e-01
4.162990748882293701e-01
8.818683624267578125e-01
-1.334583163261413574e-01
-4.497591257095336914e-01
4.163119196891784668e-01
1.444696068763732910e+00
-1.987964272499084473e+00
-9.566519260406494141e-01
-2.570594251155853271e-01
-1.751526594161987305e-01
1.292622447013854980e+00
-1.371727436780929565e-01
2.185932159423828125e+00
-2.074087142944335938e+00
-6.573053449392318726e-02
8.828868716955184937e-02
-3.104203641414642334e-01
2.019770860671997070e+00
-4.940441608428955078e+00
3.086593151092529297e-01
-1.382919311523437500e+00
-5.967000126838684082e-01
-1.851024627685546875e+00
3.770935535430908203e-01
1.327447593212127686e-01
-3.381326198577880859e+00
-7.062562555074691772e-02
1.249823689460754395e+00
-5.213437080383300781e-01
-1.444158911705017090e+00
-2.233182668685913086e+00
1.232821345329284668e+00
-1.307349681854248047e+00
1.969810009002685547e+00
-8.867758512496948242e-01
-4.352955818176269531e-01
-2.319047927856445312e+00
4.378228783607482910e-01
-9.022197127342224121e-01
-4.972176849842071533e-01
-2.076632738113403320e+00
-1.448386907577514648e+00
7.669355869293212891e-01
-8.889415860176086426e-01
8.866225481033325195e-01
-5.601077079772949219e-01
3.837701380252838135e-01
1.077286958694458008e+00
-3.899307847023010254e-01
1.937922239303588867e+00
-1.211857050657272339e-01
4.194772541522979736e-01
4.260618984699249268e-01
-1.964622437953948975e-01
-3.524063527584075928e-01
4.582594633102416992e-01
5.708206295967102051e-01
-1.416724324226379395e+00
9.953638911247253418e-01
4.221349656581878662e-01
8.439189791679382324e-01
-1.554996967315673828e+00
1.426031231880187988e+00
2.120295464992523193e-01
1.481705605983734131e-01
3.520638048648834229e-01
9.984421730041503906e-01
-7.448105216026306152e-01
-6.643084883689880371e-01
-2.873532101511955261e-02
-1.099723130464553833e-01
-1.371482610702514648e+00
-1.577571034431457520e+00
-1.450497210025787354e-01
-1.463068604469299316e+00
5.571072697639465332e-01
3.377542495727539062e-01
3.337452411651611328e-01
-1.620095729827880859e+00
-1.549882650375366211e+00
6.904509067535400391e-01
2.383086979389190674e-01
-1.033607795834541321e-01
4.109614193439483643e-01
4.175821244716644287e-01
1.566308140754699707e+00
-2.958229780197143555e-01
1.987264394760131836e+00
1.119921803474426270e-01
-8.157605528831481934e-01
-2.436070889234542847e-01
-1.014005899429321289e+00
8.433828353881835938e-01
-1.038766980171203613e+00
-1.594745159149169922e+00
3.092854917049407959e-01
-1.356842637062072754e+00
5.783134102821350098e-01
-1.014026045799255371e+00
-6.670255661010742188e-01
-2.472575187683105469e+00
1.460894942283630371e+00
1.989699453115463257e-01
-2.140766531229019165e-01
-3.990652561187744141e-01
-9.867153763771057129e-01
1.423717975616455078e+00
-6.339425444602966309e-01
-2.207076787948608398e+00
-1.492949485778808594e+00
-1.433811902999877930e+00
2.591825246810913086e+00
7.486976385116577148e-01
1.485302805900573730e+00
3.359536826610565186e-01
8.876020312309265137e-01
-5.294642597436904907e-02
1.734196066856384277e+00
-4.241499006748199463e-01
-3.364819288253784180e+00
-7.119113206863403320e-01
-7.032045722007751465e-02
-1.771453857421875000e+00
-1.809772551059722900e-01
-1.308720111846923828e-01
-4.344024658203125000e-01
-8.610561490058898926e-01
1.425546288490295410e+00
9.297505617141723633e-01
-8.175326585769653320e-01
5.652192234992980957e-01
1.367312431335449219e+00
-8.321686387062072754e-01
1.285696268081665039e+00
-2.319518089294433594e+00
-7.025483846664428711e-01
6.536222100257873535e-01
8.276361227035522461e-01
2.356570720672607422e+00
1.238843128085136414e-01
4.590298235416412354e-01
-2.590996742248535156e+00
2.110959142446517944e-01
-6.216205954551696777e-01
-3.128617286682128906e+00
-2.757402658462524414e+00
-5.054093003273010254e-01
7.316442131996154785e-01
-7.585497498512268066e-01
5.693323016166687012e-01
-6.966134905815124512e-01
6.745039820671081543e-01
3.057085275650024414e-01
7.710871696472167969e-01
-2.103881090879440308e-01
6.783611774444580078e-01
4.426635205745697021e-01
1.232547163963317871e+00
-1.401642084121704102e+00
2.707295417785644531e+00
-8.195702433586120605e-01
-7.266088724136352539e-01
-8.936488032341003418e-01
6.495375037193298340e-01
2.651101052761077881e-01
2.210437208414077759e-01
-1.272078633308410645e+00
2.187653779983520508e+00
3.723753392696380615e-01
7.095199823379516602e-01
9.429003596305847168e-01
-1.923075318336486816e-01
3.526721298694610596e-01
-3.024684190750122070e+00
2.111424684524536133e+00
-5.132877230644226074e-01
-1.299870461225509644e-01
8.502498269081115723e-01
8.272866606712341309e-01
-9.958480596542358398e-01
-5.785678327083587646e-02
-7.531507313251495361e-02
2.403280436992645264e-01
-1.843990385532379150e-01
8.549543023109436035e-01
-2.944176495075225830e-01
4.575400352478027344e-01
6.668077409267425537e-02
1.478256225585937500e+00
3.985892608761787415e-02
-1.037513256072998047e+00
-3.888951838016510010e-01
5.981650352478027344e-01
-1.802723169326782227e+00
-1.555943489074707031e+00
8.858300447463989258e-01
1.162317872047424316e+00
-2.381406068801879883e+00
-1.193201422691345215e+00
1.071668148040771484e+00
2.197079211473464966e-01
1.168808862566947937e-01
3.498735725879669189e-01
5.057674050331115723e-01
-4.205863475799560547e+00
-7.317644357681274414e-01
1.224747061729431152e+00
3.199002265930175781e+00
1.233259081840515137e+00
-7.579315900802612305e-01
-9.781658649444580078e-01
1.477233529090881348e+00
2.636088132858276367e+00
5.634045600891113281e-01
9.989328384399414062e-01
2.414719313383102417e-01
2.630728781223297119e-01
-1.159839391708374023e+00
5.608938932418823242e-01
4.870816469192504883e-01
-3.207851350307464600e-01
-2.300723195075988770e-01
1.334326624870300293e+00
5.086154937744140625e-01
9.697112441062927246e-01
1.965232253074645996e+00
-4.425711631774902344e-01
1.643448233604431152e+00
-4.585657734423875809e-03
3.609549254179000854e-03
1.619900465011596680e-01
5.294041037559509277e-01
-9.151257276535034180e-01
-2.463685274124145508e-01
8.764452934265136719e-01
5.295941829681396484e-01
1.427966356277465820e+00
-6.407988667488098145e-01
-1.218490958213806152e+00
-3.559128940105438232e-01
-1.249778747558593750e+00
2.162830114364624023e+00
2.470898628234863281e+00
-1.522883176803588867e+00
-8.620147705078125000e-01
-6.995938420295715332e-01
-6.002935171127319336e-01
-4.449196755886077881e-01
1.837819218635559082e+00
-2.610434532165527344e+00
-2.147106647491455078e+00
6.011815071105957031e-01
5.405654311180114746e-01
3.762101531028747559e-01
9.698952436447143555e-01
2.986516654491424561e-01
8.548759818077087402e-01
-9.319394826889038086e-01
-1.272384643554687500e+00
-2.405910253524780273e+00
3.113662600517272949e-01
7.334431409835815430e-01
1.395089507102966309e+00
1.868355154991149902e+00
2.159279108047485352e+00
5.355800390243530273e-01
5.982736945152282715e-01
-2.396259307861328125e-01
2.248849868774414062e-01
-1.199090361595153809e+00
-6.493374109268188477e-01
6.532316207885742188e-01
-7.249382138252258301e-02
9.092286229133605957e-01
9.462004899978637695e-01
-9.378590583801269531e-01
-4.491143822669982910e-01
6.995828151702880859e-01
2.019014358520507812e-01
4.912338685244321823e-03
-7.915692925453186035e-01
-2.766344785690307617e+00
7.652748227119445801e-01
1.242580413818359375e+00
-7.941220402717590332e-01
1.843284070491790771e-01
-1.237877309322357178e-01
8.902146667242050171e-02
9.907333850860595703e-01
1.279899030923843384e-01
1.021479010581970215e+00
-4.253992140293121338e-01
7.533323951065540314e-04
9.788838624954223633e-01
-1.097814798355102539e+00
2.468567341566085815e-01
6.279713660478591919e-02
-1.566433072090148926e+00
1.089634895324707031e+00
9.421238899230957031e-01
-1.132553666830062866e-01
3.590761721134185791e-01
1.137280941009521484e+00
1.977170825004577637e+00
9.958518743515014648e-01
5.216915607452392578e-01
2.232211828231811523e+00
2.595426738262176514e-01
-1.764275431632995605e+00
5.182234644889831543e-01
2.317463159561157227e+00
-1.402922511100769043e+00
8.982492238283157349e-02
-4.098024964332580566e-01
4.620282948017120361e-01
5.866597294807434082e-01
6.970607042312622070e-01
4.231885075569152832e-01
6.167327761650085449e-01
4.965354800224304199e-01
1.946692943572998047e+00
1.149555817246437073e-01
7.730865478515625000e-01
1.289163827896118164e+00
-1.134077072143554688e+00
-1.138567179441452026e-01
2.164011001586914062e-01
-8.447856903076171875e-01
-2.056580781936645508e+00
-5.997758507728576660e-01
1.864878088235855103e-01
5.706362128257751465e-01
-6.526865959167480469e-01
6.762685179710388184e-01
-1.417879313230514526e-01
-7.453644871711730957e-01
-1.191764593124389648e+00
-5.459355115890502930e-01
-2.862249374389648438e+00
-5.621681213378906250e-01
-4.444048106670379639e-01
7.251812815666198730e-01
-1.275485992431640625e+00
-2.306490659713745117e+00
1.286505341529846191e+00
-1.908539175987243652e+00
-1.053048372268676758e+00
5.834916234016418457e-01
-7.134547829627990723e-01
-2.168878912925720215e-01
-1.661645293235778809e+00
-4.052722454071044922e-01
5.633905529975891113e-01
-3.223045587539672852e+00
-1.631919667124748230e-02
5.277568697929382324e-01
9.105129241943359375e-01
-1.189100861549377441e+00
4.289770722389221191e-01
7.035251259803771973e-01
-1.381029605865478516e+00
2.301218032836914062e+00
-6.378430128097534180e-02
-5.526670813560485840e-02
1.874413043260574341e-01
-2.259354829788208008e+00
-2.029176205396652222e-01
-1.572400629520416260e-01
-4.253743886947631836e-01
5.306506156921386719e-01
-6.243999600410461426e-01
-1.916681647300720215e+00
-2.080880880355834961e+00
4.973783493041992188e-01
1.849906563758850098e+00
-9.400472044944763184e-01
1.130076050758361816e+00
4.451008737087249756e-01
-1.896548151969909668e+00
-9.921646714210510254e-01
5.381218343973159790e-02
-1.837795257568359375e+00
7.923583984375000000e-01
-1.442033290863037109e+00
-2.136510133743286133e+00
1.324596643447875977e+00
-8.008242249488830566e-01
-9.541785120964050293e-01
1.184091925621032715e+00
-8.047436475753784180e-01
7.310549616813659668e-01
-2.212938070297241211e+00
-8.775284886360168457e-01
-6.704221367835998535e-01
-9.369685649871826172e-01
-1.829920649528503418e+00
-1.243832334876060486e-02
4.184297919273376465e-01
-6.530799865722656250e-01
-5.719396471977233887e-01
-1.312871694564819336e+00
5.841812491416931152e-01
6.893942356109619141e-01
1.365791320800781250e+00
-8.135236501693725586e-01
-1.104771811515092850e-02
4.010535180568695068e-01
3.155356347560882568e-01
1.159992456436157227e+00
-3.474154472351074219e-01
-3.873538598418235779e-02
-1.220723032951354980e+00
-1.083635449409484863e+00
1.374939441680908203e+00
1.950322389602661133e+00
7.957258820533752441e-01
1.849645078182220459e-01
-2.529488205909729004e-01
-9.584057331085205078e-01
-2.806617617607116699e-01
1.591019511222839355e+00
-4.237543642520904541e-01
-5.602914094924926758e-02
2.000173807144165039e+00
-3.398473560810089111e-01
-2.629308998584747314e-01
4.130988717079162598e-01
-3.087348639965057373e-01
1.028857231140136719e+00
-1.352876067161560059e+00
-4.482574164867401123e-01
-1.528958797454833984e+00
1.237001940608024597e-01
3.671023249626159668e-01
3.628273010253906250e-01
-2.335612535476684570e+00
-6.197834014892578125e-02
-4.519076049327850342e-01
-2.745400190353393555e+00
-1.574676275253295898e+00
-3.024592399597167969e-01
-3.776056766510009766e-01
2.678428888320922852e-01
-1.168557643890380859e+00
-2.219714879989624023e+00
1.791868686676025391e+00
-1.608398795127868652e+00
-5.453578233718872070e-01
-6.310966014862060547e-01
-6.691710352897644043e-01
-1.063723340630531311e-01
-1.327051520347595215e+00
6.824442148208618164e-01
-3.893038630485534668e-01
-9.341605007648468018e-02
-9.733132319524884224e-04
-5.226932168006896973e-01
-1.530541181564331055e+00
1.415101408958435059e+00
8.007311820983886719e-02
2.735764086246490479e-01
2.267855405807495117e+00
-5.735340118408203125e-01
-1.598867535591125488e+00
7.771127223968505859e-01
-1.062157988548278809e+00
-1.312851905822753906e+00
7.220421433448791504e-01
-2.503079473972320557e-01
1.025239825248718262e+00
1.124073386192321777e+00
-2.560426294803619385e-01
1.307809472084045410e+00
2.215991914272308350e-01
-1.139948964118957520e+00
-1.646288514137268066e+00
1.977480202913284302e-01
5.766297578811645508e-01
7.221935391426086426e-01
9.342873096466064453e-01
3.909747600555419922e-01
-3.851796388626098633e-01
-9.437759518623352051e-01
-3.978686928749084473e-01
-2.785310149192810059e-01
-4.698840141296386719e+00
-6.467218399047851562e-01
-3.911117315292358398e-01
1.475571632385253906e+00
-5.034251511096954346e-02
2.201246097683906555e-03
-3.623205721378326416e-01
4.452252388000488281e-01
-6.846154928207397461e-01
-1.443904519081115723e+00
-8.992132544517517090e-01
3.838407695293426514e-01
3.352602198719978333e-02
8.436499238014221191e-01
1.039134740829467773e+00
2.614155597984790802e-02
-1.545464396476745605e-01
6.737259030342102051e-01
1.248351812362670898e+00
2.400557138025760651e-02
-7.499392032623291016e-01
-1.769874691963195801e+00
-1.152417659759521484e+00
7.567327469587326050e-02
-5.330054163932800293e-01
2.376453727483749390e-01
-1.011585354804992676e+00
1.437045335769653320e+00
-1.766396284103393555e+00
-1.001624464988708496e+00
1.661489903926849365e-01
7.310869693756103516e-01
-1.376546502113342285e+00
5.844330787658691406e-01
-1.239742517471313477e+00
1.328286290168762207e+00
-1.140238761901855469e+00
-1.222419619560241699e+00
-5.746707320213317871e-01
7.983050346374511719e-01
3.282235562801361084e-01
2.026981115341186523e+00
-8.506683707237243652e-01
4.713971167802810669e-02
1.578730463981628418e+00
1.563023626804351807e-01
-1.796898365020751953e+00
-3.691687285900115967e-01
1.472432494163513184e+00
-4.493814408779144287e-01
4.740058183670043945e-01
-6.866225004196166992e-01
-2.666439294815063477e+00
-2.423713654279708862e-01
-1.227329254150390625e+00
-9.825978875160217285e-01
8.470696806907653809e-01
-1.599854379892349243e-01
4.116978049278259277e-01
1.197050325572490692e-02
1.087874054908752441e+00
9.415144473314285278e-02
2.647711634635925293e-01
-6.613686680793762207e-01
1.763198375701904297e+00
2.290126562118530273e+00
-3.689752519130706787e-01
9.523310661315917969e-01
1.416138052940368652e+00
-1.982900798320770264e-01
5.244134068489074707e-01
1.673236489295959473e+00
5.822438001632690430e-01
1.887520432472229004e+00
-1.846780627965927124e-01
-6.863623261451721191e-01
1.872647285461425781e+00
-1.700109988451004028e-01
-3.717148005962371826e-01
1.642900347709655762e+00
-8.001587986946105957e-01
-7.416173815727233887e-01
1.148193597793579102e+00
-4.568729996681213379e-01
7.326086759567260742e-01
-9.534043073654174805e-01
-2.332409322261810303e-01
6.772305965423583984e-01
-1.580298393964767456e-01
-4.872747361660003662e-01
1.015523910522460938e+00
-6.841679215431213379e-01
2.003965079784393311e-01
-6.167382001876831055e-01
-1.151994824409484863e+00
-9.461395740509033203e-01
6.844145655632019043e-01
-2.666052244603633881e-02
-7.775801420211791992e-02
-9.096004068851470947e-02
6.154229640960693359e-01
6.336979269981384277e-01
-3.258498907089233398e-01
2.096524000167846680e+00
-2.794253826141357422e-01
-6.466841101646423340e-01
-7.366349101066589355e-01
-1.748337984085083008e+00
-6.305566430091857910e-01
-2.633748054504394531e-01
-5.287548899650573730e-01
-1.023573160171508789e+00
6.189632415771484375e-02
6.522299647331237793e-01
-3.768883347511291504e-01
1.919978976249694824e+00
1.395819187164306641e-01
-2.064006328582763672e+00
1.589341163635253906e+00
-1.025124430656433105e+00
4.897623881697654724e-02
-1.500657916069030762e+00
1.110687665641307831e-02
1.431499838829040527e+00
-1.890804469585418701e-01
6.009523272514343262e-01
2.716645717620849609e+00
4.460848569869995117e-01
-3.851056098937988281e-01
1.954296112060546875e+00
1.225377559661865234e+00
4.664512276649475098e-01
8.871060609817504883e-01
2.204449176788330078e-01
-5.019158124923706055e-02
9.740156121551990509e-03
-1.441259384155273438e+00
2.538063824176788330e-01
1.020029306411743164e+00
-3.827547729015350342e-01
-1.277189105749130249e-01
-3.569028079509735107e-01
1.810359358787536621e+00
-1.107430219650268555e+00
-1.325770020484924316e+00
-2.123548269271850586e+00
1.058681964874267578e+00
8.191604018211364746e-01
-6.805335998535156250e+00
-5.487298965454101562e-01
7.280156016349792480e-01
1.500687956809997559e+00
2.040327310562133789e+00
-1.475238054990768433e-01
1.721573173999786377e-01
8.307650685310363770e-01
1.980171084403991699e+00
2.004451155662536621e-01
-1.676096081733703613e+00
1.360019803047180176e+00
-1.815959334373474121e+00
1.123233437538146973e+00
2.290608167648315430e+00
-3.353712558746337891e-01
-1.252272725105285645e+00
-7.904700040817260742e-01
-7.514353990554809570e-01
-6.749556865543127060e-03
3.984293639659881592e-01
1.275665879249572754e+00
1.773198723793029785e+00
-1.567212790250778198e-01
-4.169498682022094727e-01
-6.906968355178833008e-01
6.012010574340820312e-01
9.456648230552673340e-01
1.962093591690063477e+00
-1.160877466201782227e+00
-1.189272880554199219e+00
-6.363835334777832031e-01
-1.026804924011230469e+00
6.593490242958068848e-01
-4.554765522480010986e-01
7.689561843872070312e-01
1.097571611404418945e+00
5.165441036224365234e-01
2.639321327209472656e+00
-1.060769915580749512e+00
-3.390387296676635742e-01
1.153190359473228455e-01
2.083055227994918823e-01
-3.771501541137695312e+00
-1.920415163040161133e-01
-5.702952146530151367e-01
-1.130519390106201172e+00
-9.115845561027526855e-01
-2.070194005966186523e+00
-2.310252189636230469e+00
2.768707275390625000e+00
-1.869339466094970703e+00
-3.172098100185394287e-01
-1.356740832328796387e+00
2.107997179031372070e+00
1.341292560100555420e-01
-4.309706985950469971e-01
-1.713770627975463867e+00
-3.771317005157470703e-01
-1.094405353069305420e-02
-5.889191627502441406e-01
2.208594322204589844e+00
1.526217341423034668e+00
-5.381323695182800293e-01
8.744820952415466309e-01
8.549688756465911865e-02
-3.253648757934570312e+00
-1.003562927246093750e+00
-2.852117121219635010e-01
5.140137672424316406e-01
-5.833841562271118164e-01
-1.375071406364440918e+00
-1.774185180664062500e+00
1.537655711174011230e+00
-2.077299356460571289e+00
-3.358141183853149414e-01
4.221521854400634766e+00
2.009296655654907227e+00
9.443655014038085938e-01
1.203242421150207520e+00
-5.839909911155700684e-01
1.324012726545333862e-01
-4.410336911678314209e-01
2.398164749145507812e+00
-1.395189166069030762e+00
-4.624442458152770996e-01
2.155503481626510620e-01
-2.017010927200317383e+00
6.536467075347900391e-01
1.781700015068054199e+00
-1.226615607738494873e-01
3.787131309509277344e-01
-2.351646497845649719e-02
1.911940723657608032e-01
-1.717255711555480957e+00
-2.099874973297119141e+00
1.278444170951843262e+00
-6.351403892040252686e-02
3.230614662170410156e-01
8.036473989486694336e-01
-4.376714229583740234e-01
2.100384384393692017e-01
-1.505297422409057617e+00
-9.380732774734497070e-01
1.199283719062805176e+00
1.059101462364196777e+00
1.900531649589538574e+00
-2.524998903274536133e+00
-1.099055051803588867e+00
1.570441603660583496e+00
1.429920196533203125e+00
2.585012912750244141e-01
-4.772034287452697754e-02
1.109623432159423828e+00
-1.439000368118286133e+00
9.388664960861206055e-01
5.067290663719177246e-01
1.126470804214477539e+00
9.720910787582397461e-01
1.312153100967407227e+00
4.869789481163024902e-01
-5.917670130729675293e-01
5.726165175437927246e-01
