2.234749048948287964e-01
7.575249075889587402e-01
-3.873808383941650391e-01
5.013756155967712402e-01
-6.598743796348571777e-01
-9.177674055099487305e-01
-7.983931303024291992e-01
-6.751038134098052979e-03
-8.949399590492248535e-01
1.715959072113037109e+00
1.512936651706695557e-01
-8.628796339035034180e-01
6.531291604042053223e-01
1.163282513618469238e+00
4.395342469215393066e-01
-1.520627498626708984e+00
-3.763740509748458862e-02
1.026608228683471680e+00
-3.443250060081481934e-02
6.237710118293762207e-01
9.542738199234008789e-01
8.482750505208969116e-02
1.390521287918090820e+00
5.391050577163696289e-01
5.995595455169677734e-01
-7.986713647842407227e-01
-6.897401213645935059e-01
2.083905696868896484e+00
-2.755820035934448242e+00
1.450992465019226074e+00
-4.064191877841949463e-01
2.396598011255264282e-01
-1.458534002304077148e+00
3.911308050155639648e-01
6.440767049789428711e-01
2.721199989318847656e-01
-6.277288198471069336e-01
-2.480670928955078125e+00
-7.365293800830841064e-02
-1.717297881841659546e-01
4.489362537860870361e-01
-1.064725279808044434e+00
5.668166875839233398e-01
-6.816863417625427246e-01
-1.069260954856872559e+00
-5.405774712562561035e-01
1.202047467231750488e-01
7.943439995869994164e-04
1.822426199913024902e+00
1.276857405900955200e-01
2.330692559480667114e-01
-2.818048596382141113e-01
-6.343503594398498535e-01
2.676174879074096680e+00
1.190570235252380371e+00
-1.298557043075561523e+00
4.195303842425346375e-02
-5.162973403930664062e-01
1.138254046440124512e+00
-6.444000601768493652e-01
-4.763259887695312500e-01
5.538908839225769043e-01
1.801809549331665039e+00
-1.467496991157531738e+00
3.162962496280670166e-01
3.106127679347991943e-01
3.218814134597778320e-01
1.353449463844299316e+00
-3.048697113990783691e-01
-1.722785592079162598e+00
-2.789692021906375885e-03
-6.067887544631958008e-01
1.156364604830741882e-01
1.902475357055664062e-01
3.646133840084075928e-01
-1.344665408134460449e+00
1.079130992293357849e-01
2.841904163360595703e-01
-1.675798535346984863e+00
-7.322214245796203613e-01
-4.121525287628173828e-01
1.171478778123855591e-01
-6.360158324241638184e-01
-3.641984760761260986e-01
-5.077461004257202148e-01
1.507894873619079590e+00
-5.235466361045837402e-01
1.890430808067321777e+00
1.139879226684570312e-01
-9.061482548713684082e-02
-1.365423917770385742e+00
-1.877734661102294922e+00
-1.919382572174072266e+00
1.455292701721191406e+00
-6.672397255897521973e-01
5.622391104698181152e-01
6.963909268379211426e-01
8.729549646377563477e-01
-2.256591469049453735e-01
3.865586519241333008e-01
1.363707184791564941e-01
-4.850581586360931396e-01
6.428126096725463867e-01
-2.215992808341979980e-01
-1.466125488281250000e+00
-7.065435051918029785e-01
-1.605870127677917480e+00
-1.298103481531143188e-01
5.203235745429992676e-01
-3.809471130371093750e-01
-9.652575254440307617e-01
4.951539039611816406e-01
1.250054091215133667e-01
-8.694128394126892090e-01
2.034199684858322144e-01
-3.087378442287445068e-01
-1.199903845787048340e+00
-3.353862762451171875e+00
1.498078703880310059e-01
1.072864770889282227e+00
2.104184627532958984e-01
2.102960273623466492e-02
-1.911977410316467285e+00
9.961183071136474609e-01
7.105728983879089355e-02
1.854572296142578125e-01
1.467237114906311035e+00
-1.362696170806884766e+00
-5.701413154602050781e-01
2.017099142074584961e+00
9.082978367805480957e-01
-8.565957546234130859e-01
5.276864171028137207e-01
8.274989128112792969e-01
-1.647894740104675293e+00
-1.488794106990098953e-02
-5.676996661350131035e-04
2.588152885437011719e-01
-6.523149609565734863e-01
-1.069977045059204102e+00
-2.232816535979509354e-03
3.336445093154907227e-01
1.473395377397537231e-01
3.062763251364231110e-02
9.219468832015991211e-01
8.349000215530395508e-01
1.550855755805969238e+00
2.282973974943161011e-01
-1.084729909896850586e+00
-2.118206977844238281e+00
-2.167392522096633911e-02
1.129297852516174316e+00
8.639477193355560303e-02
-9.492788910865783691e-01
1.391579031944274902e+00
-1.758896350860595703e+00
-3.013934612274169922e+00
-1.148898124694824219e+00
-5.288343429565429688e-01
1.173098325729370117e+00
1.911977648735046387e+00
-1.206167340278625488e+00
-8.840180039405822754e-01
-6.581310033798217773e-01
-9.618797898292541504e-02
9.231356978416442871e-01
-1.204842686653137207e+00
-9.506597518920898438e-01
-1.083118796348571777e+00
2.067265808582305908e-01
-1.528346896171569824e+00
-4.966187775135040283e-01
-2.573310136795043945e+00
5.778069496154785156e-01
1.146146535873413086e+00
2.961892187595367432e-01
2.933804273605346680e+00
-1.035053730010986328e+00
7.371839284896850586e-01
-3.519718945026397705e-01
7.849032878875732422e-01
1.360717415809631348e+00
-1.905464768409729004e+00
-3.160942792892456055e-01
1.082394480705261230e+00
-2.561581134796142578e+00
-1.191128373146057129e+00
8.370695710182189941e-01
8.940158486366271973e-01
1.065250754356384277e+00
1.235707998275756836e+00
-7.506751418113708496e-01
3.842570483684539795e-01
6.024425029754638672e-01
-3.673150241374969482e-01
8.015975952148437500e-01
-5.812538862228393555e-01
2.302940636873245239e-01
8.526180982589721680e-01
-7.738422155380249023e-01
1.147834539413452148e+00
8.853677511215209961e-01
6.258625984191894531e-01
-4.960503578186035156e-01
2.967522740364074707e-01
-1.843642115592956543e+00
-3.213935196399688721e-01
-6.913490891456604004e-01
1.457759499549865723e+00
-8.017088174819946289e-01
-1.291355013847351074e+00
-1.183538317680358887e+00
6.872293353080749512e-01
-8.029998540878295898e-01
-2.844435721635818481e-02
1.133519172668457031e+00
-2.661897897720336914e+00
-6.607246994972229004e-01
1.933272480964660645e-01
-7.888804078102111816e-01
8.798206597566604614e-02
1.268640995025634766e+00
2.536685168743133545e-01
-7.562026977539062500e-01
2.415613651275634766e+00
-2.865035533905029297e-01
6.585795879364013672e-01
-1.535728693008422852e+00
-4.025775939226150513e-02
-1.156504988670349121e+00
1.836323022842407227e+00
-1.007798314094543457e+00
1.002364158630371094e+00
6.650449335575103760e-02
1.179561734199523926e+00
3.651299178600311279e-01
7.697439193725585938e-01
-1.323798775672912598e+00
-8.901054412126541138e-02
-9.322872757911682129e-02
8.365786671638488770e-01
-1.667862772941589355e+00
-1.888599038124084473e+00
9.609473943710327148e-01
-1.682837843894958496e+00
-1.909188389778137207e+00
1.374025464057922363e+00
4.392675757408142090e-01
1.018599867820739746e+00
-1.129375770688056946e-01
-7.105599045753479004e-01
-1.383220791816711426e+00
1.041671156883239746e+00
-5.683900788426399231e-03
1.309116601943969727e+00
-4.218294024467468262e-01
-7.492610812187194824e-01
-1.914999485015869141e+00
-5.014899373054504395e-01
4.783757925033569336e-01
1.117813944816589355e+00
4.960659742355346680e-01
7.182201743125915527e-01
-1.333397746086120605e+00
-3.505664467811584473e-01
1.504369020462036133e+00
-1.458277940750122070e+00
-9.386669993400573730e-01
1.388290405273437500e+00
1.048999786376953125e+00
2.039042860269546509e-01
6.389669179916381836e-01
9.092247486114501953e-01
1.241126656532287598e+00
-2.154148340225219727e+00
3.434125185012817383e-01
3.226499855518341064e-01
-1.278768062591552734e+00
-1.259710788726806641e+00
-1.037031054496765137e+00
1.074733614921569824e+00
-9.986586570739746094e-01
7.483808398246765137e-01
1.422115564346313477e+00
9.444506764411926270e-01
3.881967067718505859e-01
-8.860833048820495605e-01
-1.913964509963989258e+00
1.664112806320190430e+00
-2.888454496860504150e-01
-2.474322319030761719e+00
3.866012394428253174e-01
-4.529465734958648682e-01
-2.194004058837890625e+00
-3.675760328769683838e-02
-6.496334671974182129e-01
-2.387525796890258789e+00
-6.122494339942932129e-01
9.165142178535461426e-01
-1.245206713676452637e+00
-1.723517626523971558e-01
-5.608276128768920898e-01
1.874002099037170410e+00
1.870523542165756226e-01
2.899891853332519531e+00
2.886090874671936035e-01
3.350133299827575684e-01
-6.448533535003662109e-01
3.596827387809753418e-01
6.365813612937927246e-01
-1.771649718284606934e+00
1.278637051582336426e+00
-3.066062927246093750e-01
1.005647897720336914e+00
5.566578730940818787e-02
1.092230200767517090e+00
3.772528469562530518e-01
-5.319440364837646484e-01
1.321078658103942871e+00
-8.290323615074157715e-01
-1.446912765502929688e+00
-7.201945781707763672e-02
1.502658843994140625e+00
1.443137884140014648e+00
-6.556329727172851562e-01
1.843519806861877441e-01
-1.203323364257812500e+00
6.654299795627593994e-02
-2.008823871612548828e+00
-2.085349112749099731e-01
-4.392628371715545654e-01
-4.057334661483764648e-01
-1.329041004180908203e+00
3.721454143524169922e-01
-9.921950846910476685e-02
7.213743776082992554e-02
1.174125000834465027e-01
-6.845643520355224609e-01
-4.945847392082214355e-02
-1.299422740936279297e+00
-4.805765151977539062e-01
2.199589647352695465e-02
8.196123838424682617e-01
8.105916380882263184e-01
3.238400220870971680e-01
-2.365075051784515381e-01
-5.335418581962585449e-01
6.916299462318420410e-01
-2.719242870807647705e-01
-1.856865882873535156e-01
-2.478886365890502930e+00
1.490171104669570923e-01
-3.372001647949218750e-01
-1.256374239921569824e+00
2.060582339763641357e-01
-1.070681095123291016e+00
-1.578912258148193359e+00
-1.622639596462249756e-01
6.975459456443786621e-01
6.171416640281677246e-01
-2.095600068569183350e-01
7.780466675758361816e-01
6.607073545455932617e-01
-7.679457068443298340e-01
-1.233860254287719727e+00
3.661339581012725830e-01
1.252207517623901367e+00
-6.284575462341308594e-01
-8.082693070173263550e-02
-2.500926554203033447e-01
2.239622354507446289e+00
3.119304776191711426e-01
-1.606712818145751953e+00
9.199802279472351074e-01
-5.273874998092651367e-01
-1.294322490692138672e+00
-3.874112963676452637e-01
7.188068330287933350e-02
8.278947472572326660e-01
-2.207679003477096558e-01
-1.409808874130249023e+00
7.171643972396850586e-01
-2.079891681671142578e+00
-1.049972534179687500e+00
-9.653452038764953613e-01
5.612452328205108643e-02
2.689809501171112061e-01
8.198182582855224609e-01
1.191247105598449707e+00
4.987863004207611084e-01
3.332665920257568359e+00
6.449977159500122070e-01
5.510500073432922363e-01
1.164524197578430176e+00
9.844596385955810547e-01
-2.075483560562133789e+00
-3.188802897930145264e-01
-4.297026619315147400e-02
6.244427561759948730e-01
5.907520651817321777e-01
-2.336852550506591797e-01
-5.985205769538879395e-01
1.367880940437316895e+00
-5.086376070976257324e-01
1.866710186004638672e-01
8.757475018501281738e-01
-7.445840239524841309e-01
5.493787527084350586e-01
1.410393595695495605e+00
-1.942770123481750488e+00
1.678604334592819214e-01
-1.825927734375000000e+00
1.482578814029693604e-01
1.757978081703186035e+00
7.539311051368713379e-01
2.884110212326049805e+00
-3.522400259971618652e-01
9.748861789703369141e-01
-7.608695626258850098e-01
9.157636761665344238e-01
-2.273680418729782104e-01
-1.964602231979370117e+00
6.622624993324279785e-01
3.270862400531768799e-01
-1.050966143608093262e+00
1.299629807472229004e+00
1.659330129623413086e-01
-1.145637154579162598e+00
-9.382314234972000122e-02
-5.879658460617065430e-01
1.448203176259994507e-01
-7.189029455184936523e-02
1.217043161392211914e+00
9.519018232822418213e-02
-3.819530606269836426e-01
8.920552134513854980e-01
1.624801397323608398e+00
3.826464712619781494e-01
-8.025113344192504883e-01
-3.168452382087707520e-01
9.280606508255004883e-01
4.619405567646026611e-01
3.335658013820648193e-01
-2.541989684104919434e-01
-8.499484509229660034e-02
-1.307838708162307739e-01
-3.233278095722198486e-01
1.366381496191024780e-01
5.298906564712524414e-01
-1.523431420326232910e+00
-5.723320245742797852e-01
4.288908094167709351e-02
9.484263062477111816e-01
4.735484719276428223e-01
-6.093139201402664185e-02
-1.473367810249328613e-01
-4.659984633326530457e-02
1.040097713470458984e+00
5.829043313860893250e-02
1.586521744728088379e+00
5.287719517946243286e-02
-1.353784561157226562e+00
4.651208221912384033e-01
-1.881545186042785645e-01
1.818656027317047119e-01
-1.210964620113372803e-01
1.231087088584899902e+00
1.868451237678527832e+00
6.269026994705200195e-01
-4.362128674983978271e-01
1.900803595781326294e-01
1.499830961227416992e+00
6.292625516653060913e-02
-5.331363081932067871e-01
2.873887121677398682e-01
-8.621601462364196777e-01
3.942980468273162842e-01
-1.476676106452941895e+00
-3.194978833198547363e-01
-4.434702098369598389e-01
3.240413963794708252e-01
-1.874076575040817261e-01
-1.208182692527770996e+00
1.777301549911499023e+00
1.171719208359718323e-01
2.861998677253723145e-01
-4.771381616592407227e-02
-1.080475687980651855e+00
1.023342236876487732e-01
-2.160592675209045410e-01
5.717744827270507812e-01
5.766628384590148926e-01
7.095481157302856445e-01
2.346484661102294922e+00
-7.721532136201858521e-02
1.797917783260345459e-01
-5.911955237388610840e-01
-4.738129615783691406e+00
9.201909899711608887e-01
-9.508863687515258789e-01
1.457001566886901855e-01
6.258294582366943359e-01
6.965718269348144531e-01
1.448385119438171387e+00
-2.757699489593505859e+00
7.853094935417175293e-01
-1.632745504379272461e+00
-5.712447166442871094e-01
8.411200046539306641e-01
6.117477416992187500e-01
1.483087195083498955e-03
-7.831608653068542480e-01
-9.452160000801086426e-01
-7.642189264297485352e-01
4.953379631042480469e-01
1.140374660491943359e+00
-3.396453857421875000e-01
-5.567013621330261230e-01
1.416492342948913574e+00
1.043146967887878418e+00
-2.329714596271514893e-01
1.095021486282348633e+00
-6.578593254089355469e-01
-8.200894594192504883e-01
7.599403858184814453e-01
9.874445945024490356e-02
4.280158579349517822e-01
-1.865807473659515381e-01
8.402150273323059082e-01
-1.571455240249633789e+00
9.368633627891540527e-01
2.271375417709350586e+00
1.104798436164855957e+00
-5.975040197372436523e-01
1.417766213417053223e-01
-6.923428177833557129e-01
-5.057360231876373291e-02
5.521358251571655273e-01
-7.469534277915954590e-01
4.311082139611244202e-02
2.197337746620178223e-01
1.061097979545593262e+00
-1.569473296403884888e-01
-1.180650353431701660e+00
3.017390370368957520e-01
-1.553397476673126221e-01
-1.539642930030822754e+00
4.847216308116912842e-01
-4.084519147872924805e-01
-5.919035077095031738e-01
8.458437919616699219e-01
-1.141287037171423435e-03
1.630327850580215454e-02
-6.145056486129760742e-01
-1.172130107879638672e-01
-4.088256359100341797e-01
-1.925529539585113525e-01
1.358206987380981445e+00
-8.890465833246707916e-03
-6.297627687454223633e-01
-8.885405212640762329e-02
6.604589819908142090e-01
7.630642056465148926e-01
1.825712919235229492e+00
3.317522108554840088e-01
-2.229872643947601318e-01
-3.600821197032928467e-01
8.369585275650024414e-01
1.494382739067077637e+00
-1.317668676376342773e+00
-2.574139833450317383e-01
-6.468766927719116211e-01
-1.001909971237182617e+00
-5.229472368955612183e-02
-1.213360667228698730e+00
3.541762530803680420e-01
1.239585399627685547e+00
-1.545517742633819580e-01
-1.080242276191711426e+00
5.234436392784118652e-01
-1.296468257904052734e+00
1.054829597473144531e+00
1.690176844596862793e+00
4.708398580551147461e-01
7.309866547584533691e-01
2.153389900922775269e-02
-1.031102657318115234e+00
-6.805774569511413574e-01
1.240287065505981445e+00
3.391208648681640625e-01
1.295914947986602783e-01
-1.767745971679687500e+00
-1.144832849502563477e+00
4.981139600276947021e-01
-8.758458495140075684e-01
4.266479015350341797e-01
-5.113114714622497559e-01
-9.136763811111450195e-01
1.780823588371276855e+00
-6.487514972686767578e-01
-6.464392542839050293e-01
-6.787143945693969727e-01
-2.424604818224906921e-02
-6.244482398033142090e-01
1.251494050025939941e+00
-1.024072051048278809e+00
-1.941060423851013184e-01
-7.901088595390319824e-01
-2.264412194490432739e-01
2.098511934280395508e+00
-5.488298535346984863e-01
-3.528187517076730728e-03
-8.398531675338745117e-01
-1.519504427909851074e+00
6.227200031280517578e-01
-4.481804072856903076e-01
-1.110237836837768555e+00
-9.928058385848999023e-01
1.024788022041320801e+00
-1.418646812438964844e+00
-1.231243848800659180e+00
2.379572093486785889e-01
-2.068432331085205078e+00
-1.027371048927307129e+00
-1.388845592737197876e-01
6.858136057853698730e-01
6.353916227817535400e-02
-9.976305365562438965e-01
1.905257582664489746e+00
-9.822493195533752441e-01
8.432044982910156250e-01
1.856832027435302734e+00
1.020034193992614746e+00
6.959725618362426758e-01
2.494544833898544312e-01
-5.708446502685546875e-01
-1.073055028915405273e+00
-1.083733081817626953e+00
8.457149863243103027e-01
2.748250961303710938e-01
-7.192766666412353516e-01
-3.904573023319244385e-01
-1.373431682586669922e+00
6.187060475349426270e-01
-9.727315902709960938e-01
9.098660349845886230e-01
-1.163795351982116699e+00
6.703736186027526855e-01
8.259734511375427246e-01
-9.690315723419189453e-01
-8.025205135345458984e-01
-2.519534230232238770e-01
-3.233448788523674011e-02
4.418031871318817139e-01
1.947678923606872559e+00
-6.749559640884399414e-01
1.081219390034675598e-01
-2.079268693923950195e-01
-4.731348156929016113e-02
2.239297151565551758e+00
-5.127021297812461853e-02
6.665846109390258789e-01
-6.748315691947937012e-01
-5.745024085044860840e-01
1.222680807113647461e+00
2.435635030269622803e-01
1.090969890356063843e-01
5.461772084236145020e-01
-2.176207900047302246e-01
3.572195395827293396e-02
-1.089174747467041016e+00
-1.039876699447631836e+00
3.672830760478973389e-01
8.259328007698059082e-01
-3.950300812721252441e-01
-1.757707953453063965e+00
8.700439929962158203e-01
-1.063657879829406738e+00
-1.046187281608581543e+00
4.648632109165191650e-01
9.633538722991943359e-01
2.233665585517883301e-01
-6.487532258033752441e-01
-8.892177939414978027e-01
1.531729459762573242e+00
-6.128625944256782532e-02
-1.956817746162414551e+00
-1.821437329053878784e-01
-3.630028963088989258e-01
1.134641885757446289e+00
6.696481108665466309e-01
9.610285162925720215e-01
1.851442813873291016e+00
-1.681143879890441895e+00
-1.097284674644470215e+00
-4.473280608654022217e-01
-8.800693154335021973e-01
1.010205030441284180e+00
-7.572412490844726562e-01
6.959457993507385254e-01
1.054035425186157227e-01
-7.612896151840686798e-03
-3.148659318685531616e-02
2.335822731256484985e-01
7.681767940521240234e-01
-1.257414221763610840e+00
3.136041164398193359e+00
-6.777275204658508301e-01
-2.905605077743530273e+00
-1.276708841323852539e-01
-8.625797033309936523e-01
1.332553476095199585e-01
1.197581812739372253e-01
-3.377830982208251953e-01
8.938767910003662109e-01
-7.112196832895278931e-02
-1.128621459007263184e+00
-8.291724920272827148e-01
9.580533951520919800e-02
4.745258390903472900e-01
-1.424582242965698242e+00
-1.953098773956298828e+00
-3.412482514977455139e-02
-1.082884594798088074e-01
1.964098930358886719e+00
-1.907178401947021484e+00
3.407859057188034058e-02
8.757273554801940918e-01
-6.179412007331848145e-01
-1.851662397384643555e+00
-6.003770828247070312e-01
-1.497199296951293945e+00
-1.720296144485473633e+00
2.960370779037475586e-01
-1.066659092903137207e+00
7.704041600227355957e-01
-3.429899215698242188e-01
4.161721765995025635e-01
-3.407826423645019531e-01
1.220029473304748535e+00
7.707636356353759766e-01
-1.534994363784790039e+00
2.784547090530395508e+00
1.235312581062316895e+00
-8.479702472686767578e-01
3.269456699490547180e-02
6.504769325256347656e-01
-1.985794603824615479e-01
7.621924281120300293e-01
1.163984298706054688e+00
7.944209575653076172e-01
2.298114895820617676e-01
2.505212835967540741e-02
-1.516083329916000366e-01
-1.705503106117248535e+00
2.177723497152328491e-02
-3.053794503211975098e-01
7.485948204994201660e-01
-1.181494742631912231e-01
-1.041517376899719238e+00
7.095030546188354492e-01
6.873517036437988281e-01
-5.025644302368164062e-01
1.112182855606079102e+00
-6.813252568244934082e-01
-5.108564496040344238e-01
1.026736348867416382e-01
-1.860097169876098633e+00
