1.219403147697448730e+00
-2.147428877651691437e-02
6.183153390884399414e-02
-5.927456617355346680e-01
-1.340206742286682129e+00
-1.121088743209838867e+00
1.278432160615921021e-01
-1.677423417568206787e-01
-1.700512290000915527e+00
-1.651146411895751953e+00
6.747840046882629395e-01
-1.676782131195068359e+00
1.547635912895202637e+00
-2.166506946086883545e-01
-1.326571345329284668e+00
-6.480981707572937012e-01
-3.769856989383697510e-01
4.636660814285278320e-01
8.163211941719055176e-01
-2.332419753074645996e-01
1.765107959508895874e-01
-2.103576660156250000e+00
1.836215853691101074e-01
-7.848050594329833984e-01
1.467614650726318359e+00
1.099186182022094727e+00
-3.594706654548645020e-01
1.684216141700744629e+00
-1.293583989143371582e+00
9.953123331069946289e-01
-5.453103780746459961e-01
3.730728924274444580e-01
-1.320877552032470703e+00
-5.719175934791564941e-01
1.658827997744083405e-02
5.370039343833923340e-01
-1.140446662902832031e+00
-3.499001979827880859e+00
1.059381663799285889e-01
1.334235966205596924e-01
-1.149523615837097168e+00
-1.435153245925903320e+00
-5.961911678314208984e-01
-3.939611017704010010e-01
1.181015729904174805e+00
1.722303748130798340e+00
-1.225771009922027588e-01
7.424565553665161133e-01
-6.965268254280090332e-01
1.587842702865600586e+00
-8.208910822868347168e-01
-9.117079526185989380e-02
-2.431982308626174927e-01
8.303083777427673340e-01
-3.111419975757598877e-01
-1.408410310745239258e+00
1.322167813777923584e-01
-3.933421969413757324e-01
4.446419477462768555e-01
-9.140904545783996582e-01
-4.123817980289459229e-01
3.075181245803833008e-01
1.636017799377441406e+00
3.940476775169372559e-01
9.521442651748657227e-01
-1.636224836111068726e-01
9.656166434288024902e-01
-5.950151085853576660e-01
8.962480425834655762e-01
-1.339568138122558594e+00
1.008117496967315674e-01
8.936331868171691895e-01
3.961515128612518311e-01
-5.963255763053894043e-01
-5.727546215057373047e-01
8.999422788619995117e-01
4.333820641040802002e-01
6.256998181343078613e-01
1.615258306264877319e-02
1.666904091835021973e+00
8.449982106685638428e-02
3.444009721279144287e-01
-2.141603231430053711e+00
-3.429992496967315674e-01
2.559201717376708984e-01
-6.903104782104492188e-01
-4.509224295616149902e-01
-7.813743352890014648e-01
-4.295080602169036865e-01
-1.032346010208129883e+00
-2.322831749916076660e-01
-9.871983528137207031e-01
1.386255621910095215e-01
1.337896347045898438e+00
-4.915407896041870117e-01
3.927014172077178955e-01
-3.048655204474925995e-02
5.310227870941162109e-01
1.834604591131210327e-01
-1.700502932071685791e-01
3.399010002613067627e-01
1.611249446868896484e+00
1.225776314735412598e+00
2.402584999799728394e-01
-6.785343289375305176e-01
-4.216432273387908936e-01
-1.668896198272705078e+00
1.231811285018920898e+00
2.703868150711059570e-01
3.105838894844055176e-01
1.078105807304382324e+00
1.260583400726318359e+00
-1.280039906501770020e+00
-1.580974578857421875e+00
-2.597418725490570068e-01
2.492450475692749023e-01
-3.108899295330047607e-01
-7.526469230651855469e-02
6.647516041994094849e-02
1.549326419830322266e+00
2.933735847473144531e-01
7.643929123878479004e-01
-3.412372171878814697e-01
6.313010454177856445e-01
-1.307239383459091187e-02
-9.239562153816223145e-01
2.811823189258575439e-01
1.535215377807617188e+00
-1.309988021850585938e+00
-2.834474444389343262e-01
8.512264490127563477e-01
-1.249835729598999023e+00
7.236559391021728516e-01
-1.581387042999267578e+00
-2.284354209899902344e+00
-6.187238097190856934e-01
7.995245605707168579e-02
-1.917403191328048706e-01
-1.222902655601501465e+00
-3.195964992046356201e-01
1.329152584075927734e-01
1.593501806259155273e+00
5.483669042587280273e-01
-7.443922162055969238e-01
-2.134440422058105469e+00
7.326643466949462891e-01
4.793498218059539795e-01
-1.545720338821411133e+00
-4.020814895629882812e-01
2.639580965042114258e-01
1.669898509979248047e+00
-3.693732898682355881e-03
3.368671238422393799e-01
2.571406364440917969e-01
1.265589237213134766e+00
-3.158189058303833008e-01
-1.075432658195495605e+00
-2.003869265317916870e-01
-2.446675598621368408e-01
6.109004840254783630e-02
3.399140834808349609e-01
2.219707518815994263e-01
-1.179192885756492615e-01
-6.345627903938293457e-01
-4.003572762012481689e-01
-1.346934437751770020e+00
-1.538571953773498535e+00
-2.850323021411895752e-01
3.280161023139953613e-01
5.648640990257263184e-01
-1.607966423034667969e+00
-2.155679702758789062e+00
-1.399148106575012207e+00
1.441288709640502930e+00
8.917668461799621582e-01
1.129967570304870605e+00
2.220342904329299927e-01
1.031898632645606995e-01
-7.060655951499938965e-02
1.495733141899108887e+00
-9.946951866149902344e-01
-1.117066740989685059e+00
-5.751391649246215820e-01
2.258079349994659424e-01
1.210477590560913086e+00
6.765191908925771713e-03
-1.427033901214599609e+00
-2.050302922725677490e-01
2.239570617675781250e+00
5.345845818519592285e-01
2.612775266170501709e-01
-6.980745792388916016e-01
-1.119657278060913086e+00
1.394957661628723145e+00
-2.079630792140960693e-01
-4.417483136057853699e-02
1.110179647803306580e-01
-9.018195271492004395e-01
9.177688360214233398e-01
2.735190093517303467e-01
5.049117207527160645e-01
1.377717733383178711e+00
1.736256599426269531e+00
-1.021404027938842773e+00
2.642572484910488129e-02
-1.408669352531433105e+00
2.628596425056457520e-01
-2.287204027175903320e+00
8.270958065986633301e-01
7.735910266637802124e-02
1.762028336524963379e-01
-9.085062146186828613e-01
4.434008002281188965e-01
1.400770694017410278e-01
-7.013720273971557617e-01
3.216922581195831299e-01
-2.690067052841186523e+00
-3.823976963758468628e-02
1.332284808158874512e-01
1.237325444817543030e-01
5.709118247032165527e-01
1.104690909385681152e+00
1.221626400947570801e+00
-1.665597259998321533e-01
6.030120849609375000e-01
-6.514922380447387695e-01
1.075231790542602539e+00
3.933743238449096680e-01
-1.171324253082275391e+00
-1.610034584999084473e+00
-2.540907263755798340e-01
-6.877376437187194824e-01
-1.206418991088867188e+00
2.070203065872192383e+00
-3.600547611713409424e-01
4.567699730396270752e-01
1.042250037193298340e+00
6.287572383880615234e-01
-1.780633926391601562e+00
-1.764844208955764771e-01
8.137347698211669922e-01
8.930293321609497070e-01
-1.094054460525512695e+00
7.708895206451416016e-01
-1.322525739669799805e+00
5.403068661689758301e-01
-1.323721647262573242e+00
5.840228199958801270e-01
1.669334918260574341e-01
-7.556132078170776367e-01
-8.717416226863861084e-02
-1.002824828028678894e-01
-1.676380634307861328e+00
-1.457122683525085449e+00
1.623743534088134766e+00
-1.318435549736022949e+00
-2.178170680999755859e-01
7.745291590690612793e-01
-6.139623001217842102e-02
1.152911424636840820e+00
5.019218325614929199e-01
-1.937344223260879517e-01
1.684798717498779297e+00
-8.286789655685424805e-01
-1.357635855674743652e+00
1.244429200887680054e-01
5.360450744628906250e-01
-1.044334411621093750e+00
4.492058753967285156e+00
1.635132908821105957e+00
-8.031814694404602051e-01
1.308634638786315918e+00
9.292463064193725586e-01
1.430770874023437500e+00
-7.360798120498657227e-01
7.489013075828552246e-01
-2.811108529567718506e-01
-1.108733192086219788e-01
7.823991775512695312e-01
-1.533392548561096191e+00
8.537433743476867676e-01
-1.042248964309692383e+00
9.185748100280761719e-01
-1.599105149507522583e-01
2.615251541137695312e-01
7.311534881591796875e-01
5.241770148277282715e-01
5.740172863006591797e-01
-2.997150421142578125e-01
-6.010780334472656250e-01
-2.311973094940185547e+00
7.937300801277160645e-01
4.291205108165740967e-01
-3.251475334167480469e+00
1.155637502670288086e+00
-1.461076140403747559e+00
2.525862455368041992e-01
-9.187982082366943359e-01
-2.245122939348220825e-02
7.216859459877014160e-01
3.945803046226501465e-01
-1.106421232223510742e+00
-7.825957238674163818e-02
7.831956744194030762e-01
1.654376029968261719e+00
1.393101930618286133e+00
4.367220997810363770e-01
-8.856136202812194824e-01
1.814838200807571411e-01
-3.334314823150634766e-01
-1.436603307723999023e+00
-3.107521533966064453e+00
-1.147421717643737793e+00
9.493882060050964355e-01
2.177154570817947388e-01
6.251277923583984375e-01
1.669700860977172852e+00
6.831843256950378418e-01
-2.194140255451202393e-01
-6.559856981039047241e-02
-1.686033487319946289e+00
3.289336562156677246e-01
3.768717646598815918e-01
-2.293870598077774048e-01
-6.269546151161193848e-01
-3.400481864809989929e-02
-6.166169047355651855e-01
-1.675441488623619080e-02
-4.649209976196289062e-01
1.505247950553894043e+00
9.093267321586608887e-01
7.388778030872344971e-02
1.570164084434509277e+00
6.824616193771362305e-01
3.035404086112976074e-01
-3.737871646881103516e-01
-1.160843223333358765e-01
-9.802846312522888184e-01
2.024054050445556641e+00
-5.984978675842285156e-01
-3.824777007102966309e-01
1.906395554542541504e-01
8.459731936454772949e-01
4.246408641338348389e-01
6.823410391807556152e-01
1.051077842712402344e+00
-1.188946485519409180e+00
8.888241648674011230e-01
-2.026973724365234375e+00
-8.478521704673767090e-01
-7.140058279037475586e-01
-1.304668188095092773e+00
1.260066926479339600e-01
-5.494612082839012146e-02
-6.337774991989135742e-01
-8.093174099922180176e-01
-3.840738236904144287e-01
-1.083158731460571289e+00
-4.096416011452674866e-02
8.095926642417907715e-01
4.606080651283264160e-01
-6.198013424873352051e-01
2.064381986856460571e-01
-1.007628917694091797e+00
-2.076684713363647461e+00
5.164577960968017578e-01
2.845752954483032227e+00
-4.381885826587677002e-01
9.658375382423400879e-01
8.049361705780029297e-01
8.904440999031066895e-01
-5.256318449974060059e-01
-9.977654218673706055e-01
2.517430543899536133e+00
1.399868845939636230e+00
4.492975175380706787e-01
-9.316452592611312866e-02
-1.672291278839111328e+00
-4.001866877079010010e-01
6.934970617294311523e-01
9.284895658493041992e-01
7.435821294784545898e-01
6.358947753906250000e-01
-2.158486694097518921e-01
-5.412867069244384766e-01
-6.025924682617187500e-01
-2.526709437370300293e-01
-9.201192855834960938e-01
1.489267230033874512e+00
-6.880138516426086426e-01
1.373777270317077637e+00
7.929720282554626465e-01
6.141344904899597168e-01
-1.526117801666259766e+00
2.644008398056030273e+00
-1.870965361595153809e-01
-6.245673894882202148e-01
6.271940469741821289e-01
-3.431702554225921631e-01
7.272589206695556641e-01
-3.943821489810943604e-01
-9.731031656265258789e-01
-2.962662465870380402e-02
-8.223785161972045898e-01
-1.625885128974914551e+00
-3.229635655879974365e-01
-7.172002792358398438e-01
1.076366424560546875e+00
-4.978081881999969482e-01
-7.598807811737060547e-01
-2.716419696807861328e-01
8.306600153446197510e-02
-9.799011349678039551e-01
8.174383640289306641e-01
7.713837027549743652e-01
4.331547021865844727e-01
-6.449265480041503906e-01
4.109019786119461060e-02
-1.048681378364562988e+00
2.220108747482299805e+00
-7.696079611778259277e-01
-8.304378390312194824e-01
9.593793749809265137e-01
1.807932853698730469e+00
9.715668857097625732e-02
7.971599698066711426e-01
-1.014286160469055176e+00
-3.154174387454986572e-01
-2.590689659118652344e+00
-4.638791978359222412e-01
-4.083549976348876953e-02
1.891379117965698242e+00
1.218258857727050781e+00
-9.161494970321655273e-01
-5.865296721458435059e-01
-1.880236864089965820e-01
2.426635324954986572e-01
-7.517117857933044434e-01
8.670016527175903320e-01
2.629924714565277100e-01
-7.301566004753112793e-02
4.676962494850158691e-01
-8.191452026367187500e-01
4.942709803581237793e-01
-9.988036006689071655e-03
-3.612553179264068604e-01
-8.035518527030944824e-01
3.637090027332305908e-01
-4.414325356483459473e-01
-9.789447188377380371e-01
-1.465527176856994629e+00
-1.121583223342895508e+00
-3.918838500976562500e-01
-1.435094833374023438e+00
-1.317066073417663574e+00
-5.916789770126342773e-01
1.057206749916076660e+00
1.115861773490905762e+00
1.494033038616180420e-01
-1.143877983093261719e+00
4.826270341873168945e-01
5.478944256901741028e-02
-1.695942878723144531e-01
1.062041997909545898e+00
-1.028630495071411133e+00
3.297225236892700195e-01
-6.371103525161743164e-01
1.030454039573669434e+00
-9.284667372703552246e-01
2.499131709337234497e-01
3.285047709941864014e-01
1.064321279525756836e+00
-1.044628381729125977e+00
1.527185440063476562e-01
-3.158085942268371582e-01
-7.931577563285827637e-01
8.668274879455566406e-01
8.082015067338943481e-02
-9.620773196220397949e-01
1.632148981094360352e+00
4.834906458854675293e-01
-1.233965680003166199e-01
-1.490036845207214355e+00
1.501432061195373535e+00
4.362668395042419434e-01
-2.950184941291809082e-01
7.092767953872680664e-01
4.553581476211547852e-01
4.170092046260833740e-01
-3.207217752933502197e-01
1.421036601066589355e+00
1.451724052429199219e+00
6.695699095726013184e-01
1.232109189033508301e+00
-8.518784046173095703e-01
8.600901961326599121e-01
-9.124267101287841797e-01
-2.340385437011718750e+00
6.100579500198364258e-01
5.153212547302246094e-01
-1.990632116794586182e-01
4.182877838611602783e-01
-1.250495910644531250e+00
6.614766716957092285e-01
-1.175318121910095215e+00
9.924240708351135254e-01
-7.103259563446044922e-01
-1.722107976675033569e-01
4.027220606803894043e-01
1.014322757720947266e+00
9.452755451202392578e-01
-3.823623955249786377e-01
7.637464255094528198e-02
-4.309569597244262695e-01
9.371016621589660645e-01
1.210105061531066895e+00
1.144655868411064148e-01
-6.446259617805480957e-01
3.620284795761108398e-01
-1.068994283676147461e+00
-5.364845395088195801e-01
-2.048044800758361816e-01
-1.848884344100952148e+00
-1.096752882003784180e+00
3.796871379017829895e-02
8.607476949691772461e-01
7.790016382932662964e-02
7.889161705970764160e-01
1.519265651702880859e+00
-7.521253228187561035e-01
-6.872635483741760254e-01
4.669005274772644043e-01
3.746728301048278809e-01
-2.391151338815689087e-01
-6.345143914222717285e-01
-9.737662672996520996e-01
-7.559084296226501465e-01
4.765320122241973877e-01
-1.029361128807067871e+00
1.357193738222122192e-01
-1.089669585227966309e+00
-4.218086600303649902e-02
-4.954885542392730713e-01
-9.266709685325622559e-01
1.860665082931518555e+00
-1.134144306182861328e+00
7.862017750740051270e-01
-2.304825782775878906e-01
-8.317742347717285156e-01
1.072463989257812500e+00
6.325743794441223145e-01
3.373462557792663574e-01
-1.662146329879760742e+00
-6.269643902778625488e-01
4.888754487037658691e-01
6.638299226760864258e-01
-7.589643597602844238e-01
1.057172894477844238e+00
-5.641563534736633301e-01
-1.726580023765563965e+00
5.949508547782897949e-01
6.710032224655151367e-01
-4.669077992439270020e-01
4.870694577693939209e-01
1.228326484560966492e-01
6.810751557350158691e-02
1.092126488685607910e+00
9.832687377929687500e-01
1.077325820922851562e+00
-4.713064730167388916e-01
1.319476366043090820e+00
-1.591110974550247192e-01
-1.587232947349548340e+00
-1.299402594566345215e+00
-5.065883994102478027e-01
-1.487725824117660522e-01
-3.749721348285675049e-01
-4.476431608200073242e-01
1.272318005561828613e+00
-3.150156736373901367e-01
-6.427096724510192871e-01
5.017135143280029297e-01
2.017173767089843750e-01
1.360748887062072754e+00
1.316485643386840820e+00
1.648528575897216797e-01
-5.474529266357421875e-01
-1.959607124328613281e+00
-1.695839762687683105e+00
-6.167456507682800293e-01
-3.144780099391937256e-01
-5.756102204322814941e-01
-6.643998026847839355e-01
1.018239930272102356e-01
-9.140812754631042480e-01
-7.541750073432922363e-01
-3.298161923885345459e-01
2.616834640502929688e-01
4.168799892067909241e-02
2.132445722818374634e-01
-6.648234724998474121e-01
-2.384417057037353516e+00
4.575629532337188721e-01
1.658309549093246460e-01
2.259827375411987305e+00
-5.582322478294372559e-01
-1.173832193017005920e-01
-1.143528342247009277e+00
4.043890908360481262e-02
7.255903631448745728e-02
-1.738521009683609009e-01
-3.712458014488220215e-01
2.082168012857437134e-01
-2.019611299037933350e-01
-7.900327444076538086e-01
-7.011587023735046387e-01
5.224485993385314941e-01
-1.353772431612014771e-01
1.242959499359130859e+00
1.687598079442977905e-01
-6.849669814109802246e-01
1.334796428680419922e+00
-1.943356990814208984e+00
1.092411398887634277e+00
-7.293481230735778809e-01
7.263309955596923828e-01
6.024442911148071289e-01
6.186778098344802856e-02
4.368611276149749756e-01
-1.554573178291320801e+00
5.943199396133422852e-01
7.348958253860473633e-01
5.236066579818725586e-01
1.097969293594360352e+00
1.373390257358551025e-01
-1.900204271078109741e-01
2.838028073310852051e-01
7.019540071487426758e-01
-1.524678349494934082e+00
1.975594311952590942e-01
-1.193274617195129395e+00
4.787396788597106934e-01
-9.457147717475891113e-01
-1.330285072326660156e-01
-4.284680485725402832e-01
2.674219846725463867e+00
-3.708926439285278320e-01
-4.666956961154937744e-01
3.252016603946685791e-01
-1.089202523231506348e+00
-2.333033323287963867e+00
-3.901460468769073486e-01
5.965244174003601074e-01
1.176513284444808960e-01
1.837791502475738525e-01
-1.064158797264099121e+00
-4.520039558410644531e-01
-8.780073523521423340e-01
1.135048627853393555e+00
6.545836925506591797e-01
-2.623516619205474854e-01
1.017621397972106934e+00
4.980694502592086792e-02
-1.237864732742309570e+00
7.306125946342945099e-03
1.004230260848999023e+00
-6.587007045745849609e-01
8.862468004226684570e-01
-1.601023226976394653e-01
-1.055712938308715820e+00
1.476356238126754761e-01
-6.580542027950286865e-02
8.350471854209899902e-01
2.141350746154785156e+00
1.285168409347534180e+00
-3.986808359622955322e-01
1.175226688385009766e+00
-6.397190093994140625e-01
6.601005792617797852e-01
5.593055393546819687e-03
-5.577247142791748047e-01
-3.539715409278869629e-01
-5.016121268272399902e-01
6.808555126190185547e-01
-5.096456408500671387e-01
3.166088461875915527e-01
-5.156829357147216797e-01
-5.436386466026306152e-01
3.489691734313964844e+00
1.262674450874328613e+00
-4.084079861640930176e-01
-5.471682548522949219e-01
-1.292642485350370407e-02
-4.576406180858612061e-01
9.293102622032165527e-01
9.742926955223083496e-01
-1.196025729179382324e+00
-4.939626157283782959e-02
-1.132058858871459961e+00
1.084798097610473633e+00
8.755167126655578613e-01
1.402697563171386719e-01
-1.791149228811264038e-01
4.668019413948059082e-01
7.552326917648315430e-01
-1.015413284301757812e+00
1.744233071804046631e-02
6.419515013694763184e-01
-8.908783793449401855e-01
3.196415901184082031e-01
9.942348003387451172e-01
2.783412933349609375e-01
-3.207793533802032471e-01
-9.825003147125244141e-01
-2.297123432159423828e+00
-2.232974767684936523e-01
1.872833967208862305e+00
-1.579622387886047363e+00
8.878628015518188477e-01
-1.835468292236328125e+00
-9.703794717788696289e-01
-3.173667788505554199e-01
-1.917572617530822754e-01
-1.979913748800754547e-02
-3.668664395809173584e-01
-6.380140781402587891e-02
-3.404660522937774658e-02
7.834854125976562500e-01
1.468000650405883789e+00
-4.680199623107910156e-01
5.847772955894470215e-01
-1.368287205696105957e+00
4.925600066781044006e-02
2.029949985444545746e-02
-1.127909123897552490e-01
5.552466511726379395e-01
4.441673159599304199e-01
4.349261522293090820e-01
7.566218972206115723e-01
6.577503085136413574e-01
-1.762644052505493164e-01
-4.304051995277404785e-01
8.243904709815979004e-01
1.742441415786743164e+00
2.474148944020271301e-02
-5.003147721290588379e-01
1.039473891258239746e+00
-4.927781596779823303e-02
1.717107534408569336e+00
5.592186450958251953e-01
1.266360998153686523e+00
-6.032689213752746582e-01
-7.586390972137451172e-01
2.987306416034698486e-01
-1.625132322311401367e+00
1.085399746894836426e+00
-1.308427810668945312e+00
-4.406453967094421387e-01
-9.724076390266418457e-01
7.412321567535400391e-01
5.482897162437438965e-03
-2.896541953086853027e-01
-5.765290260314941406e-01
9.556232094764709473e-01
1.432702660560607910e+00
1.067445635795593262e+00
-5.429660901427268982e-02
-2.494886219501495361e-01
