1.205458998680114746e+00
1.298484504222869873e-01
-4.165533185005187988e-02
-8.368814736604690552e-02
-1.594896435737609863e+00
-1.172504663467407227e+00
5.196306705474853516e-01
-6.552791595458984375e-02
-1.284099459648132324e+00
-1.621629357337951660e+00
2.422397136688232422e-01
-1.385657429695129395e+00
1.447743296623229980e+00
-2.006959868595004082e-03
-8.254953622817993164e-01
-4.877080917358398438e-01
-4.213716983795166016e-01
5.137142539024353027e-01
4.514475166797637939e-01
-5.189376473426818848e-01
-9.393200278282165527e-03
-1.725397825241088867e+00
4.817966222763061523e-01
-8.425768613815307617e-01
1.564645051956176758e+00
1.305617094039916992e+00
-3.485765457153320312e-01
8.716544508934020996e-01
-1.103124976158142090e+00
2.568880021572113037e-01
-9.563063383102416992e-01
3.999549448490142822e-01
-8.169389367103576660e-01
-2.635668814182281494e-01
-7.410547733306884766e-01
7.962643355131149292e-02
-6.836258769035339355e-01
-2.774320840835571289e+00
1.447139233350753784e-01
1.208063438534736633e-01
-1.251808166503906250e+00
-1.357422351837158203e+00
-1.205691814422607422e+00
-1.669795364141464233e-01
1.112132310867309570e+00
1.823636293411254883e+00
7.029184699058532715e-01
1.012033581733703613e+00
-2.004443705081939697e-01
9.936850070953369141e-01
-1.138711810111999512e+00
-8.332105278968811035e-01
-5.514845252037048340e-01
9.608498811721801758e-01
-5.959004163742065430e-01
-1.044392824172973633e+00
-5.593553781509399414e-01
5.107983946800231934e-01
-3.771291077136993408e-01
-1.508540511131286621e-01
-1.676441282033920288e-01
6.445448398590087891e-01
1.087565422058105469e+00
7.270299792289733887e-01
5.197597146034240723e-01
-9.206315279006958008e-01
9.375627040863037109e-01
4.587139934301376343e-02
4.275614023208618164e-01
-7.257500886917114258e-01
-2.454710900783538818e-01
8.074787259101867676e-01
9.787873029708862305e-01
-1.996374577283859253e-01
-4.749670922756195068e-01
8.824830651283264160e-01
1.244660392403602600e-01
7.444108128547668457e-01
1.094494573771953583e-02
1.233032584190368652e+00
6.051988005638122559e-01
9.000402092933654785e-01
-1.694015741348266602e+00
-6.524269282817840576e-02
-2.156417667865753174e-01
-4.000323638319969177e-02
-5.154726505279541016e-01
-5.581210851669311523e-01
-9.551970958709716797e-01
-5.892078280448913574e-01
-5.556142926216125488e-01
-5.891808867454528809e-01
2.080845534801483154e-01
4.376249015331268311e-01
-3.071499466896057129e-01
6.439275741577148438e-01
-1.694307327270507812e-01
4.785715639591217041e-01
-3.049550950527191162e-01
3.164375424385070801e-01
6.124634742736816406e-01
1.520267248153686523e+00
1.352803111076354980e+00
-8.105630874633789062e-01
-3.876151144504547119e-01
-1.021842837333679199e+00
-1.337808370590209961e+00
7.171078324317932129e-01
5.691738724708557129e-01
-3.141344785690307617e-01
1.302009820938110352e+00
6.220015883445739746e-01
-1.180678457021713257e-01
-1.362571001052856445e+00
1.339989155530929565e-01
3.334863483905792236e-01
9.292832762002944946e-02
-6.318592429161071777e-01
1.112758666276931763e-01
6.005558371543884277e-01
-3.507598768919706345e-03
8.330556750297546387e-02
-1.600480675697326660e-01
8.137151002883911133e-01
-3.114277422428131104e-01
-7.162925004959106445e-01
-4.545537009835243225e-02
1.655119299888610840e+00
-6.593353748321533203e-01
-1.648161560297012329e-01
6.814858317375183105e-01
-1.156230807304382324e+00
5.533198118209838867e-01
-1.200160503387451172e+00
-2.754129171371459961e+00
-4.425685703754425049e-01
1.173692271113395691e-01
3.195226788520812988e-01
-1.258563518524169922e+00
-7.286069989204406738e-01
1.943439543247222900e-01
1.359415888786315918e+00
3.912142515182495117e-01
-8.123729825019836426e-01
-1.698642492294311523e+00
1.160977840423583984e+00
-1.585564166307449341e-01
-1.507789254188537598e+00
-1.283180862665176392e-01
1.363608986139297485e-01
1.156250119209289551e+00
-6.808913499116897583e-02
-3.283744677901268005e-02
-9.509748220443725586e-01
6.061356663703918457e-01
-7.016896009445190430e-01
-1.016791343688964844e+00
2.875217199325561523e-01
-1.965490579605102539e-01
5.735035538673400879e-01
4.775782525539398193e-01
2.157196700572967529e-01
-3.158369958400726318e-01
-2.897031009197235107e-01
3.902067840099334717e-01
-1.506454944610595703e+00
-9.878516793251037598e-01
-1.959277242422103882e-01
1.256696581840515137e-01
7.148614525794982910e-01
-1.257611393928527832e+00
-1.855499505996704102e+00
-1.226354837417602539e+00
1.464425921440124512e+00
4.831644892692565918e-01
6.778966784477233887e-01
1.934911459684371948e-01
8.530541062355041504e-01
-2.379984967410564423e-02
2.126164197921752930e+00
-5.361169576644897461e-01
-1.103728771209716797e+00
7.273937016725540161e-02
-4.200461879372596741e-02
1.218107819557189941e+00
-2.076666057109832764e-01
-1.238070964813232422e+00
-6.908655166625976562e-01
1.009311795234680176e+00
3.531770706176757812e-01
3.287253081798553467e-01
-7.254753708839416504e-01
-6.473668813705444336e-01
1.089030623435974121e+00
-2.284467667341232300e-01
-6.237861886620521545e-02
1.438776999711990356e-01
-5.227880477905273438e-01
8.667380809783935547e-01
4.017218947410583496e-01
-2.050753384828567505e-01
1.548389077186584473e+00
1.354647755622863770e+00
-8.304322957992553711e-01
2.967705428600311279e-01
-1.233687877655029297e+00
6.222977638244628906e-01
-1.938731551170349121e+00
4.650425016880035400e-01
-2.063619196414947510e-01
2.416380494832992554e-01
-8.208599686622619629e-01
9.128922224044799805e-01
-1.385827660560607910e-01
-7.948064208030700684e-01
1.736505702137947083e-02
-1.594231605529785156e+00
3.295193314552307129e-01
-3.568480908870697021e-02
2.360676974058151245e-01
4.377887248992919922e-01
8.973861336708068848e-01
1.041487336158752441e+00
-5.006213188171386719e-01
2.095520496368408203e-01
-6.659272909164428711e-01
5.753600001335144043e-01
4.930678308010101318e-01
-1.257213711738586426e+00
-1.805865526199340820e+00
-7.416736483573913574e-01
-1.815858036279678345e-01
-1.590763926506042480e+00
1.168744921684265137e+00
-6.430669426918029785e-01
8.653264045715332031e-01
1.031964182853698730e+00
8.746800422668457031e-01
-1.213563919067382812e+00
3.316977024078369141e-01
1.478815197944641113e+00
3.127522170543670654e-01
-6.485826373100280762e-01
9.077228307723999023e-01
-8.553695678710937500e-01
4.388019144535064697e-01
-9.326288700103759766e-01
2.935985028743743896e-01
7.837219536304473877e-02
-1.794451922178268433e-01
5.311431288719177246e-01
-2.719509303569793701e-01
-1.837034106254577637e+00
-1.145329356193542480e+00
1.458765745162963867e+00
-1.339561939239501953e+00
-3.602078258991241455e-01
6.774927377700805664e-01
4.004122018814086914e-01
9.802483916282653809e-01
9.802067279815673828e-01
1.369194872677326202e-02
2.130598545074462891e+00
-1.010886907577514648e+00
-1.643625855445861816e+00
1.990762166678905487e-02
5.800586342811584473e-01
-8.509981036186218262e-01
3.966227054595947266e+00
1.286275386810302734e+00
-1.140611886978149414e+00
1.512237310409545898e+00
3.535568416118621826e-01
9.955663681030273438e-01
-6.243820190429687500e-01
7.794605493545532227e-01
4.212418198585510254e-01
-4.730845391750335693e-01
1.154197692871093750e+00
-1.453611254692077637e+00
6.328131556510925293e-01
-7.984678149223327637e-01
7.540605068206787109e-01
6.196274235844612122e-02
3.575662374496459961e-01
8.918746709823608398e-01
-3.714388236403465271e-02
1.134389519691467285e+00
3.681585192680358887e-01
-2.659001350402832031e-01
-1.187592267990112305e+00
1.430812954902648926e+00
3.288255631923675537e-02
-2.282109498977661133e+00
1.569764137268066406e+00
-9.124286770820617676e-01
8.971144556999206543e-01
-4.047873616218566895e-01
1.067197322845458984e-01
6.028289794921875000e-01
1.485406905412673950e-01
-5.521404743194580078e-01
2.122932672500610352e-02
-9.372228384017944336e-02
1.634832382202148438e+00
7.585370540618896484e-01
-3.096925094723701477e-02
-5.028581619262695312e-01
-1.976134777069091797e-01
-6.008442640304565430e-01
-1.316511988639831543e+00
-2.393651008605957031e+00
-1.032479763031005859e+00
5.687220096588134766e-01
-2.140196859836578369e-01
4.699106514453887939e-01
1.258755445480346680e+00
1.546723842620849609e+00
-2.977702915668487549e-01
4.781128168106079102e-01
-9.914515018463134766e-01
6.769396066665649414e-01
5.628288388252258301e-01
3.115261197090148926e-01
-5.757929012179374695e-02
-1.963814795017242432e-01
-3.854351043701171875e-01
-1.389135569334030151e-01
-7.043272256851196289e-01
5.629059672355651855e-01
1.054596304893493652e+00
-5.405285954475402832e-01
1.158846735954284668e+00
2.201802581548690796e-01
8.741939067840576172e-01
-5.564123392105102539e-01
-2.139845192432403564e-01
-1.274086117744445801e+00
1.882278680801391602e+00
-7.504056096076965332e-01
-3.337814211845397949e-01
6.524827480316162109e-01
1.105206534266471863e-01
6.202544569969177246e-01
5.561882853507995605e-01
1.671017527580261230e+00
-1.221287965774536133e+00
2.231548428535461426e-01
-1.998859047889709473e+00
-1.789882779121398926e-01
-1.346924424171447754e+00
-8.691878914833068848e-01
5.881312489509582520e-01
2.877192199230194092e-01
-5.503389835357666016e-01
-7.595234513282775879e-01
-5.729792118072509766e-01
-1.107219219207763672e+00
1.314350068569183350e-01
1.032391548156738281e+00
5.551784634590148926e-01
-3.454363048076629639e-01
-3.315361440181732178e-01
-3.496206104755401611e-01
-1.747345566749572754e+00
1.102508187294006348e+00
2.241719007492065430e+00
2.208202928304672241e-01
7.728241682052612305e-01
8.098263144493103027e-01
3.423276841640472412e-01
2.552301585674285889e-01
-7.559633255004882812e-01
2.105600595474243164e+00
9.094604253768920898e-01
3.912078142166137695e-01
1.128901019692420959e-01
-1.383301854133605957e+00
-7.629042863845825195e-01
1.209677219390869141e+00
8.472646474838256836e-01
4.605463445186614990e-01
4.471293091773986816e-01
1.376736313104629517e-01
-5.057393908500671387e-01
1.051850095391273499e-01
2.880537211894989014e-01
-9.285338521003723145e-01
1.363283395767211914e+00
1.537230461835861206e-01
1.380185365676879883e+00
4.609285891056060791e-01
3.771230280399322510e-01
-7.113962769508361816e-01
1.513108849525451660e+00
-2.183211147785186768e-01
-7.110208868980407715e-01
1.009729057550430298e-01
-3.903089761734008789e-01
1.678349018096923828e+00
-3.691360354423522949e-01
-9.904356598854064941e-01
1.365671306848526001e-02
-8.991327881813049316e-01
-9.135102033615112305e-01
-2.429106682538986206e-01
-4.263114333152770996e-01
1.094357848167419434e+00
-4.723416268825531006e-01
-6.892163753509521484e-01
-2.071031779050827026e-01
-1.014210954308509827e-01
-7.016638517379760742e-01
9.281288981437683105e-01
6.825443506240844727e-01
3.166775405406951904e-01
-3.492539376020431519e-02
-1.785273998975753784e-01
-1.281192660331726074e+00
1.957432150840759277e+00
-9.672399163246154785e-01
-9.239562153816223145e-01
1.249623417854309082e+00
1.964795708656311035e+00
3.524524867534637451e-01
4.360307157039642334e-01
-8.961775898933410645e-01
-3.848758339881896973e-01
-1.922484636306762695e+00
-1.506841778755187988e-01
-2.892833650112152100e-01
1.229732155799865723e+00
8.876090645790100098e-01
-8.243604302406311035e-01
-5.489730834960937500e-01
-8.369886130094528198e-02
6.671233177185058594e-01
-6.464858651161193848e-01
2.360488772392272949e-01
1.767288744449615479e-01
6.145748496055603027e-01
2.516415119171142578e-01
-3.595870733261108398e-01
3.925664722919464111e-01
2.032723464071750641e-02
-1.978975087404251099e-01
-7.065521180629730225e-02
5.415108799934387207e-01
-3.942283093929290771e-01
-8.341191411018371582e-01
-7.259623408317565918e-01
-1.208993554115295410e+00
-2.565210461616516113e-01
-8.384177684783935547e-01
-1.098945975303649902e+00
-1.000530004501342773e+00
6.871603727340698242e-01
1.015451312065124512e+00
8.784759044647216797e-01
-1.220160365104675293e+00
6.893901228904724121e-01
-4.639536142349243164e-01
-4.072104990482330322e-01
7.542040348052978516e-01
-9.406452178955078125e-01
-7.181827723979949951e-02
-3.307673931121826172e-01
7.536157369613647461e-01
-6.901614665985107422e-01
-1.833487600088119507e-01
-7.962452620267868042e-02
7.582938075065612793e-01
-1.263630270957946777e+00
-2.214440852403640747e-01
-5.801983475685119629e-01
-2.924087345600128174e-01
9.763625264167785645e-01
3.872855007648468018e-02
-1.031221389770507812e+00
1.054434776306152344e+00
4.618164002895355225e-01
4.578868448734283447e-01
-1.576518416404724121e+00
1.732730627059936523e+00
-1.204515155404806137e-02
-1.566661447286605835e-01
8.576500415802001953e-02
1.343999058008193970e-01
5.774135589599609375e-01
-2.948797047138214111e-01
1.609375000000000000e+00
9.760338664054870605e-01
4.684047400951385498e-01
7.721116542816162109e-01
-6.073921918869018555e-01
2.878442108631134033e-01
-2.030366420745849609e+00
-1.736526489257812500e+00
2.175708301365375519e-03
6.364681720733642578e-01
3.084252476692199707e-01
-3.334299847483634949e-02
-1.145373106002807617e+00
4.954024851322174072e-01
-5.102464556694030762e-01
1.100927218794822693e-01
-1.178236126899719238e+00
1.865487992763519287e-01
4.182836115360260010e-01
6.814059019088745117e-01
9.680644273757934570e-01
-2.558527290821075439e-01
-7.676924578845500946e-03
5.637851953506469727e-01
4.355171024799346924e-01
1.082854986190795898e+00
3.011995255947113037e-01
-6.171782016754150391e-01
5.746567845344543457e-01
-6.108405590057373047e-01
-6.109599471092224121e-01
-4.703726470470428467e-01
-1.465340733528137207e+00
-9.588760137557983398e-01
2.452859133481979370e-01
7.342875003814697266e-01
-1.252133131027221680e+00
8.176971077919006348e-01
1.252112627029418945e+00
-1.278859257698059082e+00
-7.385894060134887695e-01
9.019355177879333496e-01
5.856842994689941406e-01
-4.588850438594818115e-01
-4.408164918422698975e-01
-9.614539146423339844e-01
-1.202893495559692383e+00
1.448954790830612183e-01
-1.517992615699768066e+00
2.771939896047115326e-02
-7.282053828239440918e-01
-4.175963997840881348e-01
-6.755636930465698242e-01
-5.710560083389282227e-01
1.376603364944458008e+00
-5.218482017517089844e-01
1.057131409645080566e+00
-2.610769569873809814e-01
-9.255908131599426270e-01
1.368292689323425293e+00
-1.834831982851028442e-01
1.451813727617263794e-01
-1.448532581329345703e+00
-9.394062161445617676e-01
6.729955673217773438e-01
1.107920289039611816e+00
-1.379123091697692871e+00
8.037080168724060059e-01
-9.895107150077819824e-01
-1.831520795822143555e+00
7.906952872872352600e-03
9.171554446220397949e-01
-7.005854845046997070e-01
4.530691504478454590e-01
4.606587588787078857e-01
3.059633374214172363e-01
1.160866260528564453e+00
7.985461503267288208e-02
1.138801217079162598e+00
-5.049341917037963867e-01
6.296280026435852051e-01
1.703324317932128906e-01
-1.815605163574218750e+00
-1.107653141021728516e+00
-1.686398535966873169e-01
-4.808505773544311523e-01
-9.644187092781066895e-01
-2.253322601318359375e-01
1.248016357421875000e+00
-2.669083774089813232e-01
-6.551153659820556641e-01
6.528893113136291504e-01
3.773756623268127441e-01
1.083137512207031250e+00
7.822808027267456055e-01
8.427291363477706909e-02
-2.923878133296966553e-01
-1.074865221977233887e+00
-1.243768811225891113e+00
-3.415333926677703857e-01
7.925277203321456909e-02
-2.764472961425781250e-01
1.752313822507858276e-01
6.444033980369567871e-01
-1.590213924646377563e-01
-1.195938825607299805e+00
-3.505328297615051270e-01
-5.161977559328079224e-02
-6.665116548538208008e-01
-4.363268911838531494e-01
-2.254728674888610840e-01
-1.490834832191467285e+00
7.967907190322875977e-01
3.845544159412384033e-01
1.169580101966857910e+00
-4.585693776607513428e-01
-5.107175707817077637e-01
-9.244687557220458984e-01
-1.451189368963241577e-01
-4.083997905254364014e-01
-2.218368649482727051e-01
2.717395722866058350e-01
3.941765725612640381e-01
-4.942604899406433105e-01
-5.063959956169128418e-01
-5.599808096885681152e-01
1.447879821062088013e-01
2.152827084064483643e-01
6.731918454170227051e-01
1.961881220340728760e-01
-1.069245696067810059e+00
8.630218505859375000e-01
-1.522394180297851562e+00
7.620602846145629883e-01
-1.087726235389709473e+00
6.601966619491577148e-01
1.614549607038497925e-01
5.658108592033386230e-01
4.404879212379455566e-01
-1.786790251731872559e+00
5.006123781204223633e-01
8.435964584350585938e-01
3.290793299674987793e-01
8.738382458686828613e-01
3.467063009738922119e-01
-4.395060837268829346e-01
-5.281462669372558594e-01
7.340441346168518066e-01
-7.370366454124450684e-01
-2.555974423885345459e-01
-9.798843860626220703e-01
3.531181812286376953e-01
-1.251032710075378418e+00
2.314956933259963989e-01
-4.128133505582809448e-02
2.949282169342041016e+00
-5.150325894355773926e-01
2.929309308528900146e-01
2.421811819076538086e-01
-2.190157175064086914e+00
-1.821668744087219238e+00
-3.808565139770507812e-01
8.208135962486267090e-01
6.064141169190406799e-02
-2.235977947711944580e-01
-1.254863739013671875e+00
-3.344076275825500488e-01
-1.355852603912353516e+00
9.933618903160095215e-01
8.262472152709960938e-01
-7.012405395507812500e-01
9.577217698097229004e-01
3.965747356414794922e-01
-1.085827827453613281e+00
1.505673974752426147e-01
3.965637683868408203e-01
3.853879123926162720e-02
6.475556492805480957e-01
-2.892800867557525635e-01
-8.054051399230957031e-01
6.163730025291442871e-01
8.717960119247436523e-01
5.183708667755126953e-01
2.016716241836547852e+00
1.064526915550231934e+00
-5.263940691947937012e-01
1.224291563034057617e+00
-4.416528642177581787e-01
-4.015158861875534058e-03
3.743531405925750732e-01
1.647847592830657959e-01
-1.032290339469909668e+00
9.858734905719757080e-02
9.310703873634338379e-01
-6.474437117576599121e-01
-2.945066988468170166e-01
-5.329495668411254883e-01
1.462098443880677223e-03
1.641165852546691895e+00
1.234685301780700684e+00
-3.730582296848297119e-01
-5.971076488494873047e-01
-1.121581941843032837e-01
-1.130619764328002930e+00
1.029234409332275391e+00
4.746449887752532959e-01
-5.554321035742759705e-02
1.742995530366897583e-01
-7.971431016921997070e-01
6.545315980911254883e-01
7.196351885795593262e-01
2.438257485628128052e-01
3.216690570116043091e-02
6.099371314048767090e-01
7.731864452362060547e-01
-5.223461985588073730e-01
4.633797407150268555e-01
1.182812213897705078e+00
-3.516983091831207275e-01
6.564204692840576172e-01
-4.166108369827270508e-02
-1.154052242636680603e-01
-1.681170761585235596e-01
-8.070772290229797363e-01
-2.040795803070068359e+00
6.539899110794067383e-02
1.296401500701904297e+00
-1.173604130744934082e+00
8.391421437263488770e-01
-1.046579957008361816e+00
-6.404349207878112793e-01
-7.208538055419921875e-02
-2.763165533542633057e-01
-1.231235116720199585e-01
-9.235710501670837402e-01
-7.981409877538681030e-02
-2.079228907823562622e-01
2.728720009326934814e-01
1.289280295372009277e+00
-2.060801237821578979e-01
2.495025694370269775e-01
-1.066442131996154785e+00
8.842214941978454590e-02
1.577022718265652657e-03
4.154548794031143188e-02
1.329315751791000366e-01
6.079211235046386719e-01
4.918982088565826416e-01
6.147904992103576660e-01
4.564168751239776611e-01
-1.919787377119064331e-01
-6.533809304237365723e-01
6.179493665695190430e-01
1.435806512832641602e+00
9.253937751054763794e-02
-6.766963601112365723e-01
5.576485991477966309e-01
-1.282100677490234375e-01
1.645086288452148438e+00
1.870057284832000732e-01
1.916811823844909668e+00
-7.625762224197387695e-01
-1.158776760101318359e+00
2.473145872354507446e-01
-1.917993545532226562e+00
7.057837843894958496e-01
-9.338429570198059082e-01
-5.645487904548645020e-01
-5.349306464195251465e-01
9.091345071792602539e-01
1.812895238399505615e-01
-8.976009488105773926e-02
-4.922855794429779053e-01
8.538967967033386230e-01
1.356840610504150391e+00
4.588172137737274170e-01
-3.561992645263671875e-01
1.016145795583724976e-01
