7.503628134727478027e-01
4.660250246524810791e-01
3.681311011314392090e-02
-4.618228971958160400e-01
-1.951494961977005005e-01
-2.005959898233413696e-01
-3.348509371280670166e-01
-1.348382383584976196e-01
-3.727912902832031250e-01
-6.162769794464111328e-01
2.291215062141418457e-01
-1.340856671333312988e+00
4.873495101928710938e-01
5.011165142059326172e-01
-2.263756096363067627e-01
-9.681812524795532227e-01
3.720979392528533936e-01
5.297456383705139160e-01
2.745493054389953613e-01
4.670557677745819092e-01
1.649850904941558838e-01
-9.050146341323852539e-01
-2.100897878408432007e-01
3.665255308151245117e-01
8.674167394638061523e-01
9.346958994865417480e-01
-3.682485818862915039e-01
1.130767464637756348e+00
-2.356981277465820312e+00
2.489741891622543335e-01
-1.625161290168762207e+00
-2.237621843814849854e-01
-8.097363114356994629e-01
2.891340851783752441e-01
-5.582264661788940430e-01
3.270470798015594482e-01
-7.261276245117187500e-01
-3.229910135269165039e+00
1.333438884466886520e-02
5.096222758293151855e-01
-9.307029843330383301e-01
-3.376197218894958496e-01
1.110565543174743652e+00
-1.198613762855529785e+00
1.955692172050476074e-01
6.429337859153747559e-01
9.948648512363433838e-02
7.279550433158874512e-01
9.795947074890136719e-01
6.972081065177917480e-01
-4.468450844287872314e-01
3.910853862762451172e-01
1.119212955236434937e-01
1.157621502876281738e+00
1.416823506355285645e+00
-1.498810052871704102e+00
5.800427794456481934e-01
-7.073207497596740723e-01
5.484405755996704102e-01
1.442549824714660645e-01
-6.102487444877624512e-01
2.840386927127838135e-01
1.991491198539733887e+00
-5.585276484489440918e-01
3.922076523303985596e-01
-3.651328384876251221e-01
3.751476109027862549e-01
1.347577214241027832e+00
4.677711427211761475e-01
-9.433388710021972656e-01
-7.391131520271301270e-01
-6.039231270551681519e-02
-5.938819609582424164e-03
9.351602941751480103e-02
-3.402240574359893799e-02
3.381513059139251709e-01
-1.534146536141633987e-02
4.169965386390686035e-01
-3.661361634731292725e-01
7.916039824485778809e-01
4.626836627721786499e-02
-1.981792747974395752e-01
-1.480876922607421875e+00
-1.048528432846069336e+00
-7.181125879287719727e-01
8.362795114517211914e-01
-6.807734370231628418e-01
3.627724945545196533e-01
-7.652077674865722656e-01
-3.425212800502777100e-01
-8.190317749977111816e-01
-1.025302648544311523e+00
-4.585264027118682861e-01
1.269814252853393555e+00
-1.955592930316925049e-01
-2.159971743822097778e-01
1.577312052249908447e-01
5.793820619583129883e-01
-4.473715722560882568e-01
2.807243764400482178e-01
2.679904401302337646e-01
9.806017875671386719e-01
8.271058201789855957e-01
-1.142366379499435425e-01
-1.411971807479858398e+00
-2.962191402912139893e-01
-1.388612151145935059e+00
9.993000030517578125e-01
6.714779734611511230e-01
-6.604165434837341309e-01
-4.636108875274658203e-02
9.914600849151611328e-01
-1.648557424545288086e+00
-1.904591560363769531e+00
-2.821322679519653320e-01
2.006316632032394409e-01
-1.119314074516296387e+00
-1.269671082496643066e+00
2.579036951065063477e-01
1.523812890052795410e+00
-1.494350433349609375e-01
8.949301242828369141e-01
-9.133858084678649902e-01
2.577303349971771240e-01
-9.165981784462928772e-03
-1.393938902765512466e-02
1.369487881660461426e+00
8.478692173957824707e-01
-1.171223878860473633e+00
-5.613470673561096191e-01
6.218559145927429199e-01
-4.286124110221862793e-01
6.741958856582641602e-01
-3.464648127555847168e-01
-2.924393653869628906e+00
-6.358790397644042969e-01
-1.684303730726242065e-01
5.815790593624114990e-02
-2.195259630680084229e-01
-2.211225032806396484e-01
-5.745603442192077637e-01
1.577387452125549316e+00
7.662461400032043457e-01
-1.149243041872978210e-01
-5.775192975997924805e-01
1.061205983161926270e+00
6.675184369087219238e-01
-6.686304807662963867e-01
-2.902543842792510986e-01
-2.310174852609634399e-01
2.478707134723663330e-01
4.647282660007476807e-01
2.309961766004562378e-01
-7.751242071390151978e-02
9.189137816429138184e-01
-7.151599526405334473e-01
-1.778231859207153320e+00
-9.503088593482971191e-01
-1.252432227134704590e+00
3.284853696823120117e-01
9.255061745643615723e-01
-1.110674858093261719e+00
6.270604580640792847e-02
-8.506214618682861328e-01
-2.309502512216567993e-01
-1.088645935058593750e+00
-7.785339355468750000e-01
-1.693948954343795776e-01
-2.212059199810028076e-01
-3.454880416393280029e-02
-1.261042356491088867e+00
-1.404524683952331543e+00
-1.973232150077819824e+00
4.132993817329406738e-01
1.243253231048583984e+00
2.473637163639068604e-01
1.430009961128234863e+00
-1.025922894477844238e+00
6.014752388000488281e-01
1.870718449354171753e-01
-7.945293188095092773e-01
-6.900163292884826660e-01
-7.145457267761230469e-01
-2.875635623931884766e-01
1.118045330047607422e+00
-1.184062957763671875e+00
-1.316956400871276855e+00
4.215674996376037598e-01
5.529397130012512207e-01
7.115046381950378418e-01
2.490777373313903809e-01
4.036203920841217041e-01
1.934105157852172852e-01
5.407538414001464844e-01
-1.136594772338867188e+00
5.512955784797668457e-01
-9.551576375961303711e-01
4.482394456863403320e-01
4.614276289939880371e-01
-1.069891691207885742e+00
7.379883527755737305e-01
9.720413088798522949e-01
1.045593619346618652e+00
1.422488242387771606e-01
-1.802342385053634644e-02
3.511673584580421448e-02
-4.962473362684249878e-02
-9.620061516761779785e-01
3.548684120178222656e-01
-1.902220010757446289e+00
-6.225725635886192322e-02
3.215011656284332275e-01
6.639472246170043945e-01
-5.549598336219787598e-01
-1.162495493888854980e+00
-1.735449209809303284e-02
-2.104889869689941406e+00
-6.927387118339538574e-01
-9.353607296943664551e-01
-1.476222127676010132e-01
1.796380579471588135e-01
3.129983246326446533e-01
-2.310218065977096558e-01
-4.037201106548309326e-01
1.715719699859619141e+00
-2.813621461391448975e-01
1.288459420204162598e+00
-4.487760737538337708e-02
-9.032858014106750488e-01
-1.408900380134582520e+00
1.011638879776000977e+00
-5.863888859748840332e-01
-7.558209449052810669e-02
1.422766804695129395e+00
5.800018310546875000e-01
6.304764747619628906e-01
1.325109839439392090e+00
2.935762107372283936e-01
-3.458811938762664795e-01
-2.630534768104553223e-01
3.253614306449890137e-01
-2.593092024326324463e-01
-1.564580559730529785e+00
-1.162929534912109375e-01
-2.054957628250122070e+00
-8.529090285301208496e-01
-1.552925854921340942e-01
9.121107459068298340e-01
1.356704711914062500e+00
-3.577941656112670898e-01
-1.138747572898864746e+00
-9.857834577560424805e-01
-1.562969207763671875e+00
-9.066517949104309082e-01
1.034894824028015137e+00
-2.685494422912597656e-01
-4.093804061412811279e-01
-5.007940530776977539e-01
-4.517360627651214600e-01
-4.669665917754173279e-02
6.200577020645141602e-01
-2.034046202898025513e-01
2.048661708831787109e+00
-7.371691465377807617e-01
-5.739092230796813965e-01
7.591856718063354492e-01
-6.497601270675659180e-01
-4.962197840213775635e-01
3.654444694519042969e+00
8.741270899772644043e-01
-6.272369623184204102e-02
-9.662524797022342682e-03
1.531592607498168945e+00
8.264828324317932129e-01
-8.293113112449645996e-01
4.931607544422149658e-01
-1.427913736552000046e-02
-1.260529160499572754e+00
2.809415161609649658e-01
-1.171015739440917969e+00
5.192230343818664551e-01
-8.101402521133422852e-01
1.047534465789794922e+00
7.804623246192932129e-01
2.101572304964065552e-01
-1.404695026576519012e-02
2.326838113367557526e-02
-1.159278154373168945e+00
-2.838955223560333252e-01
-3.483614623546600342e-01
-1.183348655700683594e+00
2.495816349983215332e-01
-1.176231503486633301e-01
-7.191864848136901855e-01
7.056637406349182129e-01
7.768030464649200439e-02
-6.024648621678352356e-02
-5.170018076896667480e-01
8.355135917663574219e-01
-1.984789073467254639e-01
-4.570898413658142090e-01
-1.016553759574890137e+00
7.496169805526733398e-01
6.916227936744689941e-01
2.226339578628540039e+00
1.055382490158081055e+00
3.858903050422668457e-01
-9.444661736488342285e-01
-1.171561107039451599e-01
7.109302282333374023e-01
-1.652021050453186035e+00
-2.140630483627319336e+00
-7.232612371444702148e-01
1.225647807121276855e+00
-4.889736771583557129e-01
1.204038858413696289e+00
1.178663849830627441e+00
1.357791572809219360e-01
9.854806065559387207e-01
-2.689431607723236084e-02
-1.673866152763366699e+00
4.560388624668121338e-01
1.126582980155944824e+00
4.472311735153198242e-01
-4.038184285163879395e-01
9.237341284751892090e-01
-8.650796413421630859e-01
-2.008208632469177246e-01
-9.187130331993103027e-01
6.913542151451110840e-01
3.857309222221374512e-01
1.542381476610898972e-02
8.077210783958435059e-01
5.500076413154602051e-01
3.636152744293212891e-01
-4.473886191844940186e-01
-3.804277479648590088e-01
-1.326824188232421875e+00
8.751232028007507324e-01
-5.776020884513854980e-01
4.696265161037445068e-01
3.965625464916229248e-01
5.057993158698081970e-02
5.858071893453598022e-02
2.408851683139801025e-01
7.810337543487548828e-01
-1.413456257432699203e-02
9.846247434616088867e-01
-6.697377562522888184e-01
8.812512755393981934e-01
-1.469900608062744141e+00
-3.095710575580596924e-01
-6.227254271507263184e-01
7.934090495109558105e-02
-1.240824341773986816e+00
-6.298555135726928711e-01
-1.039448618888854980e+00
-3.371459543704986572e-01
4.438157379627227783e-02
8.609316945075988770e-01
-1.564761102199554443e-01
-5.173163414001464844e-01
1.273720622062683105e+00
-1.074229359626770020e+00
-1.286116003990173340e+00
-1.659131795167922974e-01
1.452215194702148438e+00
8.436898142099380493e-02
1.153170943260192871e+00
1.921623349189758301e-01
1.159081459045410156e+00
7.391683459281921387e-01
-1.110101103782653809e+00
1.564980864524841309e+00
-3.452619612216949463e-01
3.236089274287223816e-02
-9.538761526346206665e-02
-4.600838422775268555e-01
5.974749326705932617e-01
9.076596498489379883e-01
1.055531501770019531e+00
3.208786547183990479e-01
4.233747124671936035e-01
-3.004566729068756104e-01
-1.190360188484191895e+00
1.999858580529689789e-02
-1.923630088567733765e-01
-1.235626712441444397e-01
7.760408520698547363e-01
-1.136523634195327759e-01
2.065700054168701172e+00
8.123363256454467773e-01
1.011604145169258118e-01
-7.465223073959350586e-01
1.326744318008422852e+00
-2.568119466304779053e-01
-8.194753527641296387e-02
-4.795772433280944824e-01
-1.881055980920791626e-01
1.332844138145446777e+00
3.079065382480621338e-01
-1.565948247909545898e+00
1.446198463439941406e+00
-2.854092717170715332e-01
-1.090807557106018066e+00
-3.702461123466491699e-01
1.165375858545303345e-01
4.219031035900115967e-01
2.034322358667850494e-02
-9.176076650619506836e-01
4.619276523590087891e-01
-5.690954923629760742e-01
-1.263171195983886719e+00
1.088567256927490234e+00
3.273206055164337158e-01
1.377452969551086426e+00
-8.063592910766601562e-01
8.412580937147140503e-02
-5.100669860839843750e-01
1.177621483802795410e+00
-8.039333224296569824e-01
-6.184812188148498535e-01
5.313141345977783203e-01
7.675523757934570312e-01
-6.587421149015426636e-02
7.052478790283203125e-01
-1.035154238343238831e-01
-1.180634617805480957e+00
-1.254602313041687012e+00
-1.957965791225433350e-01
-1.119188368320465088e-01
-1.050378978252410889e-01
5.886812210083007812e-01
-7.458592057228088379e-01
-6.967599987983703613e-01
-1.055067852139472961e-01
1.213645339012145996e+00
2.903459370136260986e-01
2.212749868631362915e-01
1.325273215770721436e-01
-1.880587041378021240e-01
-3.003506660461425781e-01
6.987083703279495239e-02
8.740490674972534180e-02
1.750149726867675781e-01
2.513183057308197021e-01
2.491106241941452026e-01
-4.038153290748596191e-01
-8.237443566322326660e-01
-1.232629179954528809e+00
-7.888007164001464844e-01
-1.259690046310424805e+00
5.231193304061889648e-01
-1.069648787379264832e-01
-1.195042729377746582e+00
-5.472456812858581543e-01
1.452872753143310547e+00
-4.315347969532012939e-02
1.906723827123641968e-01
3.951867520809173584e-01
1.081107497215270996e+00
2.348129004240036011e-01
-1.752024888992309570e-01
-2.096150517463684082e-01
-9.696262478828430176e-01
-2.503610551357269287e-01
4.281935691833496094e-01
1.214039444923400879e+00
5.042219161987304688e-01
5.617443937808275223e-03
3.971385359764099121e-01
1.910596132278442383e+00
-5.039700865745544434e-01
-1.077178478240966797e+00
-5.598272681236267090e-01
-7.696406841278076172e-01
8.927891254425048828e-01
-1.077272057533264160e+00
-1.102474927902221680e+00
1.357553839683532715e+00
7.323842644691467285e-01
1.333255767822265625e-01
-1.114054083824157715e+00
1.754941940307617188e+00
-8.327427506446838379e-02
2.794663310050964355e-01
5.788617134094238281e-01
-1.008763238787651062e-01
-6.404619216918945312e-01
1.035721600055694580e-01
-1.156745776534080505e-01
7.351091504096984863e-01
6.596305966377258301e-01
9.701561331748962402e-01
-1.227797150611877441e+00
1.958565562963485718e-01
-3.798306882381439209e-01
-2.785398960113525391e+00
5.569026470184326172e-01
-7.508886456489562988e-01
-2.379124313592910767e-01
6.145532131195068359e-01
-6.436761021614074707e-01
2.006049633026123047e+00
-1.907119274139404297e+00
-4.936133027076721191e-01
-8.467145562171936035e-01
-1.238980814814567566e-01
5.092422664165496826e-02
2.826310694217681885e-01
3.392336666584014893e-01
-1.855772733688354492e-01
-5.273942947387695312e-01
5.136775374412536621e-01
9.135448932647705078e-02
7.382882386445999146e-02
-9.462144374847412109e-01
-7.119415402412414551e-01
1.026372432708740234e+00
5.511311814188957214e-03
-6.083059310913085938e-01
3.993103280663490295e-02
-1.866789221763610840e+00
-7.972316145896911621e-01
4.730717539787292480e-01
8.295265436172485352e-01
-3.722635209560394287e-01
2.843085825443267822e-01
1.147644758224487305e+00
-1.611556649208068848e+00
4.730497896671295166e-01
2.272711038589477539e+00
3.464477360248565674e-01
-1.935606151819229126e-01
8.577542006969451904e-02
-1.297021627426147461e+00
-8.824210166931152344e-01
-3.287002444267272949e-02
-9.767925143241882324e-01
3.298496901988983154e-01
-4.380954504013061523e-01
3.228307664394378662e-01
-7.677969336509704590e-01
-2.533645927906036377e-01
1.499622941017150879e+00
8.845712244510650635e-02
-2.319645881652832031e-01
1.138256430625915527e+00
-8.798479437828063965e-01
2.505073249340057373e-01
-2.376230508089065552e-01
1.033386707305908203e+00
-7.825856804847717285e-01
4.715385138988494873e-01
-5.496762692928314209e-03
5.499801635742187500e-01
-5.923818945884704590e-01
-4.106106162071228027e-01
-2.042801827192306519e-01
-1.209149599075317383e+00
1.722990036010742188e+00
1.477076292037963867e+00
-1.920607686042785645e-01
1.183399319648742676e+00
7.280278801918029785e-01
-7.645276188850402832e-01
3.334449529647827148e-01
7.046931982040405273e-01
1.821047067642211914e+00
-8.334374427795410156e-01
1.307624936103820801e+00
-2.248132824897766113e-01
-9.640043377876281738e-01
-8.203106522560119629e-01
-4.746697247028350830e-01
-4.162723422050476074e-01
-5.458891987800598145e-01
5.019102096557617188e-01
1.050876602530479431e-01
-9.897417575120925903e-02
-6.847643107175827026e-02
4.979877471923828125e-01
1.109629511833190918e+00
4.136809408664703369e-01
6.855313181877136230e-01
2.047714544460177422e-03
-1.123516917228698730e+00
-1.912199139595031738e+00
-7.985948920249938965e-01
-3.687567710876464844e-01
-7.994586974382400513e-02
-1.166939735412597656e+00
-3.702422082424163818e-01
3.622612059116363525e-01
1.459587812423706055e-01
-6.203804612159729004e-01
-8.982117772102355957e-01
7.740891724824905396e-02
6.656395196914672852e-01
-1.666556298732757568e-01
-7.260342687368392944e-02
-1.518299221992492676e+00
3.982757031917572021e-02
-1.745141297578811646e-01
9.788634181022644043e-01
-9.292447566986083984e-01
-1.083461523056030273e+00
-8.824741840362548828e-01
-6.550509929656982422e-01
8.921095132827758789e-01
-3.136398196220397949e-01
1.075467094779014587e-01
4.281432032585144043e-01
-4.965033233165740967e-01
-1.022385433316230774e-01
-4.636667966842651367e-01
-9.606115520000457764e-02
-5.122816562652587891e-01
1.150922536849975586e+00
-4.638280868530273438e-01
-3.906139731407165527e-02
3.241679966449737549e-01
-1.592196822166442871e+00
-4.869144856929779053e-01
-5.622763633728027344e-01
4.314504861831665039e-01
2.551093399524688721e-01
5.764865875244140625e-01
-1.397820413112640381e-01
-1.008517026901245117e+00
6.442890763282775879e-01
3.515168428421020508e-01
4.687772393226623535e-01
1.525212168693542480e+00
2.064511179924011230e-01
-8.571912348270416260e-02
3.303064703941345215e-01
1.653277315199375153e-02
-7.753890007734298706e-02
-3.760134279727935791e-01
3.980281352996826172e-01
8.729894161224365234e-01
-2.303748130798339844e+00
-4.025355279445648193e-01
-3.820844292640686035e-01
4.057325363159179688e+00
-8.064152598381042480e-01
3.397420942783355713e-01
9.126277565956115723e-01
-7.997993826866149902e-01
-6.286274194717407227e-01
-3.500209450721740723e-01
-1.282112836837768555e+00
2.312988340854644775e-01
8.152048587799072266e-01
-9.245242476463317871e-01
2.140577584505081177e-01
-1.081671237945556641e+00
4.279870688915252686e-01
1.699847936630249023e+00
7.982946634292602539e-01
1.436651110649108887e+00
1.048508360981941223e-01
-2.249044179916381836e-01
4.001728445291519165e-02
5.523438453674316406e-01
6.579851615242660046e-04
9.558916091918945312e-01
1.700635403394699097e-01
-5.624568462371826172e-01
-9.480135142803192139e-02
-1.322313025593757629e-02
3.649346530437469482e-01
1.941399335861206055e+00
4.570285975933074951e-01
-6.235826611518859863e-01
1.793455779552459717e-01
-1.085253953933715820e+00
1.242338027805089951e-02
-1.206041574478149414e+00
3.328355252742767334e-01
-3.521192669868469238e-01
-8.148871064186096191e-01
2.319082617759704590e-01
-2.478091716766357422e-01
3.285191655158996582e-01
-9.747363924980163574e-01
-1.427036404609680176e+00
-1.542153358459472656e+00
1.149914741516113281e+00
1.033934831619262695e+00
6.025536656379699707e-01
1.280241310596466064e-01
-3.455415666103363037e-01
3.808569312095642090e-01
3.885802626609802246e-01
-6.594781279563903809e-01
1.095606446266174316e+00
-1.402785062789916992e+00
8.464372754096984863e-01
6.773705482482910156e-01
-3.756564259529113770e-01
5.107963830232620239e-02
6.587927043437957764e-02
6.064521074295043945e-01
-5.975671410560607910e-01
8.613348603248596191e-01
-6.995602697134017944e-02
-1.785055637359619141e+00
-3.562941551208496094e-01
6.505433917045593262e-01
-3.937968015670776367e-01
3.495178520679473877e-01
-5.823042392730712891e-01
-1.137454986572265625e+00
3.335138037800788879e-02
6.801055073738098145e-01
-7.873055338859558105e-01
5.008476227521896362e-02
4.241448342800140381e-01
-8.719300627708435059e-01
-6.335786581039428711e-01
4.633354842662811279e-01
-1.049541309475898743e-01
-2.043455839157104492e-01
-4.807223677635192871e-01
-3.170484900474548340e-01
7.254396080970764160e-01
9.042037725448608398e-01
-9.717647433280944824e-01
4.657266438007354736e-01
-9.595687985420227051e-01
-9.418432116508483887e-01
2.262077331542968750e-01
1.641280353069305420e-01
1.440339982509613037e-01
-6.732234358787536621e-01
-6.408377289772033691e-01
1.658299416303634644e-01
4.199908375740051270e-01
5.939087271690368652e-01
-1.247979044914245605e+00
9.871973991394042969e-01
2.061239242553710938e+00
-7.741895914077758789e-01
-5.409702658653259277e-01
-8.375993929803371429e-03
-4.704804420471191406e-01
1.953586816787719727e+00
4.738977849483489990e-01
6.932523250579833984e-01
-1.627209931612014771e-01
2.539909258484840393e-02
7.502673864364624023e-01
-8.212901949882507324e-01
9.238936901092529297e-01
7.338368296623229980e-01
1.125290989875793457e+00
-2.830169200897216797e-01
1.186279859393835068e-02
4.580887258052825928e-01
6.812742948532104492e-01
-3.387060165405273438e-01
8.917496204376220703e-01
7.131890952587127686e-02
1.273670077323913574e+00
-3.571484386920928955e-01
-7.226111888885498047e-01
