9.829182624816894531e-01
9.642727673053741455e-02
-3.331542015075683594e-01
-5.894851684570312500e-01
-9.431062936782836914e-01
-1.448276877403259277e+00
-5.013651773333549500e-02
3.692060410976409912e-01
-7.795602083206176758e-01
-2.319217205047607422e+00
2.214398980140686035e-01
-1.888657093048095703e+00
1.193982601165771484e+00
-2.829107344150543213e-01
-9.301513433456420898e-01
-3.017593026161193848e-01
-7.301279306411743164e-01
-1.700196862220764160e-01
1.266837835311889648e+00
-4.742745459079742432e-01
-2.029423266649246216e-01
-1.883493304252624512e+00
7.393376827239990234e-01
-1.088084936141967773e+00
1.231165766716003418e+00
1.698072195053100586e+00
-4.758585989475250244e-01
1.374491214752197266e+00
-8.001605868339538574e-01
2.606712281703948975e-02
-5.997163653373718262e-01
7.742986679077148438e-01
-1.843140006065368652e+00
-3.565455377101898193e-01
-8.533024191856384277e-01
-4.373615607619285583e-02
-3.354299366474151611e-01
-2.668706178665161133e+00
1.398775428533554077e-01
5.624185130000114441e-02
-1.645819664001464844e+00
-8.827142119407653809e-01
-1.308065205812454224e-01
1.063688769936561584e-01
1.339118480682373047e+00
1.782376885414123535e+00
2.671548128128051758e-01
9.726282358169555664e-01
-3.363024592399597168e-01
7.310811281204223633e-01
-7.847932577133178711e-01
-6.593308597803115845e-02
-5.024659633636474609e-01
5.951746702194213867e-01
-3.595482110977172852e-01
-1.333866477012634277e+00
-3.607792854309082031e-01
-6.633062362670898438e-01
4.295544698834419250e-02
-1.129823327064514160e+00
-5.329275131225585938e-02
5.709046125411987305e-01
1.491443037986755371e+00
1.279058307409286499e-02
1.115700840950012207e+00
-6.732650399208068848e-01
1.086837768554687500e+00
-1.078195590525865555e-02
9.219442605972290039e-01
-1.045476317405700684e+00
5.443232655525207520e-01
6.478606462478637695e-01
4.194284975528717041e-01
-5.615320205688476562e-01
-8.863295912742614746e-01
1.197714805603027344e+00
2.191067636013031006e-01
3.002572059631347656e-01
3.680346161127090454e-02
1.545243859291076660e+00
5.252728983759880066e-02
2.637715637683868408e-01
-1.417117595672607422e+00
-4.556356370449066162e-01
4.003136754035949707e-01
2.792195044457912445e-02
2.491590939462184906e-02
6.457000970840454102e-02
-9.984002709388732910e-01
-4.928701817989349365e-01
-9.670286774635314941e-01
-1.039484500885009766e+00
-1.063129827380180359e-01
9.177088737487792969e-01
-1.981984451413154602e-02
9.829651117324829102e-01
7.497087121009826660e-01
3.267984390258789062e-01
-2.750347256660461426e-01
5.358150601387023926e-01
3.292804956436157227e-01
1.667057514190673828e+00
1.381447315216064453e+00
-4.582079052925109863e-01
-1.050450131297111511e-01
-9.483199119567871094e-01
-1.520211338996887207e+00
1.492256164550781250e+00
4.875701367855072021e-01
7.729481458663940430e-01
7.766450643539428711e-01
1.245929121971130371e+00
-9.927007555961608887e-01
-5.241677761077880859e-01
2.135819010436534882e-02
2.351315319538116455e-01
-8.357869088649749756e-02
-1.297504663467407227e+00
2.895996272563934326e-01
1.131407976150512695e+00
7.328143119812011719e-01
4.887873530387878418e-01
-3.770284652709960938e-01
2.554590404033660889e-01
-1.569199115037918091e-01
-5.698133707046508789e-01
7.066124677658081055e-01
1.928561210632324219e+00
-9.142060875892639160e-01
-5.329988598823547363e-01
1.481914877891540527e+00
-1.374980330467224121e+00
6.399183273315429688e-01
-1.058218479156494141e+00
-2.602337360382080078e+00
-6.697615981101989746e-01
1.087399423122406006e-01
1.326345652341842651e-01
-9.772248864173889160e-01
8.907479792833328247e-02
3.244619071483612061e-01
1.560325503349304199e+00
7.005361914634704590e-01
-1.336265683174133301e+00
-2.287915229797363281e+00
9.325264692306518555e-01
7.450221180915832520e-01
-1.373957037925720215e+00
-5.121284723281860352e-01
6.658934950828552246e-01
1.349324584007263184e+00
3.847697377204895020e-01
2.114973962306976318e-01
-6.495364755392074585e-02
1.183969020843505859e+00
9.905728697776794434e-02
-6.456423401832580566e-01
2.430083751678466797e-01
-4.258434176445007324e-01
3.863011002540588379e-01
4.339539110660552979e-01
-7.595277577638626099e-02
2.566940896213054657e-02
-1.907423436641693115e-01
-2.148840427398681641e-01
-1.137281298637390137e+00
-5.733496546745300293e-01
-6.812328696250915527e-01
-1.168062388896942139e-01
6.049736142158508301e-01
-1.122101187705993652e+00
-1.746905207633972168e+00
-1.735297799110412598e+00
1.189035415649414062e+00
5.530753135681152344e-01
8.183953166007995605e-01
2.943074703216552734e-01
2.507455050945281982e-01
-4.016836881637573242e-01
1.835421204566955566e+00
-1.149809002876281738e+00
-1.305562973022460938e+00
-8.236564397811889648e-01
6.749876737594604492e-01
9.385191202163696289e-01
-2.894501090049743652e-01
-1.293352127075195312e+00
-4.931373298168182373e-01
1.690614223480224609e+00
5.752329826354980469e-01
5.083306431770324707e-01
-9.280254840850830078e-01
-6.987661719322204590e-01
2.963211834430694580e-01
-7.341040670871734619e-02
-4.888191819190979004e-01
3.102782368659973145e-01
3.010089695453643799e-01
1.069849252700805664e+00
4.291914701461791992e-01
4.494184553623199463e-01
2.185633420944213867e+00
1.137135982513427734e+00
-6.585643291473388672e-01
7.264649271965026855e-01
-6.785208582878112793e-01
1.475041210651397705e-01
-1.567283987998962402e+00
6.956675648689270020e-01
-3.684557974338531494e-01
2.614753842353820801e-01
-6.197588443756103516e-01
5.184169411659240723e-01
2.700149118900299072e-01
-4.434645473957061768e-01
6.666908264160156250e-01
-2.520707368850708008e+00
-3.202253207564353943e-02
3.098739385604858398e-01
1.906525194644927979e-01
1.223785430192947388e-01
5.339386463165283203e-01
1.048288941383361816e+00
4.857410117983818054e-02
7.168260812759399414e-01
-6.677055358886718750e-01
4.978981018066406250e-01
5.355734825134277344e-01
-9.398477077484130859e-01
-1.846021294593811035e+00
-1.566197276115417480e-01
-9.646101593971252441e-01
-1.220988392829895020e+00
1.739157319068908691e+00
-1.518841534852981567e-01
3.252948224544525146e-01
4.628640711307525635e-01
1.011198163032531738e-01
-1.132484078407287598e+00
3.551209867000579834e-01
1.098699688911437988e+00
1.021774172782897949e+00
-6.776863336563110352e-01
1.531380891799926758e+00
-1.253493428230285645e+00
8.259841799736022949e-01
-5.213792920112609863e-01
5.287280082702636719e-01
4.497050344944000244e-01
-5.544415116310119629e-01
4.681134223937988281e-01
-5.639387369155883789e-01
-2.169185638427734375e+00
-1.597320437431335449e+00
1.408896565437316895e+00
-1.558199971914291382e-01
-2.729933857917785645e-01
3.797025680541992188e-01
-2.470545619726181030e-01
9.677054286003112793e-01
7.704541087150573730e-01
4.583835899829864502e-01
1.510247468948364258e+00
-9.892454743385314941e-01
-1.473724961280822754e+00
1.801325678825378418e-01
1.946025341749191284e-01
-6.538556218147277832e-01
4.063628196716308594e+00
9.828878045082092285e-01
-4.769500494003295898e-01
1.051878213882446289e+00
1.163492083549499512e+00
5.812597870826721191e-01
-4.341532886028289795e-01
8.550652265548706055e-01
2.954739928245544434e-01
1.286543346941471100e-02
1.250189900398254395e+00
-1.609658479690551758e+00
7.721503376960754395e-01
-8.352138996124267578e-01
1.216091156005859375e+00
1.577264964580535889e-01
2.638801559805870056e-02
7.162854671478271484e-01
3.891054987907409668e-01
4.852015078067779541e-01
2.643457949161529541e-01
-2.504376471042633057e-01
-1.329043030738830566e+00
1.735157847404479980e+00
6.765568256378173828e-01
-2.676530361175537109e+00
1.676159977912902832e+00
-9.257687926292419434e-01
1.429597377777099609e+00
-1.147305369377136230e-01
8.039738535881042480e-01
4.622891843318939209e-01
5.916646122932434082e-01
-1.532903194427490234e+00
-9.352607652544975281e-03
2.295840233564376831e-01
1.625985383987426758e+00
1.149974822998046875e+00
2.125027924776077271e-01
-8.741728067398071289e-01
1.214433610439300537e-01
-4.227846562862396240e-01
-1.431602478027343750e+00
-3.042059898376464844e+00
-1.223423600196838379e+00
2.781853452324867249e-02
-5.293449014425277710e-02
3.471073508262634277e-01
1.697659611701965332e+00
1.178691744804382324e+00
-5.136128067970275879e-01
-3.234940171241760254e-01
-1.686450719833374023e+00
5.360394120216369629e-01
9.358135461807250977e-01
-2.962769754230976105e-02
-9.423147439956665039e-01
1.585012674331665039e-01
-5.255802273750305176e-01
-1.390064805746078491e-01
-3.358350098133087158e-01
1.362931013107299805e+00
9.253851175308227539e-01
-3.507025241851806641e-01
1.686908006668090820e+00
5.273950695991516113e-01
5.416092872619628906e-01
-1.118905305862426758e+00
-2.376316487789154053e-01
-1.185863018035888672e+00
1.758219480514526367e+00
-3.461890220642089844e-01
-4.512581601738929749e-02
1.796712540090084076e-02
7.720544934272766113e-01
3.532209992408752441e-01
-2.381747066974639893e-01
1.002989768981933594e+00
-1.211059093475341797e+00
7.531909346580505371e-01
-2.155186176300048828e+00
-3.368793129920959473e-01
-1.375035524368286133e+00
-7.042022943496704102e-01
-6.231704950332641602e-01
5.712778568267822266e-01
-8.041394948959350586e-01
-7.116883397102355957e-01
-6.830300390720367432e-02
-1.143475532531738281e+00
-4.503735899925231934e-01
8.907988071441650391e-01
5.684582591056823730e-01
-5.972595810890197754e-01
6.814618110656738281e-01
-8.224439620971679688e-01
-1.400996565818786621e+00
4.026660621166229248e-01
2.376651048660278320e+00
-1.591451168060302734e-01
1.342389941215515137e+00
7.462823390960693359e-01
2.530048489570617676e-01
1.640581935644149780e-01
-1.034429788589477539e+00
1.988184809684753418e+00
7.286790609359741211e-01
7.282303571701049805e-01
3.339825570583343506e-01
-1.101253747940063477e+00
-9.402680993080139160e-01
7.313582897186279297e-01
8.655405044555664062e-01
1.155288219451904297e+00
5.308622717857360840e-01
-2.591231167316436768e-01
-2.238864898681640625e-01
1.430596858263015747e-01
-1.577396392822265625e-01
-7.443219423294067383e-02
1.541358828544616699e+00
-6.633523702621459961e-01
1.274582982063293457e+00
7.688612937927246094e-01
1.068690195679664612e-01
-1.190275549888610840e+00
1.890828847885131836e+00
-7.805269360542297363e-01
-1.001543641090393066e+00
7.189491987228393555e-01
3.563518822193145752e-02
6.044365167617797852e-01
-1.049382925033569336e+00
-1.294832587242126465e+00
-1.001405119895935059e-01
-9.910454750061035156e-01
-1.022419571876525879e+00
-6.332993507385253906e-01
-8.660472035408020020e-01
1.061203241348266602e+00
-1.917156130075454712e-01
-5.883843302726745605e-01
-6.970104575157165527e-01
1.155913472175598145e-01
-7.659677863121032715e-01
1.542015075683593750e+00
5.631840229034423828e-01
7.490289211273193359e-01
-9.218652844429016113e-01
-8.445237874984741211e-01
-7.207539677619934082e-01
2.041022777557373047e+00
-1.557026982307434082e+00
-6.827908158302307129e-01
5.428569912910461426e-01
1.537569284439086914e+00
3.311996459960937500e-01
7.526575922966003418e-01
-2.614668607711791992e-01
-1.261863559484481812e-01
-1.784992218017578125e+00
2.511889934539794922e-01
-7.948278188705444336e-01
1.528846025466918945e+00
1.288120269775390625e+00
-9.337557554244995117e-01
-1.007359385490417480e+00
-7.045695185661315918e-01
1.052530288696289062e+00
-1.004021883010864258e+00
2.445770055055618286e-01
8.158491849899291992e-01
-9.020928740501403809e-01
6.412104517221450806e-02
-1.017817974090576172e+00
1.034755825996398926e+00
-4.351705908775329590e-01
-1.917976769618690014e-03
-1.467804759740829468e-01
1.976341903209686279e-01
-5.727021694183349609e-01
-6.131157279014587402e-01
-1.173086404800415039e+00
-1.233424544334411621e+00
-1.195520758628845215e+00
-1.388907670974731445e+00
-1.076485991477966309e+00
-3.774929940700531006e-01
8.007035255432128906e-01
9.334453195333480835e-02
4.285559654235839844e-01
-1.165407061576843262e+00
1.081245183944702148e+00
4.066638350486755371e-01
-1.694302260875701904e-01
9.182592034339904785e-01
-1.065476894378662109e+00
-2.349608093500137329e-01
3.924697041511535645e-01
1.364362239837646484e+00
-7.980271577835083008e-01
-1.356251835823059082e-01
9.343084692955017090e-01
1.332570195198059082e+00
-7.773900032043457031e-01
7.688081264495849609e-01
-4.693512022495269775e-01
-4.088148772716522217e-01
1.205462098121643066e+00
-7.772124409675598145e-01
-7.856991887092590332e-01
1.238385915756225586e+00
1.182848215103149414e+00
7.089795544743537903e-03
-5.464842915534973145e-01
1.510256528854370117e+00
1.140185445547103882e-01
-5.788687467575073242e-01
6.972879767417907715e-01
6.069474220275878906e-01
1.063621118664741516e-01
-2.310813367366790771e-01
1.038308620452880859e+00
1.564136266708374023e+00
-2.131221070885658264e-02
1.318367362022399902e+00
-6.527457833290100098e-01
-8.980719000101089478e-02
-1.080873966217041016e+00
-1.896315813064575195e+00
5.926701426506042480e-01
1.145163536071777344e+00
-3.746140897274017334e-01
4.403341114521026611e-01
-1.047362446784973145e+00
7.612680792808532715e-01
-9.077169299125671387e-01
4.278850853443145752e-01
-6.149708032608032227e-01
2.974444627761840820e-01
9.492973983287811279e-02
8.237031102180480957e-01
7.086656689643859863e-01
-5.039849281311035156e-01
-3.185508549213409424e-01
-8.544430136680603027e-02
4.454346597194671631e-01
9.891507625579833984e-01
-1.232335343956947327e-01
-6.715637445449829102e-01
9.712219238281250000e-02
-1.469449758529663086e+00
-3.326522409915924072e-01
-6.571614742279052734e-01
-2.184283256530761719e+00
-1.037333250045776367e+00
-1.742994189262390137e-01
9.607412219047546387e-01
-2.586816847324371338e-01
7.910637259483337402e-01
1.149383306503295898e+00
-7.267774343490600586e-01
-6.379697322845458984e-01
1.696742177009582520e+00
4.222982823848724365e-01
-3.464576601982116699e-01
-6.782617568969726562e-01
-1.481764912605285645e+00
-1.167330503463745117e+00
9.464523792266845703e-01
-1.318802595138549805e+00
1.091855019330978394e-01
-2.957935817539691925e-02
-3.259493410587310791e-01
-7.151126265525817871e-01
-6.517423987388610840e-01
1.460999846458435059e+00
-5.946598052978515625e-01
9.640817642211914062e-01
5.949198007583618164e-01
-2.775849997997283936e-01
7.384891510009765625e-01
4.250699281692504883e-02
4.032162129878997803e-01
-1.315515637397766113e+00
-8.601470035500824451e-04
5.253146886825561523e-01
8.183263540267944336e-01
-7.772350311279296875e-01
7.865668535232543945e-01
-1.017543196678161621e+00
-1.334063291549682617e+00
-8.374962955713272095e-03
7.843801379203796387e-01
-1.347367525100708008e+00
6.571578383445739746e-01
6.653684377670288086e-01
-2.531526982784271240e-02
1.096882700920104980e+00
6.844558119773864746e-01
1.556546568870544434e+00
-8.596355319023132324e-01
1.622522920370101929e-01
4.300648272037506104e-01
-1.935528516769409180e+00
-1.307005167007446289e+00
-4.563032090663909912e-01
-5.126466155052185059e-01
-8.042435646057128906e-01
-4.054695665836334229e-01
4.325769543647766113e-01
-3.674199283123016357e-01
-1.315708637237548828e+00
9.647622704505920410e-01
4.085128605365753174e-01
8.889549374580383301e-01
5.370362997055053711e-01
1.020171642303466797e-01
-8.165155649185180664e-01
-1.986521363258361816e+00
-1.401082754135131836e+00
-2.704021930694580078e-01
3.647170960903167725e-01
-1.054598689079284668e+00
-4.015170037746429443e-01
1.853166073560714722e-01
-1.141363009810447693e-01
-8.725197315216064453e-01
-1.336496233940124512e+00
-2.892571985721588135e-01
-9.609782695770263672e-02
-2.190292626619338989e-01
-3.498538136482238770e-01
-6.226143240928649902e-01
3.356103003025054932e-01
4.306452870368957520e-01
1.535948395729064941e+00
-1.395577430725097656e+00
-6.621017456054687500e-01
-1.061614274978637695e+00
-2.584694325923919678e-01
4.049086272716522217e-01
-3.295408785343170166e-01
1.365727186203002930e-01
4.236894845962524414e-01
-3.682517111301422119e-01
-9.398319721221923828e-01
-9.732676148414611816e-01
-8.836105465888977051e-02
-1.074120700359344482e-01
9.490764737129211426e-01
-3.500752151012420654e-01
-1.005509614944458008e+00
7.612037062644958496e-01
-1.236688137054443359e+00
1.019904971122741699e+00
-9.213851094245910645e-01
9.550424218177795410e-01
-5.224738121032714844e-01
-4.042866826057434082e-01
3.113012313842773438e-01
-1.975941896438598633e+00
9.286926388740539551e-01
7.677047252655029297e-01
3.081166148185729980e-01
1.251028656959533691e+00
-2.485823482275009155e-01
-2.533680796623229980e-01
-7.277821898460388184e-01
1.925250142812728882e-01
-1.099070072174072266e+00
7.805613875389099121e-01
-5.321194529533386230e-01
7.531243562698364258e-02
-9.143295288085937500e-01
1.207243353128433228e-01
-1.950319558382034302e-01
3.021396398544311523e+00
-5.063953399658203125e-01
-4.154472947120666504e-01
2.552088797092437744e-01
-1.036296486854553223e+00
-2.256352663040161133e+00
-8.458180427551269531e-01
7.607943415641784668e-01
-3.294028341770172119e-01
-7.696670293807983398e-02
-1.152610301971435547e+00
-3.574784696102142334e-01
-1.668480515480041504e+00
1.047785043716430664e+00
8.870306015014648438e-01
-2.592682242393493652e-01
1.522109270095825195e+00
3.211010992527008057e-01
-1.489042401313781738e+00
3.809742396697402000e-03
8.832383155822753906e-01
-3.115863502025604248e-01
6.359713077545166016e-01
-4.375891089439392090e-01
-7.947892546653747559e-01
7.017952799797058105e-01
1.528879404067993164e-01
-2.244065552949905396e-01
1.345153450965881348e+00
1.783209204673767090e+00
-1.777820736169815063e-01
6.201862916350364685e-02
-5.877802371978759766e-01
7.693399786949157715e-01
-2.210207730531692505e-01
-1.357045769691467285e-01
-9.020677804946899414e-01
6.752623617649078369e-02
1.129338502883911133e+00
-2.656054198741912842e-01
4.211046397686004639e-01
-5.598447918891906738e-01
-2.633763104677200317e-02
2.434393167495727539e+00
1.657620072364807129e+00
-6.927761435508728027e-01
-3.515594601631164551e-01
-4.440791308879852295e-01
-7.570126652717590332e-01
1.380890250205993652e+00
7.842649817466735840e-01
-5.567513704299926758e-01
-1.581127196550369263e-02
-6.498984098434448242e-01
3.535172343254089355e-01
3.692470192909240723e-01
-3.200180083513259888e-02
-5.088444948196411133e-01
6.104015111923217773e-01
9.826164841651916504e-01
-6.753154993057250977e-01
8.910744786262512207e-01
9.159733653068542480e-01
-1.224848270416259766e+00
4.192276597023010254e-01
1.215084195137023926e+00
-6.064039468765258789e-02
-8.693028092384338379e-01
-1.315329194068908691e+00
-1.632595658302307129e+00
7.808004021644592285e-01
1.688337683677673340e+00
-1.200176954269409180e+00
1.191270947456359863e+00
-1.223808646202087402e+00
-6.961773037910461426e-01
-1.006852269172668457e+00
-7.560516148805618286e-02
2.711672484874725342e-01
-1.056864261627197266e+00
2.147741466760635376e-01
-4.201901555061340332e-01
-1.210969090461730957e-01
1.443120479583740234e+00
-1.174049139022827148e+00
3.398316204547882080e-01
-7.729970812797546387e-01
-3.134580254554748535e-01
-2.589608430862426758e-01
4.018099606037139893e-01
1.078716993331909180e+00
2.992970347404479980e-01
-1.111734658479690552e-01
2.137876451015472412e-01
4.014061391353607178e-01
3.610128164291381836e-02
-8.229565024375915527e-01
1.343819737434387207e+00
1.149807453155517578e+00
3.201493322849273682e-01
-2.507033646106719971e-01
1.371377468109130859e+00
-7.789199054241180420e-02
2.162542581558227539e+00
1.015367507934570312e+00
1.037633419036865234e+00
-1.939511299133300781e-01
-1.189404964447021484e+00
3.729110360145568848e-01
-1.511688351631164551e+00
1.636907577514648438e+00
-1.354183077812194824e+00
-5.400976538658142090e-01
-1.052854537963867188e+00
6.351545453071594238e-01
-5.585331320762634277e-01
-3.946154117584228516e-01
-9.505627155303955078e-01
6.258692741394042969e-01
1.748791813850402832e+00
4.395284354686737061e-01
-3.041560649871826172e-01
1.834525028243660927e-03
