1.952645182609558105e+00
5.716117024421691895e-01
-2.161611914634704590e-01
-1.479272246360778809e+00
-6.466022729873657227e-01
-1.664414525032043457e+00
-8.838608860969543457e-01
-4.153347387909889221e-02
-2.734509229660034180e+00
-1.582952618598937988e+00
8.069281578063964844e-01
-2.554374217987060547e+00
1.817072391510009766e+00
6.389633417129516602e-01
-3.368801176548004150e-01
-4.890810251235961914e-01
-6.350999474525451660e-01
1.049591183662414551e+00
-1.324873864650726318e-01
-3.004412353038787842e-01
1.050836920738220215e+00
-5.643009543418884277e-01
8.176676630973815918e-01
-1.730089306831359863e+00
2.352570533752441406e+00
-5.369811058044433594e-01
-2.411291897296905518e-01
2.163666486740112305e+00
-1.368006348609924316e+00
1.749718546867370605e+00
-3.978679180145263672e-01
5.709844231605529785e-01
-2.670879840850830078e+00
1.910914331674575806e-01
-2.420873492956161499e-01
1.011275172233581543e+00
-1.224697828292846680e+00
-3.169696092605590820e+00
4.010288417339324951e-02
7.360262274742126465e-01
-1.357245683670043945e+00
-2.176765680313110352e+00
-4.010384976863861084e-01
1.440572440624237061e-01
2.332309007644653320e+00
7.035180330276489258e-01
-4.712217450141906738e-01
1.722114682197570801e+00
9.708425998687744141e-01
1.398134946823120117e+00
-9.094731807708740234e-01
-3.546243906021118164e-01
4.920701980590820312e-01
3.616565763950347900e-01
6.982817053794860840e-01
-1.483096718788146973e+00
2.729707360267639160e-01
-1.713756203651428223e+00
1.183691024780273438e+00
-1.307878613471984863e+00
3.897939920425415039e-01
4.933897852897644043e-01
1.435567259788513184e+00
-2.624649107456207275e-01
3.322977542877197266e+00
3.521688580513000488e-01
7.919049859046936035e-01
3.399590849876403809e-01
2.095495700836181641e+00
-6.379935145378112793e-01
8.562735319137573242e-01
1.387960791587829590e+00
2.405979186296463013e-01
2.532282099127769470e-02
-8.428868651390075684e-01
1.098815441131591797e+00
4.937138557434082031e-01
1.809833347797393799e-01
-6.922814846038818359e-01
1.057539463043212891e+00
1.264404505491256714e-01
7.881740927696228027e-01
-3.018375873565673828e+00
1.022625923156738281e+00
9.350648522377014160e-01
-6.717253476381301880e-02
5.019171908497810364e-02
-7.257888466119766235e-02
-4.854609668254852295e-01
-1.424285411834716797e+00
-8.868397474288940430e-01
-1.181736350059509277e+00
-1.997541040182113647e-01
1.398692846298217773e+00
-3.762668371200561523e-01
1.123827099800109863e+00
2.995722889900207520e-01
1.703342080116271973e+00
3.316565454006195068e-01
-6.164308786392211914e-01
2.441041022539138794e-01
1.391543865203857422e+00
2.338779121637344360e-01
-6.980076432228088379e-01
-2.445462942123413086e+00
-1.021613597869873047e+00
-1.801026821136474609e+00
2.195413112640380859e+00
1.563486307859420776e-01
-2.016215473413467407e-01
7.460073828697204590e-01
2.460841417312622070e+00
-2.755361199378967285e-01
-1.640582203865051270e+00
-1.354895979166030884e-01
-6.368678808212280273e-01
5.482854843139648438e-01
2.856571972370147705e-01
-5.599399805068969727e-01
1.924366474151611328e+00
1.239032298326492310e-01
1.261858820915222168e+00
-6.563986539840698242e-01
1.084463447332382202e-01
3.528484404087066650e-01
-7.537398338317871094e-01
8.763521909713745117e-01
1.374510049819946289e+00
-1.629638195037841797e+00
-7.782256603240966797e-02
7.499554753303527832e-01
-9.740384817123413086e-01
-7.925397716462612152e-03
-1.295172333717346191e+00
-2.662585020065307617e+00
-1.128040254116058350e-01
-3.895494639873504639e-01
-7.147073149681091309e-01
-1.725325345993041992e+00
4.508864581584930420e-01
3.215842843055725098e-01
1.267647147178649902e+00
7.059653401374816895e-01
-5.705024003982543945e-01
-2.051817655563354492e+00
1.154965162277221680e+00
5.630150437355041504e-01
-1.420986771583557129e+00
-7.835574746131896973e-01
-1.410644888877868652e+00
1.954095721244812012e+00
1.800840198993682861e-01
2.989608645439147949e-01
-1.668664067983627319e-01
1.754291772842407227e+00
-1.063251852989196777e+00
-1.933525562286376953e+00
-1.461393952369689941e+00
-1.041669011116027832e+00
4.476024210453033447e-01
7.327892780303955078e-01
5.252621769905090332e-01
4.166348278522491455e-01
-1.016900539398193359e+00
-5.134185552597045898e-01
-7.060562819242477417e-02
-8.364322781562805176e-01
-4.321696460247039795e-01
-3.700762689113616943e-01
1.502632498741149902e+00
-1.412543416023254395e+00
-2.531843900680541992e+00
-2.136431932449340820e+00
1.147765040397644043e+00
1.202526807785034180e+00
1.470143556594848633e+00
6.460640430450439453e-01
1.879942268133163452e-01
-3.298123478889465332e-01
7.713994383811950684e-01
-4.664280116558074951e-01
-8.759738206863403320e-01
-1.510411739349365234e+00
7.795951962471008301e-01
1.708119034767150879e+00
8.633505702018737793e-01
-1.235024213790893555e+00
-7.383000254631042480e-01
3.476146697998046875e+00
1.901728034019470215e+00
-1.599456518888473511e-01
-4.387426674365997314e-01
-1.409776806831359863e+00
1.582458615303039551e+00
-1.058084487915039062e+00
-7.905547022819519043e-01
4.174093529582023621e-02
-7.394360303878784180e-01
6.434876322746276855e-01
1.181662201881408691e+00
9.805949330329895020e-01
1.173901319503784180e+00
1.037693262100219727e+00
-1.560557246208190918e+00
-2.830469012260437012e-01
-1.324692487716674805e+00
1.596976965665817261e-01
-1.900424718856811523e+00
8.040534853935241699e-01
6.104258894920349121e-01
-1.337831374257802963e-02
-2.187764167785644531e+00
7.114042639732360840e-01
-3.782410919666290283e-01
-1.403917074203491211e+00
-4.610095322132110596e-01
-3.334558010101318359e+00
-8.974449634552001953e-01
4.400954544544219971e-01
-5.050099268555641174e-02
-7.909976243972778320e-01
1.297780990600585938e+00
1.929330825805664062e+00
-5.311198830604553223e-01
1.406886816024780273e+00
3.060309886932373047e-01
1.000651359558105469e+00
-8.167461752891540527e-01
-1.645739078521728516e+00
-1.909067273139953613e+00
6.209816932678222656e-01
-1.065836071968078613e+00
-6.874741911888122559e-01
1.296553850173950195e+00
5.087158083915710449e-01
5.188354849815368652e-01
5.279203653335571289e-01
-9.710813313722610474e-02
-6.790801882743835449e-01
-1.701168566942214966e-01
1.329358816146850586e+00
1.154052257537841797e+00
-2.012371063232421875e+00
1.038318514823913574e+00
-1.987467169761657715e+00
2.633053436875343323e-02
-1.486160010099411011e-01
2.655644714832305908e-01
7.188717275857925415e-02
-1.560323238372802734e+00
-3.358001708984375000e-01
-2.854872345924377441e-01
-1.916467785835266113e+00
-8.501722812652587891e-01
1.961284637451171875e+00
-1.500684142112731934e+00
6.567040681838989258e-01
4.566924571990966797e-01
2.564294338226318359e-01
4.599096477031707764e-01
-7.343311309814453125e-01
5.977834463119506836e-01
7.487221956253051758e-01
-8.490595817565917969e-01
-2.429020643234252930e+00
8.300666213035583496e-01
-8.202033638954162598e-01
-8.812663555145263672e-01
3.993349313735961914e+00
5.486040711402893066e-01
-1.003854870796203613e+00
1.806410908699035645e+00
1.377350807189941406e+00
1.877035260200500488e+00
-9.571060538291931152e-01
-3.836840623989701271e-03
4.132262766361236572e-01
-5.313991904258728027e-01
-4.729632139205932617e-01
-1.364428162574768066e+00
1.479773759841918945e+00
-1.438011765480041504e+00
1.094231605529785156e+00
1.388900429010391235e-01
1.462849617004394531e+00
1.655674099922180176e+00
-8.531593680381774902e-01
-1.494546234607696533e-01
5.786067619919776917e-02
-6.219248771667480469e-01
-2.441639184951782227e+00
4.066235423088073730e-01
5.748589634895324707e-01
-3.423690557479858398e+00
1.081393122673034668e+00
-2.183086872100830078e+00
-6.100162267684936523e-01
-1.417400598526000977e+00
-6.460725069046020508e-01
1.684417843818664551e+00
2.112460732460021973e-01
-4.417105913162231445e-01
1.347948759794235229e-01
6.723152995109558105e-01
3.380949020385742188e+00
7.840617895126342773e-01
8.840034008026123047e-01
-1.111554980278015137e+00
-6.476270407438278198e-02
-2.143972963094711304e-01
-1.487616419792175293e+00
-2.603827714920043945e+00
-1.770804405212402344e+00
1.931348323822021484e+00
3.166698515415191650e-01
1.148986577987670898e+00
2.572963953018188477e+00
1.137084245681762695e+00
1.086954116821289062e+00
-7.604781985282897949e-01
-5.158752202987670898e-01
1.267165780067443848e+00
1.138400912284851074e+00
5.055800676345825195e-01
-1.113896608352661133e+00
-9.024654626846313477e-01
-6.337584853172302246e-01
-1.559197902679443359e-01
-6.266114711761474609e-01
7.355121970176696777e-01
8.137826323509216309e-01
-1.760808587074279785e+00
1.123365163803100586e+00
-1.462123245000839233e-01
3.723272383213043213e-01
-1.388538718223571777e+00
3.240915536880493164e-01
-9.898566007614135742e-01
3.153620958328247070e+00
-4.713754951953887939e-01
-2.058162391185760498e-01
8.403747528791427612e-02
1.195924520492553711e+00
1.448260188102722168e+00
1.158031940460205078e+00
9.856727719306945801e-01
-2.663722753524780273e+00
1.604273319244384766e+00
-6.604015827178955078e-01
-9.719282388687133789e-01
-6.160005331039428711e-01
-1.014568328857421875e+00
6.394555568695068359e-01
1.376099705696105957e+00
2.504911720752716064e-01
-6.308385729789733887e-01
-8.176587820053100586e-01
-1.819565653800964355e+00
7.784285545349121094e-01
2.258970737457275391e+00
2.751052677631378174e-01
-1.077926635742187500e+00
4.026184789836406708e-03
-2.477877773344516754e-02
-3.224365472793579102e+00
1.085423707962036133e+00
2.316288709640502930e+00
-3.559878170490264893e-01
7.748596072196960449e-01
1.199465632438659668e+00
-3.830279782414436340e-02
-9.804419875144958496e-01
-1.347293972969055176e+00
2.750845193862915039e+00
1.265011668205261230e+00
-2.700019776821136475e-01
-6.988934874534606934e-01
-1.626326680183410645e+00
2.434512674808502197e-01
1.508016228675842285e+00
1.335840344429016113e+00
1.632337927818298340e+00
-1.763261258602142334e-01
-2.767474055290222168e-01
-2.371792793273925781e-01
-3.154089450836181641e-01
-6.994475722312927246e-01
-1.921867281198501587e-01
1.850234150886535645e+00
1.528675258159637451e-01
1.792971849441528320e+00
5.183193087577819824e-01
2.002547532320022583e-01
-9.141189455986022949e-01
2.728538990020751953e+00
-4.626095592975616455e-01
-1.139311194419860840e+00
1.121049642562866211e+00
-1.459255933761596680e+00
1.155404925346374512e+00
-2.026685774326324463e-01
-2.050496101379394531e+00
3.740236535668373108e-02
-1.497412919998168945e+00
-1.726940870285034180e+00
3.329304158687591553e-01
-6.947587728500366211e-01
1.591039180755615234e+00
9.100013971328735352e-01
-1.900720357894897461e+00
1.203207373619079590e-01
-1.991308182477951050e-01
-2.284396886825561523e-01
8.157424926757812500e-01
8.054162263870239258e-01
1.441229820251464844e+00
3.723151981830596924e-01
6.827602982521057129e-01
-2.764998078346252441e-01
1.472482204437255859e+00
-3.739975392818450928e-01
-1.513399243354797363e+00
2.848006188869476318e-01
1.102956056594848633e+00
-3.108695745468139648e-01
8.603881597518920898e-01
-1.557869195938110352e+00
-9.559356570243835449e-01
-2.657078266143798828e+00
-9.716721773147583008e-01
4.477177858352661133e-01
2.350796699523925781e+00
5.822288393974304199e-01
-1.196425080299377441e+00
-1.174765467643737793e+00
2.407542020082473755e-01
9.280514717102050781e-01
-1.176363416016101837e-02
-4.020582437515258789e-01
4.738945662975311279e-01
8.103916049003601074e-01
1.129340171813964844e+00
-1.663316249847412109e+00
8.034335374832153320e-01
-1.943776756525039673e-01
-1.541355967521667480e+00
-1.205712437629699707e+00
7.657810449600219727e-01
2.008227556943893433e-01
-1.029534578323364258e+00
-1.469942331314086914e+00
-1.383085608482360840e+00
-6.231791973114013672e-01
-8.738589286804199219e-01
-1.116660907864570618e-01
-2.422152757644653320e-01
-4.757172614336013794e-02
8.295233845710754395e-01
-3.163089156150817871e-01
-3.770912587642669678e-01
5.411134958267211914e-01
-1.126717925071716309e+00
3.181766867637634277e-01
1.850406825542449951e-02
-7.635383009910583496e-01
6.504125595092773438e-01
-1.087120890617370605e+00
6.422890424728393555e-01
-4.153764247894287109e-01
9.318072795867919922e-01
-3.997923135757446289e-01
9.574027657508850098e-01
-9.016806483268737793e-01
-1.409551650285720825e-01
-2.988338768482208252e-01
-8.777238130569458008e-01
1.183672428131103516e+00
1.119977310299873352e-01
-1.735800623893737793e+00
1.405363082885742188e+00
1.383894085884094238e+00
-1.557945162057876587e-01
-1.931336045265197754e+00
8.661120533943176270e-01
3.492761552333831787e-01
-6.353604197502136230e-01
7.416793704032897949e-01
1.903893947601318359e+00
9.087164998054504395e-01
-1.011482715606689453e+00
5.635185241699218750e-01
2.160471200942993164e+00
2.903878688812255859e-01
1.989278674125671387e+00
-1.671398878097534180e+00
1.044727325439453125e+00
-2.444761037826538086e+00
-3.498973608016967773e+00
2.779983878135681152e-01
-7.561428546905517578e-01
1.551127076148986816e+00
1.391838192939758301e+00
-2.429700136184692383e+00
-3.039057254791259766e-01
-1.378817319869995117e+00
1.353660583496093750e+00
-3.081560134887695312e-01
1.653610169887542725e-01
4.013035595417022705e-01
1.189187169075012207e+00
7.361879348754882812e-01
-5.509763360023498535e-01
-6.304024457931518555e-01
-2.860393524169921875e-01
7.766243219375610352e-01
6.808113455772399902e-01
-8.164216876029968262e-01
-2.208599150180816650e-01
7.943525314331054688e-01
-1.115096449851989746e+00
-1.040332019329071045e-01
-1.168590188026428223e+00
-1.935669183731079102e+00
-7.259698510169982910e-01
6.186844706535339355e-01
9.456991553306579590e-01
-7.689232230186462402e-01
1.693626344203948975e-01
2.016552448272705078e+00
-5.679304003715515137e-01
-1.093335628509521484e+00
8.208380937576293945e-01
4.008273407816886902e-02
-3.570918738842010498e-02
-1.241352677345275879e+00
-1.176974058151245117e+00
-6.000447273254394531e-01
4.799389243125915527e-01
-2.325087040662765503e-01
-2.596748471260070801e-01
-6.674093604087829590e-01
6.747429370880126953e-01
-1.286149382591247559e+00
7.203931361436843872e-02
1.530761003494262695e+00
-1.898676156997680664e+00
7.507525682449340820e-01
4.152181744575500488e-01
-6.862716674804687500e-01
5.905180573463439941e-01
6.458516120910644531e-01
-2.268469929695129395e-01
-1.969812273979187012e+00
-1.412192225456237793e+00
1.599311590194702148e+00
4.866093099117279053e-01
-1.071439623832702637e+00
1.239859342575073242e+00
-3.657494783401489258e-01
-2.937523365020751953e+00
-9.494163095951080322e-02
-5.780067667365074158e-02
-2.038175314664840698e-01
1.863106042146682739e-01
-5.143355727195739746e-01
1.401974856853485107e-01
1.209957122802734375e+00
3.274186849594116211e+00
1.746424555778503418e+00
-1.078167915344238281e+00
5.573677420616149902e-01
-4.904309660196304321e-02
-1.648052930831909180e+00
-1.547981739044189453e+00
-1.301071166992187500e+00
2.646535634994506836e-01
5.498312786221504211e-02
-5.457473397254943848e-01
2.526629209518432617e+00
-1.549983501434326172e+00
-1.845250368118286133e+00
2.960664629936218262e-01
7.650491595268249512e-01
6.964335441589355469e-01
1.630731582641601562e+00
-6.186136603355407715e-01
-6.660043597221374512e-01
-1.517099142074584961e+00
-1.536866903305053711e+00
3.036641478538513184e-01
7.210724800825119019e-02
-6.172666549682617188e-01
-1.139101982116699219e+00
-9.338231682777404785e-01
-5.557938814163208008e-01
-1.521548867225646973e+00
-1.738963425159454346e-01
2.640996873378753662e-01
3.064527511596679688e-01
1.355716109275817871e+00
-1.350011706352233887e+00
-1.011216282844543457e+00
1.102618336677551270e+00
-4.893251955509185791e-01
2.152612447738647461e+00
-8.320901393890380859e-01
-4.470611214637756348e-01
-1.579883813858032227e+00
8.727376461029052734e-01
1.486484646797180176e+00
-6.475825905799865723e-01
-6.223540306091308594e-01
7.633044123649597168e-01
-2.200813889503479004e-01
-1.149511456489562988e+00
1.945161223411560059e-01
3.675666153430938721e-01
-7.843091487884521484e-01
1.421392202377319336e+00
-4.963847994804382324e-01
-7.142294645309448242e-01
7.639117240905761719e-01
-2.950755119323730469e+00
7.241737842559814453e-01
-6.462937593460083008e-01
1.842347025871276855e+00
-2.878731787204742432e-01
4.384775832295417786e-02
3.712184131145477295e-01
-1.948690414428710938e+00
7.976397275924682617e-01
8.567340373992919922e-01
5.596291422843933105e-01
1.097042202949523926e+00
-4.277951121330261230e-01
3.379232287406921387e-01
-1.638703197240829468e-01
9.686897397041320801e-01
-6.772328019142150879e-01
4.626051783561706543e-01
-9.507071971893310547e-01
4.472581148147583008e-01
-6.008752584457397461e-01
-2.167398035526275635e-01
-6.145786046981811523e-01
2.754968404769897461e+00
-1.353876590728759766e+00
-1.735690593719482422e+00
9.661238193511962891e-01
-8.167199492454528809e-01
-1.759762048721313477e+00
8.551288396120071411e-02
-3.706118762493133545e-01
1.457556430250406265e-02
1.247135162353515625e+00
-1.162031888961791992e+00
-6.125586032867431641e-01
-5.043331384658813477e-01
2.000542879104614258e-01
1.116128087043762207e+00
2.841494977474212646e-02
8.997825384140014648e-01
-5.323890447616577148e-01
-8.691027760505676270e-01
2.049963027238845825e-01
7.348458170890808105e-01
-8.340763449668884277e-01
1.407232403755187988e+00
-5.215162634849548340e-01
-1.974284410476684570e+00
-1.761790364980697632e-01
-7.881672978401184082e-01
6.870598196983337402e-01
1.693361043930053711e+00
5.454470515251159668e-01
3.637884557247161865e-02
1.534193158149719238e-01
-5.254204869270324707e-01
1.218248367309570312e+00
5.182648301124572754e-01
-8.334278464317321777e-01
-5.260832905769348145e-01
-1.084321498870849609e+00
1.605365395545959473e+00
-8.616231381893157959e-02
-8.616927862167358398e-01
-7.809160351753234863e-01
-7.859321832656860352e-01
1.801755309104919434e+00
1.324036121368408203e+00
4.403814077377319336e-01
-1.912459731101989746e-01
9.719319343566894531e-01
-4.697118401527404785e-01
1.343289732933044434e+00
6.894074082374572754e-01
-1.554957389831542969e+00
-6.354154944419860840e-01
-4.463712275028228760e-01
1.545672893524169922e+00
1.274443626403808594e+00
5.045041069388389587e-02
1.667095124721527100e-01
-1.044147536158561707e-01
3.363633751869201660e-01
-1.392589688301086426e+00
4.054804444313049316e-01
1.109820961952209473e+00
-1.241713404655456543e+00
5.119003057479858398e-01
2.683471739292144775e-01
7.032928466796875000e-01
8.107591867446899414e-01
-7.133721709251403809e-01
-1.718666195869445801e+00
-1.537907123565673828e+00
7.462548613548278809e-01
-1.246701121330261230e+00
1.733950614929199219e+00
-1.151116847991943359e+00
-7.493253350257873535e-01
4.629519581794738770e-01
-5.409053564071655273e-01
-2.547074258327484131e-01
1.563978046178817749e-01
-7.403754591941833496e-01
-9.059702605009078979e-02
1.220140576362609863e+00
1.028841376304626465e+00
-1.194460391998291016e+00
8.518022894859313965e-01
-8.455491662025451660e-01
-7.012186050415039062e-01
-7.000752091407775879e-01
-7.363706231117248535e-01
-2.166854739189147949e-01
6.922484636306762695e-01
1.052212834358215332e+00
6.444948911666870117e-01
-1.895164102315902710e-01
1.135210037231445312e+00
-6.580789089202880859e-01
1.209278106689453125e+00
9.013006091117858887e-01
-1.175845026969909668e+00
-1.156725049018859863e+00
6.154518723487854004e-01
8.891831040382385254e-01
2.495514869689941406e+00
3.556951880455017090e-01
4.685087203979492188e-01
-1.240714430809020996e+00
-1.354254484176635742e+00
1.306135505437850952e-01
-1.301920294761657715e+00
8.617153018712997437e-02
-1.610305666923522949e+00
1.405849307775497437e-01
1.109746471047401428e-01
3.972532749176025391e-01
-1.855069994926452637e-01
-3.834474384784698486e-01
-5.147660374641418457e-01
3.848842084407806396e-01
1.761394739151000977e+00
1.049520492553710938e+00
-1.187607884407043457e+00
-1.041906997561454773e-01
