1.428853869438171387e+00
5.827733129262924194e-02
8.685111999511718750e-01
-1.029100537300109863e+00
-1.625509858131408691e+00
-1.633932590484619141e+00
-5.459759384393692017e-02
1.362613961100578308e-02
-2.449690818786621094e+00
-2.100951671600341797e+00
1.020059704780578613e+00
-2.199503898620605469e+00
1.174342632293701172e+00
7.726939916610717773e-01
-8.336074948310852051e-01
-8.228582888841629028e-02
-1.108985424041748047e+00
4.438622668385505676e-02
5.304313898086547852e-01
-2.914835512638092041e-01
4.269090294837951660e-02
-1.629243016242980957e+00
9.061405658721923828e-01
-1.606420040130615234e+00
2.085577964782714844e+00
1.096635460853576660e+00
-2.744071185588836670e-01
1.258127808570861816e+00
-1.428268909454345703e+00
1.279942154884338379e+00
-3.985713422298431396e-01
5.182901024818420410e-01
-2.294722795486450195e+00
-5.054666399955749512e-01
-9.325395822525024414e-01
3.869181871414184570e-02
-7.854420542716979980e-01
-3.896615266799926758e+00
5.826359987258911133e-02
3.590154275298118591e-02
-7.816520333290100098e-01
-1.107827544212341309e+00
1.056684553623199463e-01
1.375339776277542114e-01
9.351281523704528809e-01
1.816432595252990723e+00
1.110201954841613770e+00
1.292885184288024902e+00
1.965036690235137939e-01
1.072174191474914551e+00
-5.154193639755249023e-01
-5.296654701232910156e-01
1.513205617666244507e-01
7.429649829864501953e-01
-1.949247568845748901e-01
-1.199467778205871582e+00
2.966100871562957764e-01
-2.992016673088073730e-01
2.897005677223205566e-01
-2.562209665775299072e-01
-2.518301606178283691e-01
5.284721255302429199e-01
1.042206168174743652e+00
-2.762187039479613304e-03
2.110547304153442383e+00
-7.644895911216735840e-01
6.783808469772338867e-01
-3.064411580562591553e-01
1.464942216873168945e+00
-1.773280978202819824e+00
3.144083023071289062e-01
1.196168065071105957e-01
5.106736421585083008e-01
-9.538481831550598145e-01
-4.502856731414794922e-01
2.054343700408935547e+00
5.101145505905151367e-01
4.664289653301239014e-01
1.890108138322830200e-01
1.384136676788330078e+00
9.569697082042694092e-02
3.532384335994720459e-01
-1.525635123252868652e+00
-3.361968994140625000e-01
3.729573190212249756e-01
-1.381040662527084351e-01
-1.094749093055725098e+00
-4.447140097618103027e-01
-7.387676835060119629e-01
-1.142857551574707031e+00
-9.367357492446899414e-01
-1.188653349876403809e+00
3.487651646137237549e-01
9.847885370254516602e-01
2.499788999557495117e-01
8.789559006690979004e-01
8.029889464378356934e-01
5.671736001968383789e-01
-3.608266711235046387e-01
-6.482553482055664062e-01
4.990891367197036743e-02
1.475819706916809082e+00
1.244526147842407227e+00
-2.839143387973308563e-02
-8.351801633834838867e-01
-1.564781427383422852e+00
-1.077163338661193848e+00
1.278108716011047363e+00
1.839914619922637939e-01
-5.410890579223632812e-01
8.771690130233764648e-01
7.996082901954650879e-01
-6.914933323860168457e-01
-9.065401554107666016e-01
1.736327707767486572e-01
1.380324736237525940e-02
3.278928995132446289e-01
-6.330787539482116699e-01
-2.820338904857635498e-01
1.054781317710876465e+00
5.824559330940246582e-01
8.108536601066589355e-01
-3.986346423625946045e-01
5.962430238723754883e-01
1.280106604099273682e-01
-4.385100603103637695e-01
2.873116135597229004e-01
1.346698045730590820e+00
-1.014427423477172852e+00
-2.097481936216354370e-01
1.058392882347106934e+00
-1.080712318420410156e+00
8.353262543678283691e-01
-1.417857527732849121e+00
-3.272875070571899414e+00
-3.899638950824737549e-01
2.993902266025543213e-01
1.551079899072647095e-01
-6.603047251701354980e-01
2.151172459125518799e-01
-1.016202848404645920e-02
1.149225950241088867e+00
1.251909255981445312e+00
-4.303465485572814941e-01
-2.301557064056396484e+00
8.337701112031936646e-02
8.073977231979370117e-01
-1.841476917266845703e+00
-4.568974077701568604e-01
1.736581921577453613e-01
1.285824656486511230e+00
-3.308770656585693359e-01
3.599805533885955811e-01
-4.105054438114166260e-01
1.432185292243957520e+00
-7.393319010734558105e-01
-1.927314758300781250e+00
-5.745799541473388672e-01
-2.589372098445892334e-01
-3.196987211704254150e-01
6.071278452873229980e-01
1.162812486290931702e-01
7.607213407754898071e-02
-9.755689501762390137e-01
-2.820647656917572021e-01
-1.628038167953491211e+00
-8.285728096961975098e-01
1.186226960271596909e-02
-4.160891473293304443e-01
8.602763414382934570e-01
-4.379839301109313965e-01
-2.789136648178100586e+00
-1.494706749916076660e+00
1.316659569740295410e+00
5.501880645751953125e-01
7.953703403472900391e-01
3.095846176147460938e-01
4.021474421024322510e-01
-5.801478624343872070e-01
1.451299071311950684e+00
-7.447467446327209473e-01
-9.630177021026611328e-01
-9.253519773483276367e-02
1.910992562770843506e-01
6.962312459945678711e-01
3.613682687282562256e-01
-1.712147831916809082e+00
-1.931155174970626831e-01
2.319980859756469727e+00
1.142394661903381348e+00
6.754208207130432129e-01
-1.182627677917480469e+00
-4.466505050659179688e-01
1.289979219436645508e+00
5.352064222097396851e-02
-3.949075937271118164e-01
9.011356830596923828e-01
-4.904971420764923096e-01
1.153130173683166504e+00
-4.285338819026947021e-01
4.226766526699066162e-01
1.716115713119506836e+00
2.096006155014038086e+00
-1.553836345672607422e+00
8.332334160804748535e-01
-4.278956651687622070e-01
4.910735785961151123e-01
-1.857792615890502930e+00
9.105774760246276855e-01
-4.504862427711486816e-01
3.885137140750885010e-01
-9.941435456275939941e-01
1.521440446376800537e-01
1.647315323352813721e-01
-4.161177873611450195e-01
1.075569629669189453e+00
-3.223423004150390625e+00
-2.160262912511825562e-01
2.667912542819976807e-01
-1.837492138147354126e-01
1.736511737108230591e-01
1.223998427391052246e+00
1.161698341369628906e+00
-7.366572618484497070e-01
1.320143342018127441e+00
-2.139428853988647461e-01
3.209240436553955078e-01
5.108941793441772461e-01
-4.157572090625762939e-01
-2.550840139389038086e+00
6.749217212200164795e-02
-1.241207718849182129e+00
-1.321873068809509277e+00
1.962138891220092773e+00
-3.271696567535400391e-01
6.787380576133728027e-01
4.488491415977478027e-01
5.050109326839447021e-02
-1.130755662918090820e+00
7.902367413043975830e-02
1.543974876403808594e+00
7.632851004600524902e-01
-1.140891671180725098e+00
1.109458923339843750e+00
-9.576930999755859375e-01
1.027022004127502441e+00
-9.000132083892822266e-01
6.712190061807632446e-02
5.810002684593200684e-01
-8.721506595611572266e-01
2.111169695854187012e-01
1.444790512323379517e-01
-1.687943577766418457e+00
-1.347529292106628418e+00
1.895650982856750488e+00
-1.910153031349182129e+00
3.200983703136444092e-01
7.871856093406677246e-01
1.612825691699981689e-01
3.674546778202056885e-01
6.230886578559875488e-01
3.882325589656829834e-01
1.251848936080932617e+00
-7.555034756660461426e-01
-1.089658856391906738e+00
9.852052927017211914e-01
2.165350466966629028e-01
-8.875357508659362793e-01
4.829802989959716797e+00
8.189311623573303223e-01
-4.711752384901046753e-02
1.081879019737243652e+00
1.128382921218872070e+00
1.510331869125366211e+00
-9.899084568023681641e-01
9.514240622520446777e-01
-6.085942387580871582e-01
-1.476068198680877686e-01
5.466846227645874023e-01
-1.534878969192504883e+00
1.424063920974731445e+00
-1.087744355201721191e+00
1.139316439628601074e+00
2.338202893733978271e-01
7.422906160354614258e-01
1.649963498115539551e+00
6.864547133445739746e-01
6.648925542831420898e-01
-2.466925531625747681e-01
-1.671366989612579346e-01
-1.797818064689636230e+00
1.217479825019836426e+00
5.480144619941711426e-01
-3.124084711074829102e+00
1.440509319305419922e+00
-1.367237448692321777e+00
9.283745288848876953e-02
-3.688616156578063965e-01
-1.822435557842254639e-01
1.043879508972167969e+00
6.011011600494384766e-01
-1.263419032096862793e+00
3.768217861652374268e-01
3.666511774063110352e-01
2.521112680435180664e+00
1.110994935035705566e+00
6.864687800407409668e-01
-1.207772731781005859e+00
1.542125493288040161e-01
-7.235463857650756836e-01
-1.379434227943420410e+00
-2.704702854156494141e+00
-1.204153895378112793e+00
1.293802022933959961e+00
-3.415552377700805664e-01
9.121841192245483398e-01
1.629189848899841309e+00
1.017378211021423340e+00
7.947679758071899414e-01
3.469800949096679688e-01
-1.586651206016540527e+00
1.097902297973632812e+00
4.364783167839050293e-01
2.561686038970947266e-01
-5.213849544525146484e-01
-8.621366322040557861e-02
-2.544778883457183838e-01
-2.278597503900527954e-01
-1.213312506675720215e+00
1.531349897384643555e+00
6.550799012184143066e-01
-6.974309682846069336e-01
1.248544931411743164e+00
4.483765959739685059e-01
5.831053853034973145e-01
-6.661741733551025391e-01
-2.910189926624298096e-01
-7.317596077919006348e-01
2.651958703994750977e+00
-8.074971437454223633e-01
8.875865489244461060e-02
-6.253142356872558594e-01
7.290892601013183594e-01
1.009856104850769043e+00
4.674678444862365723e-01
9.190371632575988770e-01
-1.237192392349243164e+00
1.008173346519470215e+00
-8.844768404960632324e-01
-4.183396995067596436e-01
-1.016214013099670410e+00
-1.231241345405578613e+00
2.250459194183349609e-01
2.769441306591033936e-01
-5.807435512542724609e-01
-9.845355749130249023e-01
4.171029329299926758e-01
-1.084511637687683105e+00
-4.447848498821258545e-01
8.605982661247253418e-01
5.768384933471679688e-01
-4.807077646255493164e-01
4.176811873912811279e-01
-8.189777731895446777e-01
-2.187206506729125977e+00
3.122410504147410393e-03
2.932650566101074219e+00
-4.959028065204620361e-01
4.942104816436767578e-01
-7.381156831979751587e-02
7.136865854263305664e-01
-7.181627154350280762e-01
-1.044123888015747070e+00
3.240829467773437500e+00
8.834107518196105957e-01
1.202583685517311096e-01
-4.726572632789611816e-01
-1.831032991409301758e+00
-1.652116775512695312e-01
1.259502410888671875e+00
1.161305665969848633e+00
9.277018308639526367e-01
1.288746669888496399e-02
-4.574255049228668213e-01
-3.192166686058044434e-01
-4.544934332370758057e-01
-4.049510359764099121e-01
-7.771905660629272461e-01
1.323308944702148438e+00
-9.619349837303161621e-01
1.373743772506713867e+00
8.221152424812316895e-01
-6.552897393703460693e-02
-7.513222694396972656e-01
1.946659088134765625e+00
-8.005534410476684570e-01
-1.110567688941955566e+00
5.442651510238647461e-01
-1.452939271926879883e+00
9.515182375907897949e-01
-2.116219699382781982e-01
-1.544663548469543457e+00
-2.504405975341796875e-01
-8.050835132598876953e-01
-1.373849391937255859e+00
-3.847440481185913086e-01
-1.242622375488281250e+00
1.508935451507568359e+00
7.797892093658447266e-01
-8.747466802597045898e-01
-1.970736086368560791e-01
1.650058031082153320e-01
-9.607498645782470703e-01
7.002987265586853027e-01
8.740516304969787598e-01
1.014307498931884766e+00
-9.377895593643188477e-01
-2.627418339252471924e-01
-1.153309106826782227e+00
1.747665286064147949e+00
-1.704970479011535645e+00
-7.764140963554382324e-01
8.449475765228271484e-01
1.439544200897216797e+00
4.229563847184181213e-02
3.003827929496765137e-01
-5.818794369697570801e-01
-3.701707124710083008e-01
-1.849682211875915527e+00
-6.461085677146911621e-01
-1.488246023654937744e-01
2.141843318939208984e+00
1.578678846359252930e+00
-8.631669878959655762e-01
-1.128648400306701660e+00
-1.141342446208000183e-01
7.149388194084167480e-01
-3.823656141757965088e-01
8.081459403038024902e-01
7.320169806480407715e-01
-3.922197818756103516e-01
-1.729483529925346375e-02
-1.334640502929687500e+00
8.166972398757934570e-01
7.101418077945709229e-02
1.167283654212951660e-01
-9.036406874656677246e-01
5.404854416847229004e-01
3.179093450307846069e-02
-5.507253408432006836e-01
-1.038977980613708496e+00
-1.484302282333374023e+00
-7.101330757141113281e-01
-1.176209688186645508e+00
-8.816508650779724121e-01
-2.746624052524566650e-01
9.939206838607788086e-01
3.640590608119964600e-01
4.054920971393585205e-01
-1.061755061149597168e+00
1.177872776985168457e+00
-3.377841711044311523e-01
1.337582319974899292e-01
7.143094539642333984e-01
-1.201006412506103516e+00
-1.026262864470481873e-01
-6.608578562736511230e-01
4.786977469921112061e-01
-5.752786993980407715e-01
-2.078528404235839844e-01
-5.737296119332313538e-02
6.855244040489196777e-01
-5.373058915138244629e-01
-6.436918675899505615e-02
8.502288162708282471e-02
-3.710469603538513184e-01
9.954080581665039062e-01
-3.896566331386566162e-01
-1.006186246871948242e+00
7.505274415016174316e-01
7.904868721961975098e-01
2.156328111886978149e-01
-1.302319884300231934e+00
1.722438693046569824e+00
3.670495748519897461e-01
-3.523039817810058594e-01
1.030186295509338379e+00
-3.135391175746917725e-01
2.628952562808990479e-01
-8.341261744499206543e-01
6.511181592941284180e-01
1.325284600257873535e+00
-2.472506761550903320e-01
1.181530714035034180e+00
-1.259609937667846680e+00
1.755254119634628296e-01
-1.381609320640563965e+00
-2.073604583740234375e+00
5.711546540260314941e-01
3.164190333336591721e-03
4.222609996795654297e-01
8.824845552444458008e-01
-1.510497689247131348e+00
8.868626952171325684e-01
-1.818018794059753418e+00
5.739612579345703125e-01
-8.779798150062561035e-01
5.795923471450805664e-01
1.472867131233215332e-01
1.032731175422668457e+00
9.776284694671630859e-01
-9.932597875595092773e-01
-4.530781805515289307e-01
6.258206814527511597e-02
9.745744466781616211e-01
2.066018104553222656e+00
-1.993665397167205811e-01
-4.846629686653614044e-03
5.221853256225585938e-01
-1.677502632141113281e+00
-7.160561680793762207e-01
2.452473938465118408e-01
-1.859699726104736328e+00
-1.389057397842407227e+00
-1.068845763802528381e-01
9.240809679031372070e-01
7.222449183464050293e-01
5.935792922973632812e-01
8.072804212570190430e-01
-8.507616519927978516e-01
-1.167876482009887695e+00
5.879887938499450684e-01
8.408657312393188477e-01
-2.262593656778335571e-01
-1.114585846662521362e-01
-1.495350718498229980e+00
-1.149816751480102539e+00
7.866213917732238770e-01
-1.702913165092468262e+00
5.417372658848762512e-02
-7.848128080368041992e-01
-1.929551362991333008e-01
-6.672315001487731934e-01
-4.281217455863952637e-01
1.917039155960083008e+00
-1.410707712173461914e+00
5.594463348388671875e-01
6.459815502166748047e-01
-5.400169491767883301e-01
9.718513488769531250e-01
5.295454263687133789e-01
2.394584119319915771e-01
-1.795867443084716797e+00
-1.219115734100341797e+00
-8.180486410856246948e-02
1.538451910018920898e+00
-1.386842370033264160e+00
8.824086189270019531e-01
-5.764802694320678711e-01
-2.777434825897216797e+00
5.547114014625549316e-01
1.085481166839599609e+00
-1.147823929786682129e+00
5.022014975547790527e-01
5.603113770484924316e-01
1.834220737218856812e-01
9.051573872566223145e-01
5.891087055206298828e-01
2.110655546188354492e+00
-9.473003149032592773e-01
1.187237262725830078e+00
-7.601414322853088379e-01
-1.838810682296752930e+00
-1.009410023689270020e+00
-9.317524433135986328e-01
-5.290885567665100098e-01
-3.119207024574279785e-01
-9.095761179924011230e-01
1.025191307067871094e+00
-1.437326818704605103e-01
-1.134341001510620117e+00
2.754665613174438477e-01
2.565301358699798584e-01
1.019947528839111328e+00
6.013166308403015137e-01
3.420367836952209473e-01
-8.839425444602966309e-01
-2.049023628234863281e+00
-1.185283899307250977e+00
-6.187416315078735352e-01
-6.599317770451307297e-03
-1.591527581214904785e+00
-7.480687499046325684e-01
1.769389659166336060e-01
-4.741599857807159424e-01
-8.277276754379272461e-01
-7.546086907386779785e-01
-6.193929165601730347e-02
6.417559087276458740e-02
-5.173354744911193848e-01
-5.296371579170227051e-01
-1.966981649398803711e+00
9.089206457138061523e-01
2.067886441946029663e-01
2.026804447174072266e+00
-4.559569656848907471e-01
-4.958065152168273926e-01
-1.413666963577270508e+00
3.939010500907897949e-01
5.586339533329010010e-02
-5.419198870658874512e-01
-6.587206386029720306e-03
4.368338286876678467e-01
3.671209141612052917e-02
-5.791881084442138672e-01
-8.960186839103698730e-01
5.817548930644989014e-02
-2.727264463901519775e-01
8.491199612617492676e-01
-4.162965714931488037e-02
-2.376583516597747803e-01
1.211128592491149902e+00
-2.207862854003906250e+00
1.007618904113769531e+00
-8.914865255355834961e-01
8.662554025650024414e-01
-9.947557002305984497e-02
-1.241965685039758682e-02
2.941906154155731201e-01
-1.677762627601623535e+00
5.852490067481994629e-01
6.159114837646484375e-01
8.566763401031494141e-01
9.261965155601501465e-01
7.001969218254089355e-01
2.381188571453094482e-01
-7.151497006416320801e-01
6.054789423942565918e-01
-1.339611053466796875e+00
9.533857703208923340e-01
-1.051140666007995605e+00
2.585645616054534912e-01
-6.124299168586730957e-01
-4.556732773780822754e-01
1.130929440259933472e-01
3.702134132385253906e+00
-6.828778982162475586e-01
-4.022418558597564697e-01
5.980044603347778320e-01
-5.259225964546203613e-01
-1.690455436706542969e+00
-2.783907055854797363e-01
2.412607371807098389e-01
-4.484038800001144409e-02
4.263128936290740967e-01
-1.465223550796508789e+00
-7.825499773025512695e-01
-1.060821771621704102e+00
9.924588799476623535e-01
2.259708166122436523e+00
-3.799397945404052734e-01
1.320182085037231445e+00
1.265571564435958862e-01
-1.273844003677368164e+00
-1.118898913264274597e-01
4.099564850330352783e-01
-5.399385094642639160e-01
6.220216751098632812e-01
-1.552075427025556564e-02
-6.847189664840698242e-01
3.007837831974029541e-01
7.102867215871810913e-02
9.394548535346984863e-01
2.233690261840820312e+00
1.937586307525634766e+00
-4.830659925937652588e-01
5.676333904266357422e-01
-1.064161896705627441e+00
1.027219414710998535e+00
-4.026353955268859863e-01
-2.855682373046875000e-01
-2.590347230434417725e-01
-6.103928685188293457e-01
1.301139950752258301e+00
-5.494495630264282227e-01
-2.771708369255065918e-01
-5.878577232360839844e-01
-5.302516818046569824e-01
2.126290321350097656e+00
8.683171272277832031e-01
4.411661028861999512e-01
2.231228724122047424e-02
4.649298191070556641e-01
-1.697325110435485840e-01
5.864681005477905273e-01
9.117900729179382324e-01
-1.160221695899963379e+00
7.543591260910034180e-01
-8.908075094223022461e-01
4.385974109172821045e-01
7.125197649002075195e-01
-1.456610262393951416e-01
-1.380328685045242310e-01
1.890573650598526001e-01
3.564483523368835449e-01
-6.407345533370971680e-01
1.120537891983985901e-01
6.031568050384521484e-01
-5.432363152503967285e-01
6.208482384681701660e-01
-1.390136778354644775e-01
-1.067504063248634338e-01
-7.002334594726562500e-01
-8.129500150680541992e-01
-2.291962146759033203e+00
-3.393939733505249023e-01
1.095739841461181641e+00
-1.303726196289062500e+00
7.312765121459960938e-01
-1.108031272888183594e+00
-6.649686098098754883e-01
-1.461753249168395996e-01
-2.896946966648101807e-01
-3.137857317924499512e-01
-1.970726400613784790e-01
3.229326903820037842e-01
2.240562885999679565e-01
4.039115011692047119e-01
9.797435998916625977e-01
-8.780409097671508789e-01
9.107187986373901367e-01
-9.094496965408325195e-01
-3.186266422271728516e-01
-1.934669464826583862e-01
-4.434843659400939941e-01
6.570482254028320312e-01
1.046942844986915588e-01
3.133694529533386230e-01
6.046894788742065430e-01
-2.712847888469696045e-01
2.588537335395812988e-01
-7.284289598464965820e-01
1.849779963493347168e+00
9.641833901405334473e-01
1.817207932472229004e-01
-8.281914591789245605e-01
6.238340735435485840e-01
-3.221078217029571533e-02
1.977028846740722656e+00
4.798933267593383789e-01
4.689294099807739258e-01
-5.377345085144042969e-01
-1.077514767646789551e+00
3.777962923049926758e-02
-9.601212739944458008e-01
9.424474835395812988e-01
-8.045847415924072266e-01
-6.010716557502746582e-01
-3.588151335716247559e-01
6.354711651802062988e-01
-3.250818550586700439e-01
-9.390845149755477905e-02
-2.933727204799652100e-01
7.889716625213623047e-01
2.107773542404174805e+00
7.680366039276123047e-01
-8.172340393066406250e-01
-2.657651305198669434e-01
