1.285144567489624023e+00
1.040524318814277649e-01
1.337656229734420776e-01
-7.596570253372192383e-01
-7.128686308860778809e-01
-1.183261036872863770e+00
1.799581795930862427e-01
-4.682012796401977539e-01
-1.646996736526489258e+00
-1.550891399383544922e+00
6.088133454322814941e-01
-2.094153881072998047e+00
1.534020304679870605e+00
-3.459447622299194336e-01
-1.107972621917724609e+00
2.034954279661178589e-01
2.126678824424743652e-01
4.377324581146240234e-01
9.846583008766174316e-01
-3.735470473766326904e-01
3.233045041561126709e-01
-2.124450922012329102e+00
1.557184606790542603e-01
-1.214093923568725586e+00
1.727548241615295410e+00
8.250412940979003906e-01
-4.719113409519195557e-01
1.101109743118286133e+00
-1.110184669494628906e+00
8.963152170181274414e-01
-7.513573765754699707e-01
3.624875843524932861e-01
-1.599189281463623047e+00
-2.451839894056320190e-01
-5.718843936920166016e-01
1.949832439422607422e-01
-1.026073694229125977e+00
-3.809953212738037109e+00
1.180853843688964844e-01
2.587109804153442383e-01
-2.317152023315429688e-01
-1.398749113082885742e+00
-9.527991414070129395e-01
3.151595294475555420e-01
1.081721425056457520e+00
1.286831974983215332e+00
-3.997035697102546692e-02
1.683215975761413574e+00
-1.102872490882873535e-01
1.997508764266967773e+00
-1.111451268196105957e+00
-5.341048240661621094e-01
-3.020812571048736572e-01
9.228742718696594238e-01
-9.790722131729125977e-01
-9.080634713172912598e-01
-1.553813517093658447e-01
-4.718624651432037354e-01
5.857251882553100586e-01
-6.813499331474304199e-01
-3.622791469097137451e-01
2.979929447174072266e-01
1.962744116783142090e+00
-7.822557091712951660e-01
1.603181600570678711e+00
-1.144758891314268112e-02
1.247884511947631836e+00
-1.784457266330718994e-01
8.305326700210571289e-01
-1.129051089286804199e+00
5.469570159912109375e-01
1.824349761009216309e+00
1.846411824226379395e-01
-5.169712901115417480e-01
-1.082033991813659668e+00
7.187079191207885742e-01
5.154862999916076660e-01
6.695240139961242676e-01
-4.781712591648101807e-01
2.024775743484497070e+00
3.822873234748840332e-01
1.862080395221710205e-01
-3.300890445709228516e+00
-7.771182805299758911e-02
6.093475222587585449e-01
-6.529571413993835449e-01
-9.529160335659980774e-03
-9.024561643600463867e-01
-4.872333705425262451e-01
-1.030128717422485352e+00
-8.483287692070007324e-01
-1.049423098564147949e+00
-1.242609228938817978e-02
7.004234194755554199e-01
-4.562685489654541016e-01
6.471928358078002930e-01
2.640151083469390869e-01
1.065813183784484863e+00
6.083788275718688965e-01
-2.434495985507965088e-01
-6.723850965499877930e-03
1.192384839057922363e+00
8.829823732376098633e-01
-2.015835642814636230e-01
-1.339154839515686035e+00
-6.175062656402587891e-01
-1.684308648109436035e+00
1.501126408576965332e+00
8.582020401954650879e-01
2.944235801696777344e-01
1.207888364791870117e+00
1.754318475723266602e+00
-9.606610536575317383e-01
-1.930114865303039551e+00
-9.893620610237121582e-01
3.502506315708160400e-01
-4.176093637943267822e-01
5.795297026634216309e-01
1.336559951305389404e-01
1.452194333076477051e+00
9.557377099990844727e-01
1.259394407272338867e+00
-1.440629482269287109e+00
1.306661486625671387e+00
8.642159104347229004e-01
-8.075083494186401367e-01
-1.275974661111831665e-01
1.576109409332275391e+00
-1.342344880104064941e+00
-8.621880784630775452e-03
1.223541736602783203e+00
-8.740630149841308594e-01
4.826592206954956055e-01
-1.436299204826354980e+00
-2.404575586318969727e+00
-6.147084236145019531e-01
6.247389689087867737e-02
-3.224222362041473389e-01
-1.612937808036804199e+00
1.918533146381378174e-01
6.062848567962646484e-01
9.072443246841430664e-01
7.931580543518066406e-01
-4.035801291465759277e-01
-1.640220761299133301e+00
3.639798760414123535e-01
1.118078112602233887e+00
-1.167554616928100586e+00
5.870047025382518768e-03
-1.164464116096496582e+00
1.361751914024353027e+00
-2.579890787601470947e-01
7.137993723154067993e-02
-5.089115500450134277e-01
1.462979078292846680e+00
-7.579713463783264160e-01
-6.240730285644531250e-01
-4.451237618923187256e-01
-3.727240860462188721e-02
2.549535930156707764e-01
4.850229322910308838e-01
4.933625757694244385e-01
8.649076819419860840e-01
-1.452305018901824951e-01
2.973934113979339600e-01
-1.265430331230163574e+00
-1.794926166534423828e+00
-1.825576573610305786e-01
7.249694317579269409e-02
6.876458525657653809e-01
-1.824348449707031250e+00
-1.757627725601196289e+00
-8.710441589355468750e-01
1.520630955696105957e+00
2.582668066024780273e-01
1.040510654449462891e+00
-1.948205828666687012e-01
4.318239986896514893e-01
4.320946335792541504e-02
1.107088446617126465e+00
-6.118803024291992188e-01
-1.375005364418029785e+00
-5.849313139915466309e-01
5.938640832901000977e-01
2.212876319885253906e+00
9.299761056900024414e-01
-1.188053011894226074e+00
-8.635780215263366699e-01
2.402791976928710938e+00
6.150666475296020508e-01
-9.537313878536224365e-02
-3.268061578273773193e-01
-1.320920109748840332e+00
1.651662588119506836e+00
-1.017412781715393066e+00
-2.345867902040481567e-01
-3.328818976879119873e-01
-6.595113873481750488e-01
5.676093101501464844e-01
5.640519857406616211e-01
6.084346771240234375e-01
1.333357453346252441e+00
2.444545030593872070e+00
-1.180568933486938477e+00
5.197858214378356934e-01
-1.018317341804504395e+00
-1.454475373029708862e-01
-2.837286472320556641e+00
1.022995710372924805e+00
1.997719854116439819e-01
7.711763028055429459e-03
-1.104171276092529297e+00
6.768129467964172363e-01
-3.412773013114929199e-01
-1.103753328323364258e+00
-3.368004560470581055e-01
-1.977792501449584961e+00
-1.545859128236770630e-01
2.480935156345367432e-01
5.053693652153015137e-01
-1.347941458225250244e-01
1.010815978050231934e+00
1.522225141525268555e+00
3.313453793525695801e-01
5.324006676673889160e-01
4.205622375011444092e-01
9.128679037094116211e-01
-1.096002236008644104e-01
-1.204080104827880859e+00
-1.904230594635009766e+00
-2.110679596662521362e-01
-7.470372319221496582e-01
-2.925675511360168457e-01
2.039088249206542969e+00
-7.828864455223083496e-02
6.795043498277664185e-02
2.257020212709903717e-02
2.404437065124511719e-01
-8.293607831001281738e-01
3.189530372619628906e-01
-7.340531051158905029e-02
7.583853602409362793e-01
-1.219953179359436035e+00
8.113545179367065430e-01
-1.484192967414855957e+00
1.118321061134338379e+00
-1.192230343818664551e+00
-2.765780985355377197e-01
-2.233395725488662720e-01
-7.972016930580139160e-01
-2.870567142963409424e-01
4.027582332491874695e-02
-1.407267570495605469e+00
-9.055095911026000977e-01
1.580340862274169922e+00
-5.689162015914916992e-01
3.130119740962982178e-01
8.853297233581542969e-01
1.103199943900108337e-01
1.408537387847900391e+00
-3.943929374217987061e-01
1.933652311563491821e-01
7.905530929565429688e-01
-7.027631998062133789e-01
-1.723586559295654297e+00
3.020969331264495850e-01
5.989919304847717285e-01
-1.524375796318054199e+00
4.306270122528076172e+00
1.659006714820861816e+00
-8.228523135185241699e-01
1.385374188423156738e+00
8.105656504631042480e-01
1.755462884902954102e+00
-2.568126618862152100e-01
1.392967343330383301e+00
-6.969224214553833008e-01
-3.882177174091339111e-02
6.775434613227844238e-01
-1.719290375709533691e+00
1.034530520439147949e+00
-1.542364478111267090e+00
6.182276606559753418e-01
-7.207741141319274902e-01
1.661263704299926758e-01
9.179100394248962402e-01
-3.292004764080047607e-01
1.387825250625610352e+00
-1.285668909549713135e-01
-5.871767997741699219e-01
-2.226012706756591797e+00
5.772227644920349121e-01
1.373408794403076172e+00
-4.059693336486816406e+00
1.742150187492370605e+00
-1.515572309494018555e+00
2.150903195142745972e-01
-4.963181447237730026e-03
-3.962616920471191406e-01
1.195009708404541016e+00
1.526416540145874023e-01
-9.580491781234741211e-01
4.382467567920684814e-01
9.750292450189590454e-02
2.442979812622070312e+00
7.924805879592895508e-01
1.133755803108215332e+00
-1.457843184471130371e+00
8.249876499176025391e-01
-3.682293295860290527e-01
-1.668760895729064941e+00
-2.787944555282592773e+00
-1.067033052444458008e+00
6.100878119468688965e-01
3.005485832691192627e-01
3.353080153465270996e-01
1.851386070251464844e+00
9.418884515762329102e-01
2.660733163356781006e-01
2.091943472623825073e-01
-9.123615026473999023e-01
7.659035921096801758e-01
1.203009247779846191e+00
-5.647370219230651855e-01
-6.693739295005798340e-01
-1.775909364223480225e-01
-6.719095110893249512e-01
-1.847790330648422241e-01
8.938522338867187500e-01
1.809798717498779297e+00
8.365951776504516602e-01
1.266485080122947693e-02
1.401375293731689453e+00
5.473421216011047363e-01
1.278753638267517090e+00
-9.383056163787841797e-01
8.104002475738525391e-02
-7.085396051406860352e-01
2.474444627761840820e+00
-1.820355355739593506e-01
-6.154748201370239258e-01
6.703369021415710449e-01
7.347239255905151367e-01
5.807220935821533203e-01
4.683746099472045898e-01
1.040815353393554688e+00
-1.870048284530639648e+00
4.436512291431427002e-01
-1.550312995910644531e+00
-1.069745063781738281e+00
-8.884646892547607422e-01
-6.671350598335266113e-01
9.843643903732299805e-01
-3.551086187362670898e-01
1.188195943832397461e-01
-5.892813205718994141e-01
-1.251696467399597168e+00
-6.189629435539245605e-01
6.090639829635620117e-01
1.137330532073974609e+00
8.496519327163696289e-01
-4.789863228797912598e-01
-7.842618823051452637e-01
-8.667037487030029297e-01
-2.524074077606201172e+00
4.386748373508453369e-01
2.393306255340576172e+00
5.238115787506103516e-01
1.365036010742187500e+00
1.006975769996643066e+00
9.070765376091003418e-01
-9.519127011299133301e-01
-1.183813333511352539e+00
2.308987140655517578e+00
1.582575798034667969e+00
2.852470576763153076e-01
-4.314851164817810059e-01
-2.046715259552001953e+00
-2.039829194545745850e-01
1.105468273162841797e+00
1.375349998474121094e+00
9.993703961372375488e-01
6.146324872970581055e-01
6.662647724151611328e-01
-4.907428324222564697e-01
-6.392494589090347290e-02
-7.359624505043029785e-01
-1.305999994277954102e+00
1.916965603828430176e+00
1.926204562187194824e-01
1.619688630104064941e+00
1.310737609863281250e+00
3.836356997489929199e-01
-9.411882162094116211e-01
2.508383750915527344e+00
-3.616975843906402588e-01
-9.512118101119995117e-01
3.705648481845855713e-01
-1.195720314979553223e+00
1.093812823295593262e+00
2.297977954149246216e-01
-9.522274732589721680e-01
-2.844086885452270508e-01
-1.257282733917236328e+00
-1.453299880027770996e+00
3.779723048210144043e-01
-1.096790805459022522e-01
1.437776207923889160e+00
-5.388481020927429199e-01
-9.363310933113098145e-01
-9.563701748847961426e-01
5.375986695289611816e-01
-9.218828678131103516e-01
7.752681374549865723e-01
4.723730385303497314e-01
7.085976004600524902e-01
-2.904559373855590820e-01
3.208105564117431641e-01
-1.114485859870910645e+00
1.787336945533752441e+00
-1.074146270751953125e+00
-1.426435828208923340e+00
3.693788349628448486e-01
1.202581167221069336e+00
8.954541087150573730e-01
7.406206130981445312e-01
-1.742035388946533203e+00
-8.750696778297424316e-01
-2.968730211257934570e+00
-2.259617000818252563e-01
-7.084082961082458496e-01
2.223806858062744141e+00
1.559756159782409668e+00
-1.359305381774902344e+00
-5.245876908302307129e-01
2.672473788261413574e-01
8.243966698646545410e-01
-4.831574857234954834e-01
4.905581772327423096e-01
-8.384726970689371228e-05
8.159074783325195312e-01
1.237797617912292480e+00
-1.025156378746032715e+00
6.451514959335327148e-01
-5.911872982978820801e-01
-1.409589171409606934e+00
-5.872180461883544922e-01
2.502631843090057373e-01
-2.072550505399703979e-01
-5.979748964309692383e-01
-1.626371264457702637e+00
-1.677518844604492188e+00
-6.746724843978881836e-01
-1.229068636894226074e+00
-1.484715819358825684e+00
-1.197298884391784668e+00
5.893630385398864746e-01
1.132833838462829590e+00
-6.662255525588989258e-02
-1.382361412048339844e+00
6.377750039100646973e-01
-1.167994812130928040e-01
-3.973748683929443359e-01
-2.115103304386138916e-01
-9.746425151824951172e-01
2.176489233970642090e-01
-1.012895464897155762e+00
1.030862927436828613e+00
-9.951488971710205078e-01
3.399905562400817871e-01
3.847270458936691284e-02
1.150634288787841797e+00
-2.810399234294891357e-01
5.736795663833618164e-01
-3.348368704319000244e-01
-6.457725763320922852e-01
1.061807870864868164e+00
4.616132751107215881e-02
-1.026030421257019043e+00
1.879248142242431641e+00
1.405172467231750488e+00
-3.117758333683013916e-01
-2.066094398498535156e+00
8.567429184913635254e-01
9.092248678207397461e-01
-8.743404746055603027e-01
7.657877802848815918e-01
1.245834350585937500e+00
4.398373365402221680e-01
-3.930386602878570557e-01
1.476069092750549316e+00
1.132553696632385254e+00
4.439777135848999023e-01
1.188485980033874512e+00
-9.869667291641235352e-01
8.245343565940856934e-01
-2.109653949737548828e+00
-2.530652284622192383e+00
-1.333592683076858521e-01
-5.905277729034423828e-01
-1.904284805059432983e-01
3.239731490612030029e-01
-1.773616552352905273e+00
5.084587335586547852e-01
-1.411674976348876953e+00
4.639659523963928223e-01
-4.733670651912689209e-01
3.304566144943237305e-01
2.548548877239227295e-01
1.118393182754516602e+00
8.236222267150878906e-01
2.706581652164459229e-01
3.617748022079467773e-01
-9.338769316673278809e-01
9.595815539360046387e-01
4.001327157020568848e-01
-2.117481976747512817e-01
-1.313373923301696777e+00
5.747020840644836426e-01
-1.065212607383728027e+00
-5.836252570152282715e-01
-1.076902747154235840e+00
-2.118616819381713867e+00
-9.281227588653564453e-01
-8.237957954406738281e-02
1.197155237197875977e+00
2.800953984260559082e-01
5.231671035289764404e-02
1.416546225547790527e+00
-5.973994135856628418e-01
-8.975892663002014160e-01
4.887181818485260010e-01
6.870210766792297363e-01
1.484052836894989014e-01
-4.908145368099212646e-01
-8.644771575927734375e-01
-6.618993282318115234e-01
3.863558173179626465e-01
-5.857366919517517090e-01
1.205456256866455078e-01
-1.204499483108520508e+00
-2.676936686038970947e-01
-1.016868591308593750e+00
-2.678794562816619873e-01
8.930196762084960938e-01
-1.052268505096435547e+00
1.192714929580688477e+00
-4.735465645790100098e-01
-4.604320526123046875e-01
7.908632755279541016e-01
2.339582294225692749e-01
6.215795292519032955e-04
-1.290425658226013184e+00
-8.611388206481933594e-01
8.719049096107482910e-01
9.486845731735229492e-01
-8.221068382263183594e-01
1.214057922363281250e+00
-1.251646041870117188e+00
-1.840105414390563965e+00
-5.313941463828086853e-02
6.980980634689331055e-01
-7.237575054168701172e-01
1.786037087440490723e-01
-5.672214031219482422e-01
-2.478726804256439209e-01
1.384813547134399414e+00
2.084850072860717773e+00
1.476634502410888672e+00
-3.255804181098937988e-01
1.482914209365844727e+00
-5.416860580444335938e-01
-1.060484290122985840e+00
-7.210257649421691895e-01
-3.529689908027648926e-01
-1.697535514831542969e-01
-2.354298681020736694e-01
1.755636334419250488e-01
7.340857982635498047e-01
-5.547381043434143066e-01
-9.097035527229309082e-01
1.444706767797470093e-01
1.698980107903480530e-02
7.018035054206848145e-01
1.787549257278442383e+00
2.840248635038733482e-03
-5.854845643043518066e-01
-2.384206771850585938e+00
-2.165165424346923828e+00
1.898791491985321045e-01
8.197931200265884399e-02
-5.214034318923950195e-01
-1.140498757362365723e+00
6.981170177459716797e-02
-2.977690100669860840e-01
-1.349348187446594238e+00
-4.846707284450531006e-01
1.093255132436752319e-01
6.208006739616394043e-01
7.142822742462158203e-01
-3.537921309471130371e-01
-1.987296342849731445e+00
8.278416395187377930e-01
3.570827543735504150e-01
2.072712421417236328e+00
-1.252772808074951172e+00
-3.436744809150695801e-01
-1.090510010719299316e+00
-3.773880898952484131e-01
1.473211407661437988e+00
-6.222568154335021973e-01
-4.566842615604400635e-01
-9.502712637186050415e-02
-1.769122779369354248e-01
-1.108663916587829590e+00
-2.237151861190795898e-01
6.086575388908386230e-01
-7.154409885406494141e-01
1.524608373641967773e+00
2.894891612231731415e-02
-1.189515471458435059e+00
9.603646397590637207e-01
-1.875119924545288086e+00
5.097575783729553223e-01
-4.110871553421020508e-01
1.123840332031250000e+00
2.792275249958038330e-01
9.093605331145226955e-04
6.129289269447326660e-01
-2.208813428878784180e+00
1.315844893455505371e+00
4.312459528446197510e-01
9.261032342910766602e-01
1.667941570281982422e+00
2.546236813068389893e-01
-4.507362842559814453e-01
-3.576944172382354736e-01
8.564403057098388672e-01
-1.074622392654418945e+00
8.470369577407836914e-01
-1.015885591506958008e+00
4.980411529541015625e-01
-7.680215239524841309e-01
-6.204714253544807434e-02
-1.244303345680236816e+00
2.760256052017211914e+00
-8.431865572929382324e-01
-5.620285868644714355e-01
3.285763263702392578e-01
-1.550904750823974609e+00
-2.805843114852905273e+00
-8.339454531669616699e-01
3.934251964092254639e-01
2.442401498556137085e-01
1.047407388687133789e+00
-1.411689996719360352e+00
-2.246306240558624268e-01
-2.581251859664916992e-01
6.304149031639099121e-01
6.572872400283813477e-01
1.821934431791305542e-01
1.289916992187500000e+00
5.073056221008300781e-01
-1.428727388381958008e+00
2.833204567432403564e-01
1.191367506980895996e+00
-2.909569144248962402e-01
5.122182369232177734e-01
-4.664266407489776611e-01
-1.103882551193237305e+00
1.303202658891677856e-01
-4.214667677879333496e-01
7.593379020690917969e-01
1.497664690017700195e+00
1.132665872573852539e+00
-4.128578901290893555e-01
9.912768006324768066e-01
-1.174737215042114258e+00
5.207772832363843918e-03
4.796578288078308105e-01
-6.336646676063537598e-01
-1.176775932312011719e+00
-5.444969534873962402e-01
6.826452612876892090e-01
-6.407459378242492676e-01
-7.041451334953308105e-01
-7.171874046325683594e-01
-1.339695692062377930e+00
3.054880857467651367e+00
1.246741414070129395e+00
-3.823398947715759277e-01
-5.181220769882202148e-01
-6.889376789331436157e-02
-3.205532431602478027e-01
9.902902841567993164e-01
5.494460463523864746e-01
-3.293314576148986816e-01
-5.505853798240423203e-03
-5.353747606277465820e-01
1.595280408859252930e+00
1.273455858230590820e+00
1.239917948842048645e-01
-1.048759818077087402e+00
1.454749256372451782e-01
1.002753257751464844e+00
-1.054973363876342773e+00
2.230798304080963135e-01
1.559453159570693970e-01
-6.181129217147827148e-01
-2.676870524883270264e-01
5.941541790962219238e-01
2.561596035957336426e-01
3.916384875774383545e-01
-1.175674080848693848e+00
-1.912784695625305176e+00
-1.699535697698593140e-01
7.822449803352355957e-01
-1.416136741638183594e+00
1.457821130752563477e+00
-1.075329780578613281e+00
-1.038884878158569336e+00
-4.180836975574493408e-01
-9.273803979158401489e-02
8.580770343542098999e-02
2.148720901459455490e-03
6.818585097789764404e-02
1.423200666904449463e-01
1.351525425910949707e+00
1.690773963928222656e+00
-1.036638498306274414e+00
4.736456274986267090e-01
-7.904621958732604980e-01
-4.484256505966186523e-01
2.423916161060333252e-01
6.790885329246520996e-02
2.783971428871154785e-01
1.220175176858901978e-01
6.167369484901428223e-01
2.510536834597587585e-02
2.441052496433258057e-01
6.749950647354125977e-01
-4.596709907054901123e-01
-5.556341409683227539e-01
1.582467555999755859e+00
-3.437164425849914551e-01
-4.265547096729278564e-01
1.309493482112884521e-01
3.343022763729095459e-01
2.434251308441162109e+00
4.877252876758575439e-01
1.481873631477355957e+00
-6.647658944129943848e-01
-1.033827662467956543e+00
5.997226238250732422e-01
-1.491744756698608398e+00
1.291226387023925781e+00
-1.327347159385681152e+00
-1.248928308486938477e+00
-4.034205973148345947e-01
7.426497936248779297e-01
-5.625132843852043152e-02
-3.267700374126434326e-01
5.395786091685295105e-02
6.116947531700134277e-01
1.431025862693786621e+00
5.337457656860351562e-01
-1.446203291416168213e-01
-8.441111445426940918e-02
