2.015258550643920898e+00
-1.669016480445861816e-02
-7.736951857805252075e-02
-8.461307883262634277e-01
-1.266703486442565918e+00
-9.396058917045593262e-01
5.560254454612731934e-01
4.021430015563964844e-02
-1.292917728424072266e+00
-1.731937050819396973e+00
4.659236669540405273e-01
-1.603418231010437012e+00
1.195144295692443848e+00
-3.081294596195220947e-01
-1.535822033882141113e+00
-3.716653585433959961e-02
1.667227447032928467e-01
-2.531729042530059814e-01
1.541551232337951660e+00
-5.632786750793457031e-01
4.220500960946083069e-02
-2.557462215423583984e+00
3.048489093780517578e-01
-1.165730595588684082e+00
9.461801052093505859e-01
6.917120814323425293e-01
-4.457553327083587646e-01
1.265383481979370117e+00
-1.401474833488464355e+00
1.244815468788146973e+00
-7.693924307823181152e-01
-8.206412196159362793e-02
-1.551661133766174316e+00
-4.272383451461791992e-01
1.822527125477790833e-02
6.983979046344757080e-02
-3.347608447074890137e-01
-3.015437364578247070e+00
1.347440034151077271e-01
-1.674309968948364258e-01
-8.131700754165649414e-01
-1.271254658699035645e+00
-1.070115208625793457e+00
-6.537357717752456665e-02
6.792401075363159180e-01
1.343335509300231934e+00
2.856077849864959717e-01
1.221078038215637207e+00
-1.021528720855712891e+00
1.778671145439147949e+00
-4.636394083499908447e-01
-3.762276470661163330e-01
-2.580709755420684814e-01
3.727405071258544922e-01
-6.299942731857299805e-01
-1.056759715080261230e+00
-4.487871229648590088e-01
3.350580036640167236e-01
2.954658865928649902e-01
-2.322063036262989044e-02
-8.746406435966491699e-01
5.080726742744445801e-01
7.406352758407592773e-01
-7.347122579813003540e-02
1.058842897415161133e+00
2.825042605400085449e-01
9.866463541984558105e-01
1.509984117001295090e-02
1.568157821893692017e-01
-1.636566162109375000e+00
2.302973419427871704e-01
9.259164929389953613e-01
-7.644265145063400269e-02
-4.251970648765563965e-01
-8.231579065322875977e-01
3.694898486137390137e-01
3.865318298339843750e-01
9.709107279777526855e-01
6.936021894216537476e-02
1.635464191436767578e+00
2.549299597740173340e-01
2.195228487253189087e-01
-2.887348651885986328e+00
-2.775430977344512939e-01
5.458755493164062500e-01
3.344165682792663574e-01
-1.636707186698913574e-01
-9.206650257110595703e-01
-1.190072655677795410e+00
-2.428864240646362305e-01
-5.565302371978759766e-01
-8.512771725654602051e-01
1.005410775542259216e-01
9.445983767509460449e-01
-3.367941677570343018e-01
8.367912173271179199e-01
3.320459127426147461e-01
9.264446496963500977e-01
5.228053927421569824e-01
2.199876308441162109e-01
-1.126679405570030212e-01
4.931277930736541748e-01
5.808039307594299316e-01
-4.518580436706542969e-01
-6.714698076248168945e-01
-2.895396947860717773e-01
-1.771645784378051758e+00
4.717338681221008301e-01
5.712927579879760742e-01
9.010186791419982910e-01
1.045472025871276855e+00
9.233586192131042480e-01
-7.961519956588745117e-01
-2.218476533889770508e+00
-6.153623461723327637e-01
1.004187107086181641e+00
-2.758793234825134277e-01
9.089649468660354614e-02
4.031411707401275635e-01
5.921413898468017578e-01
1.288882136344909668e+00
9.471779465675354004e-01
-2.678677141666412354e-01
1.271565914154052734e+00
1.036464929580688477e+00
-6.510263085365295410e-01
2.991880476474761963e-01
1.561549425125122070e+00
-1.626944303512573242e+00
-1.014463663101196289e+00
8.451457023620605469e-01
-6.974399089813232422e-01
1.144321441650390625e+00
-1.645331501960754395e+00
-2.369344234466552734e+00
-6.280798912048339844e-01
-5.088569521903991699e-01
-6.293238699436187744e-02
-1.782723188400268555e+00
3.283827304840087891e-01
1.179588511586189270e-01
1.475227832794189453e+00
4.391554296016693115e-01
-1.171228066086769104e-01
-1.454377412796020508e+00
6.034319400787353516e-01
5.173448324203491211e-01
-2.224354296922683716e-01
-2.442947924137115479e-01
-2.818921804428100586e-01
1.209825873374938965e+00
-2.086303234100341797e-01
1.007118374109268188e-01
6.219656467437744141e-01
9.855614304542541504e-01
-7.402753233909606934e-01
-9.458602666854858398e-01
-8.083165884017944336e-01
5.898546576499938965e-01
-2.365640997886657715e-01
3.407809436321258545e-01
4.541978836059570312e-01
-2.787237465381622314e-01
-3.907516300678253174e-01
1.544147282838821411e-01
-1.269143700599670410e+00
-1.741885066032409668e+00
-8.596539497375488281e-03
3.376618623733520508e-01
3.956953585147857666e-01
-1.754119038581848145e+00
-1.938052773475646973e+00
-1.063513398170471191e+00
1.819824695587158203e+00
-2.857120633125305176e-01
8.442048430442810059e-01
5.651249885559082031e-01
4.106075316667556763e-02
2.623706683516502380e-02
1.147959589958190918e+00
-1.056116819381713867e+00
-7.003336548805236816e-01
-5.103514790534973145e-01
7.285978198051452637e-01
1.339562535285949707e+00
6.987685561180114746e-01
-1.596158146858215332e+00
-5.436139106750488281e-01
1.358513712882995605e+00
4.489454925060272217e-01
-7.622793316841125488e-02
-7.253081202507019043e-01
-1.076379418373107910e+00
1.818088412284851074e+00
-9.874395132064819336e-01
-8.326160907745361328e-02
-1.812474280595779419e-01
-2.890871465206146240e-01
8.083931803703308105e-01
5.089389681816101074e-01
6.264005899429321289e-01
1.105172395706176758e+00
1.774648189544677734e+00
-3.206917941570281982e-01
-1.407525315880775452e-02
-3.965461552143096924e-01
-3.243902325630187988e-01
-2.219172954559326172e+00
5.732691287994384766e-01
6.310486048460006714e-02
4.643500149250030518e-01
-9.724780321121215820e-01
1.818903386592864990e-01
-5.298469960689544678e-02
-6.279036402702331543e-01
-8.987060189247131348e-01
-2.616074085235595703e+00
-1.980491876602172852e-01
1.888806819915771484e-01
6.065583825111389160e-01
1.623893529176712036e-01
7.237170934677124023e-01
1.791591525077819824e+00
-2.959786355495452881e-02
-5.391702055931091309e-02
-1.780879795551300049e-01
1.049771785736083984e+00
3.818621635437011719e-01
-1.031399965286254883e+00
-2.154044866561889648e+00
4.190832003951072693e-02
-1.699343919754028320e-01
-1.345927119255065918e+00
1.809190630912780762e+00
1.170781254768371582e-01
1.438467353582382202e-01
6.957153677940368652e-01
5.615350008010864258e-01
-1.070042133331298828e+00
-4.871459603309631348e-01
2.101664431393146515e-02
5.313435792922973633e-01
-1.008038043975830078e+00
2.960408031940460205e-01
-1.693466663360595703e+00
7.833659052848815918e-01
-1.386050462722778320e+00
-5.031376481056213379e-01
-1.838130950927734375e-01
-1.584478765726089478e-01
-1.686141341924667358e-01
1.009566903114318848e+00
-9.408894777297973633e-01
-1.000443696975708008e+00
1.373749732971191406e+00
-2.824074625968933105e-01
5.080323815345764160e-01
9.918916225433349609e-01
1.171330064535140991e-01
1.291715502738952637e+00
3.365896642208099365e-01
2.570691518485546112e-02
1.388782978057861328e+00
-6.978949904441833496e-01
-1.295149564743041992e+00
4.511146247386932373e-02
1.457988917827606201e-01
-1.037393569946289062e+00
4.193999290466308594e+00
1.180570721626281738e+00
-1.055992007255554199e+00
1.289188027381896973e+00
6.446333527565002441e-01
1.058111667633056641e+00
-1.002908349037170410e+00
1.273811340332031250e+00
-3.893030881881713867e-01
6.172927469015121460e-02
4.972548484802246094e-01
-2.083945989608764648e+00
1.439520955085754395e+00
-1.212586998939514160e+00
3.233368992805480957e-01
-8.008272051811218262e-01
1.933931559324264526e-01
7.061386704444885254e-01
5.359251499176025391e-01
9.369639158248901367e-01
-1.083465218544006348e-01
-2.175012826919555664e-01
-1.937178254127502441e+00
1.016265153884887695e+00
1.218327164649963379e+00
-3.982623577117919922e+00
1.316976547241210938e+00
-1.721696615219116211e+00
8.284749984741210938e-01
-5.792032480239868164e-01
5.390989184379577637e-01
6.161237359046936035e-01
5.867844820022583008e-01
-6.758124232292175293e-01
4.020644128322601318e-01
8.031338453292846680e-01
2.163836956024169922e+00
9.000564813613891602e-01
2.786237597465515137e-01
-5.931590795516967773e-01
5.933063626289367676e-01
-5.983901023864746094e-01
-1.798945903778076172e+00
-2.378574371337890625e+00
-1.227838993072509766e+00
7.061741352081298828e-01
-1.355115473270416260e-01
2.792854309082031250e-01
1.383518815040588379e+00
6.101830005645751953e-01
-2.586790323257446289e-01
5.249250531196594238e-01
-9.594220519065856934e-01
6.015934348106384277e-01
1.505432367324829102e+00
-5.589733719825744629e-01
-8.144024014472961426e-01
-1.484092175960540771e-01
-6.771537661552429199e-01
3.260240852832794189e-01
6.179369688034057617e-01
1.395673751831054688e+00
9.959239959716796875e-01
-8.280792832374572754e-02
1.027126312255859375e+00
4.204133450984954834e-01
4.309564530849456787e-01
-4.278998374938964844e-01
-3.613216802477836609e-02
-4.872575998306274414e-01
1.649138569831848145e+00
1.418608278036117554e-01
-5.209005251526832581e-02
5.598877668380737305e-01
3.369299173355102539e-01
8.575115203857421875e-01
9.118783473968505859e-01
1.326986908912658691e+00
-1.358394622802734375e+00
4.716380238533020020e-01
-1.377029180526733398e+00
-8.765813112258911133e-01
1.048988476395606995e-01
-1.344317674636840820e+00
4.016536474227905273e-01
3.896746784448623657e-02
-2.867629528045654297e-01
-6.846784949302673340e-01
-9.976088404655456543e-01
-9.236754477024078369e-02
-2.609402239322662354e-01
1.202780485153198242e+00
4.152423143386840820e-01
-4.145601689815521240e-01
3.859948813915252686e-01
-7.315011024475097656e-01
-2.036045789718627930e+00
5.306643843650817871e-01
1.997602820396423340e+00
2.979333698749542236e-02
1.026995897293090820e+00
1.738060355186462402e+00
9.631274342536926270e-01
-7.144541144371032715e-01
-9.015687704086303711e-01
3.054838418960571289e+00
1.449253916740417480e+00
8.761910200119018555e-01
-6.371012330055236816e-02
-2.031992197036743164e+00
-7.240945100784301758e-01
4.522313177585601807e-01
1.427600622177124023e+00
2.812610566616058350e-01
1.060375332832336426e+00
1.206983625888824463e-01
-1.873711049556732178e-01
-4.976494610309600830e-01
-1.238041996955871582e+00
-8.911707401275634766e-01
1.412223219871520996e+00
-1.384413987398147583e-01
1.529734134674072266e+00
8.450785875320434570e-01
3.628654479980468750e-01
-1.323601484298706055e+00
2.243901491165161133e+00
-7.540407776832580566e-01
-5.196800827980041504e-01
2.698722779750823975e-01
-4.213937520980834961e-01
7.584615945816040039e-01
2.320289462804794312e-01
-9.663895368576049805e-01
1.680875867605209351e-01
-1.379723429679870605e+00
-1.748730778694152832e+00
3.074069023132324219e-01
-7.192550897598266602e-01
1.170866250991821289e+00
-5.456138849258422852e-01
-7.792665958404541016e-01
-1.719406247138977051e-01
-7.213164865970611572e-02
-9.251560568809509277e-01
2.343473434448242188e-01
2.786195576190948486e-01
2.770702242851257324e-01
3.474507853388786316e-02
2.630959153175354004e-01
-8.382775783538818359e-01
2.028422117233276367e+00
-1.384486794471740723e+00
-7.020876407623291016e-01
6.698985099792480469e-01
1.155039787292480469e+00
9.152460694313049316e-01
9.304119646549224854e-02
-1.299931526184082031e+00
-4.962110519409179688e-01
-2.317636728286743164e+00
-3.052609264850616455e-01
1.497794836759567261e-01
1.972646594047546387e+00
1.153600096702575684e+00
-9.537128210067749023e-01
3.412484005093574524e-02
-6.768723726272583008e-01
3.844685852527618408e-01
-6.372843384742736816e-01
-1.241030842065811157e-01
8.212124109268188477e-01
7.126352787017822266e-01
1.606729149818420410e+00
-2.701839208602905273e-01
-2.780044078826904297e-01
-3.747834265232086182e-01
-1.076736330986022949e+00
-9.342666268348693848e-01
2.657070457935333252e-01
-4.954116046428680420e-01
-2.753004431724548340e-01
-1.033473849296569824e+00
-1.473618388175964355e+00
-3.264892697334289551e-01
-1.199065685272216797e+00
-1.559023261070251465e+00
-1.053017854690551758e+00
2.429645210504531860e-01
1.008476972579956055e+00
1.698081046342849731e-01
-1.973502397537231445e+00
7.796025276184082031e-01
5.716930609196424484e-03
-8.623455166816711426e-01
1.653598695993423462e-01
-1.106412649154663086e+00
1.560659706592559814e-01
-6.953715085983276367e-01
1.354161977767944336e+00
-1.169736146926879883e+00
6.641529798507690430e-01
-1.028659641742706299e-01
7.735053300857543945e-01
-3.719855546951293945e-01
-1.034202128648757935e-01
-4.914849996566772461e-01
-8.417521119117736816e-01
1.736530184745788574e+00
5.730913281440734863e-01
-1.109526991844177246e+00
1.244775652885437012e+00
8.197483420372009277e-01
6.607303023338317871e-01
-1.492476940155029297e+00
1.246859192848205566e+00
4.170375168323516846e-01
-2.288703173398971558e-01
5.828514695167541504e-01
1.568605780601501465e+00
-1.341866143047809601e-02
-1.951690465211868286e-01
1.627650499343872070e+00
1.094602584838867188e+00
2.962021529674530029e-01
9.617013335227966309e-01
-5.188740491867065430e-01
2.983373403549194336e-01
-2.002623796463012695e+00
-2.074308395385742188e+00
-1.283694803714752197e-01
4.150316417217254639e-01
-7.493066191673278809e-01
4.094895720481872559e-01
-1.481442570686340332e+00
1.025099158287048340e+00
-1.062715411186218262e+00
1.095128536224365234e+00
-4.550120234489440918e-01
-6.898111104965209961e-01
2.502308189868927002e-01
8.631268739700317383e-01
9.914524555206298828e-01
-2.559725046157836914e-01
5.142713785171508789e-01
-1.486718002706766129e-02
9.960519075393676758e-01
6.131238937377929688e-01
3.536308109760284424e-01
-7.761836647987365723e-01
-1.189438030123710632e-01
-1.289274215698242188e+00
-7.842755913734436035e-01
-1.096275687217712402e+00
-1.445943474769592285e+00
-6.142343878746032715e-01
1.415819674730300903e-01
9.829317927360534668e-01
2.289662659168243408e-01
1.484545320272445679e-01
1.533334851264953613e+00
-2.280114144086837769e-01
-9.763860702514648438e-01
9.321125745773315430e-01
2.009325474500656128e-01
6.790051609277725220e-02
-1.182137951254844666e-01
-1.067915678024291992e+00
-5.578194856643676758e-01
2.025370895862579346e-01
-1.163249254226684570e+00
-2.645050585269927979e-01
-1.051844716072082520e+00
-4.138448834419250488e-01
-1.245890617370605469e+00
-8.015244603157043457e-01
1.117026686668395996e+00
-6.977836489677429199e-01
1.440520167350769043e+00
-5.857781171798706055e-01
-8.685226440429687500e-01
1.504812717437744141e+00
2.782810330390930176e-01
2.350293099880218506e-01
-8.352779746055603027e-01
3.701983094215393066e-01
-3.819703310728073120e-02
6.959091424942016602e-01
-7.189000844955444336e-01
4.625381827354431152e-01
-4.587387442588806152e-01
-1.248306393623352051e+00
1.510017812252044678e-01
6.695923805236816406e-01
-7.553669065237045288e-02
2.158820070326328278e-02
1.268363557755947113e-02
4.017493426799774170e-01
1.513887524604797363e+00
1.081121444702148438e+00
7.083489298820495605e-01
-5.229033231735229492e-01
1.255811929702758789e+00
-3.029563426971435547e-01
-1.664403080940246582e+00
-8.430510759353637695e-01
-5.324127674102783203e-01
-1.772732585668563843e-01
-2.537133693695068359e-01
-4.098892211914062500e-02
1.807011604309082031e+00
-7.279755175113677979e-02
-6.900610327720642090e-01
7.116931080818176270e-01
-4.171962738037109375e-01
1.131358146667480469e+00
1.153322458267211914e+00
1.938985288143157959e-01
-5.361959338188171387e-01
-2.573889970779418945e+00
-1.863644123077392578e+00
3.129804432392120361e-01
-5.469272136688232422e-01
-2.482720911502838135e-01
-8.365623950958251953e-01
3.539497852325439453e-01
-3.749593496322631836e-01
-2.153072834014892578e+00
-9.920440912246704102e-01
9.071444869041442871e-01
1.298953741788864136e-01
-2.206118702888488770e-01
-6.407865881919860840e-01
-1.996942281723022461e+00
4.639716148376464844e-01
3.090545535087585449e-01
1.561943411827087402e+00
-1.855069041252136230e+00
-7.383891940116882324e-01
-1.373380303382873535e+00
1.413295418024063110e-02
2.364049702882766724e-01
-8.015874624252319336e-01
-1.806664615869522095e-01
-9.172616153955459595e-02
5.932469964027404785e-01
-1.582845091819763184e+00
-5.857235789299011230e-01
-2.882328331470489502e-01
2.522377371788024902e-01
1.302832603454589844e+00
2.725136280059814453e-01
-8.636049628257751465e-01
7.121644020080566406e-01
-2.073683738708496094e+00
8.591336011886596680e-01
-7.691348195075988770e-01
3.459275960922241211e-01
7.914534211158752441e-02
1.221153065562248230e-01
4.084243774414062500e-01
-9.934224486351013184e-01
2.658081054687500000e-01
3.319990932941436768e-01
-5.731678381562232971e-02
1.659479975700378418e+00
2.076525241136550903e-03
-6.184499263763427734e-01
1.817153245210647583e-01
9.091749787330627441e-01
-5.747171640396118164e-01
2.708770930767059326e-01
-7.886139750480651855e-01
3.380341529846191406e-01
-1.237558245658874512e+00
4.115527570247650146e-01
-1.280796527862548828e+00
2.826979637145996094e+00
-1.700193434953689575e-01
2.972560226917266846e-01
1.027687266469001770e-01
-1.378957390785217285e+00
-1.970509648323059082e+00
-1.558841168880462646e-01
2.498295754194259644e-01
-3.489230275154113770e-01
2.902444005012512207e-01
-1.406763076782226562e+00
1.119736507534980774e-01
-9.514437913894653320e-01
1.547310113906860352e+00
9.651156663894653320e-01
-1.148264016956090927e-02
5.588788986206054688e-01
9.651255607604980469e-01
-7.632179260253906250e-01
5.236787796020507812e-01
7.592813968658447266e-01
-2.617334425449371338e-01
2.498518973588943481e-01
1.766440570354461670e-01
-4.656095802783966064e-01
-1.385952383279800415e-01
-5.170621275901794434e-01
9.524374008178710938e-01
1.500483751296997070e+00
8.873963952064514160e-01
-2.677203714847564697e-01
1.242954850196838379e+00
-7.482455968856811523e-01
8.484085798263549805e-01
3.058368265628814697e-01
-3.319989740848541260e-01
1.780968606472015381e-01
-4.915804564952850342e-01
-1.685482561588287354e-01
-9.732372164726257324e-01
-3.821467161178588867e-01
-1.113894820213317871e+00
-1.413065075874328613e+00
3.827769994735717773e+00
1.164417028427124023e+00
-6.867392659187316895e-01
-7.195085883140563965e-01
1.235863417387008667e-01
-7.742769122123718262e-01
4.256704747676849365e-01
2.443629652261734009e-01
-1.909096240997314453e-01
-1.050215959548950195e-01
-2.378990501165390015e-01
1.330397844314575195e+00
9.059763550758361816e-01
-6.600016951560974121e-01
-2.858631908893585205e-01
3.502413630485534668e-01
8.312460184097290039e-01
-8.113045692443847656e-01
1.206970930099487305e+00
4.936638772487640381e-01
-1.419328808784484863e+00
4.293086528778076172e-01
-2.609402239322662354e-01
3.424207270145416260e-01
1.946348249912261963e-01
-1.238625049591064453e+00
-1.864361643791198730e+00
-2.714389562606811523e-01
2.161769717931747437e-01
-1.136084914207458496e+00
2.056310415267944336e+00
-1.064234375953674316e+00
-7.108032107353210449e-01
-6.059648990631103516e-01
-4.661746323108673096e-01
-6.039909124374389648e-01
-7.728873491287231445e-01
4.010188207030296326e-02
5.555672645568847656e-01
4.045882523059844971e-01
9.244141578674316406e-01
-1.522751748561859131e-01
9.346066713333129883e-01
-2.979677319526672363e-01
6.868668198585510254e-01
-5.660911276936531067e-02
2.788327038288116455e-01
3.841247558593750000e-01
3.246223926544189453e-01
4.693014323711395264e-01
5.463468432426452637e-01
-8.102394640445709229e-02
2.047232389450073242e-01
-2.739885151386260986e-01
-2.328674793243408203e-01
1.719200730323791504e+00
-5.986592769622802734e-01
-5.881619825959205627e-02
7.185989618301391602e-01
-4.378187954425811768e-01
1.666799783706665039e+00
8.481144309043884277e-01
1.875644803047180176e+00
-6.662616133689880371e-01
-4.518659114837646484e-01
1.014226526021957397e-01
-1.128911256790161133e+00
5.922765135765075684e-01
-1.196381688117980957e+00
-4.051063954830169678e-01
-6.712500452995300293e-01
4.605760276317596436e-01
-1.322015970945358276e-01
9.430141001939773560e-02
3.814912438392639160e-01
6.720982193946838379e-01
9.737775921821594238e-01
5.243203043937683105e-02
2.825454771518707275e-01
-6.817036122083663940e-02
