1.641217708587646484e+00
-3.374092280864715576e-01
4.303216636180877686e-01
-1.099916458129882812e+00
-4.661250710487365723e-01
-1.313685059547424316e+00
-3.639476597309112549e-01
3.443996310234069824e-01
-1.900958895683288574e+00
-1.281294941902160645e+00
4.386671483516693115e-01
-1.734169483184814453e+00
7.870364785194396973e-01
8.192984759807586670e-02
-9.648747444152832031e-01
-1.888248026371002197e-01
-2.164686322212219238e-01
-3.035124540328979492e-01
3.362722694873809814e-01
-3.797001838684082031e-01
-2.513802843168377876e-03
-2.209611892700195312e+00
1.039364933967590332e+00
-9.204913377761840820e-01
9.015020132064819336e-01
8.084285259246826172e-01
3.387576714158058167e-02
1.455345869064331055e+00
-6.996482610702514648e-01
1.020447611808776855e+00
2.449829503893852234e-02
2.809105813503265381e-01
-1.585948467254638672e+00
-4.421067982912063599e-02
2.038506790995597839e-02
3.949670493602752686e-01
-1.029137611389160156e+00
-4.464794158935546875e+00
1.219498217105865479e-01
1.223359227180480957e+00
-1.107952833175659180e+00
-1.551637768745422363e+00
-6.832663416862487793e-01
2.758634276688098907e-02
7.769867181777954102e-01
1.098089575767517090e+00
3.526411652565002441e-01
1.141865253448486328e+00
3.331227004528045654e-01
1.999540925025939941e+00
-8.801737427711486816e-01
3.477167189121246338e-01
6.381990909576416016e-01
3.315572142601013184e-01
1.753721758723258972e-02
-9.139795899391174316e-01
4.154776409268379211e-02
-5.022327899932861328e-01
4.808658361434936523e-01
-1.344838500022888184e+00
-5.851206779479980469e-01
5.628949403762817383e-01
1.794252157211303711e+00
-6.156772971153259277e-01
9.023304581642150879e-01
-3.194140493869781494e-01
7.205851078033447266e-01
2.710797786712646484e-01
1.637825012207031250e+00
-1.637431859970092773e+00
1.211834549903869629e+00
7.202369570732116699e-01
6.183436140418052673e-02
-5.237892270088195801e-01
-3.583816885948181152e-01
1.123868703842163086e+00
6.673558354377746582e-01
1.201532006263732910e+00
3.120031654834747314e-01
1.203596949577331543e+00
-1.869492605328559875e-02
-1.358730643987655640e-01
-1.664226651191711426e+00
-4.001689851284027100e-01
3.857212364673614502e-01
-9.632555842399597168e-01
-3.038225769996643066e-01
-1.306293904781341553e-01
-9.533094614744186401e-02
-1.051122665405273438e+00
7.081271708011627197e-02
-3.905878961086273193e-01
4.046256244182586670e-01
1.282801628112792969e+00
-2.301135510206222534e-01
7.680035233497619629e-01
-8.089453727006912231e-02
1.122857332229614258e+00
2.525591850280761719e-01
1.982678174972534180e-01
-5.045617222785949707e-01
1.537359833717346191e+00
1.426792740821838379e+00
-4.650142192840576172e-01
-1.372270941734313965e+00
-6.243997216224670410e-01
-2.090106010437011719e+00
1.739994645118713379e+00
9.428462386131286621e-02
2.665841393172740936e-02
3.605228662490844727e-01
1.454766392707824707e+00
-3.912621438503265381e-01
-4.792641103267669678e-01
-6.045920848846435547e-01
7.657887339591979980e-01
-3.818390369415283203e-01
5.390834212303161621e-01
-1.199318245053291321e-01
6.166391968727111816e-01
6.817026138305664062e-01
4.386671185493469238e-01
-7.637529969215393066e-01
9.240224361419677734e-01
7.511563301086425781e-01
4.381108582019805908e-01
4.461542665958404541e-01
1.809393882751464844e+00
-1.401376485824584961e+00
-4.951910972595214844e-01
5.229532122611999512e-01
-1.530959010124206543e+00
8.701305389404296875e-01
-1.366918563842773438e+00
-2.558412790298461914e+00
-1.814130991697311401e-01
-1.690021753311157227e-01
4.698173105716705322e-01
-1.129357457160949707e+00
1.089780449867248535e+00
1.266077995300292969e+00
8.061982989311218262e-01
1.179877519607543945e+00
-7.066372632980346680e-01
-1.419824004173278809e+00
5.483709573745727539e-01
1.225532412528991699e+00
-1.070628523826599121e+00
-6.290613412857055664e-01
-1.720256567001342773e+00
1.299939393997192383e+00
1.280165556818246841e-02
1.655156612396240234e-01
-2.699209749698638916e-01
1.561594367027282715e+00
-4.381110072135925293e-01
-3.804847896099090576e-01
-4.405628144741058350e-01
-4.311938211321830750e-02
-1.263422369956970215e-01
5.135833024978637695e-01
5.799401998519897461e-01
6.293488144874572754e-01
-3.703858256340026855e-01
-4.904280602931976318e-02
-1.715905308723449707e+00
-2.110742330551147461e+00
1.475840359926223755e-01
6.860280632972717285e-01
1.126538872718811035e+00
-1.929540514945983887e+00
-1.852729678153991699e+00
-6.231091618537902832e-01
1.750819802284240723e+00
-1.002011224627494812e-01
9.178864359855651855e-01
9.953910112380981445e-01
-3.883085548877716064e-01
-7.767866253852844238e-01
1.049830794334411621e+00
-9.931857585906982422e-01
-1.155093550682067871e+00
-9.429866671562194824e-01
8.113916516304016113e-01
1.624337077140808105e+00
4.578092694282531738e-01
-1.499896049499511719e+00
1.781934313476085663e-02
1.901587963104248047e+00
5.403164029121398926e-01
1.350203007459640503e-01
-3.551397919654846191e-01
-1.274920821189880371e+00
1.621568083763122559e+00
-1.430901139974594116e-01
-4.406324923038482666e-01
9.731160104274749756e-02
-6.429234147071838379e-01
9.850181341171264648e-01
2.234869599342346191e-01
4.934937953948974609e-01
1.318119645118713379e+00
2.222036600112915039e+00
-1.365674376487731934e+00
6.650219857692718506e-02
-2.239628285169601440e-01
-5.838084220886230469e-01
-1.868231058120727539e+00
8.173654079437255859e-01
-7.512938976287841797e-01
-2.113020122051239014e-01
-9.595043659210205078e-01
3.977255821228027344e-01
-2.879830002784729004e-01
-1.124907016754150391e+00
1.429189443588256836e-01
-3.273559093475341797e+00
5.397689938545227051e-01
4.417355954647064209e-01
1.003072410821914673e-01
4.019086658954620361e-01
4.036118686199188232e-01
1.099094390869140625e+00
4.894558191299438477e-01
7.556505799293518066e-01
1.542865186929702759e-01
9.673430919647216797e-01
-3.573368787765502930e-01
-1.338082671165466309e+00
-9.767052531242370605e-01
4.881010949611663818e-01
-6.535766720771789551e-01
-2.299929708242416382e-01
1.766877770423889160e+00
-3.076659142971038818e-01
6.749053597450256348e-01
9.177517294883728027e-01
8.966219425201416016e-01
-1.060396194458007812e+00
3.868241012096405029e-01
1.079657077789306641e+00
1.421841859817504883e+00
-1.604823827743530273e+00
8.753446340560913086e-01
-6.941581368446350098e-01
1.626270174980163574e+00
-1.664046049118041992e+00
3.923088908195495605e-01
-4.313251078128814697e-01
-7.459048032760620117e-01
-9.406685829162597656e-01
3.059299290180206299e-01
-1.733684659004211426e+00
-5.126454234123229980e-01
9.980708360671997070e-01
-1.685673832893371582e+00
6.676978468894958496e-01
4.250881373882293701e-01
-1.284015327692031860e-01
9.683835506439208984e-01
-3.996087610721588135e-01
-6.086758375167846680e-01
1.409259915351867676e+00
-5.259099006652832031e-01
-1.375776648521423340e+00
2.457168251276016235e-01
7.437039613723754883e-01
-6.872192025184631348e-01
4.364616870880126953e+00
1.327384591102600098e+00
-9.336581230163574219e-01
9.873214364051818848e-01
7.324804663658142090e-01
1.172398090362548828e+00
5.569948256015777588e-02
8.590596318244934082e-01
-2.215605676174163818e-01
2.316424697637557983e-01
6.643447279930114746e-01
-1.108472585678100586e+00
1.134934663772583008e+00
-1.117200851440429688e+00
9.282619357109069824e-01
-6.018342971801757812e-01
6.960192322731018066e-01
6.574404835700988770e-01
-3.748450875282287598e-01
4.590330719947814941e-01
1.179747700691223145e+00
-5.379965901374816895e-01
-1.660357117652893066e+00
7.957521080970764160e-01
8.225489854812622070e-01
-3.306733131408691406e+00
1.021329641342163086e+00
-6.098663806915283203e-01
-4.836434125900268555e-01
-2.103051692247390747e-01
1.585999131202697754e-01
5.267314910888671875e-01
3.069702386856079102e-01
-9.955963492393493652e-01
2.319027185440063477e-01
8.713021874427795410e-01
1.820828318595886230e+00
1.128845810890197754e+00
6.998177170753479004e-01
-1.213246703147888184e+00
5.590021610260009766e-01
-4.362926483154296875e-01
-1.512710809707641602e+00
-1.907942414283752441e+00
-1.314088225364685059e+00
1.230869293212890625e+00
-3.874774277210235596e-01
1.218592226505279541e-01
2.237313985824584961e+00
1.585231870412826538e-01
3.775102645158767700e-02
8.034973591566085815e-02
-4.672710299491882324e-01
1.285995364189147949e+00
1.455402255058288574e+00
-1.714314579963684082e+00
-6.024764180183410645e-01
-6.131578683853149414e-01
-1.024067401885986328e+00
2.783088088035583496e-01
3.106420859694480896e-02
1.777013540267944336e+00
6.839343905448913574e-01
-9.192231893539428711e-01
1.324715614318847656e+00
6.503751873970031738e-01
1.492955386638641357e-01
-3.359415829181671143e-01
-3.752035498619079590e-01
-1.190866947174072266e+00
2.032088041305541992e+00
-4.809941053390502930e-01
1.632896661758422852e-01
6.098499298095703125e-01
7.120543718338012695e-01
6.024246215820312500e-01
2.007831037044525146e-01
1.177332758903503418e+00
-1.334819912910461426e+00
8.645327091217041016e-01
-1.614179968833923340e+00
-1.157680988311767578e+00
-9.134733676910400391e-01
-9.410798549652099609e-01
6.679773926734924316e-01
-5.021061897277832031e-01
-3.841483965516090393e-02
-4.565353393554687500e-01
2.485348284244537354e-01
-1.003711223602294922e+00
-5.578896030783653259e-02
7.929601073265075684e-01
8.047487735748291016e-01
-5.319839119911193848e-01
-1.681565791368484497e-01
-1.091097593307495117e+00
-1.793726801872253418e+00
-7.543872296810150146e-02
1.817630529403686523e+00
-3.118087649345397949e-01
3.584050834178924561e-01
1.240138888359069824e+00
7.247311472892761230e-01
-2.241436839103698730e-01
-7.042568325996398926e-01
2.729656696319580078e+00
1.704602956771850586e+00
1.031265556812286377e-01
-7.144371271133422852e-01
-9.968479275703430176e-01
-1.217168927192687988e+00
2.115451991558074951e-01
1.351384043693542480e+00
7.690149545669555664e-01
7.419687509536743164e-01
-7.779529094696044922e-01
-1.899001449346542358e-01
-6.033532693982124329e-02
-8.619727492332458496e-01
-8.281762599945068359e-01
1.948401331901550293e+00
-5.504218339920043945e-01
1.467254877090454102e+00
2.631791830062866211e-01
7.279676198959350586e-01
-2.114565134048461914e+00
2.987559318542480469e+00
-7.280448079109191895e-01
-5.219799280166625977e-01
1.816014945507049561e-01
-7.155220508575439453e-01
-3.054570257663726807e-01
-2.284353971481323242e-01
-1.011745691299438477e+00
1.389558166265487671e-01
-1.964091897010803223e+00
-1.032585740089416504e+00
9.506428241729736328e-01
-8.698365092277526855e-01
1.139434814453125000e+00
-5.605722069740295410e-01
-1.337337255477905273e+00
-4.108903408050537109e-01
-4.576021134853363037e-01
-1.535025000572204590e+00
4.836051464080810547e-01
6.471540331840515137e-01
4.643628895282745361e-01
-8.334175497293472290e-02
3.900021016597747803e-01
-7.304682135581970215e-01
1.609385967254638672e+00
-1.118751287460327148e+00
-9.208672642707824707e-01
1.357539445161819458e-01
1.463835954666137695e+00
1.148396432399749756e-01
5.037549734115600586e-01
-1.190629124641418457e+00
9.805808775126934052e-03
-2.048001766204833984e+00
-7.131571173667907715e-01
4.972716793417930603e-02
1.691157817840576172e+00
1.641478538513183594e+00
-1.205916404724121094e+00
-1.331233531236648560e-01
2.669917345046997070e-01
7.130633592605590820e-01
-5.079892873764038086e-01
2.666026651859283447e-01
2.326134592294692993e-01
3.664982914924621582e-01
1.147167563438415527e+00
-1.102630734443664551e+00
3.642184734344482422e-01
-1.614373475313186646e-01
-8.301610350608825684e-01
-9.288833141326904297e-01
-1.990952342748641968e-01
-6.046187281608581543e-01
-1.308582305908203125e+00
-1.094161629676818848e+00
-1.295227169990539551e+00
-7.587383985519409180e-01
-1.552940130233764648e+00
-1.622626781463623047e+00
-9.163845777511596680e-01
7.922209501266479492e-01
4.626843333244323730e-01
-1.152140870690345764e-01
-1.979501962661743164e+00
3.846152424812316895e-01
2.270231097936630249e-01
-4.195620417594909668e-01
-1.821285635232925415e-01
-4.527755379676818848e-01
5.478917360305786133e-01
-5.551687479019165039e-01
1.397256970405578613e+00
-2.462184727191925049e-01
8.732830882072448730e-01
2.579533457756042480e-01
3.020207285881042480e-01
-5.870292782783508301e-01
2.731317281723022461e-01
-1.879492849111557007e-01
-1.430278778076171875e+00
1.056955933570861816e+00
4.193311929702758789e-02
-1.099312901496887207e+00
1.981877207756042480e+00
3.007598221302032471e-01
5.502780675888061523e-01
-1.129919171333312988e+00
1.253759622573852539e+00
8.330394625663757324e-01
-5.031908750534057617e-01
-6.695558130741119385e-02
6.252607703208923340e-01
-3.464505374431610107e-01
-3.805339038372039795e-01
8.862957954406738281e-01
9.756900072097778320e-01
-2.839166224002838135e-01
1.631753802299499512e+00
-6.773539185523986816e-01
8.882412910461425781e-01
-1.318445205688476562e+00
-1.634165406227111816e+00
6.546425223350524902e-01
-1.224101930856704712e-01
-2.087154239416122437e-01
1.081997752189636230e+00
-1.211114048957824707e+00
3.624556660652160645e-01
-6.370564103126525879e-01
1.219554305076599121e+00
-5.357147455215454102e-01
-1.915322989225387573e-01
1.638178974390029907e-01
8.834348320960998535e-01
1.081477046012878418e+00
-1.111157774925231934e+00
6.251769661903381348e-01
8.764537423849105835e-02
6.037616729736328125e-01
3.642370998859405518e-01
-8.303310275077819824e-01
-1.751804351806640625e-01
5.530184507369995117e-01
-9.440435171127319336e-01
-1.784481406211853027e-01
-5.359827280044555664e-01
-1.226082086563110352e+00
-9.105512499809265137e-01
-2.339433133602142334e-01
8.187527060508728027e-01
1.985233426094055176e-01
1.901274174451828003e-01
3.771135210990905762e-01
-9.893310815095901489e-02
-8.585931658744812012e-01
7.940294146537780762e-01
1.032519221305847168e+00
5.814488530158996582e-01
1.650579720735549927e-01
-1.544995546340942383e+00
-1.627237439155578613e+00
9.307414889335632324e-01
-9.331893920898437500e-01
7.929862737655639648e-01
-1.309838771820068359e+00
-7.041880488395690918e-01
-1.132258415222167969e+00
-5.550823807716369629e-01
1.383523464202880859e+00
-9.488026499748229980e-01
1.512697935104370117e+00
2.530887424945831299e-01
-1.024206876754760742e+00
6.545958518981933594e-01
-2.226519882678985596e-01
3.237568736076354980e-01
-1.588663458824157715e+00
-3.578986227512359619e-01
-3.732530772686004639e-01
5.849257111549377441e-01
-9.012671113014221191e-01
3.410835564136505127e-01
-6.393191814422607422e-01
-1.696217298507690430e+00
9.375755190849304199e-01
8.378753662109375000e-01
-8.311849236488342285e-01
-5.162472277879714966e-02
1.490838974714279175e-01
-3.425598144531250000e-01
1.341523170471191406e+00
1.648362517356872559e+00
2.005913972854614258e+00
-7.533718943595886230e-01
1.094338893890380859e+00
-7.027103900909423828e-01
-1.681311607360839844e+00
-9.520105123519897461e-01
-1.386652946472167969e+00
-8.132688403129577637e-01
-5.027085542678833008e-01
1.236446946859359741e-01
7.810162305831909180e-01
-2.742991447448730469e-01
-1.660163760185241699e+00
3.110093474388122559e-01
-4.950267374515533447e-01
7.784614562988281250e-01
1.242991566658020020e+00
-1.015382185578346252e-01
-6.228321194648742676e-01
-1.753461718559265137e+00
-1.987538814544677734e+00
-1.329947263002395630e-01
-2.790579497814178467e-01
-5.484275147318840027e-02
-1.086234331130981445e+00
-2.263758629560470581e-01
-6.896091699600219727e-01
-1.492680668830871582e+00
-5.490393638610839844e-01
-4.265399873256683350e-01
5.314313769340515137e-01
-4.892742633819580078e-02
-3.390423655509948730e-01
-2.734953165054321289e+00
5.732966065406799316e-01
5.975553989410400391e-01
1.851981759071350098e+00
-1.558625817298889160e+00
-3.220859467983245850e-01
-1.881910443305969238e+00
-4.358471035957336426e-01
8.164799213409423828e-01
-1.568515896797180176e+00
-1.072375774383544922e+00
6.407058238983154297e-01
6.263064146041870117e-01
-1.803294062614440918e+00
4.084118306636810303e-01
4.166144728660583496e-01
-6.021460294723510742e-01
6.628388762474060059e-01
2.505327463150024414e-01
-1.362367391586303711e+00
1.012499690055847168e+00
-1.800572156906127930e+00
6.480263471603393555e-01
-4.033121764659881592e-01
1.407274723052978516e+00
1.361546218395233154e-01
-6.889915466308593750e-02
-2.364074140787124634e-01
-1.233049035072326660e+00
4.933055043220520020e-01
5.514001250267028809e-01
4.042131006717681885e-01
1.385406851768493652e+00
4.459009170532226562e-01
-4.482553005218505859e-01
-9.056654572486877441e-01
3.581821620464324951e-01
-1.102619767189025879e+00
6.015051007270812988e-01
-9.851970672607421875e-01
4.064493477344512939e-01
-6.868722438812255859e-01
5.643506050109863281e-01
-1.167361974716186523e+00
3.127411365509033203e+00
-2.790505290031433105e-01
-5.827363729476928711e-01
3.113684654235839844e-01
-4.465198814868927002e-01
-1.851700425148010254e+00
-5.005241632461547852e-01
1.118747889995574951e-01
-3.782637119293212891e-01
2.314997911453247070e-01
-1.181686162948608398e+00
-2.754209339618682861e-01
-1.191765721887350082e-02
5.231857299804687500e-01
1.423719763755798340e+00
-1.635325700044631958e-01
1.049288868904113770e+00
1.867688000202178955e-01
-4.580227732658386230e-01
4.811862707138061523e-01
8.920481204986572266e-01
-7.980468869209289551e-01
7.606754899024963379e-01
6.284251213073730469e-01
-1.273522973060607910e+00
1.620536297559738159e-01
-7.732894420623779297e-01
6.628128290176391602e-01
2.049391508102416992e+00
1.129082083702087402e+00
-4.613436758518218994e-01
1.254044890403747559e+00
-2.926411926746368408e-01
1.203231930732727051e+00
6.822511553764343262e-02
-2.201367020606994629e-01
4.018269181251525879e-01
-2.395387887954711914e-01
7.650454044342041016e-01
-2.543926239013671875e-01
-1.630423031747341156e-02
-5.821304917335510254e-01
-1.435583114624023438e+00
2.147466421127319336e+00
1.029563069343566895e+00
2.714716270565986633e-02
-2.987465560436248779e-01
9.983764588832855225e-02
-3.320510387420654297e-01
8.784277439117431641e-01
5.872067213058471680e-01
-1.143293380737304688e+00
-3.421093523502349854e-01
-4.984452128410339355e-01
7.079548835754394531e-01
3.500112891197204590e-01
-1.087648510932922363e+00
-7.056046128273010254e-01
3.129491209983825684e-01
9.037886261940002441e-01
-4.334183633327484131e-01
5.905059576034545898e-01
8.601889610290527344e-01
-3.422674536705017090e-01
8.483960479497909546e-02
6.387537121772766113e-01
8.873896002769470215e-01
-3.398182336241006851e-03
-8.816119432449340820e-01
-2.149681329727172852e+00
1.528945416212081909e-01
2.547551691532135010e-01
-1.556374549865722656e+00
1.448151350021362305e+00
-1.156462192535400391e+00
-1.095489263534545898e+00
-4.949292242527008057e-01
5.558684095740318298e-02
4.226198494434356689e-01
-5.473743677139282227e-01
-1.004415284842252731e-02
3.180043399333953857e-01
1.050524711608886719e+00
1.042417407035827637e+00
-3.034317195415496826e-01
5.301490426063537598e-01
-6.249767541885375977e-01
-3.115321882069110870e-02
4.387433230876922607e-01
-1.957093924283981323e-01
8.818916231393814087e-02
2.724002301692962646e-01
3.360685706138610840e-01
-9.425676614046096802e-02
9.446607530117034912e-02
5.729851722717285156e-01
-2.754904627799987793e-01
2.608143687248229980e-01
1.476580381393432617e+00
2.583615779876708984e-01
-6.150923371315002441e-01
5.621484518051147461e-01
6.400318145751953125e-01
1.712282419204711914e+00
1.060232281684875488e+00
8.075800538063049316e-01
-1.382878283038735390e-03
-1.019124865531921387e+00
4.354318380355834961e-01
-1.158386588096618652e+00
4.183477163314819336e-02
-1.319176197052001953e+00
-1.708603501319885254e+00
-8.581272959709167480e-01
-5.784127861261367798e-03
-2.654509544372558594e-01
3.755652159452438354e-02
-1.520366072654724121e-01
6.744679212570190430e-01
8.889002799987792969e-01
7.558228373527526855e-01
-2.313919663429260254e-01
5.020828247070312500e-01
