1.735793352127075195e+00
-3.919081762433052063e-02
-1.196427643299102783e-02
-3.384305834770202637e-01
-1.040334343910217285e+00
-1.208169698715209961e+00
1.876143366098403931e-01
-4.735513031482696533e-01
-1.412067532539367676e+00
-1.490535616874694824e+00
7.589047551155090332e-01
-1.616977334022521973e+00
1.367831230163574219e+00
-5.223701596260070801e-01
-6.619306206703186035e-01
-6.963156461715698242e-01
-2.918889522552490234e-01
-2.788529694080352783e-01
3.052828013896942139e-01
-3.041110634803771973e-01
-1.370134484022855759e-02
-2.106747627258300781e+00
4.961583614349365234e-01
-9.322620630264282227e-01
1.237222194671630859e+00
7.635980844497680664e-01
-5.180506706237792969e-01
7.679939866065979004e-01
-1.238429903984069824e+00
9.431117177009582520e-01
-7.834088057279586792e-02
1.007508039474487305e+00
-1.686876773834228516e+00
-4.133863449096679688e-01
1.097211316227912903e-01
6.929724812507629395e-01
-5.074117183685302734e-01
-3.655550718307495117e+00
9.186206758022308350e-02
1.469811610877513885e-02
-6.654214859008789062e-01
-1.066810846328735352e+00
-9.838907122611999512e-01
5.956304073333740234e-01
7.087528705596923828e-01
1.503711342811584473e+00
-2.885245345532894135e-02
1.092024803161621094e+00
-8.430084586143493652e-01
1.679496884346008301e+00
-4.399801790714263916e-01
-3.154287338256835938e-01
1.216046363115310669e-01
7.271996140480041504e-01
-6.302387714385986328e-01
-1.035681724548339844e+00
-7.052439451217651367e-02
8.141844533383846283e-03
4.707559645175933838e-01
-9.677271246910095215e-01
-9.965572357177734375e-01
1.936840713024139404e-01
1.861703038215637207e+00
-5.777853727340698242e-01
1.293787956237792969e+00
-5.099489092826843262e-01
1.466812849044799805e+00
1.625890731811523438e-01
8.415514230728149414e-01
-1.851817131042480469e+00
6.480710506439208984e-01
1.388957977294921875e+00
-3.572005629539489746e-01
-3.107948303222656250e-01
-1.219774484634399414e+00
-2.344755977392196655e-01
-9.286125004291534424e-02
1.554763168096542358e-01
-1.871773749589920044e-01
1.915650844573974609e+00
8.922604322433471680e-01
-1.291055083274841309e-01
-2.405556678771972656e+00
-1.557999998331069946e-01
-4.563255608081817627e-02
-4.205997586250305176e-01
4.087187349796295166e-01
-1.127343416213989258e+00
-3.643099069595336914e-01
-5.690532326698303223e-01
-9.274038076400756836e-01
-8.707392811775207520e-01
2.350031584501266479e-01
6.494013071060180664e-01
-1.208709459751844406e-02
7.824867367744445801e-01
-7.796555757522583008e-02
8.766639828681945801e-01
3.955297172069549561e-01
2.162906825542449951e-01
2.263572663068771362e-01
7.951314449310302734e-01
1.025618433952331543e+00
-6.111109852790832520e-01
-1.066946864128112793e+00
-2.150047421455383301e-01
-2.600279092788696289e+00
1.042160153388977051e+00
3.759179115295410156e-01
2.223146110773086548e-01
1.064969897270202637e+00
1.631643176078796387e+00
-6.900243163108825684e-01
-1.160013556480407715e+00
-5.226590037345886230e-01
6.709228157997131348e-01
-4.136719107627868652e-01
1.299693584442138672e+00
5.550159811973571777e-01
1.061721563339233398e+00
7.039086818695068359e-01
7.707077860832214355e-01
-1.197029113769531250e+00
1.225549817085266113e+00
1.167292356491088867e+00
-6.878821253776550293e-01
5.960887670516967773e-01
1.895266056060791016e+00
-7.151710987091064453e-01
-5.569216609001159668e-01
1.135215163230895996e+00
-1.034934043884277344e+00
6.404484510421752930e-01
-1.160867929458618164e+00
-2.334418296813964844e+00
-5.781241655349731445e-01
-4.718874394893646240e-01
-4.794183373451232910e-01
-1.587158560752868652e+00
7.875772118568420410e-01
4.614178836345672607e-01
1.616940736770629883e+00
4.137808382511138916e-01
-6.555320620536804199e-01
-1.677803397178649902e+00
7.226528525352478027e-01
7.904996275901794434e-01
-8.755611777305603027e-01
2.379773259162902832e-01
-5.557526946067810059e-01
1.874269485473632812e+00
-1.173936426639556885e-01
6.158297657966613770e-01
-5.431622862815856934e-01
1.357280373573303223e+00
-5.259957909584045410e-01
-7.099198698997497559e-01
-3.195936977863311768e-01
8.834993839263916016e-02
3.887794911861419678e-02
6.700162887573242188e-01
2.275560647249221802e-01
6.343002319335937500e-01
-1.416966468095779419e-01
4.950657859444618225e-02
-8.426269888877868652e-01
-1.843143701553344727e+00
-4.995287060737609863e-01
8.103382587432861328e-02
7.868250608444213867e-01
-1.446964025497436523e+00
-2.268527984619140625e+00
-1.077436566352844238e+00
1.669545173645019531e+00
-4.693462699651718140e-02
5.448778271675109863e-01
3.972750604152679443e-01
4.792236983776092529e-01
2.299145162105560303e-01
1.201497435569763184e+00
-6.713280081748962402e-01
-1.407322287559509277e+00
-1.073484778404235840e+00
7.484429478645324707e-01
1.617821693420410156e+00
5.423592329025268555e-01
-1.304224967956542969e+00
-5.520755052566528320e-01
2.085383653640747070e+00
9.204130172729492188e-01
-5.391447544097900391e-01
-8.478284478187561035e-01
-1.157997369766235352e+00
9.548411965370178223e-01
-6.470595598220825195e-01
-3.057206571102142334e-01
-1.803472638130187988e-01
-8.403453826904296875e-01
5.571119785308837891e-01
4.826278686523437500e-01
1.133758574724197388e-01
1.530110359191894531e+00
2.093409299850463867e+00
-6.902697086334228516e-01
1.992539316415786743e-01
-9.263199567794799805e-01
-2.733199894428253174e-01
-2.128674268722534180e+00
6.142905354499816895e-01
-3.177523016929626465e-01
2.200815677642822266e-01
-6.542305946350097656e-01
1.282659530639648438e+00
-7.602594047784805298e-02
-1.380294919013977051e+00
-5.065738558769226074e-01
-3.769349575042724609e+00
4.593944549560546875e-02
-7.382661104202270508e-02
1.700775176286697388e-01
-3.296494856476783752e-02
-7.179620862007141113e-02
1.177157044410705566e+00
3.765567243099212646e-01
5.315331220626831055e-01
2.111378312110900879e-02
7.387926578521728516e-01
1.692499071359634399e-01
-5.515871644020080566e-01
-1.206732630729675293e+00
1.787311024963855743e-02
-3.671454191207885742e-01
-3.289164304733276367e-01
1.533315777778625488e+00
-4.316929355263710022e-02
3.450341820716857910e-01
-4.790211617946624756e-01
6.748441457748413086e-01
-1.336794018745422363e+00
-6.965968757867813110e-02
3.229513168334960938e-01
5.766183137893676758e-01
-1.051709175109863281e+00
8.090035915374755859e-01
-2.040117263793945312e+00
4.817155301570892334e-01
-6.676098108291625977e-01
-9.224113821983337402e-02
2.366014719009399414e-01
-2.921486496925354004e-01
-1.336691528558731079e-01
2.941602095961570740e-02
-1.270568966865539551e+00
-3.898892402648925781e-01
1.103526234626770020e+00
1.062327980995178223e+00
3.539828956127166748e-01
6.861400008201599121e-01
-2.757291868329048157e-02
1.098418474197387695e+00
-1.069932281970977783e-01
-2.470787614583969116e-01
1.682250618934631348e+00
-6.177533864974975586e-01
-1.058783531188964844e+00
2.721462547779083252e-01
9.608059525489807129e-01
-1.451415300369262695e+00
4.181159973144531250e+00
1.162119865417480469e+00
-7.999070286750793457e-01
1.062794685363769531e+00
7.979409694671630859e-01
1.544739007949829102e+00
-8.290293067693710327e-02
1.086723089218139648e+00
-8.229008875787258148e-03
1.053217872977256775e-01
1.150743126869201660e+00
-1.942400574684143066e+00
1.140545010566711426e+00
-1.578720331192016602e+00
6.763330698013305664e-01
-5.023838877677917480e-01
3.957788944244384766e-01
8.419081568717956543e-01
-3.618350923061370850e-01
1.157704114913940430e+00
-7.686196565628051758e-01
-8.802129626274108887e-01
-1.827157020568847656e+00
9.016827940940856934e-01
1.267615079879760742e+00
-3.380893707275390625e+00
2.129004716873168945e+00
-1.267656564712524414e+00
1.442445278167724609e+00
-5.334960222244262695e-01
5.728057026863098145e-01
6.994708180427551270e-01
3.784347176551818848e-01
-3.334459066390991211e-01
-7.979612797498703003e-02
1.629851311445236206e-01
1.778976798057556152e+00
7.474846243858337402e-01
7.476488947868347168e-01
-9.115905165672302246e-01
5.927786231040954590e-01
-5.537883043289184570e-01
-1.839861631393432617e+00
-2.288713932037353516e+00
-1.019383430480957031e+00
3.877823054790496826e-01
-8.334203809499740601e-02
8.364362716674804688e-01
1.752438426017761230e+00
7.851409912109375000e-02
2.758397758007049561e-01
3.439096510410308838e-01
-1.039214491844177246e+00
7.770940065383911133e-01
1.090633392333984375e+00
-5.903347134590148926e-01
-1.125509023666381836e+00
-2.731271982192993164e-01
-7.333983182907104492e-01
4.328100383281707764e-02
5.483863353729248047e-01
1.913965821266174316e+00
8.309049606323242188e-01
2.143133729696273804e-01
1.567542910575866699e+00
5.583890080451965332e-01
9.187890291213989258e-01
-5.019096136093139648e-01
-2.612631320953369141e-01
-1.038753628730773926e+00
1.794470548629760742e+00
-8.244743198156356812e-02
2.487163394689559937e-01
6.343233585357666016e-01
2.742280960083007812e-01
1.819997280836105347e-01
-3.252998292446136475e-01
1.248494148254394531e+00
-1.480004310607910156e+00
7.160978317260742188e-01
-1.855940937995910645e+00
-6.118645668029785156e-01
-6.873129606246948242e-01
-1.272270321846008301e+00
6.500572562217712402e-01
-1.088049635291099548e-01
-4.479326307773590088e-01
-7.003036141395568848e-01
-1.063917994499206543e+00
-4.458635300397872925e-02
4.121755957603454590e-01
9.245576262474060059e-01
4.433661103248596191e-01
-8.492778539657592773e-01
-4.135998487472534180e-01
-8.676785230636596680e-01
-1.927441716194152832e+00
3.023470044136047363e-01
2.490187883377075195e+00
1.422799378633499146e-01
1.308779358863830566e+00
1.238391041755676270e+00
1.238817572593688965e+00
-4.472002387046813965e-01
-1.234459161758422852e+00
2.724076271057128906e+00
9.616964459419250488e-01
6.966539621353149414e-01
-8.677589893341064453e-01
-1.268988132476806641e+00
-1.327581167221069336e+00
1.079965710639953613e+00
1.360220551490783691e+00
8.318993449211120605e-01
6.237074732780456543e-01
3.983204662799835205e-01
-5.007189512252807617e-01
-2.380414009094238281e-01
-7.643152475357055664e-01
-9.507173299789428711e-01
1.976957440376281738e+00
-4.826045781373977661e-02
1.060504794120788574e+00
1.121108174324035645e+00
8.706110715866088867e-01
-1.309341430664062500e+00
2.228157043457031250e+00
-2.412209957838058472e-01
-8.502451777458190918e-01
2.301170676946640015e-01
-1.016192078590393066e+00
1.118872523307800293e+00
-1.803659349679946899e-01
-1.300744652748107910e+00
-6.626936793327331543e-02
-1.485813260078430176e+00
-1.450481057167053223e+00
1.066747158765792847e-01
-4.319198131561279297e-01
1.041497111320495605e+00
-3.982756733894348145e-01
-1.033145904541015625e+00
-5.447839498519897461e-01
9.937516599893569946e-02
-1.309099197387695312e+00
4.269531965255737305e-01
8.144193291664123535e-01
6.174967885017395020e-01
-3.783249258995056152e-01
1.666174642741680145e-02
-1.002355813980102539e+00
1.807220339775085449e+00
-8.061940670013427734e-01
-6.950795650482177734e-01
4.557168781757354736e-01
1.639608860015869141e+00
9.447992444038391113e-01
5.023839473724365234e-01
-1.226783633232116699e+00
-9.804741144180297852e-01
-2.236590385437011719e+00
-2.817535400390625000e-01
-9.010666608810424805e-01
1.645273685455322266e+00
9.610804915428161621e-01
-1.135164737701416016e+00
-4.561366736888885498e-01
-2.580565810203552246e-01
4.615342319011688232e-01
-4.675198793411254883e-01
3.593661189079284668e-01
2.325297594070434570e-01
4.402670562267303467e-01
7.731052041053771973e-01
-8.514510393142700195e-01
9.576633572578430176e-01
-7.258386164903640747e-02
-1.121744155883789062e+00
-4.635206460952758789e-01
4.183243513107299805e-01
-3.346433937549591064e-01
-4.500270485877990723e-01
-1.064112782478332520e+00
-1.076252102851867676e+00
-8.217201232910156250e-01
-1.610996723175048828e+00
-1.352660536766052246e+00
-1.306856870651245117e+00
1.078878879547119141e+00
1.252536416053771973e+00
2.572723925113677979e-01
-2.309555053710937500e+00
1.060940623283386230e+00
3.687932789325714111e-01
-1.890899837017059326e-01
2.090541124343872070e-01
-1.204861521720886230e+00
-3.037289977073669434e-01
-2.352680414915084839e-01
1.410654425621032715e+00
-5.598387122154235840e-01
1.347320824861526489e-01
7.920856028795242310e-02
1.091640949249267578e+00
-8.246908783912658691e-01
7.326682806015014648e-01
-4.900519251823425293e-01
-3.112633228302001953e-01
1.149929165840148926e+00
3.828434273600578308e-02
-9.242685437202453613e-01
1.649274587631225586e+00
1.010949254035949707e+00
-1.292798668146133423e-01
-1.514427423477172852e+00
5.662037134170532227e-01
1.291380822658538818e-01
-4.210929870605468750e-01
7.426205277442932129e-01
1.666920542716979980e+00
4.001809954643249512e-01
-4.809038341045379639e-01
9.063461422920227051e-01
1.497206807136535645e+00
5.056792497634887695e-01
1.395180940628051758e+00
-3.447726368904113770e-01
6.661040782928466797e-01
-1.756972551345825195e+00
-2.368221044540405273e+00
-3.644961118698120117e-02
-7.103491574525833130e-02
-6.987458467483520508e-02
3.638722598552703857e-01
-1.579567313194274902e+00
2.670233845710754395e-01
-1.094100713729858398e+00
1.467498064041137695e+00
-6.583662033081054688e-01
3.837480247020721436e-01
-4.158124793320894241e-03
7.664178609848022461e-01
6.044299006462097168e-01
-3.340850174427032471e-01
1.153457537293434143e-01
-8.114340901374816895e-01
1.262744665145874023e+00
3.638241589069366455e-01
-4.606562554836273193e-01
-1.037373900413513184e+00
6.847064010798931122e-03
-7.176679968833923340e-01
-4.806491434574127197e-01
-1.236290812492370605e+00
-1.538703918457031250e+00
-7.344681024551391602e-01
2.354813665151596069e-01
1.049834966659545898e+00
7.353862375020980835e-02
2.354739159345626831e-01
1.444041371345520020e+00
-8.470497131347656250e-01
-8.790270686149597168e-01
1.232368230819702148e+00
3.347766697406768799e-01
3.418671786785125732e-01
-3.337271809577941895e-01
-7.179567813873291016e-01
-3.754746317863464355e-01
2.455554902553558350e-01
-5.877007246017456055e-01
3.631976544857025146e-01
-1.077570080757141113e+00
3.597094118595123291e-02
-1.241745829582214355e+00
-3.270145952701568604e-01
6.877982020378112793e-01
-9.019230008125305176e-01
1.012896537780761719e+00
-4.262290596961975098e-01
-5.781827569007873535e-01
1.050150513648986816e+00
1.440195739269256592e-01
2.243484705686569214e-01
-1.138209462165832520e+00
3.906344771385192871e-01
6.072902679443359375e-01
6.057057976722717285e-01
-7.957286834716796875e-01
6.577934026718139648e-01
-1.046501994132995605e+00
-1.473521709442138672e+00
-1.435436159372329712e-01
1.271638870239257812e-01
-6.140456199645996094e-01
5.985485017299652100e-02
-8.368713259696960449e-01
-2.840670943260192871e-01
1.291826128959655762e+00
2.241789579391479492e+00
8.498374819755554199e-01
-5.618810057640075684e-01
6.451544165611267090e-01
-7.511987686157226562e-01
-8.874226212501525879e-01
-1.881935298442840576e-01
-4.219598770141601562e-01
1.524576172232627869e-02
-7.350346446037292480e-01
-5.506560206413269043e-02
8.235680460929870605e-01
-5.252876281738281250e-01
-9.439101219177246094e-01
6.972182989120483398e-01
-4.573162198066711426e-01
1.150756001472473145e+00
1.552396059036254883e+00
-6.430979967117309570e-01
-3.981994092464447021e-01
-1.950769066810607910e+00
-2.315159797668457031e+00
-2.020133137702941895e-01
-2.171337008476257324e-01
-9.069838523864746094e-01
-9.545355439186096191e-01
-2.585391998291015625e-01
7.930009067058563232e-02
-1.287466645240783691e+00
-6.381343007087707520e-01
6.430399417877197266e-01
3.576618134975433350e-01
5.890634655952453613e-01
-5.382058620452880859e-01
-1.517418503761291504e+00
4.728872478008270264e-01
4.379375874996185303e-01
1.655185222625732422e+00
-1.122299432754516602e+00
-7.638968825340270996e-01
-1.529765486717224121e+00
-1.426300406455993652e-01
6.703663468360900879e-01
-3.379921317100524902e-01
-3.888606131076812744e-01
-2.389571517705917358e-01
1.346814632415771484e-01
-1.656231760978698730e+00
-2.864168584346771240e-01
3.210007846355438232e-01
-3.873838484287261963e-01
1.521527647972106934e+00
3.554874956607818604e-01
-6.717444062232971191e-01
9.681528210639953613e-01
-1.573824286460876465e+00
9.061060547828674316e-01
-7.150595784187316895e-01
5.408792495727539062e-01
2.630869746208190918e-01
-2.035303413867950439e-01
6.041786074638366699e-01
-2.289322376251220703e+00
1.251331806182861328e+00
3.105187714099884033e-01
3.651103377342224121e-01
1.058246493339538574e+00
1.589860171079635620e-01
-4.365006387233734131e-01
-6.226539015769958496e-01
8.260428309440612793e-01
-1.088348627090454102e+00
2.218066453933715820e-01
-6.830806136131286621e-01
5.609098672866821289e-01
-1.263927578926086426e+00
7.591570615768432617e-01
-1.147645711898803711e+00
2.459622144699096680e+00
-5.683507323265075684e-01
1.240450069308280945e-01
-1.313689649105072021e-01
-1.768721342086791992e+00
-2.592006921768188477e+00
-2.292352914810180664e-01
1.754884570837020874e-01
-5.620512962341308594e-01
1.674961298704147339e-01
-1.268070697784423828e+00
-2.499022781848907471e-01
-9.568892121315002441e-01
1.025624275207519531e+00
-6.883333902806043625e-03
-6.883680075407028198e-02
1.062471866607666016e+00
9.215379506349563599e-02
-1.290726065635681152e+00
7.989373803138732910e-01
1.612854719161987305e+00
-4.382681846618652344e-01
8.874447345733642578e-01
-1.270022541284561157e-01
-1.153845548629760742e+00
2.086551338434219360e-01
-2.765390276908874512e-01
3.149744272232055664e-01
1.882854342460632324e+00
1.281070590019226074e+00
-1.495067030191421509e-01
1.101837158203125000e+00
-1.388354659080505371e+00
5.027830600738525391e-01
4.888572990894317627e-01
1.499910801649093628e-01
-9.182433485984802246e-01
-3.155564665794372559e-01
6.275257468223571777e-01
-1.008102416992187500e+00
-4.692301750183105469e-01
-7.369425296783447266e-01
-1.142100930213928223e+00
1.852101445198059082e+00
9.934852123260498047e-01
-7.178639769554138184e-01
-1.028352737426757812e+00
-5.279930830001831055e-01
-6.471061110496520996e-01
9.291783571243286133e-01
1.096259951591491699e+00
1.936872117221355438e-02
-2.384448647499084473e-01
-3.840413391590118408e-01
1.598968029022216797e+00
7.501932978630065918e-01
-2.946581542491912842e-01
-5.500283837318420410e-01
2.276826649904251099e-01
4.147884249687194824e-01
-9.516971707344055176e-01
9.649329781532287598e-01
2.199829369783401489e-01
-8.643971681594848633e-01
-4.983856678009033203e-01
7.810349464416503906e-01
2.482105791568756104e-02
-9.582006186246871948e-02
-1.266443610191345215e+00
-1.738450527191162109e+00
9.759213775396347046e-02
2.805508971214294434e-01
-1.636660099029541016e+00
1.305974245071411133e+00
-8.365744352340698242e-01
-1.293677687644958496e+00
-1.429485231637954712e-01
9.498284012079238892e-02
3.771441578865051270e-01
2.800026349723339081e-02
1.590213477611541748e-01
8.986053615808486938e-02
6.305025219917297363e-01
1.437747836112976074e+00
-3.961741924285888672e-01
-1.875452511012554169e-02
-1.098614811897277832e+00
-2.172115445137023926e-01
-2.163412421941757202e-01
9.257102012634277344e-02
5.445079207420349121e-01
3.712486028671264648e-01
3.293701410293579102e-01
-1.248931884765625000e-02
7.979173660278320312e-01
7.057220935821533203e-01
-7.102253437042236328e-01
-4.076254069805145264e-01
1.537855386734008789e+00
1.850245893001556396e-01
-1.525800973176956177e-01
4.650302827358245850e-01
-2.094018608331680298e-01
2.321323156356811523e+00
2.932146787643432617e-01
2.056834459304809570e+00
-2.063680291175842285e-01
-4.852414131164550781e-01
1.008917570114135742e+00
-1.503123521804809570e+00
8.297732472419738770e-01
-1.344966650009155273e+00
-1.169859886169433594e+00
-4.483416676521301270e-01
1.012534379959106445e+00
2.427410036325454712e-01
-5.030556917190551758e-01
-3.085831403732299805e-01
8.094994723796844482e-02
9.531211853027343750e-01
3.989397585391998291e-01
2.187653183937072754e-01
-3.278299272060394287e-01
