1.388455510139465332e+00
6.258430480957031250e-01
-5.144135355949401855e-01
-9.151189327239990234e-01
4.517623186111450195e-01
-2.478091239929199219e+00
-9.351391792297363281e-01
-3.559398353099822998e-01
-8.793296217918395996e-01
-1.754618883132934570e+00
5.769191384315490723e-01
-3.252894878387451172e+00
3.493162393569946289e+00
4.587654769420623779e-01
-5.985437892377376556e-04
2.932467162609100342e-01
-5.353263616561889648e-01
6.969688832759857178e-02
-9.619265198707580566e-01
1.090460538864135742e+00
-4.802894592285156250e-01
-1.793457388877868652e+00
-2.005305886268615723e-01
-1.042418599128723145e+00
1.877725839614868164e+00
-1.043161034584045410e+00
-3.383094444870948792e-02
2.206610202789306641e+00
-7.456541061401367188e-01
1.325441956520080566e+00
-1.039694324135780334e-01
1.314149975776672363e+00
-3.105208635330200195e+00
-8.870587944984436035e-01
1.505147069692611694e-01
6.927505135536193848e-01
-4.341582357883453369e-01
-4.515786647796630859e+00
-4.939023405313491821e-02
1.015542387962341309e+00
3.589744865894317627e-01
-1.934724330902099609e+00
4.805605709552764893e-01
6.939618587493896484e-01
1.117893576622009277e+00
1.029987335205078125e+00
6.789079904556274414e-01
5.327603220939636230e-01
-3.114730119705200195e-01
2.665588259696960449e-01
-6.496919989585876465e-01
-1.538779377937316895e+00
8.216316103935241699e-01
1.647002935409545898e+00
2.588893473148345947e-01
-1.772996544837951660e+00
3.737601339817047119e-01
-8.530019521713256836e-01
1.020606279373168945e+00
-1.216908574104309082e+00
1.014461994171142578e+00
9.902530908584594727e-01
7.513728141784667969e-01
-3.733538091182708740e-01
2.866665124893188477e+00
-2.286953181028366089e-01
7.639659643173217773e-01
-1.160377740859985352e+00
1.125242710113525391e+00
-1.446611523628234863e+00
9.860487580299377441e-01
1.870049476623535156e+00
-8.875012993812561035e-01
-8.012050986289978027e-01
-2.014405488967895508e+00
6.240207329392433167e-02
-2.122372686862945557e-01
2.611355483531951904e-01
-1.672468185424804688e+00
1.475723862648010254e+00
4.558184742927551270e-01
4.766083657741546631e-01
-2.962466955184936523e+00
1.030563354492187500e+00
2.104506790637969971e-01
2.398080825805664062e-01
-5.328742265701293945e-01
-2.316687405109405518e-01
-4.387612640857696533e-01
-1.033047795295715332e+00
-8.520940542221069336e-01
-1.471500396728515625e+00
-4.414543509483337402e-01
6.567694544792175293e-01
7.817231863737106323e-02
8.280583620071411133e-01
1.307488799095153809e+00
9.141052365303039551e-01
-6.485471725463867188e-01
-1.822895407676696777e-01
9.037383794784545898e-01
-1.078378781676292419e-01
-2.066849321126937866e-01
3.014277666807174683e-02
-1.395509600639343262e+00
-2.969741821289062500e-01
-2.326068401336669922e+00
2.043324708938598633e+00
2.765475213527679443e-01
2.145555317401885986e-01
1.002603054046630859e+00
1.954518795013427734e+00
-2.629090547561645508e-01
-1.240684986114501953e+00
4.636563658714294434e-01
-2.613827586174011230e-01
4.497003853321075439e-01
2.071085721254348755e-01
4.017243981361389160e-01
2.363930702209472656e+00
-5.590422153472900391e-01
8.347977399826049805e-01
-7.889782786369323730e-01
4.203228652477264404e-01
-2.486513853073120117e-01
-9.622228145599365234e-01
4.456068575382232666e-01
2.585595369338989258e+00
-1.245745420455932617e+00
-4.266667962074279785e-01
1.352714896202087402e+00
-1.878675937652587891e+00
-1.343681663274765015e-01
3.430806798860430717e-03
-1.822763204574584961e+00
-1.012349247932434082e+00
-4.367935657501220703e-02
-1.229647517204284668e+00
-7.550959587097167969e-01
9.073274135589599609e-01
1.005026102066040039e-01
1.396107554435729980e+00
1.878278374671936035e+00
8.458809852600097656e-01
-1.352102398872375488e+00
1.390749812126159668e-01
-2.801525294780731201e-01
-1.952239871025085449e+00
-3.168445527553558350e-01
-5.713602900505065918e-01
9.060720801353454590e-01
-1.863986700773239136e-01
-1.310483459383249283e-02
-6.059244275093078613e-01
9.390786290168762207e-01
-1.072766542434692383e+00
-1.454986333847045898e+00
-1.192693948745727539e+00
1.823793649673461914e-01
4.516631662845611572e-01
1.113775253295898438e+00
-5.066726803779602051e-01
2.952310740947723389e-01
4.898948371410369873e-01
6.904917955398559570e-01
-9.533840417861938477e-01
-5.025900602340698242e-01
-6.684135794639587402e-01
-8.537672758102416992e-01
1.380835533142089844e+00
-7.300609946250915527e-01
-1.799147009849548340e+00
-1.567098498344421387e+00
1.116161942481994629e+00
1.540294647216796875e+00
1.162011265754699707e+00
2.391979396343231201e-01
4.155398905277252197e-01
2.604900002479553223e-01
1.098417282104492188e+00
9.697344154119491577e-02
-1.502113461494445801e+00
-1.142196416854858398e+00
1.778409123420715332e+00
2.075281620025634766e+00
9.088066816329956055e-01
-6.014946103096008301e-01
-9.048176407814025879e-01
2.726473569869995117e+00
2.137674331665039062e+00
4.760877788066864014e-01
-1.750069141387939453e+00
-7.878897190093994141e-01
5.200375318527221680e-01
-7.473788857460021973e-01
-5.489627122879028320e-01
1.738034009933471680e+00
-1.273888945579528809e-01
1.160068273544311523e+00
1.179208874702453613e+00
2.456527650356292725e-01
1.364750027656555176e+00
2.480720758438110352e+00
-6.887797117233276367e-01
1.165921211242675781e+00
-1.061551928520202637e+00
1.773597598075866699e-01
-1.461162447929382324e+00
6.114233732223510742e-01
1.417891502380371094e+00
-9.547846913337707520e-01
-8.295417428016662598e-01
7.937086820602416992e-01
2.995381653308868408e-01
-1.346449732780456543e+00
9.233016520738601685e-02
-3.573631286621093750e+00
-1.203625276684761047e-01
3.120795488357543945e-01
-8.323736190795898438e-01
-8.125472664833068848e-01
9.730793237686157227e-01
1.740420341491699219e+00
2.548912763595581055e-01
8.947629928588867188e-01
-4.769143760204315186e-01
6.759355664253234863e-01
-7.648571133613586426e-01
-1.497203111648559570e-01
-8.782097697257995605e-01
1.834045410156250000e+00
-1.638558626174926758e+00
-4.890827536582946777e-01
-2.169826179742813110e-01
-5.755684152245521545e-02
3.655241131782531738e-01
-8.281085491180419922e-01
-1.053992986679077148e+00
-4.198459088802337646e-01
-3.765809908509254456e-02
1.928144842386245728e-01
-1.301813423633575439e-01
-1.829629778861999512e+00
1.258302807807922363e+00
-1.872987866401672363e+00
-1.556038856506347656e-01
-3.885687887668609619e-01
-3.543582558631896973e-01
5.876258611679077148e-01
-1.211811065673828125e+00
-7.128673046827316284e-02
-6.137630343437194824e-01
-1.095072507858276367e+00
-9.514141082763671875e-01
2.144037723541259766e+00
-9.287780523300170898e-01
6.316455602645874023e-01
3.611973226070404053e-01
3.191355466842651367e-01
7.366161346435546875e-01
-8.527760207653045654e-02
2.815741598606109619e-01
8.903989195823669434e-01
-1.715265750885009766e+00
-1.271584391593933105e+00
1.515014290809631348e+00
-6.961258649826049805e-01
-1.706544280052185059e+00
2.883126735687255859e+00
-3.126162886619567871e-01
-4.938544332981109619e-01
1.451646208763122559e+00
3.761745393276214600e-01
1.294358611106872559e+00
-6.692460775375366211e-01
1.098853111267089844e+00
-8.558727502822875977e-01
-4.878300130367279053e-01
-3.996780812740325928e-01
-2.387588500976562500e+00
1.425511837005615234e+00
-1.034147620201110840e+00
7.313559651374816895e-01
4.396713376045227051e-01
8.031210303306579590e-01
6.662212014198303223e-01
-1.127117514610290527e+00
4.744423329830169678e-01
-1.206888198852539062e+00
-7.859933972358703613e-01
-2.010963201522827148e+00
5.249112099409103394e-02
-8.340546861290931702e-03
-4.127651214599609375e+00
1.125875830650329590e+00
-1.031768560409545898e+00
2.293762117624282837e-01
-9.759799242019653320e-01
-1.500271856784820557e-01
9.736064076423645020e-01
5.089630484580993652e-01
2.984808087348937988e-01
-1.807776838541030884e-01
-3.697441518306732178e-02
2.018591880798339844e+00
1.282181024551391602e+00
3.106990158557891846e-01
-1.233007431030273438e+00
1.732074171304702759e-01
-3.753191530704498291e-01
-2.015086889266967773e+00
-1.535702109336853027e+00
-9.269879460334777832e-01
1.231622099876403809e+00
-1.283407360315322876e-01
1.721240997314453125e+00
2.030543804168701172e+00
8.000649809837341309e-01
2.078500688076019287e-01
-1.184152960777282715e+00
-2.706301212310791016e-01
1.351834058761596680e+00
4.451720118522644043e-01
8.204191327095031738e-01
-1.688356518745422363e+00
-2.469456940889358521e-01
-3.184282779693603516e-01
-1.226361989974975586e+00
5.416145920753479004e-02
-2.538655996322631836e-01
-8.282179832458496094e-01
-4.021291434764862061e-01
8.091005682945251465e-01
2.194901928305625916e-02
1.252368211746215820e+00
-1.164210200309753418e+00
-7.413921952247619629e-01
-2.103795707225799561e-01
3.119785308837890625e+00
-1.272802710533142090e+00
-6.576897501945495605e-01
3.452830314636230469e-01
6.743327379226684570e-01
5.622267723083496094e-01
7.581691741943359375e-01
5.036915540695190430e-01
-1.301084160804748535e+00
4.535787403583526611e-01
-1.497712373733520508e+00
1.765930950641632080e-01
-1.022701382637023926e+00
-7.198325991630554199e-01
1.320694923400878906e+00
1.013130307197570801e+00
-1.849019154906272888e-02
-1.386576533317565918e+00
-1.108409881591796875e+00
-5.652277469635009766e-01
3.982669115066528320e-01
1.814721822738647461e+00
-1.641932874917984009e-02
-2.368704080581665039e+00
3.809238970279693604e-01
-1.940071880817413330e-01
-2.664387464523315430e+00
7.771889865398406982e-02
2.345263004302978516e+00
-8.272834122180938721e-02
8.586475253105163574e-01
1.853418231010437012e+00
2.523794174194335938e-01
-5.015268921852111816e-01
-1.425843119621276855e+00
2.331440448760986328e+00
8.213462233543395996e-01
-5.811220407485961914e-01
-2.438331842422485352e+00
-1.068210124969482422e+00
-4.142412915825843811e-02
5.200498104095458984e-01
5.685784220695495605e-01
1.100423812866210938e+00
-1.065973043441772461e+00
1.335242241621017456e-01
-1.745644062757492065e-01
-8.350886106491088867e-01
-1.008224487304687500e+00
9.157394170761108398e-01
2.133759737014770508e+00
-1.845573484897613525e-01
1.368342518806457520e+00
1.972054243087768555e-01
3.409520089626312256e-01
-1.054794311523437500e+00
1.613373637199401855e+00
-9.709596037864685059e-01
-1.486676096916198730e+00
-1.012187242507934570e+00
-2.704018652439117432e-01
9.163982272148132324e-01
-3.630593419075012207e-01
-1.105587840080261230e+00
-4.026973992586135864e-02
-6.368131041526794434e-01
-1.699284315109252930e+00
-4.791643023490905762e-01
-4.136136770248413086e-01
1.101667165756225586e+00
1.544539928436279297e+00
-8.573538064956665039e-01
-1.135947108268737793e+00
3.993194103240966797e-01
1.254126548767089844e+00
1.052190423011779785e+00
1.213961720466613770e+00
2.568980932235717773e+00
-5.117991566658020020e-01
-1.090737819671630859e+00
-1.454683065414428711e+00
6.294666528701782227e-01
9.042343497276306152e-02
-1.003950908780097961e-01
4.236273765563964844e-01
1.313319563865661621e+00
2.612303197383880615e-01
1.131034255027770996e+00
-1.510864496231079102e+00
-1.280123710632324219e+00
-1.760664939880371094e+00
-6.510933637619018555e-01
-9.121214151382446289e-01
2.370682001113891602e+00
2.141078859567642212e-01
-2.024351358413696289e+00
-3.662944138050079346e-01
1.566727280616760254e+00
4.798971414566040039e-01
3.956691622734069824e-01
2.778716683387756348e-01
2.393946051597595215e-01
-5.899628400802612305e-01
1.195768266916275024e-01
-3.704401850700378418e-01
7.711707949638366699e-01
4.107587337493896484e-01
-1.008351564407348633e+00
-7.538798451423645020e-01
1.220678687095642090e+00
3.761832118034362793e-01
-1.188770413398742676e+00
-1.591459989547729492e+00
-1.674488633871078491e-01
5.268039107322692871e-01
-2.804346978664398193e-01
-1.355043891817331314e-02
-9.606445431709289551e-01
-1.204525213688611984e-02
9.476569890975952148e-01
-4.224894940853118896e-01
7.806806266307830811e-02
1.165389895439147949e+00
-6.938527822494506836e-01
7.026182413101196289e-01
9.717182517051696777e-01
-7.441728115081787109e-01
-6.194798648357391357e-02
-1.070261478424072266e+00
6.804854869842529297e-01
-1.290411502122879028e-01
5.562300682067871094e-01
5.909955501556396484e-01
4.024506807327270508e-01
-1.140501618385314941e+00
7.287868261337280273e-01
-3.830737173557281494e-01
2.786104008555412292e-02
1.157255649566650391e+00
-4.691352844238281250e-01
-8.191566467285156250e-01
1.015270113945007324e+00
1.826651096343994141e+00
-6.075823307037353516e-01
-5.395748615264892578e-01
1.799998760223388672e+00
1.287035495042800903e-01
-1.167507320642471313e-01
9.090811610221862793e-01
1.643115729093551636e-01
7.315259575843811035e-01
-4.657919108867645264e-01
5.223456621170043945e-01
1.879011392593383789e+00
3.129491209983825684e-01
1.291341781616210938e+00
-8.699734210968017578e-01
8.956715464591979980e-01
-1.646225214004516602e+00
-4.231068611145019531e+00
1.339919567108154297e+00
-9.636262059211730957e-01
-1.340470910072326660e-01
8.185701370239257812e-01
-2.082816600799560547e+00
-4.279521405696868896e-01
-1.112456798553466797e+00
6.314550042152404785e-01
-3.272777199745178223e-01
1.764799654483795166e-01
-2.985306382179260254e-01
7.857925891876220703e-01
-2.683558762073516846e-01
-4.060026407241821289e-01
-1.519780039787292480e+00
-3.910511136054992676e-01
1.728816986083984375e+00
1.313818454742431641e+00
-4.303394258022308350e-01
-2.019586324691772461e+00
1.549985766410827637e+00
-8.686957955360412598e-01
2.100382745265960693e-01
-2.023072689771652222e-01
-5.768445134162902832e-01
-7.850931882858276367e-01
-4.246383905410766602e-01
1.677098423242568970e-01
4.114242494106292725e-01
2.222616672515869141e-01
2.022449493408203125e+00
-1.023533344268798828e+00
-5.001337528228759766e-01
1.888411760330200195e+00
1.244932651519775391e+00
-1.167887687683105469e+00
-4.155529737472534180e-01
-7.061444520950317383e-01
-9.766604304313659668e-01
5.182145535945892334e-02
3.943995535373687744e-01
5.224183797836303711e-01
-3.176402747631072998e-01
6.414846181869506836e-01
-1.704172343015670776e-01
2.348763197660446167e-01
1.167290806770324707e+00
-8.825041651725769043e-01
8.985452651977539062e-01
1.386129140853881836e+00
-1.053617954254150391e+00
9.427323341369628906e-01
7.745998501777648926e-01
-2.188569158315658569e-01
-1.490179777145385742e+00
-1.067258477210998535e+00
7.363538742065429688e-01
-1.925389021635055542e-01
-9.845328330993652344e-01
1.671967864036560059e+00
-6.159407496452331543e-01
-3.032769918441772461e+00
-4.635123908519744873e-01
1.102305389940738678e-02
-5.449416637420654297e-01
-4.305105507373809814e-01
-7.816904187202453613e-01
-1.093595549464225769e-01
7.644833922386169434e-01
2.460227727890014648e+00
1.646481990814208984e+00
-5.934059023857116699e-01
2.228970974683761597e-01
5.755526944994926453e-02
-8.062658905982971191e-01
-9.873813390731811523e-01
-2.224380254745483398e+00
2.875141203403472900e-01
2.133077979087829590e-01
-8.973652124404907227e-01
6.142454743385314941e-01
-1.918969035148620605e+00
-2.106725454330444336e+00
7.966501116752624512e-01
-8.213956654071807861e-02
1.043868184089660645e+00
1.126680135726928711e+00
4.515013694763183594e-01
-4.646437764167785645e-01
-2.097931385040283203e+00
-1.501129984855651855e+00
-5.382825136184692383e-01
4.014047980308532715e-02
-2.511787891387939453e+00
-9.423328638076782227e-01
-1.348495960235595703e+00
-9.602349400520324707e-01
3.808860182762145996e-01
-1.324339389801025391e+00
1.573870778083801270e+00
2.836582660675048828e-01
8.994740247726440430e-01
1.560318320989608765e-01
-1.810060143470764160e+00
1.884443879127502441e+00
1.875720471143722534e-01
2.513409852981567383e+00
2.704129517078399658e-01
4.847860429435968399e-03
-1.602172255516052246e+00
4.857363104820251465e-01
4.979905486106872559e-01
-1.446295529603958130e-01
-2.518862783908843994e-01
1.436660647392272949e+00
5.253203958272933960e-02
-4.232002794742584229e-01
-1.086869955062866211e+00
6.987095475196838379e-01
1.131037250161170959e-02
7.797041535377502441e-01
-1.099982857704162598e+00
-1.312281012535095215e+00
7.333309650421142578e-01
-2.852360725402832031e+00
1.504748910665512085e-01
-1.050266146659851074e+00
8.916414976119995117e-01
1.327847242355346680e-01
-1.287699818611145020e+00
2.244995355606079102e+00
-2.792480945587158203e+00
1.196133852005004883e+00
1.633725404739379883e+00
9.200230240821838379e-01
1.883142352104187012e+00
1.912097185850143433e-01
7.041304707527160645e-01
-6.824795603752136230e-01
1.278983831405639648e+00
-6.382354497909545898e-01
1.431389093399047852e+00
-1.225172042846679688e+00
4.920181632041931152e-01
-1.121651768684387207e+00
-7.090659737586975098e-01
7.930026389658451080e-03
2.689817667007446289e+00
-9.506273269653320312e-01
5.456503629684448242e-01
-1.014835163950920105e-01
-1.944136261940002441e+00
-1.544568777084350586e+00
-2.918957471847534180e-01
-2.905408143997192383e-01
-4.989287257194519043e-01
1.142069578170776367e+00
-1.291229844093322754e+00
-2.494534999132156372e-01
-4.622294008731842041e-01
4.900993406772613525e-01
-3.604585677385330200e-02
-2.795338928699493408e-01
6.429138183593750000e-01
4.877536594867706299e-01
-1.096570014953613281e+00
-3.039948046207427979e-01
4.720904529094696045e-01
-1.187091469764709473e-01
-4.414362460374832153e-02
-3.100484609603881836e-01
-4.331994354724884033e-01
5.661016702651977539e-01
-7.341328263282775879e-01
1.019159197807312012e+00
1.138295054435729980e+00
1.071037888526916504e+00
-1.992278218269348145e+00
5.618369579315185547e-01
3.188232481479644775e-01
-8.017153143882751465e-01
1.906942844390869141e+00
-1.367650985717773438e+00
-1.302033782005310059e+00
-1.763119846582412720e-01
1.382567286491394043e+00
3.062921762466430664e-01
-1.277911663055419922e+00
-1.479032635688781738e+00
-6.615539789199829102e-01
3.292269229888916016e+00
1.075159788131713867e+00
1.006668090820312500e+00
-7.623698711395263672e-01
3.975497186183929443e-01
-1.395103573799133301e+00
7.038854360580444336e-01
1.183939933776855469e+00
6.634832620620727539e-01
-3.247584998607635498e-01
-2.925649881362915039e-01
1.938704013824462891e+00
5.185053944587707520e-01
-6.702689826488494873e-02
-3.296777904033660889e-01
5.999256372451782227e-01
1.768360286951065063e-01
-2.201730728149414062e+00
1.461434721946716309e+00
-4.236426055431365967e-01
-1.308265209197998047e+00
-5.804117321968078613e-01
-1.835722804069519043e+00
5.141286849975585938e-01
1.606832027435302734e+00
-1.468282222747802734e+00
-9.161514639854431152e-01
-5.436052680015563965e-01
-1.025919467210769653e-01
-2.056184560060501099e-01
1.053681373596191406e+00
-4.973203241825103760e-01
-1.336312532424926758e+00
-9.314525723457336426e-01
1.188055202364921570e-01
7.323393225669860840e-01
5.538149476051330566e-01
-5.307589769363403320e-01
-1.234401106834411621e+00
7.014588713645935059e-01
7.348017096519470215e-01
-1.112337708473205566e+00
-2.493610382080078125e-01
-2.632060289382934570e+00
-1.930535912513732910e+00
-1.304486244916915894e-01
1.437571495771408081e-01
7.163108885288238525e-02
1.250255107879638672e+00
6.642746329307556152e-01
6.185730695724487305e-01
2.237169742584228516e+00
5.821953341364860535e-02
-6.900950074195861816e-01
1.136855125427246094e+00
6.890373229980468750e-01
-6.819702386856079102e-01
-5.851212143898010254e-01
-5.922912620007991791e-03
5.483131408691406250e-01
2.478541135787963867e+00
-1.371344178915023804e-01
1.486510038375854492e+00
-1.420428603887557983e-01
-9.446581602096557617e-01
-3.922514617443084717e-02
-1.878306746482849121e+00
5.760430097579956055e-01
-6.434447765350341797e-01
-1.706784605979919434e+00
-9.883996844291687012e-01
6.626829504966735840e-01
4.345636814832687378e-02
-8.664504438638687134e-02
9.276771545410156250e-02
6.295282840728759766e-01
1.454122900962829590e+00
-2.422984540462493896e-01
-9.849863052368164062e-01
-1.185679793357849121e+00
