1.291804313659667969e+00
6.749005913734436035e-01
4.835162460803985596e-01
-8.152694702148437500e-01
-1.258184194564819336e+00
-1.168524026870727539e+00
-7.478216886520385742e-01
-5.608965754508972168e-01
-2.278860569000244141e+00
-9.966315627098083496e-01
1.367893338203430176e+00
-1.238741278648376465e+00
1.109075069427490234e+00
-2.520463466644287109e-01
-7.661063075065612793e-01
-4.975155591964721680e-01
1.170781031250953674e-01
9.131371378898620605e-01
-1.505803465843200684e-01
2.238269001245498657e-01
7.244818210601806641e-01
-2.801778316497802734e-01
1.465321421623229980e+00
-1.762820005416870117e+00
1.012445092201232910e+00
2.852149903774261475e-01
-2.909536063671112061e-01
7.765606045722961426e-01
-1.782747149467468262e+00
1.382673978805541992e+00
-5.144190788269042969e-02
2.696540020406246185e-02
-1.733243227005004883e+00
-4.119834899902343750e-01
-5.784018039703369141e-01
9.140236973762512207e-01
-1.518998146057128906e+00
-3.871891260147094727e+00
2.276001125574111938e-02
3.634165227413177490e-01
-7.795023918151855469e-01
-1.271451473236083984e+00
-1.419001340866088867e+00
-6.093930006027221680e-01
1.294513821601867676e+00
3.286864757537841797e-01
-6.141235828399658203e-01
1.379630923271179199e+00
1.243978813290596008e-01
1.924638867378234863e+00
-9.556949138641357422e-01
-2.913410365581512451e-01
3.844313025474548340e-01
3.377994894981384277e-01
5.937319397926330566e-01
-1.252882838249206543e+00
8.673199266195297241e-02
4.599392712116241455e-01
1.353071212768554688e+00
-2.376784682273864746e-01
-1.540906310081481934e+00
8.410599827766418457e-01
1.159241795539855957e+00
-6.786281466484069824e-01
2.039302110671997070e+00
-1.119156032800674438e-01
9.929412603378295898e-01
5.898361206054687500e-01
1.568533301353454590e+00
-1.636428833007812500e+00
8.261612653732299805e-01
1.013831019401550293e+00
1.492462903261184692e-01
-4.379429221153259277e-01
1.560799628496170044e-01
8.408694267272949219e-01
6.606711745262145996e-01
2.259555906057357788e-01
-4.077882468700408936e-01
9.114344120025634766e-01
-2.268423140048980713e-02
4.362680912017822266e-01
-1.976452708244323730e+00
1.843523532152175903e-01
8.406314849853515625e-01
-6.750535964965820312e-01
-2.882709503173828125e-01
-2.375752180814743042e-01
-8.289349824190139771e-02
-7.398344874382019043e-01
-4.454124867916107178e-01
-1.728935003280639648e+00
7.386414408683776855e-01
3.618003726005554199e-01
-6.028096079826354980e-01
1.562279224395751953e+00
2.271561026573181152e-01
8.120765686035156250e-01
4.887261390686035156e-01
-5.807816386222839355e-01
-1.029873266816139221e-01
2.532197535037994385e-01
9.468038082122802734e-01
-1.050561904907226562e+00
-2.877614259719848633e+00
-1.054551124572753906e+00
-2.216819047927856445e+00
1.078357338905334473e+00
3.509378731250762939e-01
-3.012371957302093506e-01
5.859798192977905273e-01
1.752050280570983887e+00
-4.389283359050750732e-01
-6.056511998176574707e-01
-8.434274792671203613e-01
-2.646797299385070801e-01
-1.059654116630554199e+00
-1.327597498893737793e-01
-4.798831939697265625e-01
7.922767996788024902e-01
4.336165487766265869e-01
5.402888059616088867e-01
-4.883909523487091064e-01
2.895159423351287842e-01
1.478637337684631348e+00
-4.568172395229339600e-01
1.508954018354415894e-01
9.504173398017883301e-01
-1.498102068901062012e+00
-3.922334015369415283e-01
7.522959262132644653e-02
-1.408322811126708984e+00
1.644583344459533691e-01
-5.631818771362304688e-01
-2.809333562850952148e+00
4.426968693733215332e-01
-5.584117770195007324e-01
-1.073301792144775391e+00
-9.968047738075256348e-01
9.051985144615173340e-01
4.196107685565948486e-01
7.201888561248779297e-01
7.472924590110778809e-01
-7.063348293304443359e-01
-1.792993426322937012e+00
5.018338561058044434e-01
4.223968982696533203e-01
-8.279400467872619629e-01
-1.045921087265014648e+00
-1.547748565673828125e+00
1.568515300750732422e+00
1.623962968587875366e-01
2.845467925071716309e-01
-4.333931207656860352e-01
1.507508277893066406e+00
-9.780385494232177734e-01
-1.956543803215026855e+00
-7.187024950981140137e-01
-7.018771767616271973e-01
1.883163750171661377e-01
2.798375189304351807e-01
-7.730399072170257568e-02
-1.397138684988021851e-01
-6.768861413002014160e-01
-1.230797246098518372e-01
-3.728855550289154053e-01
-8.294585347175598145e-01
4.978576898574829102e-01
-5.740477442741394043e-01
1.122611880302429199e+00
-8.277410864830017090e-01
-2.061892986297607422e+00
-1.707869172096252441e+00
1.123993158340454102e+00
6.653645634651184082e-01
2.965822219848632812e-01
1.135945796966552734e+00
-1.613106876611709595e-01
-7.400048375129699707e-01
1.553614735603332520e+00
-1.200233221054077148e+00
-1.204904079437255859e+00
-5.346762537956237793e-01
4.895910620689392090e-01
1.714839458465576172e+00
-1.491515934467315674e-01
-4.181126058101654053e-01
-5.459992885589599609e-01
1.594941020011901855e+00
1.263596177101135254e+00
-2.702498733997344971e-01
-9.048257470130920410e-01
-1.097905755043029785e+00
1.202149033546447754e+00
-1.010632038116455078e+00
-3.128837943077087402e-01
7.160742878913879395e-01
-2.377157062292098999e-01
9.240998029708862305e-01
3.789980411529541016e-01
-7.105369865894317627e-02
1.500420331954956055e+00
7.541401684284210205e-02
-1.562755584716796875e+00
5.348275303840637207e-01
-8.623079657554626465e-01
-5.633838772773742676e-01
-1.492443561553955078e+00
1.610874176025390625e+00
-6.664194464683532715e-01
-1.140720099210739136e-01
-8.120831847190856934e-01
7.104167938232421875e-01
-3.217553198337554932e-01
-1.052022218704223633e+00
1.889728158712387085e-01
-5.275706768035888672e+00
-9.172425866127014160e-01
1.002597093582153320e+00
-2.738538086414337158e-01
-3.857063353061676025e-01
5.206298828125000000e-01
1.499895215034484863e+00
9.805478900671005249e-02
3.229901790618896484e-01
-2.703447639942169189e-01
4.400048255920410156e-01
-5.474538803100585938e-01
-7.353380322456359863e-01
-2.135535240173339844e+00
4.474064707756042480e-01
-1.019596934318542480e+00
-6.454671025276184082e-01
2.018311738967895508e+00
4.934478700160980225e-01
7.434753179550170898e-01
2.387158572673797607e-01
7.553712725639343262e-01
3.678255155682563782e-02
-2.416402101516723633e-03
1.543348908424377441e+00
5.073503851890563965e-01
-8.089997172355651855e-01
3.930457532405853271e-01
-1.521273255348205566e+00
5.959234833717346191e-01
6.308728456497192383e-02
-1.915764510631561279e-01
6.842286884784698486e-02
-1.317333698272705078e+00
4.231575727462768555e-01
-4.315952062606811523e-01
-1.060408592224121094e+00
4.739767313003540039e-01
1.577805995941162109e+00
-1.106469154357910156e+00
3.405033051967620850e-01
8.173378109931945801e-01
4.951161742210388184e-01
1.126958802342414856e-01
1.090331524610519409e-01
1.179965808987617493e-01
1.082695946097373962e-01
-2.775218784809112549e-01
-1.063572645187377930e+00
8.599436879158020020e-01
1.439365863800048828e+00
-2.926068305969238281e-01
3.246916294097900391e+00
1.356200695037841797e+00
-4.852524399757385254e-02
8.546705245971679688e-01
1.179147124290466309e+00
8.141158819198608398e-01
-2.285792678594589233e-01
1.565638333559036255e-01
-2.589016556739807129e-01
-2.095896154642105103e-01
7.618374377489089966e-02
-1.232346534729003906e+00
6.953319311141967773e-01
-1.120246410369873047e+00
1.172827005386352539e+00
8.092252612113952637e-01
6.266449093818664551e-01
1.522767663002014160e+00
-5.404009819030761719e-01
3.651577532291412354e-01
-3.200502693653106689e-01
-5.335560441017150879e-01
-1.834351778030395508e+00
4.773443341255187988e-01
2.394821643829345703e-01
-3.122829914093017578e+00
1.498067259788513184e+00
-8.808479309082031250e-01
-1.211649417877197266e+00
7.782232016324996948e-02
3.499628901481628418e-01
1.079663038253784180e-01
5.997211113572120667e-02
-2.865955233573913574e-01
5.037665963172912598e-01
-4.469475895166397095e-02
2.621245622634887695e+00
1.207430720329284668e+00
1.005768775939941406e+00
-1.784370243549346924e-01
3.226264417171478271e-01
-7.648097872734069824e-01
-1.638597488403320312e+00
-1.545983076095581055e+00
-1.340098619461059570e+00
1.149004817008972168e+00
1.424279361963272095e-01
8.195744752883911133e-01
1.661787271499633789e+00
1.164908483624458313e-01
9.085561037063598633e-01
2.296211719512939453e-01
-3.058597147464752197e-01
4.411724507808685303e-01
5.938149690628051758e-01
-2.843654751777648926e-01
1.684846132993698120e-01
-6.742475032806396484e-01
6.593156456947326660e-01
-2.109065204858779907e-01
-7.818626761436462402e-01
1.687178373336791992e+00
1.013264060020446777e+00
-1.411683678627014160e+00
1.667370557785034180e+00
8.696123026311397552e-03
1.028740286827087402e+00
-4.133277237415313721e-01
8.568164706230163574e-02
-9.492886662483215332e-01
2.121190309524536133e+00
-4.876614809036254883e-01
6.640427112579345703e-01
-4.390869662165641785e-02
5.440584421157836914e-01
6.191088557243347168e-01
-3.686889708042144775e-01
4.928482472896575928e-01
-2.539141893386840820e+00
8.560044765472412109e-01
4.573710560798645020e-01
-1.095046758651733398e+00
-8.959789276123046875e-01
-7.378530502319335938e-01
8.495500683784484863e-01
2.728933393955230713e-01
-4.146561920642852783e-01
-1.459900736808776855e+00
2.889923751354217529e-01
-2.341695547103881836e+00
-1.444692313671112061e-01
1.688712358474731445e+00
5.545348525047302246e-01
-7.040278911590576172e-01
-2.712253928184509277e-01
-1.274234533309936523e+00
-1.695143222808837891e+00
-4.649281203746795654e-01
1.579938292503356934e+00
1.647186428308486938e-01
1.466883897781372070e+00
7.460494637489318848e-01
1.154937744140625000e+00
-5.214876532554626465e-01
-1.172429919242858887e+00
2.964867115020751953e+00
8.500311970710754395e-01
8.943217806518077850e-03
-6.022254377603530884e-02
-1.063631296157836914e+00
-9.496040344238281250e-01
5.645436644554138184e-01
1.827265381813049316e+00
6.882326602935791016e-01
1.241323798894882202e-01
3.985503613948822021e-01
-9.390289187431335449e-01
-2.967686355113983154e-01
-8.205562233924865723e-01
-3.299155831336975098e-01
1.664034962654113770e+00
4.809600114822387695e-01
6.561855077743530273e-01
4.052383005619049072e-01
-6.257595419883728027e-01
-9.301490187644958496e-01
2.385471582412719727e+00
-1.558534950017929077e-01
-1.222072482109069824e+00
9.373788237571716309e-01
-2.000454902648925781e+00
8.813747763633728027e-01
3.372665643692016602e-01
-1.594519734382629395e+00
8.953524380922317505e-02
-1.440540909767150879e+00
-1.150677084922790527e+00
7.197957038879394531e-01
-4.326712787151336670e-01
1.303250670433044434e+00
1.092936396598815918e-01
-1.477957129478454590e+00
-8.671942949295043945e-01
-3.160199224948883057e-01
-5.365565419197082520e-01
1.239014863967895508e-01
8.677667379379272461e-01
1.569854140281677246e+00
3.679156005382537842e-01
3.605097234249114990e-01
-5.168618261814117432e-02
1.823633670806884766e+00
-1.362316370010375977e+00
-1.284843802452087402e+00
4.787522256374359131e-01
1.566864371299743652e+00
-4.928585588932037354e-01
5.982731580734252930e-01
-7.420137524604797363e-01
-1.348605751991271973e+00
-1.594494342803955078e+00
-6.931948661804199219e-01
-2.369522452354431152e-01
1.301853179931640625e+00
2.905729770660400391e+00
-1.264260768890380859e+00
-2.414506375789642334e-01
2.286096215248107910e-01
9.904114007949829102e-01
2.924795150756835938e-01
2.686485052108764648e-01
2.630318701267242432e-01
5.189705491065979004e-01
9.828182458877563477e-01
-9.215289950370788574e-01
5.593376755714416504e-01
-2.807560563087463379e-01
-1.162590458989143372e-01
-1.359911859035491943e-01
2.597281038761138916e-01
3.373559713363647461e-01
-1.374705731868743896e-01
-1.558845400810241699e+00
-1.334244489669799805e+00
-5.625414252281188965e-01
-1.090632081031799316e+00
-8.457871079444885254e-01
-2.699083387851715088e-01
7.967646121978759766e-01
2.148503810167312622e-01
-2.815533280372619629e-01
-1.557481288909912109e+00
1.459985852241516113e+00
4.302201792597770691e-02
-1.151224151253700256e-01
-5.090964436531066895e-01
-9.130458235740661621e-01
6.641645431518554688e-01
-1.172628998756408691e+00
6.525306701660156250e-01
-3.585966527462005615e-01
1.966065913438796997e-01
-2.593596577644348145e-01
1.093400120735168457e+00
3.567816913127899170e-01
-1.336545199155807495e-01
6.786130070686340332e-01
-7.939159274101257324e-01
7.402709722518920898e-01
-9.519502520561218262e-02
-1.814933896064758301e+00
3.691303431987762451e-01
1.465114235877990723e+00
9.644746184349060059e-01
-1.367462277412414551e+00
1.185924530029296875e+00
9.704117774963378906e-01
1.164603978395462036e-01
7.014326453208923340e-01
1.043737530708312988e+00
-8.641950786113739014e-02
-3.921051919460296631e-01
3.487598001956939697e-01
1.168288826942443848e+00
3.299713432788848877e-01
1.157498240470886230e+00
-1.350751757621765137e+00
1.359692811965942383e+00
-1.455896258354187012e+00
-3.054778814315795898e+00
-5.161118507385253906e-01
-8.214638382196426392e-02
5.349226295948028564e-02
8.982223272323608398e-01
-2.000510931015014648e+00
5.750000104308128357e-02
-1.486986398696899414e+00
1.113103866577148438e+00
-4.481214284896850586e-01
7.000931501388549805e-01
9.103974103927612305e-01
1.105040550231933594e+00
6.133903861045837402e-01
-1.303354352712631226e-01
5.066573619842529297e-01
-1.619988381862640381e-01
8.441860079765319824e-01
1.194638848304748535e+00
-4.881111681461334229e-01
-7.264192402362823486e-02
-3.807497769594192505e-02
-7.020901441574096680e-01
-1.856628507375717163e-01
-7.455889582633972168e-01
-1.663545250892639160e+00
-1.092931747436523438e+00
1.017289757728576660e+00
1.422376751899719238e+00
-9.562912583351135254e-02
-1.930288821458816528e-01
9.373254179954528809e-01
-8.938296437263488770e-01
-9.517523050308227539e-01
7.878530025482177734e-01
1.767608076333999634e-01
-8.510386347770690918e-01
6.502238512039184570e-01
-1.235102295875549316e+00
-9.797213077545166016e-01
-4.752560704946517944e-02
-7.730493545532226562e-01
1.747654527425765991e-01
-3.231545388698577881e-01
-9.843868762254714966e-02
-5.603753924369812012e-01
-1.038393452763557434e-01
1.510297536849975586e+00
-1.283008456230163574e+00
1.168369174003601074e+00
2.625269293785095215e-01
-5.205260515213012695e-01
1.046766862273216248e-01
-3.131296634674072266e-01
-2.325080633163452148e-01
-1.796742916107177734e+00
-5.710870623588562012e-01
1.629641771316528320e+00
7.428036928176879883e-01
-1.167970776557922363e+00
6.943893432617187500e-01
-6.627027392387390137e-01
-1.613331079483032227e+00
-4.724111407995223999e-02
9.862805604934692383e-01
2.630265615880489349e-02
-8.923371434211730957e-01
1.460481435060501099e-01
-9.855437278747558594e-01
8.366615772247314453e-01
2.103316068649291992e+00
2.341592311859130859e+00
-8.877619504928588867e-01
1.642449736595153809e+00
-1.294445157051086426e+00
-1.807088017463684082e+00
-9.505499601364135742e-01
-3.034907579421997070e-01
-5.610694885253906250e-01
8.311416208744049072e-02
1.101730540394783020e-01
9.844838380813598633e-01
-8.029182255268096924e-02
-1.178002119064331055e+00
4.766188263893127441e-01
1.518028695136308670e-02
6.793057918548583984e-01
1.350311279296875000e+00
-8.562536239624023438e-01
-1.103294253349304199e+00
-1.021489262580871582e+00
-1.894584417343139648e+00
5.840223282575607300e-02
-2.019880414009094238e-01
-4.902223348617553711e-01
2.104801684617996216e-02
3.451940715312957764e-01
6.195408701896667480e-01
-4.367636442184448242e-01
-1.728532910346984863e-01
9.923930466175079346e-02
4.410994946956634521e-01
3.365068137645721436e-01
-1.534512996673583984e+00
-9.982250928878784180e-01
1.257326483726501465e+00
-4.068814516067504883e-01
1.440034866333007812e+00
-5.346821546554565430e-01
-6.605585813522338867e-01
-1.836276531219482422e+00
2.028706222772598267e-01
1.265145778656005859e+00
-8.563441038131713867e-01
-7.770323157310485840e-01
5.542321205139160156e-01
-5.156109333038330078e-01
-9.928935766220092773e-01
-4.162737727165222168e-01
-1.468889117240905762e-01
-6.617382168769836426e-01
7.092526555061340332e-01
4.876550436019897461e-01
-3.513666987419128418e-01
8.986578136682510376e-02
-1.539372682571411133e+00
-4.544773697853088379e-01
-5.015000700950622559e-01
1.716626524925231934e+00
1.053238064050674438e-01
9.756808727979660034e-02
1.254860907793045044e-01
-2.392921209335327148e+00
1.104890704154968262e-01
8.120877742767333984e-01
-7.458136975765228271e-02
1.226547956466674805e+00
-4.028998613357543945e-01
-4.366754591464996338e-01
-5.939465761184692383e-01
1.153243184089660645e+00
-1.029791831970214844e+00
8.866181373596191406e-01
-5.883094072341918945e-01
2.452228069305419922e-01
-8.658239245414733887e-01
7.705048918724060059e-01
-8.266761302947998047e-01
1.245054841041564941e+00
-1.226794362068176270e+00
-1.671883016824722290e-01
3.581866025924682617e-01
-7.770031690597534180e-01
-1.785197615623474121e+00
8.812242746353149414e-02
-8.760369420051574707e-01
9.144083261489868164e-01
7.810454368591308594e-01
-1.396119713783264160e+00
3.850094601511955261e-02
-1.376385092735290527e+00
1.085722088813781738e+00
1.361203312873840332e+00
-4.144037067890167236e-01
1.528970718383789062e+00
5.360182523727416992e-01
-1.104115962982177734e+00
1.343669891357421875e+00
6.064622402191162109e-01
-1.279200792312622070e+00
4.705700278282165527e-01
-1.369690895080566406e-01
-1.447852969169616699e+00
-5.212366580963134766e-01
-5.244215130805969238e-01
1.046643495559692383e+00
6.633765101432800293e-01
1.091227173805236816e+00
2.990977466106414795e-01
6.407434344291687012e-01
-7.798674106597900391e-01
8.848441243171691895e-01
3.657081425189971924e-01
-5.067543983459472656e-01
-4.425218105316162109e-01
-8.843898177146911621e-01
2.133316248655319214e-01
4.240563884377479553e-02
-1.111975550651550293e+00
-8.567976951599121094e-01
-8.675175905227661133e-01
1.084739208221435547e+00
1.736879587173461914e+00
1.128130316734313965e+00
-3.393274247646331787e-01
-4.757356941699981689e-01
-4.746027290821075439e-01
4.117541015148162842e-01
7.507869601249694824e-01
-8.688692450523376465e-01
-3.524693250656127930e-01
-7.885621786117553711e-01
8.646803498268127441e-01
1.031174063682556152e+00
1.542080193758010864e-01
2.991393506526947021e-01
2.612665295600891113e-01
-2.165136933326721191e-01
-5.027287602424621582e-01
2.850141227245330811e-01
1.143740773200988770e+00
-9.898496866226196289e-01
-2.875281572341918945e-01
5.720406770706176758e-01
-2.315431460738182068e-02
-6.374089121818542480e-01
-6.057490110397338867e-01
-2.723012685775756836e+00
-1.239992141723632812e+00
-1.919252276420593262e-01
-1.324252963066101074e+00
2.029498815536499023e+00
-7.672073245048522949e-01
-9.134610891342163086e-01
-2.545925378799438477e-01
9.860378503799438477e-01
2.246039658784866333e-01
5.877704024314880371e-01
-8.693817853927612305e-01
7.851476669311523438e-01
4.843179285526275635e-01
1.045699954032897949e+00
7.790260482579469681e-03
3.723241090774536133e-01
-5.948798656463623047e-01
-1.110309481620788574e+00
-2.735700011253356934e-01
4.518457949161529541e-01
5.493181347846984863e-01
7.764687538146972656e-01
1.414996236562728882e-01
8.880115151405334473e-01
-3.655495941638946533e-01
3.477456271648406982e-01
-1.047988295555114746e+00
1.023469090461730957e+00
1.198143362998962402e+00
4.016286507248878479e-02
-1.000324368476867676e+00
1.978403329849243164e-01
2.334915846586227417e-01
2.258529424667358398e+00
-1.097948923707008362e-01
3.669631183147430420e-01
-8.737661242485046387e-01
-1.560668587684631348e+00
2.407017201185226440e-01
-1.412007451057434082e+00
2.912437021732330322e-01
-5.155184864997863770e-01
3.433602750301361084e-01
2.904534935951232910e-01
7.111164927482604980e-01
8.037032485008239746e-01
-3.806846737861633301e-01
3.722907602787017822e-02
8.705295920372009277e-01
1.597770214080810547e+00
7.036404013633728027e-01
-5.388175845146179199e-01
-2.947522997856140137e-01
