9.738870859146118164e-01
5.789838433265686035e-01
7.399694919586181641e-01
-1.302872061729431152e+00
-6.242009401321411133e-01
-1.001598954200744629e+00
-5.460948944091796875e-01
3.890601098537445068e-01
-8.342859148979187012e-01
-7.273199558258056641e-01
7.380528450012207031e-01
-1.211855888366699219e+00
9.650409817695617676e-01
7.080870866775512695e-01
-5.462330579757690430e-01
-1.015277147293090820e+00
7.112208008766174316e-02
-1.033696532249450684e+00
4.053613841533660889e-01
1.018605113029479980e+00
9.935073852539062500e-01
-1.129463315010070801e+00
1.140306115150451660e+00
-3.083498179912567139e-01
8.246631622314453125e-01
2.057424545288085938e+00
-3.571338951587677002e-01
2.688155174255371094e+00
-2.162983655929565430e+00
7.428168654441833496e-01
-1.415979862213134766e-01
-5.418890714645385742e-01
-5.497659444808959961e-01
1.784127801656723022e-01
6.380696296691894531e-01
-2.948897704482078552e-02
-1.311548590660095215e+00
-2.970084428787231445e+00
-2.913580089807510376e-02
1.678893864154815674e-01
-1.234724998474121094e+00
-1.414820313453674316e+00
1.159541130065917969e+00
-7.833430916070938110e-02
1.823914885520935059e+00
-1.411526501178741455e-01
-3.302964195609092712e-02
-1.039019465446472168e+00
1.348237395286560059e+00
1.170069932937622070e+00
-4.845521152019500732e-01
-2.461035400629043579e-01
-1.683896929025650024e-01
2.056294441223144531e+00
1.979696989059448242e+00
-1.881345272064208984e+00
-4.263884425163269043e-01
2.813722565770149231e-02
5.224500969052314758e-02
-1.642585247755050659e-01
3.207274377346038818e-01
3.647929728031158447e-01
2.697756052017211914e+00
-4.229005277156829834e-01
-9.271925091743469238e-01
-6.182967424392700195e-01
3.199446201324462891e-01
1.016418814659118652e+00
1.485432982444763184e+00
-6.708208918571472168e-01
-3.554819896817207336e-02
-3.398986458778381348e-01
1.028078719973564148e-01
-1.959499865770339966e-01
-1.167039752006530762e+00
1.510341286659240723e+00
-5.513105988502502441e-01
7.808477282524108887e-01
-5.761638283729553223e-01
1.249790549278259277e+00
3.589627742767333984e-01
1.469126939773559570e-01
-1.192646980285644531e+00
-1.985857367515563965e+00
-6.652136445045471191e-01
5.634278655052185059e-01
-6.764678955078125000e-01
1.546887993812561035e+00
-3.836279734969139099e-03
-4.856604933738708496e-01
-1.145331621170043945e+00
-8.192707300186157227e-01
7.050827741622924805e-01
1.468327164649963379e+00
1.383492588996887207e+00
3.967830538749694824e-01
3.086913526058197021e-01
7.272052764892578125e-01
-9.122993350028991699e-01
1.449959129095077515e-01
8.065565228462219238e-01
4.041677415370941162e-01
6.362502574920654297e-01
-5.246238112449645996e-01
-1.232762217521667480e+00
-4.216227829456329346e-01
-1.083471894264221191e+00
8.237059712409973145e-01
1.748351752758026123e-01
-7.405951619148254395e-01
-2.179128229618072510e-01
8.640326261520385742e-01
-7.440214157104492188e-01
-3.082567155361175537e-01
-8.909229189157485962e-02
-4.783618152141571045e-01
-4.035924971103668213e-01
-8.612800240516662598e-01
2.628549635410308838e-01
2.150034904479980469e+00
1.287481281906366348e-02
8.177158236503601074e-01
-1.104726910591125488e+00
3.129234015941619873e-01
4.920725226402282715e-01
1.969871968030929565e-01
2.420474767684936523e+00
3.620652854442596436e-01
-5.261047482490539551e-01
-2.940379381179809570e-01
6.679024547338485718e-02
-3.892210125923156738e-01
1.236862301826477051e+00
6.838346719741821289e-01
-3.660922765731811523e+00
-3.269730135798454285e-02
6.812471151351928711e-01
3.019051551818847656e-01
-3.361448943614959717e-01
3.205256462097167969e-01
-6.380472779273986816e-01
1.172393918037414551e+00
-7.180035859346389771e-02
-4.273873195052146912e-02
-1.017717719078063965e-01
7.127338647842407227e-01
1.172827005386352539e+00
-1.488463580608367920e-01
-1.314658880233764648e+00
-2.396595180034637451e-01
2.806222736835479736e-01
1.070276856422424316e+00
4.991599321365356445e-01
-6.370875239372253418e-02
6.719627976417541504e-01
-1.077375411987304688e+00
-1.987552046775817871e+00
-3.947447836399078369e-01
-8.107447624206542969e-01
1.008153557777404785e+00
8.009583950042724609e-01
-3.794490396976470947e-01
1.019893527030944824e+00
-6.969631463289260864e-02
6.963297128677368164e-01
2.781603336334228516e-01
-6.665432453155517578e-01
-4.283727109432220459e-01
-1.318440318107604980e+00
3.838461339473724365e-01
-6.655287146568298340e-01
-7.585127353668212891e-01
-1.595717072486877441e+00
1.077211141586303711e+00
5.985088944435119629e-01
3.318608701229095459e-01
1.429158210754394531e+00
-2.637453973293304443e-01
-7.021549344062805176e-01
4.645302891731262207e-01
-1.327982068061828613e+00
-9.306553006172180176e-01
-1.449890583753585815e-01
4.815536141395568848e-01
1.874247491359710693e-01
-5.418745875358581543e-01
-2.094008684158325195e+00
-4.035395383834838867e-01
3.587362766265869141e-01
1.422586798667907715e+00
3.307737410068511963e-01
-7.822997868061065674e-02
1.875846385955810547e-01
7.922140359878540039e-01
-1.538564711809158325e-01
1.177688598632812500e+00
-2.757138609886169434e-01
3.315690457820892334e-01
6.558432579040527344e-01
-1.427528500556945801e+00
3.575050532817840576e-01
1.914516091346740723e+00
1.591572523117065430e+00
1.547521948814392090e-01
1.242712736129760742e+00
-1.570400238037109375e+00
4.479967355728149414e-01
-9.812979698181152344e-01
3.986216187477111816e-01
-1.823308587074279785e+00
-1.206187963485717773e+00
-4.192977398633956909e-02
8.548676371574401855e-01
-6.722589135169982910e-01
-3.736929893493652344e-01
-4.717842340469360352e-01
-3.581449985504150391e+00
-3.746417760848999023e-01
-5.698843002319335938e-01
-7.386453151702880859e-01
-5.967851877212524414e-01
5.825969576835632324e-01
-3.265795409679412842e-01
-5.536296963691711426e-01
2.426865577697753906e+00
-3.257251977920532227e-01
1.378327727317810059e+00
-1.200195867568254471e-02
-5.027942061424255371e-01
-1.732306838035583496e+00
5.297536253929138184e-01
-1.502742171287536621e+00
-1.065463498234748840e-01
1.249950289726257324e+00
1.225823760032653809e+00
6.673085093498229980e-01
2.216143369674682617e+00
-1.139295995235443115e-01
2.702364325523376465e-01
5.721493363380432129e-01
1.126033067703247070e+00
4.144673943519592285e-01
-1.616018056869506836e+00
4.283908307552337646e-01
-1.717013001441955566e+00
-3.970000147819519043e-01
4.408145546913146973e-01
4.088800847530364990e-01
2.428845167160034180e+00
5.109806060791015625e-01
-1.436879038810729980e+00
-2.302342355251312256e-01
-9.805608987808227539e-01
-2.639079391956329346e-01
1.463236093521118164e+00
-7.649959325790405273e-01
8.168343305587768555e-01
-3.080924749374389648e-01
-8.044843673706054688e-01
3.677804470062255859e-01
7.991960644721984863e-01
2.876813113689422607e-01
1.714338064193725586e+00
-7.349064350128173828e-01
-4.518299102783203125e-01
4.461655616760253906e-01
-2.754799090325832367e-02
3.028962910175323486e-01
2.781250476837158203e+00
3.838329911231994629e-01
6.059123277664184570e-01
9.926756471395492554e-02
1.318829298019409180e+00
9.309404492378234863e-01
-1.524386644363403320e+00
-3.196258544921875000e-01
-3.726192712783813477e-01
-2.071885108947753906e+00
2.360031008720397949e-01
-5.932265520095825195e-01
4.059282839298248291e-01
-1.074580192565917969e+00
9.659898877143859863e-01
5.546755790710449219e-01
-5.410763025283813477e-01
3.153202310204505920e-02
8.215352892875671387e-02
-5.127180814743041992e-01
4.306951761245727539e-01
1.967250853776931763e-01
-1.542894124984741211e+00
1.087770700454711914e+00
-1.504760980606079102e-01
3.706438839435577393e-01
5.428852438926696777e-01
-1.174868941307067871e+00
-9.811595678329467773e-01
-6.823796033859252930e-01
6.347199082374572754e-01
1.735658049583435059e-01
-4.732486903667449951e-01
-1.288423299789428711e+00
5.825302004814147949e-01
1.599414646625518799e-01
1.613041520118713379e+00
-6.094813719391822815e-02
7.807655632495880127e-02
8.209896087646484375e-02
1.274147629737854004e-01
5.033234357833862305e-01
-1.451089143753051758e+00
-2.076007604598999023e+00
-7.142959535121917725e-02
6.329208612442016602e-01
9.946900010108947754e-01
2.767624557018280029e-01
8.304033875465393066e-01
9.129306077957153320e-01
9.562763571739196777e-01
-4.906596615910530090e-02
-1.723571777343750000e+00
1.413831233978271484e+00
5.760993957519531250e-01
-9.636631608009338379e-01
-6.417758762836456299e-02
-8.492638915777206421e-02
-8.303992152214050293e-01
-7.378490567207336426e-01
-1.430747866630554199e+00
1.341861128807067871e+00
9.744078516960144043e-01
-3.899574875831604004e-01
3.792966902256011963e-01
2.097268998622894287e-01
1.313701868057250977e-01
3.669188590720295906e-03
-1.107668399810791016e+00
-1.480628490447998047e+00
9.897111654281616211e-01
-9.792743325233459473e-01
2.491804584860801697e-02
-2.489138692617416382e-01
4.971428215503692627e-01
1.154761433601379395e+00
-5.723743885755538940e-02
8.557653427124023438e-01
-1.306977152824401855e+00
-3.148939227685332298e-03
4.219380915164947510e-01
7.684859633445739746e-02
-1.567446589469909668e+00
-1.216004252433776855e+00
-4.776445329189300537e-01
-1.295577526092529297e+00
-9.173380136489868164e-01
3.729806840419769287e-01
-9.917873740196228027e-01
-5.713217258453369141e-01
4.074095189571380615e-01
5.454419851303100586e-01
-2.244402021169662476e-01
-8.590506762266159058e-02
9.368596225976943970e-02
-2.612982094287872314e-01
-1.194892406463623047e+00
-9.057751297950744629e-02
1.246142506599426270e+00
1.184548065066337585e-01
6.885857582092285156e-01
-7.943707704544067383e-01
6.602866053581237793e-01
3.981817662715911865e-01
-6.034342646598815918e-01
7.895898818969726562e-01
-7.266311645507812500e-01
-7.693287730216979980e-02
-8.257408738136291504e-01
-9.725591540336608887e-01
7.578779458999633789e-01
2.963058948516845703e-01
-1.931969970464706421e-01
1.015704751014709473e+00
-4.533665627241134644e-02
-7.380851358175277710e-02
-1.346300363540649414e+00
1.973802894353866577e-01
-6.492720246315002441e-01
4.141818583011627197e-01
2.214348018169403076e-01
-1.598012596368789673e-01
1.829865813255310059e+00
-4.422535300254821777e-01
-4.086626172065734863e-01
-9.042176604270935059e-01
7.229350805282592773e-01
2.026103883981704712e-01
-2.565918564796447754e-01
3.473661243915557861e-01
-4.218475520610809326e-01
1.141418576240539551e+00
-1.470940262079238892e-01
-1.485103249549865723e+00
6.585904359817504883e-01
-1.641961574554443359e+00
-1.359024882316589355e+00
-3.222640752792358398e-01
2.357684969902038574e-01
2.987371087074279785e-01
8.475605845451354980e-01
-2.333860158920288086e+00
2.415399551391601562e-01
-2.516033351421356201e-01
-6.694532632827758789e-01
8.859295845031738281e-01
1.158971786499023438e-01
1.360608935356140137e+00
2.358828186988830566e-01
-4.936382770538330078e-01
-7.851411700248718262e-01
1.196835517883300781e+00
-1.206589698791503906e+00
-1.369427561759948730e+00
1.434857487678527832e+00
1.708031773567199707e+00
-5.525667667388916016e-01
7.205244153738021851e-02
-4.888684153556823730e-01
-2.090788841247558594e+00
1.481806784868240356e-01
-1.456680893898010254e-01
-3.738127350807189941e-01
-6.664806604385375977e-01
1.310111403465270996e+00
3.500388562679290771e-01
-1.764510750770568848e+00
3.674568831920623779e-01
1.776026248931884766e+00
1.412909507751464844e+00
-8.500487357378005981e-02
2.415690720081329346e-01
1.792788505554199219e-01
-2.006013132631778717e-02
1.601978577673435211e-02
4.504013359546661377e-01
2.475411891937255859e-01
8.863673359155654907e-02
-6.597925424575805664e-01
-1.224933981895446777e+00
-1.153828859329223633e+00
-1.497737884521484375e+00
-1.235300302505493164e+00
-8.309348821640014648e-01
2.518619000911712646e-01
-4.278988838195800781e-01
-6.070321798324584961e-01
-8.919189572334289551e-01
1.236949488520622253e-01
5.731089711189270020e-01
-5.759062170982360840e-01
3.409912884235382080e-01
8.909178972244262695e-01
-4.434947371482849121e-01
-1.753708347678184509e-02
7.715424299240112305e-01
-1.572839766740798950e-01
2.914575338363647461e-01
1.507377773523330688e-01
1.802417993545532227e+00
7.029970288276672363e-01
-1.277930289506912231e-01
5.885129794478416443e-02
1.403318762779235840e+00
-2.114019393920898438e-01
-8.536925315856933594e-01
-4.481485188007354736e-01
-9.119326472282409668e-01
7.011891007423400879e-01
-5.578008294105529785e-01
-5.366505384445190430e-01
5.747354030609130859e-01
9.002936482429504395e-01
1.053525924682617188e+00
-6.213698983192443848e-01
5.450474023818969727e-01
9.293317794799804688e-02
1.021651774644851685e-01
1.933920145034790039e+00
-9.430317878723144531e-01
-3.640233278274536133e-01
-5.467817783355712891e-01
6.593180894851684570e-01
1.265879631042480469e+00
-1.503110677003860474e-01
5.371755957603454590e-01
-6.359326839447021484e-01
6.335975527763366699e-01
-4.244006872177124023e-01
-3.164647102355957031e+00
1.100649356842041016e+00
-1.372712612152099609e+00
1.077589273452758789e+00
6.768242120742797852e-01
-1.812258362770080566e-01
1.393576025962829590e+00
-2.119673013687133789e+00
1.458102762699127197e-01
-2.536656856536865234e-01
3.193341791629791260e-01
6.942440867424011230e-01
4.788829684257507324e-01
1.747226268053054810e-01
-6.469336152076721191e-01
-3.540053367614746094e-01
3.758537396788597107e-02
5.788561105728149414e-01
-1.058826804161071777e+00
-9.235427379608154297e-01
-3.441111743450164795e-01
8.868181705474853516e-01
-1.945716887712478638e-02
-1.129891991615295410e+00
-3.830443695187568665e-02
-8.835225105285644531e-01
-7.826833724975585938e-01
6.326697468757629395e-01
1.526121646165847778e-01
4.465911388397216797e-01
1.398563235998153687e-01
4.007982313632965088e-01
-6.986430287361145020e-01
1.235195040702819824e+00
1.921955108642578125e+00
1.903202652931213379e+00
2.667526900768280029e-01
-2.890196144580841064e-01
-1.934582471847534180e+00
8.481637388467788696e-02
5.837607979774475098e-01
-2.883409976959228516e+00
-9.281337857246398926e-01
6.770434975624084473e-01
-5.652183294296264648e-01
-1.138981729745864868e-01
-1.056214570999145508e+00
2.163679122924804688e+00
-3.010310232639312744e-01
-2.164595425128936768e-01
1.651816964149475098e-01
-7.683004736900329590e-01
9.871789813041687012e-01
1.648263633251190186e-02
4.682534337043762207e-01
-3.947958052158355713e-01
2.795484364032745361e-01
-4.080634117126464844e-01
2.545206248760223389e-01
-1.514728546142578125e+00
-2.577815949916839600e-01
-5.969595313072204590e-01
-2.113507509231567383e+00
2.144831895828247070e+00
2.892007827758789062e+00
3.477301895618438721e-01
-1.020964905619621277e-01
3.632213771343231201e-01
-9.886956214904785156e-01
7.033484429121017456e-02
6.890662312507629395e-01
1.655418038368225098e+00
-1.710612058639526367e+00
-4.110161662101745605e-01
-4.716430306434631348e-01
-8.857923150062561035e-01
-2.156689167022705078e+00
-7.148494720458984375e-01
-1.495053172111511230e+00
-1.912901043891906738e+00
3.338105604052543640e-02
5.308068394660949707e-01
-1.137022078037261963e-01
-9.064431190490722656e-01
7.533490657806396484e-01
9.560542106628417969e-01
4.722338020801544189e-01
4.256883859634399414e-01
-1.624526679515838623e-01
-6.039329767227172852e-01
-1.269198894500732422e+00
2.643253505229949951e-01
-5.021655559539794922e-01
3.535502403974533081e-02
-8.475658893585205078e-01
-7.265386581420898438e-01
-1.615606397390365601e-01
5.695707723498344421e-02
-7.419978976249694824e-01
-7.960219979286193848e-01
6.353074908256530762e-01
-3.724569082260131836e-01
-4.658033251762390137e-01
-2.260386496782302856e-01
-1.089121937751770020e+00
8.599171638488769531e-01
-3.957993090152740479e-01
5.500172972679138184e-01
-4.644390642642974854e-01
-1.065906524658203125e+00
-9.992072582244873047e-01
-7.536852955818176270e-01
1.655351400375366211e+00
-9.592198729515075684e-01
6.760496646165847778e-02
4.062312245368957520e-01
4.723227918148040771e-01
1.874531954526901245e-01
-2.123915404081344604e-01
-9.485402703285217285e-02
-9.693289399147033691e-01
1.132394075393676758e+00
-1.216187328100204468e-01
-7.979985475540161133e-01
2.550913095474243164e-01
-1.369959592819213867e+00
-1.423642396926879883e+00
-6.151046752929687500e-01
4.137238860130310059e-01
5.984854698181152344e-01
7.515752911567687988e-01
9.836105108261108398e-01
-2.214017391204833984e+00
6.107498407363891602e-01
1.152016639709472656e+00
1.174862980842590332e+00
1.084013938903808594e+00
5.711519718170166016e-01
8.223284780979156494e-02
2.027704417705535889e-01
-3.315583467483520508e-01
-1.220222234725952148e+00
1.824826449155807495e-01
4.209344089031219482e-01
-2.510941624641418457e-01
-1.704993724822998047e+00
-3.821012973785400391e-01
-1.029706239700317383e+00
3.716822147369384766e+00
-4.532390236854553223e-01
1.056490540504455566e+00
8.110460042953491211e-01
2.359661757946014404e-01
-3.935336470603942871e-01
-4.858544766902923584e-01
-1.523395776748657227e+00
-1.479497253894805908e-01
3.963705003261566162e-01
-5.713894367218017578e-01
5.628697872161865234e-01
-1.901136994361877441e+00
1.927150934934616089e-01
1.858616352081298828e+00
9.755842089653015137e-01
8.118501305580139160e-01
-6.888589859008789062e-01
1.207633316516876221e-01
1.187526464462280273e+00
8.449569940567016602e-01
-1.279059529304504395e+00
5.495320558547973633e-01
-4.600623250007629395e-01
-7.348144054412841797e-01
6.413898468017578125e-01
2.207775264978408813e-01
3.082014322280883789e-01
2.249543190002441406e+00
7.398268580436706543e-01
-8.603093624114990234e-01
6.421783566474914551e-01
-1.213147878646850586e+00
8.768815398216247559e-01
-6.530799269676208496e-01
-1.636088639497756958e-01
7.132421433925628662e-02
-1.389144420623779297e+00
1.176802515983581543e+00
-3.135091066360473633e-01
8.367878794670104980e-01
-6.023274660110473633e-01
-8.378014564514160156e-01
-1.001306846737861633e-01
9.699267745018005371e-01
-3.394663631916046143e-01
6.136101484298706055e-01
-5.747496150434017181e-03
-5.015507340431213379e-01
-2.907851040363311768e-01
-3.675754070281982422e-01
-1.011503815650939941e+00
1.582749009132385254e+00
-9.761397242546081543e-01
2.373919785022735596e-01
2.801314890384674072e-01
-1.184921741485595703e+00
2.803495526313781738e-01
1.994159370660781860e-01
-4.592671692371368408e-01
-3.755316734313964844e-01
9.994140863418579102e-01
1.701669096946716309e-01
3.122978210449218750e-01
6.276499480009078979e-02
-1.085144355893135071e-01
-5.561761260032653809e-01
4.725239574909210205e-01
-1.079532146453857422e+00
-6.562310457229614258e-01
4.114072918891906738e-01
-1.776062548160552979e-01
-1.021515965461730957e+00
-3.865526914596557617e-01
-2.027509510517120361e-01
-1.875063657760620117e+00
-1.246334910392761230e+00
4.786191880702972412e-01
-5.055260062217712402e-01
8.913304209709167480e-01
-1.396816819906234741e-01
-1.107600331306457520e+00
7.825733721256256104e-02
1.176977038383483887e+00
-5.465270876884460449e-01
-1.287981271743774414e-01
-1.007130384445190430e+00
-1.034261822700500488e+00
-6.808577179908752441e-01
2.476055324077606201e-01
1.114367172122001648e-01
-1.430126309394836426e+00
-3.436699509620666504e-01
8.925115317106246948e-02
-7.304800152778625488e-01
1.368620991706848145e+00
-1.100288629531860352e+00
1.688531517982482910e+00
1.166318178176879883e+00
-9.779347181320190430e-01
-9.737694859504699707e-01
3.900845646858215332e-01
-8.764299154281616211e-01
1.287491083145141602e+00
-2.141283452510833740e-01
7.018789052963256836e-01
4.583500623703002930e-01
-2.470297962427139282e-01
-4.165296554565429688e-01
-3.267782554030418396e-02
-1.845525950193405151e-02
1.187906026840209961e+00
4.873444139957427979e-01
9.222568273544311523e-01
-1.208171620965003967e-01
-1.846412941813468933e-02
1.149943992495536804e-01
-4.090951085090637207e-01
8.807826042175292969e-01
3.980772793292999268e-01
5.634496212005615234e-01
3.680846393108367920e-01
-9.543948769569396973e-01
